69 1
503 291
236 357
625 963
139 224
638 799
830 927
479 471
555 300
171 375
481 115
157 534
706 789
410 628
816 345
709 911
498 500
829 952
811 485
322 223
983 934
554 788
172 199
61 790
600 911
537 323
625 212
566 233
120 100
534 14
568 479
754 119
349 765
758 394
348 146
377 128
808 518
112 458
527 700
700 278
966 272
70 351
525 244
290 232
295 706
847 717
499 650
981 908
209 436
36 541
295 565
683 712
964 126
888 511
437 746
79 326
576 174
711 808
329 292
503 473
876 487
788 285
126 124
90 96
172 544
398 599
458 692
865 312
911 582
539 517
