112 1
546 993
321 493
95 601
865 885
344 131
804 774
957 561
708 495
36 699
601 33
300 558
32 885
904 940
960 526
315 147
478 369
995 103
328 192
813 678
241 278
442 823
983 768
898 168
762 303
26 449
547 644
628 320
161 935
453 490
788 881
254 828
466 738
811 210
409 101
964 840
875 981
914 393
556 417
342 16
418 214
391 385
866 204
613 294
415 439
91 333
416 566
858 473
267 52
9 293
848 893
483 178
99 754
81 400
738 423
235 689
463 197
780 770
107 964
666 94
85 717
641 292
238 467
760 568
955 605
89 285
10 731
925 902
296 759
40 239
222 412
407 401
125 48
630 300
193 751
866 670
807 242
328 507
400 880
501 139
828 487
366 502
816 11
155 433
652 940
584 428
145 883
283 293
14 453
712 981
457 374
889 477
90 956
250 555
783 617
81 764
960 391
45 240
387 680
68 882
716 631
59 37
256 392
3 382
932 828
488 640
266 193
509 142
936 19
120 74
196 147
837 605
919 729
