172 1
851 379
608 845
541 105
52 414
517 443
389 552
432 477
978 961
207 813
989 574
544 278
762 421
316 337
553 586
981 590
936 487
555 630
363 664
338 964
434 509
947 386
474 621
968 532
912 68
785 741
174 71
711 73
343 644
186 193
693 621
492 452
622 212
943 926
924 947
553 548
910 291
364 666
470 444
330 504
376 40
957 745
127 239
607 217
239 474
234 43
430 979
395 133
610 84
789 97
765 492
775 822
442 98
779 458
278 252
143 580
232 318
647 228
351 851
504 213
575 548
598 833
745 632
252 556
772 145
287 627
291 115
4 391
817 239
289 31
536 324
546 10
768 918
900 949
582 184
921 512
686 778
509 521
504 112
986 850
443 129
622 75
22 634
161 420
161 850
147 17
820 922
94 388
281 139
160 277
793 922
266 130
12 816
876 512
657 351
205 826
175 576
514 181
381 342
36 959
700 136
170 764
819 699
992 511
569 597
212 405
673 603
948 849
737 945
522 482
143 929
548 224
158 428
442 50
809 677
661 113
651 722
252 423
37 178
145 467
279 708
448 2
460 137
646 347
431 972
905 85
679 376
717 955
765 596
156 584
305 303
973 757
814 816
349 411
561 196
145 745
551 213
457 329
448 257
477 675
978 807
989 360
206 665
618 949
600 141
555 823
48 485
73 985
583 532
719 331
737 875
630 765
5 14
804 668
842 746
796 815
825 852
858 580
102 734
952 358
724 587
842 387
235 180
834 278
576 927
792 178
160 536
3 110
839 292
240 126
50 452
819 504
913 44
