118 1
405 626
210 980
341 139
158 498
573 213
341 355
652 758
637 443
692 128
715 229
402 882
97 830
341 206
592 312
45 36
730 24
452 751
866 856
993 925
356 537
45 549
44 349
180 509
2 689
20 189
236 779
314 217
887 333
289 685
273 919
575 350
267 647
39 210
411 307
209 552
382 175
763 994
14 122
770 177
589 646
303 779
231 608
346 921
512 64
74 828
389 974
3 740
292 961
509 706
287 376
21 768
633 220
77 913
460 868
821 720
197 330
841 630
148 725
580 265
992 553
462 346
256 414
528 874
245 270
815 681
380 152
83 382
555 523
584 733
229 799
521 572
578 643
528 888
436 546
182 668
808 802
902 958
980 513
611 772
526 112
317 674
86 314
580 346
702 58
360 217
715 228
367 589
827 452
805 672
345 205
943 126
627 657
836 773
372 411
713 28
841 877
298 284
399 615
694 136
484 684
801 6
712 198
950 375
865 533
987 610
867 451
197 625
649 253
11 783
566 198
888 638
130 82
148 463
616 327
761 466
745 500
649 200
345 636
