144 1
105 759
118 581
534 55
563 571
608 738
858 469
850 542
45 611
658 752
584 803
85 116
74 10
809 314
137 242
403 828
107 616
337 662
17 120
860 750
373 730
264 957
29 800
169 742
245 585
91 347
818 611
492 650
971 77
842 153
657 390
183 688
387 809
363 505
79 983
357 247
53 439
831 850
684 315
989 279
955 901
905 359
344 58
125 326
922 835
363 442
458 760
708 613
440 916
349 369
917 881
394 609
585 470
453 568
313 470
138 968
452 248
5 749
475 241
463 651
694 279
210 236
161 800
660 505
342 210
673 550
180 152
236 881
18 665
457 366
593 845
621 919
392 9
365 339
70 569
791 752
431 861
882 941
558 956
535 584
430 540
410 81
969 743
142 120
973 78
681 436
131 148
683 350
117 703
186 745
909 481
545 791
35 624
984 175
351 373
685 131
552 526
630 677
693 64
762 630
927 56
70 250
866 925
124 932
337 90
69 592
108 38
151 878
744 549
501 122
112 161
303 164
459 449
948 765
14 209
530 36
487 930
681 317
369 970
671 784
989 731
884 821
403 277
911 483
845 171
199 269
11 430
327 262
810 141
211 903
676 742
340 109
504 90
473 985
860 181
318 340
261 936
314 919
281 532
87 200
950 478
556 105
129 728
616 372
843 350
