152 1
654 203
784 366
241 425
57 381
741 72
579 397
468 335
730 167
618 914
974 65
143 398
303 7
491 140
186 430
398 348
251 401
420 359
945 8
911 311
723 880
33 116
777 152
410 51
911 153
472 834
220 283
145 281
386 508
827 795
528 992
226 344
818 70
630 88
283 906
656 536
627 852
747 542
607 346
331 137
330 41
767 827
162 738
379 51
909 460
868 963
123 434
833 461
46 690
851 587
534 777
555 70
887 995
592 493
968 429
24 720
342 985
904 241
301 314
25 13
362 352
145 333
133 884
791 757
526 927
13 802
540 444
242 172
537 466
58 302
517 181
817 990
563 134
221 715
472 718
654 858
974 600
144 898
294 458
598 611
18 658
756 971
147 556
599 649
281 430
543 787
256 316
715 350
566 121
804 585
911 18
139 20
627 690
483 641
585 151
27 287
586 865
591 347
273 338
691 870
308 275
384 67
858 259
540 154
568 492
815 760
261 710
7 513
671 127
36 884
944 421
933 576
475 932
437 237
598 741
63 862
669 78
623 40
662 989
197 870
974 792
760 447
361 863
912 805
567 922
432 723
803 244
748 871
470 500
24 589
467 720
299 485
967 418
960 379
169 68
302 182
649 807
48 178
465 402
291 537
218 281
712 882
135 270
525 894
481 751
229 609
940 377
215 235
688 10
850 781
506 532
111 116
92 278
