168 1
30 78
12 72
976 301
718 628
451 705
582 143
57 911
292 272
693 945
788 665
685 913
997 802
264 343
578 860
43 429
573 555
186 915
166 797
374 668
815 233
524 944
917 487
512 74
312 176
25 764
502 141
614 6
768 214
773 974
75 920
784 356
14 440
395 685
413 174
928 717
782 785
580 459
646 958
951 881
771 703
983 792
417 626
524 146
12 394
179 570
978 3
269 984
220 276
956 991
543 658
543 547
731 119
988 564
436 869
303 694
832 322
611 956
616 560
693 198
738 932
952 935
8 507
157 852
45 311
516 482
639 233
913 659
488 129
921 862
724 884
655 980
633 285
488 863
78 195
319 291
96 587
442 639
181 251
926 597
69 904
499 812
640 379
678 111
262 608
54 809
6 3
303 340
482 649
251 346
710 44
912 68
930 951
732 65
969 762
992 203
801 914
27 354
224 915
607 178
856 364
712 407
70 799
596 87
570 227
630 683
725 326
7 3
359 768
924 786
545 985
593 944
85 59
373 366
504 485
58 913
189 71
78 983
93 800
701 746
251 141
205 429
576 135
452 12
630 955
564 953
622 748
78 884
485 257
662 830
55 786
785 605
322 696
415 442
990 727
749 104
371 453
924 245
988 482
349 932
15 828
331 281
363 943
840 949
554 58
234 990
129 493
667 895
989 858
277 224
177 677
827 500
270 823
675 790
471 600
587 243
568 276
944 80
431 566
266 857
565 606
238 157
628 417
409 720
758 706
722 61
571 793
756 781
917 221
