88 1
753 272
487 361
520 716
555 166
528 294
913 562
263 796
678 804
775 527
913 139
251 848
541 578
310 575
904 980
849 252
255 986
175 909
350 494
961 314
592 785
222 839
599 476
513 643
51 862
991 305
353 787
651 107
607 736
882 833
82 631
618 312
106 221
258 857
178 692
911 720
682 302
491 988
941 436
323 649
368 592
902 914
362 633
618 102
290 611
124 506
429 487
389 684
482 212
715 200
738 520
384 770
348 165
455 634
755 43
854 581
61 464
139 599
228 475
687 956
176 957
781 869
652 810
909 491
618 582
265 163
418 616
207 191
434 57
804 860
539 17
945 923
83 613
69 619
764 570
5 689
370 745
794 575
262 708
447 756
640 758
279 971
923 679
342 107
203 274
711 364
932 40
714 537
706 518
