178 1
811 68
16 502
111 172
587 723
67 847
53 129
762 124
929 183
142 759
144 293
839 523
162 874
819 939
447 936
347 949
756 874
785 486
473 144
814 15
750 233
722 620
805 58
478 795
166 649
673 937
123 550
588 334
660 47
363 511
67 46
290 680
692 675
123 599
448 940
634 949
410 746
140 345
953 951
464 301
927 716
670 571
28 669
928 748
526 765
655 128
720 780
855 569
496 733
955 202
871 467
258 228
797 868
512 72
62 890
346 93
948 345
733 168
442 875
578 239
490 547
606 213
745 328
93 957
546 864
681 356
733 865
870 973
650 37
224 345
582 884
926 593
556 438
79 442
196 104
631 8
869 637
389 531
589 729
724 8
870 102
177 284
643 932
480 344
772 460
781 516
926 971
131 881
21 180
311 758
756 255
298 658
352 728
345 490
943 610
974 70
277 347
4 112
855 955
423 246
355 350
11 743
301 520
647 823
999 572
186 237
158 313
439 264
740 708
111 22
192 664
365 575
211 464
100 732
783 227
301 508
906 150
775 295
271 136
686 822
643 396
563 489
980 6
520 282
742 315
54 595
102 270
389 857
424 161
76 421
972 616
846 861
557 925
407 308
927 111
748 438
180 498
791 204
941 924
696 588
423 535
757 954
238 766
245 621
894 955
390 418
45 900
491 947
116 589
287 853
154 253
851 870
120 235
256 589
913 606
379 374
260 622
128 541
149 102
499 511
778 870
465 269
429 441
581 570
74 85
678 49
232 264
528 243
459 283
491 212
962 381
197 534
557 710
701 108
655 377
955 411
61 316
661 124
928 360
