174 1
781 214
34 150
41 884
493 221
118 260
104 246
643 828
903 272
593 187
636 511
888 200
446 682
971 914
811 843
789 93
199 928
467 695
42 132
99 284
33 697
958 537
635 176
758 202
586 659
768 295
867 838
36 289
249 716
592 626
456 52
290 962
62 12
443 121
219 285
803 216
640 994
731 724
504 705
27 188
548 951
574 241
606 687
850 713
122 831
468 860
357 504
316 985
598 474
420 44
4 286
861 646
6 161
450 1
879 711
797 130
888 848
410 279
793 10
359 951
397 546
295 147
116 737
999 416
863 811
303 690
324 401
809 51
328 216
342 349
215 721
964 446
168 781
253 678
546 676
58 168
75 29
206 110
161 567
318 306
15 710
658 546
496 500
345 971
357 126
767 624
280 819
662 367
335 812
512 480
34 41
826 609
470 23
234 734
754 460
846 545
250 592
36 521
293 734
12 474
260 696
149 767
464 759
283 686
617 754
686 458
655 972
226 468
355 879
419 43
606 925
666 336
228 259
357 961
877 465
224 563
839 935
484 264
665 120
967 537
894 332
914 897
734 608
95 873
891 856
462 194
887 633
576 161
251 560
422 850
954 460
305 35
984 430
443 861
767 40
306 395
24 75
883 845
627 966
38 758
951 359
917 762
420 961
766 322
242 270
956 258
342 330
779 33
599 47
341 122
689 23
434 565
314 580
100 730
467 353
150 900
915 103
160 417
569 433
414 923
498 296
275 77
108 119
35 561
340 7
178 599
566 816
999 201
730 909
206 271
472 325
967 64
874 808
166 324
361 552
