87 1
610 943
242 737
981 770
712 162
174 127
353 996
403 562
753 415
357 763
838 383
547 775
720 811
538 811
20 230
191 425
240 920
152 128
841 227
310 867
560 254
967 511
909 561
427 378
112 780
83 514
323 16
590 341
931 779
751 388
606 938
844 134
766 101
499 526
261 55
762 902
637 860
285 380
603 106
84 518
744 325
333 566
665 587
213 514
120 174
298 829
898 226
837 952
971 912
211 116
802 371
149 49
172 701
175 700
148 203
607 783
516 634
382 574
758 195
777 230
998 31
565 814
617 730
991 372
983 930
768 474
767 845
728 55
290 888
816 457
965 717
439 600
218 905
186 546
83 846
927 801
769 829
176 840
23 854
143 682
532 401
560 505
589 728
435 882
621 633
99 287
985 617
891 626
