119 1
738 746
275 628
279 711
919 694
873 999
907 652
745 652
254 202
565 824
390 21
223 150
472 254
746 620
411 508
943 864
217 401
696 883
814 193
128 992
92 160
994 990
668 989
566 478
983 474
711 225
132 958
314 310
181 436
319 931
528 554
539 609
462 862
378 456
695 44
676 563
807 235
966 2
955 16
902 281
178 133
7 900
211 779
470 692
884 266
272 435
651 977
545 544
739 620
248 81
911 538
228 945
387 361
898 173
582 650
716 80
937 574
631 26
622 436
639 505
821 922
960 77
186 921
234 77
832 677
133 61
250 26
680 904
556 963
836 70
259 255
358 431
477 327
760 4
536 925
260 291
157 391
935 164
75 905
229 42
416 601
645 324
121 849
57 792
712 325
51 33
496 624
395 976
374 375
715 916
956 605
225 657
104 143
645 93
329 257
252 752
581 325
838 507
809 235
937 665
430 574
248 40
977 114
856 307
100 273
649 375
140 321
966 464
316 968
621 657
478 380
497 934
481 893
274 470
348 398
583 697
708 205
712 475
481 47
356 224
