92 1
438 203
361 760
642 215
694 687
914 328
125 708
228 65
867 942
583 648
333 374
895 388
343 164
514 688
398 493
796 365
138 302
905 403
125 127
684 693
694 847
293 116
874 885
788 394
681 321
80 463
383 971
839 150
99 903
933 551
153 544
977 767
193 402
856 895
997 344
966 501
312 752
756 73
106 981
456 435
797 480
750 75
263 875
30 466
198 397
454 248
785 164
101 720
300 325
738 309
133 186
961 618
895 441
33 903
284 599
639 924
525 972
450 396
875 406
681 474
714 261
708 203
335 545
910 375
353 364
257 689
894 239
596 808
73 621
189 119
312 280
215 262
860 600
595 493
892 119
744 878
945 742
246 145
192 796
495 350
38 257
476 871
518 886
78 929
513 925
678 271
420 157
968 655
53 383
730 414
899 388
732 157
670 919
