126 1
866 484
454 281
144 584
565 977
67 232
477 457
834 317
957 388
175 569
618 763
65 682
775 653
483 146
9 215
683 168
811 58
406 48
289 568
484 232
338 304
201 127
925 508
227 439
491 988
483 623
503 795
23 656
951 86
737 914
156 294
38 85
770 72
803 193
366 493
476 273
916 251
297 257
725 112
890 26
293 163
123 910
854 8
689 300
612 842
815 90
134 53
359 338
301 267
903 48
715 747
456 598
733 669
903 811
800 950
529 970
511 363
374 419
341 892
378 862
298 496
627 434
410 585
351 680
186 576
255 498
958 488
113 561
122 754
299 539
483 361
307 84
3 137
201 876
812 503
968 52
562 899
22 477
82 976
443 707
107 181
982 532
425 631
833 607
842 625
911 447
640 449
921 391
799 323
553 209
883 140
799 421
501 779
493 205
975 528
16 211
53 560
232 401
186 501
517 29
576 540
447 300
492 899
550 322
805 386
893 863
422 103
578 346
463 893
799 197
599 289
847 195
854 768
317 964
296 961
644 114
782 851
749 753
19 733
885 576
658 787
681 783
930 434
601 731
816 558
370 460
475 784
