73 1
887 473
861 317
139 824
504 250
629 315
848 591
991 719
74 22
444 217
539 816
129 31
13 10
61 286
201 388
148 429
763 64
293 541
169 102
47 902
73 346
37 489
146 847
813 652
402 392
356 621
870 532
564 381
826 847
893 84
60 176
11 546
136 948
577 938
240 192
563 247
155 442
552 867
83 518
613 18
977 524
83 217
102 800
387 984
412 69
12 273
591 274
259 698
925 517
801 101
275 533
610 71
57 483
762 634
265 301
558 31
353 952
998 449
687 899
734 506
367 2
988 695
275 133
636 574
48 969
206 845
854 687
202 244
404 407
937 450
883 514
475 748
252 739
798 906
