179 1
37 601
479 916
210 87
78 692
442 918
886 48
160 310
409 638
218 631
657 902
59 780
629 139
545 843
818 796
577 242
157 751
122 592
367 479
879 852
207 63
560 111
234 252
797 315
50 49
485 165
901 985
380 44
853 59
763 66
432 239
979 858
686 352
792 518
938 764
361 842
849 635
241 63
85 368
346 978
629 370
127 619
519 389
821 839
346 251
63 878
30 835
605 103
189 843
362 963
462 366
66 869
378 647
438 126
38 814
306 749
930 612
783 276
240 826
822 747
598 524
240 309
345 711
697 227
667 353
797 728
296 703
598 979
300 479
268 881
353 72
502 947
189 752
307 536
99 931
129 491
900 629
114 522
865 868
280 613
901 61
233 584
799 587
848 354
27 673
534 943
751 451
192 660
76 85
543 740
882 210
324 721
700 393
812 116
66 36
381 800
971 105
773 236
466 23
499 191
132 374
277 677
809 792
430 463
110 257
685 185
662 367
923 736
870 634
524 6
484 846
815 953
187 226
769 403
594 19
51 300
32 511
494 664
991 776
68 61
197 349
551 315
888 869
299 189
404 944
857 106
328 230
146 761
758 371
556 125
868 823
47 582
889 68
134 812
386 734
273 191
354 619
902 201
100 791
377 202
642 473
91 363
152 139
222 768
494 855
371 239
349 601
398 377
651 757
581 897
322 759
668 538
471 918
518 593
634 271
201 468
449 297
329 353
664 909
67 885
841 614
31 625
645 340
838 294
349 373
54 859
441 834
685 82
756 79
286 496
628 623
302 1
485 322
474 823
165 134
641 197
771 993
121 826
469 886
652 524
