74 1
642 435
869 551
182 168
596 688
977 494
912 448
966 380
614 709
107 377
989 357
816 552
182 180
804 209
410 721
754 797
248 842
572 293
664 632
129 183
184 196
64 655
84 365
280 608
110 150
871 236
941 295
378 768
266 299
271 212
784 918
864 756
499 171
220 42
60 490
362 95
656 250
575 789
5 894
411 776
950 965
585 651
585 604
749 151
133 640
445 45
365 33
16 671
278 365
151 295
622 938
407 39
313 596
717 624
78 29
17 915
396 284
237 516
954 633
215 358
984 537
839 842
290 571
579 294
770 338
541 512
36 413
729 417
197 9
474 786
739 646
808 819
394 283
20 130
853 615
