123 1
193 249
383 699
739 173
683 6
637 498
748 767
774 545
344 878
92 389
546 485
699 793
586 309
178 723
792 637
304 330
771 693
155 950
499 421
9 166
450 189
68 416
822 973
335 709
709 382
75 903
490 281
887 929
900 802
231 127
67 503
156 630
816 559
791 247
436 276
847 415
825 680
790 999
96 528
155 948
371 551
383 606
496 297
671 643
363 702
498 424
210 903
827 813
729 778
324 544
363 718
32 109
25 529
274 795
171 915
183 281
938 353
710 113
180 861
298 709
948 409
775 304
669 688
818 585
205 589
411 388
703 67
570 678
275 58
736 933
739 424
848 480
190 810
309 64
493 225
766 68
426 70
476 700
117 317
308 774
491 883
685 167
978 56
445 358
637 779
61 957
631 39
546 747
926 721
140 238
931 485
274 921
198 180
570 104
30 613
988 715
297 617
352 81
946 786
268 759
819 182
567 687
603 459
649 502
212 548
667 227
643 953
782 696
704 254
802 331
97 277
721 795
801 43
700 367
948 97
823 697
328 241
12 476
128 45
132 956
319 434
953 709
88 652
544 783
