70 1
629 2
997 692
348 110
893 512
956 313
770 647
325 382
334 977
61 534
447 228
873 54
542 870
200 260
652 514
38 380
477 740
711 473
354 243
131 701
419 672
538 228
614 208
141 832
987 447
258 515
479 449
70 109
212 579
832 494
816 432
983 28
652 700
992 783
576 364
551 555
681 562
420 791
365 719
510 902
335 263
672 370
916 20
318 666
308 285
417 915
389 204
964 894
548 594
806 338
569 946
591 500
151 797
808 120
340 436
358 335
121 388
924 42
686 176
863 972
92 154
694 646
990 94
550 390
468 824
130 219
291 279
912 179
148 167
514 406
797 451
