132 1
773 847
952 670
350 203
822 961
348 239
129 12
358 7
441 309
845 239
27 950
307 607
550 765
295 28
323 579
152 129
61 644
631 58
475 478
868 400
890 207
780 369
800 145
44 457
714 906
320 407
79 287
5 666
559 93
288 134
441 959
756 527
953 349
794 718
755 854
817 545
274 165
297 155
981 300
674 843
553 387
277 753
584 245
198 479
79 79
547 90
505 355
67 526
915 178
923 583
284 458
167 522
4 928
862 213
731 358
217 586
969 564
456 652
153 305
278 783
483 233
829 32
864 972
835 493
128 881
238 690
3 96
188 979
638 489
569 234
338 872
376 8
133 371
271 376
985 87
240 528
116 384
578 52
40 379
532 846
316 751
234 358
174 803
251 274
640 653
769 653
87 384
282 588
694 525
448 964
442 5
915 832
267 523
171 446
865 923
637 459
503 797
577 244
85 269
267 458
933 263
682 697
478 759
403 25
990 958
748 232
702 669
426 14
13 204
719 739
421 85
921 158
920 118
17 534
715 415
266 658
46 609
465 665
465 376
826 847
986 624
285 539
124 277
806 100
881 638
393 45
967 129
416 643
926 853
558 278
641 593
622 585
802 754
