128 1
520 531
222 809
158 477
853 631
820 327
922 882
567 41
337 205
246 930
969 510
724 961
120 571
843 42
620 894
462 353
576 22
696 786
808 913
8 185
642 701
787 464
25 478
957 955
600 559
424 580
762 955
390 291
774 782
11 168
550 112
425 255
111 605
296 154
226 203
542 669
413 626
43 257
663 934
976 621
951 117
199 87
760 871
588 540
545 971
579 153
901 64
226 370
417 560
569 544
293 521
540 371
794 362
80 539
380 317
584 133
568 377
343 521
19 872
114 531
850 294
668 187
776 660
620 508
165 291
8 658
879 651
616 468
211 635
415 565
731 151
689 773
308 659
433 210
354 112
613 962
378 218
204 958
462 9
497 670
274 524
201 975
488 689
557 847
491 911
740 189
898 193
568 16
565 368
959 928
685 614
240 38
195 323
842 280
955 207
766 650
989 713
861 380
496 200
840 703
936 382
7 440
415 139
316 130
412 871
959 731
552 222
220 70
371 822
995 289
637 894
680 524
905 383
625 163
366 67
132 432
616 626
433 969
698 336
629 339
47 614
671 4
666 486
426 391
201 331
32 596
982 291
569 534
532 209
