101 1
997 822
724 197
518 967
622 504
344 719
316 666
851 820
535 697
48 63
388 190
316 210
48 135
104 423
445 261
928 412
152 997
59 981
66 681
391 469
901 892
311 893
938 639
635 603
313 393
74 676
716 893
155 193
962 960
229 545
260 256
387 485
108 158
311 985
245 794
755 496
788 790
455 521
702 571
352 466
536 697
414 908
678 991
764 615
927 663
146 371
969 628
231 726
172 259
414 883
767 850
827 571
619 123
402 755
887 142
323 139
374 260
977 892
946 286
52 783
315 718
713 564
300 948
383 444
468 769
678 470
216 652
685 231
540 333
681 163
685 985
332 950
343 727
135 835
115 730
782 230
598 585
992 10
399 952
828 577
409 723
910 606
49 313
869 34
763 837
192 574
12 399
475 651
798 356
189 591
980 393
372 242
627 905
950 337
320 583
257 580
362 782
662 853
744 266
103 655
295 198
199 450
