166 1
424 722
278 482
174 282
721 59
884 996
913 724
318 607
134 471
477 74
785 503
881 751
318 589
946 128
871 255
397 383
251 666
347 364
219 316
389 713
295 235
972 564
855 573
609 539
19 159
514 991
591 955
910 604
561 978
771 35
979 915
308 316
517 969
940 732
514 566
746 999
520 77
410 501
679 633
21 243
799 487
872 785
531 699
998 247
675 57
113 492
875 966
73 5
612 268
370 99
200 124
809 675
692 216
310 762
665 614
234 733
197 259
701 313
895 328
150 238
13 808
758 986
535 171
697 611
420 318
188 205
935 924
453 958
355 241
957 861
492 677
778 75
834 163
915 714
840 446
913 733
339 7
992 956
504 328
885 914
772 318
924 928
383 184
143 956
891 508
114 612
413 951
152 190
907 995
726 258
84 525
993 539
858 203
368 506
832 42
651 344
608 573
206 436
329 469
68 428
40 770
306 721
985 107
307 571
697 197
429 299
100 114
674 386
156 172
139 230
784 260
998 598
623 382
952 967
778 604
925 289
165 525
654 121
937 658
695 355
150 808
774 533
355 648
163 249
244 130
822 131
474 596
355 33
126 478
689 943
527 613
160 387
218 590
297 346
786 185
930 466
680 280
85 726
926 697
434 880
308 528
842 878
947 50
692 744
973 897
919 387
903 311
769 452
631 711
346 494
121 738
814 463
986 425
261 185
132 416
490 220
17 288
249 255
471 946
710 272
454 442
135 445
989 358
67 572
375 884
371 523
324 144
