97 1
205 208
467 673
28 630
479 90
77 868
162 527
267 43
64 956
715 596
432 627
791 533
837 489
690 731
318 830
94 376
62 615
908 297
848 446
60 585
664 71
148 419
910 893
400 361
843 454
619 445
187 931
609 236
455 198
341 953
796 831
912 610
133 303
459 454
661 694
160 117
89 424
449 825
692 17
173 66
161 965
694 555
727 735
726 606
493 974
687 834
705 688
717 148
495 770
96 590
272 339
736 849
740 31
312 749
651 504
266 19
722 901
742 713
913 287
613 478
337 145
542 84
948 662
552 552
883 938
651 792
711 158
954 406
362 296
370 323
246 482
961 510
544 881
742 75
315 739
343 785
238 347
641 884
260 763
986 512
885 695
823 297
309 776
938 239
808 308
352 273
741 958
333 972
362 257
809 10
51 36
412 136
949 597
422 34
859 425
32 596
103 971
711 259
