86 1
900 592
229 594
503 61
637 859
975 41
724 980
654 316
915 570
590 982
87 290
726 191
682 647
464 14
793 650
698 604
980 47
838 701
717 584
626 862
929 900
781 946
563 132
17 258
559 251
85 336
236 967
100 159
662 456
781 750
584 436
937 98
754 346
24 921
958 844
339 697
159 258
917 528
773 595
862 308
815 795
280 432
320 832
558 444
274 444
867 143
886 392
455 608
92 35
69 145
159 317
599 866
142 516
810 588
508 744
784 180
300 830
302 891
221 956
541 840
335 901
386 194
409 790
319 162
592 264
495 894
442 195
779 248
978 64
628 546
579 914
601 288
100 429
437 745
945 839
285 466
744 47
399 926
968 248
34 929
521 333
658 650
521 587
833 695
140 118
421 844
233 47
