199 1
373 6
725 146
925 484
839 447
879 363
322 32
553 575
717 25
23 679
909 63
536 413
816 558
826 540
762 16
848 177
417 527
555 222
31 446
996 196
55 711
616 393
193 986
827 523
913 580
401 488
54 227
466 236
494 281
399 501
877 553
188 39
711 672
715 310
405 616
442 237
187 122
18 430
963 778
793 944
121 965
815 471
660 186
310 714
817 982
148 613
732 856
568 833
743 740
793 439
256 724
54 988
785 939
83 37
904 36
875 303
911 309
480 745
517 670
247 533
728 93
501 709
463 598
470 918
573 53
781 987
939 574
397 283
949 932
596 689
642 389
538 453
794 898
157 263
365 608
525 851
127 318
654 611
505 720
915 454
480 86
873 603
171 7
552 896
169 610
616 353
116 304
451 114
458 727
677 327
857 814
952 295
981 103
609 952
380 133
742 214
49 147
98 812
360 88
948 916
710 171
177 355
757 998
397 687
701 990
762 315
528 35
508 34
175 356
865 176
336 917
253 535
511 333
665 713
546 911
291 360
240 467
725 551
716 881
749 66
381 838
88 704
205 205
531 903
328 687
461 287
433 387
868 59
529 547
154 836
391 84
765 479
59 286
203 250
392 279
297 555
861 35
292 401
655 89
751 982
404 827
766 90
548 834
807 450
635 865
512 525
939 100
704 990
107 910
542 166
414 75
821 179
682 574
550 882
804 642
173 346
747 263
929 116
479 671
116 435
15 966
128 142
606 424
150 73
360 962
230 373
595 487
631 625
145 783
15 9
458 227
739 873
793 864
666 158
335 477
261 1
867 415
591 232
454 405
483 361
43 754
432 288
875 684
828 424
825 365
870 311
207 930
612 817
943 659
422 500
109 557
729 955
864 986
396 373
427 725
768 765
277 583
633 244
76 415
195 248
