95 1
644 873
983 879
753 657
849 576
129 820
580 109
879 21
440 474
57 176
819 695
858 841
833 22
263 481
25 895
870 834
818 729
477 475
21 468
563 83
816 822
908 490
24 860
55 466
111 87
213 970
963 755
34 940
906 80
269 233
468 675
151 159
508 942
375 817
575 783
958 166
282 732
709 224
219 600
696 69
745 760
282 714
781 896
882 199
945 225
153 342
895 465
820 586
536 161
539 126
460 850
429 35
605 966
267 23
802 180
906 611
594 449
476 652
183 343
27 757
845 832
137 828
52 823
679 38
30 221
476 509
231 556
373 581
317 107
667 625
248 44
55 477
76 757
855 494
826 121
29 222
640 213
155 757
503 531
989 973
539 635
422 954
132 684
478 731
234 533
235 505
257 247
268 944
774 323
777 321
875 843
940 980
243 537
34 538
969 649
147 386
