135 1
972 169
642 378
717 807
621 607
659 905
24 42
498 285
986 980
884 131
657 5
510 15
340 766
794 20
301 225
924 96
685 517
422 683
658 212
647 19
291 90
800 561
658 998
276 903
732 665
79 624
306 94
801 354
288 744
695 193
155 455
823 355
106 96
243 826
533 904
51 571
751 563
349 298
538 640
244 467
167 184
317 568
81 618
507 250
88 983
525 860
283 427
474 415
449 43
870 842
494 331
575 111
676 268
921 839
576 988
668 659
643 140
490 168
253 646
519 930
909 735
281 693
121 243
314 45
852 466
47 367
774 450
17 850
13 115
778 143
770 179
304 183
873 725
584 399
169 192
338 878
951 429
151 598
393 514
582 242
42 513
464 318
374 672
42 425
343 336
935 100
680 30
945 181
843 959
76 957
27 344
534 249
462 83
421 662
891 716
79 31
303 579
734 205
595 825
40 319
238 622
594 925
640 237
695 655
788 307
472 192
297 290
830 660
333 606
361 416
67 836
86 199
92 916
381 867
893 694
231 515
396 520
645 226
158 568
398 373
71 635
372 785
308 207
599 545
44 307
489 640
829 809
617 926
935 84
364 860
916 46
825 640
996 227
917 129
283 2
764 786
