108 1
479 490
713 540
995 490
471 705
804 545
553 667
948 545
341 245
55 497
637 110
410 688
574 909
543 990
283 982
432 166
123 447
807 465
759 779
400 271
484 408
687 843
252 664
421 792
652 630
700 545
795 290
303 737
428 20
155 390
274 731
153 54
29 348
358 519
36 312
207 649
369 415
990 828
316 599
58 79
777 819
268 146
26 499
499 676
603 916
398 698
506 409
289 446
364 710
49 732
202 282
415 211
869 240
509 396
555 511
360 791
318 563
270 752
585 818
975 637
827 545
958 604
141 331
192 992
117 565
729 627
645 252
365 158
921 493
343 347
187 320
55 338
396 529
78 405
300 975
932 684
388 873
507 372
283 56
923 162
447 885
943 293
191 927
796 30
8 877
262 701
562 602
197 933
164 737
73 876
352 834
728 919
847 283
242 566
437 42
451 906
533 527
885 20
409 667
862 888
639 10
856 456
528 521
925 988
348 876
608 667
717 75
250 891
272 174
