76 1
822 872
430 64
845 16
77 296
672 756
324 947
251 498
188 663
173 742
197 168
130 878
982 909
832 476
179 693
396 720
99 463
527 118
416 862
5 254
38 525
539 82
711 630
365 950
797 405
908 687
128 816
786 397
754 548
150 965
684 539
688 928
390 459
140 749
668 564
446 886
950 168
792 410
391 228
584 807
561 389
658 890
792 300
709 376
409 47
110 919
268 612
532 694
190 790
969 150
741 371
427 437
251 770
10 446
122 226
622 867
562 326
246 711
54 940
843 208
575 268
296 246
219 642
354 918
891 21
886 385
253 737
377 725
62 560
559 676
29 716
886 945
774 576
278 508
93 320
497 402
369 781
