80 1
365 358
937 289
83 105
547 626
871 133
109 404
773 448
87 876
316 92
810 928
745 882
809 859
46 613
913 278
50 256
330 208
648 408
138 371
507 900
239 598
876 381
746 989
991 44
423 520
356 985
600 874
507 995
101 872
940 990
579 23
178 968
171 324
447 757
73 781
731 906
982 30
438 531
683 356
176 188
717 197
8 6
915 263
640 551
448 345
233 715
711 617
513 766
544 249
435 503
876 243
177 544
269 137
384 992
676 533
168 58
262 120
463 807
959 977
521 589
117 476
135 280
576 378
179 912
327 857
464 860
339 114
120 835
919 768
205 476
316 393
897 934
31 385
448 211
707 635
896 336
691 721
49 630
762 598
845 797
469 860
