78 1
518 204
665 118
497 678
776 604
226 894
771 180
186 916
994 706
550 540
721 85
10 989
914 163
69 24
141 696
654 147
967 53
455 913
458 644
702 566
693 128
26 241
105 938
655 213
714 367
533 583
135 218
55 356
328 579
469 183
876 690
546 399
427 85
666 688
710 830
311 551
668 793
234 182
533 375
407 234
643 706
378 468
327 739
551 606
802 677
378 774
2 296
45 116
674 20
817 189
160 793
959 619
145 711
328 823
731 390
316 192
972 552
829 892
904 519
618 7
759 874
215 414
454 210
597 94
682 51
513 418
934 672
292 748
156 659
406 155
643 958
397 437
159 294
289 771
727 448
602 333
567 193
808 955
226 416
