136 1
945 275
976 104
20 286
254 580
529 660
518 541
440 530
44 792
409 141
888 487
190 772
53 188
736 644
515 557
849 819
864 967
755 411
332 431
397 894
672 31
416 509
367 864
442 207
458 993
84 282
300 133
820 209
241 570
265 707
352 613
936 139
463 821
712 847
305 382
870 957
859 912
792 103
6 44
401 779
15 825
999 413
115 828
669 451
158 791
925 116
226 537
715 797
132 894
682 996
564 570
28 887
232 620
997 142
494 814
29 791
720 256
549 959
751 53
181 72
900 521
787 418
8 903
938 910
828 18
298 678
97 627
507 860
965 972
32 576
981 931
418 779
60 931
484 593
494 475
178 921
662 942
404 153
581 571
604 99
619 803
60 471
462 272
429 84
850 408
270 606
630 975
812 317
43 617
460 369
471 333
183 287
908 102
454 571
559 276
154 952
266 621
135 525
458 285
378 877
585 751
201 619
444 821
992 429
283 418
158 759
282 354
424 404
223 249
364 954
647 824
374 289
232 167
458 987
291 66
695 56
774 935
245 873
798 879
232 301
653 132
625 421
934 1
224 541
125 294
869 502
57 911
225 817
484 623
43 750
125 346
414 487
863 567
505 415
191 64
274 577
751 790
