161 1
913 253
102 721
356 551
38 191
518 378
792 428
568 3
55 367
747 987
101 214
540 600
628 364
686 349
683 816
58 278
218 780
281 810
579 685
525 224
705 401
833 539
559 673
949 677
465 895
675 745
449 744
200 283
707 117
685 421
8 291
354 736
116 994
571 689
787 7
835 114
538 783
179 415
912 986
875 906
29 517
136 368
641 110
423 594
125 490
334 454
301 627
584 531
203 441
608 223
796 205
645 230
404 374
768 977
978 72
330 77
366 880
987 8
310 361
683 484
614 897
397 972
41 29
511 977
876 654
473 223
451 532
253 363
261 322
130 856
225 388
111 473
497 818
956 926
38 772
475 615
988 295
969 553
86 183
697 440
967 425
517 102
353 701
647 168
940 969
145 416
899 390
532 379
8 731
669 156
944 438
262 1
266 486
556 330
255 914
937 818
913 441
336 66
990 590
74 460
51 366
677 61
85 363
657 852
661 36
820 62
108 919
743 205
556 345
918 496
825 988
128 862
323 516
123 170
97 625
230 532
772 442
245 663
397 195
775 358
688 69
232 957
191 37
921 339
384 983
176 546
736 696
492 867
661 82
217 980
371 872
102 353
545 327
44 175
620 907
65 970
557 498
620 78
938 966
12 600
934 282
42 399
266 665
361 307
35 368
512 581
882 504
411 156
174 319
459 344
590 340
53 238
68 813
490 627
873 238
668 64
209 881
860 32
316 176
292 243
891 705
337 924
