149 1
721 794
464 873
501 430
397 906
779 416
197 379
20 464
773 453
647 354
946 380
14 702
262 316
486 867
642 99
173 107
835 635
146 768
612 355
418 548
409 85
641 526
492 573
475 28
347 174
124 92
815 406
207 178
694 739
645 931
213 85
864 716
466 354
6 578
381 753
708 143
751 755
54 127
383 459
9 642
893 821
923 542
841 492
185 320
595 133
354 876
922 312
452 255
65 277
394 354
777 556
571 332
350 727
469 781
406 259
546 542
249 220
849 532
202 561
183 104
446 231
284 669
469 662
597 776
106 220
511 943
490 114
791 304
166 192
369 496
249 236
444 251
537 792
341 950
566 336
544 77
675 420
635 975
371 749
40 208
237 791
615 289
676 750
90 653
60 83
710 350
444 114
819 41
702 816
711 541
336 401
446 479
391 641
414 627
680 275
159 367
609 990
473 972
498 769
266 353
742 637
537 507
679 262
866 509
315 499
116 711
753 25
523 841
802 502
393 577
132 740
80 234
219 155
834 506
676 696
955 172
449 412
822 311
154 47
688 962
138 241
495 34
167 394
473 882
697 435
444 731
593 829
347 126
573 428
405 385
171 986
47 320
682 541
824 180
179 536
466 672
400 315
388 936
505 407
496 374
364 370
80 175
120 45
343 801
297 664
774 315
675 321
544 956
973 644
601 443
