105 1
62 923
167 442
754 860
949 523
907 670
812 38
444 878
513 303
850 468
708 738
403 993
852 712
400 594
807 141
289 591
379 624
64 599
880 172
90 699
633 138
122 686
372 121
841 913
374 887
402 269
524 625
593 66
208 767
220 681
874 106
984 965
597 434
914 320
571 210
484 151
16 790
498 955
51 234
815 588
39 118
703 903
329 489
115 641
208 444
675 523
888 950
571 407
876 9
588 222
781 698
822 644
648 191
698 446
408 171
912 64
989 255
293 640
548 148
223 602
487 49
534 562
240 153
454 847
443 89
930 524
890 13
824 941
271 412
368 711
663 156
762 89
427 450
743 716
446 808
501 948
563 720
80 15
72 673
382 595
171 618
26 644
776 349
721 69
614 642
56 209
631 193
388 956
828 826
873 521
974 953
936 199
687 258
404 781
242 855
564 527
591 72
221 331
320 16
877 288
493 217
931 172
298 61
592 302
851 454
769 158
