72 1
514 446
383 130
715 964
982 184
325 723
11 830
411 122
85 301
223 440
71 864
248 427
564 686
323 924
729 67
500 392
821 541
791 339
82 459
760 999
376 197
388 279
660 741
887 552
853 811
486 707
998 90
712 88
714 997
714 500
500 523
58 266
111 49
973 385
279 4
592 901
935 538
233 251
906 507
246 407
260 935
341 126
235 388
756 304
204 36
85 29
838 213
906 256
200 542
808 390
491 866
929 36
128 764
492 431
45 439
457 440
481 494
963 5
462 95
601 349
712 542
216 804
608 706
695 16
382 786
595 591
789 66
245 236
24 748
757 582
825 396
627 540
470 148
