138 1
921 864
447 847
16 296
42 140
676 103
62 830
418 545
752 629
362 759
191 510
570 486
975 379
537 31
911 532
593 132
973 83
684 627
914 35
939 761
660 667
520 395
631 710
661 983
961 462
849 933
908 670
857 189
968 965
428 224
306 903
550 782
411 399
413 405
337 545
96 766
296 599
650 288
888 523
842 783
356 506
174 814
738 419
485 642
714 770
483 176
767 153
457 812
689 617
625 246
810 305
627 555
685 796
654 795
776 723
879 104
714 884
77 794
509 455
899 331
259 572
434 181
653 384
934 99
428 835
105 581
220 858
841 424
480 150
669 59
897 2
927 263
164 571
827 182
691 454
837 776
911 95
505 798
433 919
455 315
977 685
120 81
682 912
484 905
762 15
826 567
184 287
618 417
899 141
354 548
969 918
600 423
275 71
661 41
454 441
475 795
908 721
101 698
339 871
177 476
483 951
564 517
302 419
975 544
45 863
933 482
517 380
320 66
127 845
157 578
123 476
157 373
400 989
462 384
411 574
903 781
853 487
441 206
800 91
575 395
394 24
413 863
86 408
109 307
688 834
702 897
181 72
555 628
208 387
896 131
419 671
255 806
139 496
816 63
47 473
86 985
562 126
295 304
173 809
