163 1
147 703
174 766
326 504
510 31
482 956
233 166
148 362
592 203
487 904
518 661
447 702
600 568
438 364
729 47
733 112
256 793
78 428
830 126
290 307
608 30
586 29
624 559
810 332
964 968
675 126
687 477
365 14
570 333
883 749
985 280
757 854
357 176
948 99
553 478
558 784
64 401
526 358
734 701
949 411
194 437
612 559
938 358
66 407
327 967
118 898
226 319
218 774
146 464
266 586
702 728
648 755
273 141
708 652
450 35
452 877
705 636
468 507
820 110
200 13
558 273
508 720
862 341
703 111
56 371
617 509
653 12
38 530
605 311
286 903
926 391
727 226
873 802
756 499
951 321
546 923
855 455
964 515
828 580
463 824
843 593
673 307
47 795
598 60
411 86
875 166
73 517
103 356
587 942
446 366
478 914
154 732
688 4
610 332
12 239
155 239
61 566
114 330
564 765
209 816
371 668
254 91
780 773
406 569
415 580
3 144
468 559
375 501
908 888
669 360
889 286
419 321
551 441
759 757
555 522
729 515
895 710
989 643
138 948
281 127
547 429
156 695
570 405
676 263
815 42
991 222
273 811
622 968
203 752
569 847
557 694
202 147
528 788
702 188
930 126
357 294
221 293
568 408
672 459
418 109
48 617
744 618
27 501
533 557
716 633
473 734
104 152
930 600
662 504
371 594
261 72
409 704
377 452
645 894
469 714
549 450
17 536
653 274
901 465
34 931
632 828
911 715
832 225
63 164
