192 1
152 279
425 704
467 806
767 828
795 66
770 959
391 484
892 260
582 420
416 255
61 346
967 988
4 302
312 102
829 343
42 995
189 355
260 176
244 455
916 608
744 728
273 120
316 291
800 230
445 577
268 970
418 836
841 94
832 510
799 340
315 669
518 373
353 293
319 211
744 704
369 877
904 774
8 37
670 608
628 375
576 244
156 881
509 720
796 965
954 114
673 381
557 577
32 385
94 871
735 625
950 38
733 767
582 885
470 81
178 874
101 230
504 896
781 776
782 489
51 827
54 785
658 531
719 523
826 228
823 673
158 514
575 777
21 574
610 775
800 998
765 997
724 994
167 101
390 504
484 977
320 851
316 759
791 891
405 850
576 241
33 38
853 234
89 220
499 212
69 476
246 999
612 747
700 821
114 64
865 446
912 665
184 745
366 88
19 480
898 354
665 240
788 633
971 838
461 707
368 305
767 870
596 447
448 42
838 955
576 103
883 214
164 892
873 429
843 573
17 497
219 184
628 8
660 497
654 546
416 649
454 711
328 851
173 461
264 38
713 634
356 575
814 900
965 249
626 609
387 449
982 799
449 240
819 657
212 46
318 796
755 625
210 228
642 197
639 669
784 670
722 57
4 796
443 920
534 441
587 269
828 412
229 433
809 582
531 569
961 450
374 227
235 416
472 890
205 797
394 498
102 177
195 933
327 972
356 841
407 16
90 51
735 448
123 425
728 166
137 70
518 524
249 580
29 416
30 475
724 579
688 463
824 951
366 829
137 670
200 695
365 303
5 926
607 438
179 18
99 173
799 180
735 739
639 390
131 669
651 197
490 139
586 920
679 752
699 185
553 130
536 816
401 883
424 643
112 343
563 47
584 495
154 161
