167 1
105 975
330 51
374 391
99 965
559 665
969 770
629 112
841 520
515 31
234 931
304 540
261 812
485 262
232 481
301 130
700 888
978 841
939 779
226 220
670 860
744 605
313 446
381 79
654 35
398 162
466 875
414 51
93 480
811 710
150 657
430 668
656 749
107 200
529 691
924 983
452 947
13 670
931 415
70 62
128 763
252 338
832 246
249 235
920 678
369 474
760 390
732 907
69 494
220 79
439 236
972 391
386 595
772 39
354 524
552 372
132 892
553 268
636 430
845 867
924 883
386 355
464 867
179 726
524 70
802 503
176 1
698 582
931 412
584 592
628 868
493 427
918 255
861 519
446 894
831 2
428 146
674 100
649 734
262 122
81 3
617 478
17 868
454 885
839 784
654 55
341 206
896 749
845 855
315 928
138 307
946 638
645 152
388 471
324 692
736 816
30 899
746 449
203 277
555 859
688 292
54 445
44 617
2 427
234 999
486 112
701 853
339 169
995 256
624 491
188 430
549 164
591 721
505 312
591 557
284 531
714 736
72 127
883 575
820 824
687 665
407 230
776 888
508 208
689 948
454 697
108 12
477 178
891 958
629 912
311 796
589 100
646 342
187 546
945 982
160 785
874 555
768 879
536 570
653 108
984 218
21 281
387 425
906 266
917 655
135 461
873 89
797 917
978 922
648 176
882 385
878 256
142 18
88 456
889 587
512 807
110 849
313 917
307 35
353 293
727 171
397 766
228 985
230 270
113 897
508 261
500 868
360 508
