110 1
824 843
723 600
257 288
752 948
731 824
250 789
134 595
786 946
720 877
835 293
760 610
662 340
634 648
49 111
803 55
20 274
301 282
220 808
656 481
226 523
11 325
406 310
316 820
548 783
98 28
356 134
63 695
282 899
896 684
58 664
811 985
157 619
805 150
590 679
336 117
165 983
259 258
399 812
895 276
148 858
271 255
804 251
309 142
538 496
824 942
171 468
716 466
866 483
436 477
69 894
278 228
782 573
741 361
949 460
35 333
539 684
483 543
60 86
704 790
354 785
156 938
445 93
299 892
749 617
902 982
731 759
870 875
194 630
501 721
947 258
426 79
667 308
614 739
143 785
170 887
454 957
190 431
259 655
478 785
903 347
569 69
287 832
314 898
126 169
102 890
27 187
365 410
65 653
451 64
597 942
603 352
57 402
611 121
509 356
66 704
561 989
400 46
997 207
571 237
886 981
674 307
444 764
372 195
521 221
152 427
243 223
220 795
560 94
26 412
814 332
