158 1
411 888
989 549
543 719
55 177
162 907
18 91
518 473
162 507
304 568
310 868
545 114
369 142
354 893
504 376
525 184
322 813
228 5
991 630
931 586
62 948
921 918
427 799
854 109
146 193
148 515
649 114
415 564
932 158
141 227
703 671
948 890
860 675
415 255
190 584
407 514
824 259
423 258
23 765
181 139
228 97
754 693
621 499
609 760
339 417
383 52
679 283
176 967
397 506
883 13
847 726
97 526
638 228
751 582
634 173
812 442
454 510
415 586
101 499
284 597
250 684
893 155
158 878
715 384
609 532
889 37
684 876
748 233
150 851
980 334
259 104
105 631
77 694
834 119
440 771
483 166
977 628
330 150
894 364
954 57
503 91
892 429
998 266
53 712
206 986
699 380
458 46
913 68
424 652
902 142
52 816
791 850
9 421
684 761
167 757
103 95
603 559
651 779
399 420
2 606
890 69
752 882
456 469
102 270
13 233
570 500
842 998
387 416
893 774
483 233
458 745
704 382
615 513
73 485
966 28
687 496
34 695
197 363
862 781
234 952
265 146
677 613
121 597
283 201
893 902
984 840
656 176
835 371
710 223
123 156
848 65
443 49
986 865
726 82
501 249
429 277
306 663
115 966
359 437
642 618
746 834
439 750
166 134
125 499
178 118
917 229
280 196
448 627
299 273
824 355
489 932
558 805
896 407
926 522
567 873
476 996
443 831
450 404
208 113
