194 1
942 23
587 289
516 110
829 160
212 971
362 45
621 432
496 610
250 594
408 622
437 34
5 211
8 661
786 670
602 43
268 336
863 388
655 232
202 917
456 343
272 446
58 968
420 666
211 623
770 338
816 100
806 317
308 115
494 296
881 418
968 696
522 398
573 452
831 320
689 628
316 982
503 929
170 244
784 416
684 355
572 117
126 866
262 766
593 511
279 994
339 796
273 322
608 467
232 542
183 389
354 908
647 948
229 900
780 231
59 885
885 82
708 776
849 918
593 388
957 571
954 980
880 95
531 166
26 759
904 732
863 900
420 344
795 578
176 185
966 355
839 183
171 330
290 571
585 947
730 781
453 167
478 862
941 726
646 822
77 103
358 125
239 551
588 189
77 556
576 533
120 778
870 45
317 260
805 526
254 928
205 588
741 760
800 350
434 148
585 929
435 10
328 452
935 498
535 308
406 755
381 193
844 426
532 433
526 321
776 703
317 25
13 184
157 287
492 767
988 844
703 99
671 583
422 394
377 851
758 286
649 692
886 234
571 580
50 961
166 465
208 238
589 212
612 976
353 987
121 472
340 786
746 768
89 18
59 64
811 779
821 362
767 915
641 952
915 145
610 330
836 174
697 15
672 21
938 17
912 127
215 911
415 123
218 880
289 502
57 154
773 839
566 190
544 616
904 966
168 886
343 574
120 960
898 421
899 923
109 918
493 752
502 634
192 922
896 736
414 493
884 106
626 14
498 448
221 53
813 139
778 759
134 159
409 472
266 56
522 960
736 614
452 878
93 822
397 846
30 193
82 832
522 827
713 838
973 858
298 347
725 739
407 786
356 17
885 937
306 658
859 72
964 189
700 848
138 696
993 386
664 540
331 200
378 264
259 478
