125 1
108 117
45 494
351 968
555 644
817 11
3 827
702 821
337 267
368 796
889 418
708 668
823 267
396 429
388 976
754 778
699 911
635 554
548 727
506 569
204 844
861 837
432 454
932 477
593 702
196 874
698 494
123 116
330 392
593 873
262 946
414 269
898 702
769 131
542 237
74 9
783 325
369 387
123 560
574 416
212 341
125 850
564 766
480 719
155 588
876 11
143 575
19 952
550 113
63 919
912 401
936 712
266 10
282 775
21 334
241 969
77 630
687 77
862 534
716 34
225 352
88 55
43 303
201 692
423 889
863 664
834 962
781 436
930 803
692 457
71 666
81 812
208 300
462 114
747 208
932 8
414 506
847 891
838 190
272 851
605 400
531 24
256 894
639 597
361 931
50 448
857 396
774 135
337 582
42 697
297 288
780 668
469 586
126 32
505 121
3 626
260 653
736 167
12 401
202 649
9 663
822 985
216 938
56 990
292 513
473 226
471 923
239 363
684 955
547 751
476 302
441 512
358 240
615 701
485 762
371 815
902 239
757 914
729 14
159 410
461 204
460 174
326 171
206 37
949 252
80 645
