159 1
484 280
553 263
66 450
3 987
18 427
392 7
289 592
968 619
62 845
50 594
179 644
527 188
804 278
221 377
614 428
321 986
627 861
904 595
933 66
110 842
794 139
403 194
315 965
656 674
895 222
805 516
822 775
492 909
657 49
815 827
192 916
261 743
539 30
786 768
466 628
693 900
225 230
927 979
372 808
543 630
2 714
627 253
809 255
960 529
151 378
22 96
2 765
862 800
424 393
309 282
632 922
909 912
900 104
946 826
516 42
862 647
159 134
608 199
290 197
556 463
970 594
260 639
688 987
978 974
650 712
554 466
881 726
189 259
659 117
202 564
170 563
202 718
676 16
284 226
846 56
995 142
548 144
500 948
927 313
583 435
40 22
840 939
867 45
628 918
298 568
773 237
499 296
101 824
500 599
826 283
901 481
48 221
52 750
517 569
506 444
310 377
299 300
248 82
677 109
569 634
476 963
50 832
135 968
77 497
903 39
523 282
133 269
885 613
660 28
206 919
860 734
935 113
636 315
690 138
135 662
603 332
263 408
407 949
253 203
208 850
379 95
673 260
451 416
623 601
814 107
794 570
883 423
287 787
312 374
273 29
445 482
361 615
524 963
133 915
617 711
428 188
621 639
285 876
374 520
766 296
622 486
711 273
397 284
666 654
177 650
344 74
759 785
879 382
863 773
976 909
484 665
812 471
235 366
543 214
319 196
423 655
198 520
599 701
412 870
