189 1
362 655
67 78
462 44
603 388
812 771
945 177
767 938
550 276
171 774
254 262
277 175
542 175
86 720
379 413
28 335
168 972
28 743
552 214
382 341
384 554
7 371
357 517
487 528
324 755
833 805
104 679
459 289
694 18
864 459
910 866
703 543
966 583
539 788
276 76
842 226
95 252
723 911
798 806
765 298
345 21
711 974
910 657
810 742
307 138
186 455
469 187
179 133
542 984
859 48
757 347
533 969
878 348
788 514
838 850
871 782
89 73
556 657
572 176
555 357
605 123
874 580
456 847
744 158
295 632
820 537
673 807
165 799
197 376
549 161
805 468
15 425
847 380
33 992
215 902
509 458
49 577
762 525
984 601
743 156
438 375
775 318
118 141
598 722
678 697
814 983
863 843
968 876
633 698
297 408
688 968
121 423
798 897
898 949
447 133
355 388
284 920
687 511
113 804
327 240
730 64
662 739
406 305
307 432
293 146
564 132
649 229
609 524
980 822
925 474
420 218
902 536
446 981
328 969
118 704
223 179
304 45
926 497
940 691
740 708
499 137
578 935
529 569
179 985
525 711
299 876
671 576
158 372
494 780
229 215
3 446
815 576
340 397
673 161
629 734
177 305
348 572
321 478
546 655
986 390
257 968
663 93
635 704
35 758
987 657
156 432
653 310
706 948
660 128
466 449
658 14
658 903
173 52
693 996
959 5
439 451
617 295
207 734
977 791
514 138
252 625
805 796
737 444
22 970
393 870
990 714
306 628
349 228
192 427
732 618
758 123
36 786
761 165
701 256
837 492
198 91
91 509
945 759
344 364
984 7
457 927
401 422
635 409
275 735
669 190
649 119
319 306
706 531
392 324
651 337
