117 1
690 735
85 292
14 710
626 359
310 446
642 21
871 277
972 99
25 229
939 992
381 667
590 982
998 250
836 757
615 338
867 654
695 867
496 736
691 775
449 23
785 352
744 460
684 771
439 477
884 20
57 943
467 557
416 841
809 160
796 944
571 221
601 397
900 635
825 222
59 709
469 538
826 939
247 971
747 889
816 370
454 521
668 217
224 757
551 30
211 615
103 294
126 264
90 648
709 118
517 203
64 741
287 15
465 377
883 653
779 292
208 15
667 792
769 216
657 903
818 906
502 457
699 800
334 627
212 590
548 532
145 161
472 949
909 774
583 630
548 851
207 13
184 298
228 159
271 163
712 205
420 79
988 709
185 947
448 967
626 486
705 138
312 864
168 738
700 920
565 858
313 62
834 394
625 516
181 228
868 146
108 582
355 988
913 927
588 559
340 689
994 942
137 796
944 24
956 518
648 463
368 638
210 442
346 408
299 898
875 334
472 14
701 734
51 153
29 860
735 301
525 136
110 684
466 339
736 756
850 764
148 692
917 156
