157 1
254 349
307 443
331 474
290 142
284 605
205 323
849 482
177 715
116 78
861 488
420 76
147 996
548 577
523 557
405 400
142 637
551 171
28 872
503 156
17 521
529 420
436 426
502 271
759 648
849 64
635 861
743 297
254 563
123 625
683 853
847 155
99 285
654 547
558 490
145 29
154 488
22 875
993 713
892 259
946 294
922 498
19 630
994 55
141 325
973 252
697 385
653 824
480 244
155 722
245 152
236 954
23 513
222 165
109 452
155 646
70 229
150 422
462 868
13 615
841 952
579 472
19 270
924 57
365 5
540 479
18 636
147 435
242 713
208 830
495 67
666 189
761 724
452 833
284 157
797 177
801 715
496 593
327 110
206 7
502 811
322 951
712 184
924 451
762 441
185 668
26 118
486 548
840 348
908 346
649 284
259 6
726 98
888 959
105 864
634 9
982 480
115 658
550 642
317 865
352 663
106 385
885 236
392 138
117 929
216 449
673 679
580 945
133 266
678 312
821 393
913 938
771 959
5 243
442 112
203 340
689 886
5 439
654 725
854 884
857 270
826 611
529 166
75 302
209 887
79 754
843 973
713 17
704 888
438 899
333 574
760 778
414 757
366 333
109 849
517 536
611 375
615 744
518 753
815 894
305 543
69 587
220 134
733 496
641 986
204 955
22 145
111 374
585 431
511 460
451 238
482 987
888 88
441 223
485 317
566 949
514 288
924 199
