71 1
67 793
500 743
771 71
157 389
970 528
840 100
338 512
863 704
90 554
4 131
976 655
491 850
100 458
137 701
890 548
48 962
26 625
959 639
879 817
92 601
532 615
730 801
874 271
385 8
761 773
15 672
78 588
61 48
28 783
805 637
155 429
906 425
557 138
59 476
507 629
617 691
104 109
532 295
279 337
122 342
778 365
309 487
678 864
610 907
85 688
682 832
422 29
287 762
39 350
379 97
417 402
256 751
107 461
638 479
653 569
492 333
761 727
267 101
295 784
333 241
301 905
446 519
541 481
643 305
966 572
54 969
855 852
515 633
991 695
515 907
467 435
