200 1
992 299
667 985
34 574
694 829
54 837
69 820
300 739
58 636
713 393
728 412
231 542
52 6
852 372
979 676
894 884
190 511
213 59
887 991
924 774
390 37
628 29
124 781
178 356
771 331
913 893
110 114
822 233
686 377
877 659
56 8
550 268
786 604
170 106
520 206
500 242
103 609
296 204
93 820
822 476
367 876
952 207
514 670
907 465
637 669
439 893
677 637
814 595
683 412
690 379
36 39
941 261
795 333
190 803
995 942
658 643
461 8
417 562
551 391
168 971
185 694
976 14
824 926
460 623
808 969
983 943
917 34
978 853
230 877
876 684
324 775
239 85
120 271
45 708
818 226
896 406
816 673
818 405
711 766
600 423
737 610
704 246
444 753
898 276
260 201
815 823
744 452
833 614
829 389
947 689
698 810
40 764
215 426
555 154
189 110
655 824
478 239
668 560
731 854
562 384
139 269
696 938
910 318
779 207
309 336
449 234
362 677
808 468
95 145
78 963
377 60
995 877
296 267
738 433
791 953
54 179
617 26
615 962
297 936
422 78
962 145
953 554
527 509
228 814
205 378
117 215
697 950
883 481
717 433
324 671
909 832
401 446
877 665
357 684
300 303
654 706
208 825
904 572
948 544
420 466
658 902
631 822
705 414
721 178
553 144
108 740
844 351
632 794
498 564
314 797
464 528
202 667
937 660
229 731
607 685
819 600
746 575
160 494
187 874
321 22
783 911
779 710
110 476
492 825
895 645
678 768
255 747
307 6
252 543
997 18
975 96
924 745
684 431
755 622
874 835
996 751
597 378
236 515
78 517
55 930
803 405
998 319
204 996
254 118
871 552
817 241
526 113
453 269
747 590
458 869
831 8
142 318
513 407
742 918
459 535
754 919
128 394
769 326
264 136
153 755
791 533
