165 1
697 109
804 372
802 170
385 105
644 732
761 628
189 705
447 223
359 680
340 172
424 786
905 854
56 101
209 227
334 313
695 722
737 71
475 121
636 518
925 820
605 504
797 382
895 189
898 931
784 246
423 493
716 2
420 124
690 338
331 601
152 483
781 649
597 569
701 604
941 648
648 593
949 503
205 784
435 759
184 271
858 495
96 867
416 558
940 794
748 578
917 239
671 882
879 288
488 451
17 179
745 199
614 266
295 973
133 933
80 582
152 22
676 763
365 495
936 2
626 542
785 455
285 33
969 417
624 521
611 691
618 986
998 292
116 696
74 285
829 635
207 540
428 438
725 701
626 802
809 161
544 142
114 75
898 83
593 943
373 398
307 247
151 708
516 107
988 322
941 856
973 603
462 140
253 34
746 996
692 419
604 706
823 327
25 955
392 126
604 590
640 443
220 329
261 838
17 218
337 482
170 915
516 638
61 36
305 365
355 980
563 974
243 671
46 199
425 895
404 953
74 651
738 905
447 999
91 922
505 405
318 441
702 772
516 207
465 803
582 536
202 473
11 455
245 35
661 868
59 987
12 324
343 128
972 859
356 766
287 414
733 606
898 826
699 452
676 697
742 466
680 102
725 862
456 989
51 685
31 417
685 478
675 924
903 655
489 994
755 604
959 657
623 64
713 74
354 971
569 843
408 182
876 962
755 96
53 163
145 322
478 165
233 267
486 184
899 29
647 21
864 433
645 422
840 504
750 717
937 286
