188 1
258 724
533 764
253 357
282 414
142 42
631 488
814 951
74 265
677 640
146 256
126 89
680 68
141 70
967 844
54 240
944 181
847 875
161 709
626 934
348 11
693 285
125 387
61 522
430 114
36 40
806 712
332 776
929 813
671 703
211 38
220 314
935 278
26 965
617 131
621 191
836 147
427 63
391 828
59 788
612 445
213 256
556 993
299 593
89 646
46 450
367 497
352 438
390 981
656 269
691 566
514 488
549 200
807 120
899 476
214 594
874 859
647 413
940 588
597 804
764 634
807 351
623 891
504 301
596 841
645 674
576 112
914 863
790 178
994 217
608 219
63 731
669 333
181 844
430 702
392 745
441 565
635 888
787 983
40 563
154 444
276 18
418 332
737 854
273 306
219 321
793 186
510 688
169 110
918 456
285 691
653 308
674 323
935 240
702 442
597 981
740 630
111 851
615 689
33 494
827 815
238 986
626 391
583 905
485 829
348 540
944 357
188 130
481 921
69 571
702 196
496 358
552 360
736 788
426 277
959 88
912 743
644 983
163 608
225 65
585 841
798 8
884 794
345 184
955 265
170 875
397 520
34 643
416 101
575 552
383 624
599 515
837 270
758 55
362 719
817 816
912 6
120 427
54 897
966 460
215 3
81 156
867 881
597 608
835 703
177 640
684 602
294 862
465 572
9 641
494 901
655 964
330 590
820 819
277 949
594 629
515 855
159 87
565 970
876 40
441 284
101 873
154 767
297 60
938 514
390 275
953 833
197 564
230 968
99 109
945 390
926 345
381 653
405 474
602 674
543 796
889 571
258 203
264 511
779 430
710 883
151 345
208 576
693 741
498 432
169 552
197 856
173 333
146 513
