183 1
912 167
489 48
468 247
470 422
652 979
534 655
34 470
220 928
565 3
177 229
53 129
97 995
860 639
931 667
768 795
423 120
782 895
566 699
47 648
873 899
250 568
644 319
568 695
365 408
622 454
883 748
358 150
342 587
715 731
122 949
483 865
229 85
251 278
996 995
196 345
350 827
770 629
6 826
757 369
619 390
722 85
478 767
600 212
575 777
898 149
848 587
644 698
218 587
264 747
433 597
34 123
192 489
163 587
790 48
447 670
494 923
897 800
403 332
984 794
246 307
389 50
56 708
223 878
855 712
215 609
871 233
84 487
971 679
613 997
34 93
596 975
96 421
990 5
317 214
161 60
551 148
932 272
447 494
464 931
13 945
525 326
847 315
929 223
289 784
433 888
722 744
64 222
367 47
302 16
449 648
891 685
796 283
994 113
585 935
226 430
162 540
69 973
206 321
684 91
132 152
490 186
281 309
486 334
296 650
653 615
109 164
604 141
199 844
27 67
424 786
599 361
335 811
496 513
750 999
992 94
748 761
592 447
89 998
666 696
156 937
216 155
251 834
235 162
563 378
344 631
218 217
918 643
827 574
507 233
488 105
403 858
908 647
967 788
802 48
561 956
551 422
484 453
358 984
581 18
973 191
618 312
330 499
168 91
782 545
448 986
457 196
790 293
941 359
689 925
270 476
107 399
419 467
280 120
639 929
543 580
912 616
874 168
303 483
760 254
165 513
836 403
897 193
92 979
644 350
692 998
378 384
935 243
635 343
610 284
460 282
631 765
762 593
93 677
380 838
161 649
427 908
829 528
862 101
181 401
647 327
667 44
649 22
958 186
