148 1
559 533
640 713
542 527
865 977
370 877
265 29
288 897
127 685
527 118
978 291
714 16
585 3
554 86
409 931
539 502
162 616
41 892
105 212
104 758
651 980
679 899
424 784
91 652
106 943
50 534
803 716
747 282
936 592
3 896
500 232
505 494
84 265
831 761
355 826
922 983
639 663
292 960
400 537
400 300
839 483
5 527
59 170
269 481
841 814
245 281
488 937
550 220
199 838
785 823
697 866
718 868
452 455
101 18
373 663
554 309
843 885
389 303
299 847
868 910
991 990
507 87
497 168
856 677
21 373
357 404
258 469
516 706
795 701
127 590
85 461
922 31
329 641
717 716
295 975
220 531
65 99
325 310
630 797
302 608
943 225
951 728
730 332
200 554
867 385
41 332
39 650
737 646
869 515
382 126
288 494
647 313
427 366
431 316
879 562
923 57
657 685
574 712
514 37
309 313
963 256
763 602
446 821
40 180
466 945
239 56
272 279
890 128
254 396
892 719
490 702
551 536
375 295
370 818
882 976
928 373
898 42
776 377
93 749
257 410
195 212
139 369
988 289
472 835
575 909
189 707
950 723
354 27
282 949
915 581
532 221
150 415
391 23
238 742
832 653
554 12
574 827
170 509
909 255
368 723
697 803
619 592
363 773
66 946
708 221
588 970
196 720
735 655
283 135
