106 1
632 564
760 579
356 439
149 493
294 978
824 991
153 239
593 600
715 416
535 553
275 29
697 630
728 655
512 458
85 540
684 507
27 138
723 593
479 573
184 657
430 389
214 842
425 756
647 597
815 247
419 211
67 476
607 875
387 619
124 51
278 259
858 963
683 647
87 103
894 456
784 679
474 519
278 627
365 869
424 774
602 332
806 706
164 580
712 308
769 64
649 395
382 162
102 74
136 627
825 634
478 430
210 471
903 467
346 352
150 118
959 741
931 685
792 989
469 831
852 132
131 859
732 490
300 404
844 926
644 812
731 327
874 855
844 368
507 856
303 510
866 40
414 17
386 88
527 896
532 374
116 196
543 144
148 686
743 728
400 992
385 500
373 46
689 378
154 782
869 316
512 326
625 277
648 719
958 501
335 688
92 191
333 114
583 498
340 143
561 454
533 641
48 221
659 297
599 141
919 299
376 439
182 455
165 926
442 834
370 730
461 616
