145 1
444 956
569 665
673 545
806 197
434 945
290 854
630 917
112 175
285 319
943 477
252 877
306 331
669 605
684 242
772 595
127 946
139 715
717 357
155 161
564 466
17 421
615 732
392 205
485 287
537 943
601 555
29 558
724 980
584 348
221 499
833 105
217 429
834 611
765 836
488 304
284 323
168 246
423 221
588 708
473 837
940 878
242 908
606 893
793 325
828 481
753 288
258 549
840 923
398 382
56 471
898 216
760 310
669 419
948 890
85 411
209 223
781 13
295 356
859 554
107 825
263 366
304 275
305 638
947 749
317 923
611 183
794 267
614 823
405 772
799 307
175 924
961 976
658 950
93 915
125 983
895 265
875 200
908 910
583 607
899 398
952 844
726 28
997 87
28 5
986 639
743 368
631 138
801 729
621 515
605 376
829 391
559 879
631 222
688 465
705 678
392 349
705 557
273 665
564 427
642 696
165 682
407 453
936 913
113 875
730 20
711 346
672 754
826 21
204 587
449 459
334 786
519 421
546 309
995 641
720 782
619 929
688 907
28 688
82 371
138 219
358 218
561 721
638 948
317 907
124 937
67 370
369 298
353 616
269 713
24 88
92 229
200 301
275 124
153 421
592 768
556 898
609 268
17 389
473 927
702 430
140 655
96 64
531 805
227 842
15 534
