190 1
137 915
630 627
333 898
748 984
33 119
833 226
618 8
777 872
739 316
279 578
556 633
673 120
456 408
852 585
618 718
964 60
400 3
782 358
803 659
314 197
505 99
139 228
503 361
50 541
17 595
878 508
771 985
405 956
781 395
574 924
177 874
434 839
566 173
481 861
627 842
906 804
754 499
331 325
531 470
571 664
539 130
914 538
960 267
826 963
642 559
895 474
150 541
462 53
646 903
303 112
696 433
915 680
346 12
590 558
432 453
161 18
203 157
506 198
894 475
141 627
266 719
515 386
694 589
353 853
139 978
739 755
454 974
16 595
839 718
777 602
87 388
134 29
53 451
320 151
400 86
869 211
652 22
195 989
258 542
469 648
330 875
460 993
570 586
239 208
363 946
78 119
134 753
774 77
266 924
632 404
200 458
865 908
22 807
734 772
955 371
940 140
760 534
174 937
596 72
78 156
22 637
143 565
527 344
737 82
843 575
434 149
283 437
256 118
680 272
786 800
384 4
858 150
617 765
61 655
502 659
369 135
994 860
175 206
312 13
657 182
429 19
268 570
987 716
845 315
607 634
566 148
206 153
20 555
115 578
716 342
832 252
205 383
169 203
323 459
968 183
449 919
340 635
612 156
113 969
577 812
566 990
317 311
420 755
63 207
915 533
224 560
199 628
24 572
399 697
736 528
844 249
118 539
257 79
23 645
216 384
239 250
135 945
85 835
183 107
208 886
679 740
906 525
359 944
115 195
839 538
924 155
22 122
810 859
838 82
706 305
640 120
298 259
645 8
950 5
981 489
543 881
867 990
167 726
168 225
731 635
7 176
722 701
760 38
807 767
856 474
551 370
60 338
283 917
80 79
522 526
