127 1
710 329
792 495
277 701
194 692
849 483
254 576
861 32
320 844
191 789
109 942
82 171
268 522
394 386
580 641
646 952
448 527
234 767
133 715
342 118
39 121
337 787
66 504
928 500
846 230
553 794
990 393
384 918
822 969
119 730
882 830
72 1
877 507
669 140
293 877
640 400
276 50
677 74
617 499
785 775
998 533
117 697
276 575
219 444
416 373
530 487
864 643
500 774
988 339
649 398
524 5
4 906
473 980
700 933
193 775
205 256
404 493
256 73
465 153
891 551
629 504
88 267
376 584
754 354
299 704
970 302
506 931
156 90
34 137
217 601
402 718
260 633
495 873
82 828
998 124
759 113
961 627
241 111
472 342
523 994
674 540
575 147
617 570
266 890
485 894
619 71
858 623
132 118
396 98
150 832
479 201
493 217
90 390
376 998
821 460
952 394
178 512
213 56
541 560
449 326
547 514
653 218
303 823
869 90
592 867
524 665
983 852
488 80
305 447
940 843
9 908
865 835
716 800
20 282
308 512
203 689
752 172
454 924
612 715
238 837
168 160
820 368
444 90
560 9
664 151
6 400
130 594
359 793
