175 1
501 237
263 595
799 263
45 441
369 903
178 28
279 224
262 339
58 124
315 489
74 134
191 546
62 748
748 571
22 628
766 8
363 325
204 339
90 445
26 647
785 581
801 336
623 333
623 10
10 50
494 706
310 18
538 421
401 376
706 647
660 977
348 800
524 204
3 926
523 380
45 834
763 115
45 103
44 368
397 801
152 589
815 795
925 754
952 674
955 156
892 316
9 908
504 538
726 706
248 530
259 905
21 983
168 470
915 346
587 807
239 87
628 428
413 935
63 512
890 944
433 108
699 875
448 625
125 387
884 444
23 374
755 348
641 634
115 508
873 745
535 892
332 132
603 501
721 579
58 457
544 776
317 747
7 878
152 24
151 761
596 58
362 81
339 658
779 332
64 802
604 185
577 279
752 277
146 722
740 366
344 216
255 569
438 517
932 719
132 758
483 683
283 630
472 238
958 265
216 69
285 170
566 745
958 510
397 408
785 634
197 857
369 822
501 18
982 612
222 110
669 372
858 376
470 367
683 634
125 334
864 239
961 288
129 472
842 670
494 750
466 767
166 205
749 978
137 31
71 7
740 11
272 637
260 824
120 240
366 526
646 621
897 149
112 22
12 633
498 359
430 89
58 649
850 436
585 48
807 321
777 381
565 997
805 449
495 147
511 719
786 336
740 407
97 357
409 475
667 878
553 95
237 202
234 508
625 97
22 365
636 795
946 242
625 948
410 693
64 103
935 124
607 741
552 846
906 203
69 404
576 177
663 397
799 678
610 405
121 305
193 14
323 371
14 418
729 724
703 150
