176 1
667 338
508 112
657 98
107 186
822 304
596 197
665 122
783 191
136 281
590 435
101 419
644 213
178 296
87 971
699 25
46 62
561 934
287 339
684 69
714 179
770 193
338 410
696 520
233 790
777 955
308 846
796 243
154 899
402 152
168 548
460 213
948 352
978 696
240 920
36 776
475 154
26 55
65 526
917 425
975 534
61 715
989 69
975 144
427 788
200 473
737 269
604 488
286 125
989 927
78 515
572 711
434 909
43 929
109 24
497 183
58 215
999 883
916 509
788 63
911 369
133 213
977 831
376 79
575 857
126 372
14 661
5 429
905 324
264 9
744 335
530 595
683 418
800 798
180 872
449 593
497 96
649 470
321 827
618 853
769 998
613 693
979 976
210 151
615 29
65 533
584 755
484 823
246 210
885 702
991 814
622 418
839 521
349 150
553 793
474 401
159 875
892 890
230 681
284 292
134 679
60 33
124 631
665 246
292 440
369 642
328 370
9 88
921 407
609 155
647 582
902 826
513 2
212 219
358 288
570 213
729 372
403 362
828 961
119 511
151 106
548 317
131 431
350 802
921 278
240 143
799 28
452 776
964 675
411 522
254 458
129 887
127 501
453 795
489 144
406 854
138 397
76 132
8 138
28 592
317 216
80 175
185 557
233 262
604 595
474 993
242 355
282 279
541 17
662 753
620 290
817 653
718 924
201 213
76 509
151 867
778 536
277 58
763 878
983 361
493 849
109 428
736 200
650 709
800 894
322 562
805 448
547 802
531 567
160 978
663 538
168 167
654 484
615 186
191 638
748 353
386 417
