151 1
681 736
91 460
651 702
106 212
214 753
12 400
490 317
277 133
530 958
597 353
637 834
992 631
930 500
597 61
424 529
297 3
328 648
790 688
119 759
911 8
766 670
11 147
837 653
860 152
28 773
652 671
174 673
788 810
448 423
529 654
725 898
945 632
564 269
133 750
521 290
938 862
319 276
735 351
459 462
873 645
739 794
435 907
638 79
681 893
752 198
432 237
982 197
510 66
837 266
354 140
386 748
104 295
156 266
775 581
184 394
478 644
153 233
293 333
394 578
978 253
909 839
832 744
906 847
911 211
312 624
183 501
416 718
384 39
375 275
580 228
970 140
65 819
616 78
658 138
66 675
330 439
373 7
761 540
646 121
198 716
966 534
714 2
876 659
92 729
394 557
492 712
188 853
399 322
294 574
790 88
813 978
851 825
251 758
665 412
320 751
55 743
317 875
62 578
165 160
226 648
931 373
679 44
823 242
854 737
237 410
155 190
65 981
859 216
84 112
292 716
963 172
25 611
957 540
159 258
393 14
894 126
661 174
817 387
246 250
15 36
686 119
38 500
299 765
388 358
966 157
424 689
336 613
987 698
840 294
493 653
212 917
297 245
900 321
574 344
308 515
553 842
653 531
277 545
84 680
214 666
463 754
737 279
786 269
892 684
631 889
310 798
448 185
983 63
407 134
587 949
425 52
