109 1
163 904
829 221
650 753
678 463
327 734
586 573
551 699
24 636
305 1
837 120
219 98
589 678
68 873
116 878
979 251
455 111
492 29
494 41
513 727
731 940
549 998
954 753
878 502
358 110
200 713
103 34
240 58
774 196
435 948
625 497
679 406
184 455
40 11
73 31
674 293
388 837
530 83
818 460
72 168
298 359
802 875
966 495
663 886
117 342
974 857
607 74
306 511
33 865
272 465
444 485
133 757
463 991
84 711
726 582
84 544
835 934
911 191
180 173
980 351
715 623
978 913
149 264
451 202
538 77
13 787
95 876
672 196
986 981
478 393
741 491
301 71
330 659
623 621
848 3
638 461
704 100
199 846
652 866
597 877
679 991
630 166
700 938
477 388
107 798
790 464
471 842
41 440
58 999
273 168
18 846
95 318
267 618
899 198
568 589
898 667
638 455
643 697
497 180
74 252
977 182
302 561
918 605
777 635
384 542
231 842
771 232
453 735
842 240
525 896
