102 1
761 889
388 622
864 174
790 621
441 979
242 76
863 220
513 985
310 101
317 211
724 770
384 788
765 885
982 703
89 35
701 217
367 738
668 993
139 551
236 663
259 735
24 663
23 257
376 436
145 187
189 969
709 312
589 206
605 597
581 125
309 102
821 404
537 269
486 830
761 229
587 209
40 863
706 269
673 41
634 916
231 818
934 86
444 922
354 578
468 779
741 716
682 810
574 122
939 431
280 930
312 720
348 504
403 242
364 550
173 567
498 378
886 328
189 798
744 428
311 535
404 686
954 738
307 857
509 868
585 424
357 311
90 410
105 912
10 664
482 431
234 987
640 304
393 486
879 927
80 494
888 531
235 304
285 784
185 432
550 453
507 319
508 60
839 682
605 852
116 834
628 578
410 130
179 308
94 666
985 403
488 155
464 386
466 718
74 497
887 394
538 111
200 820
97 94
32 926
210 649
606 340
628 112
