139 1
713 320
97 237
321 468
657 453
514 420
406 246
184 141
628 504
985 693
856 492
373 942
677 491
944 935
855 295
548 299
928 262
817 841
294 118
116 436
356 129
504 422
714 491
709 101
345 555
473 560
611 405
983 45
417 400
765 547
469 520
963 823
44 860
341 303
15 15
956 911
236 879
564 639
508 785
574 988
681 924
238 208
704 42
970 940
337 848
273 255
303 408
172 819
166 522
277 823
339 134
587 538
905 942
205 100
384 996
489 857
826 100
430 680
157 15
946 716
85 104
47 28
331 65
635 925
401 895
613 728
604 304
824 204
869 344
830 181
948 279
230 987
929 432
321 804
418 896
248 468
455 128
278 691
653 106
306 669
70 980
301 309
535 148
96 490
439 983
618 596
404 697
228 266
804 726
275 906
856 457
527 525
480 987
447 531
485 595
358 494
616 280
830 224
435 572
3 72
775 551
225 228
665 269
885 41
126 854
221 373
868 98
871 363
606 907
123 855
390 680
228 17
406 222
285 834
277 775
913 376
526 92
813 75
684 960
511 483
696 27
247 75
297 79
909 881
192 894
413 244
807 843
201 64
330 347
726 629
93 754
477 480
404 435
836 539
804 225
491 275
556 826
27 441
181 310
530 568
