131 1
841 619
126 871
162 253
197 979
262 352
779 126
661 198
416 551
708 587
613 48
585 230
574 41
763 132
831 260
210 484
427 674
218 198
430 529
793 788
807 322
285 359
46 921
622 635
806 182
423 712
49 658
259 995
692 651
95 895
886 498
449 290
219 378
839 8
41 194
22 134
87 572
39 287
591 369
839 168
73 293
767 534
643 201
129 601
336 930
677 756
148 468
312 654
428 991
674 67
734 412
194 27
609 219
400 188
460 56
857 549
379 743
782 308
125 977
595 223
605 427
486 653
519 677
331 376
547 615
545 322
352 832
762 449
112 249
275 937
618 100
312 331
896 867
65 102
295 686
548 97
133 175
452 605
311 808
615 350
837 10
957 529
77 786
132 365
713 772
641 750
46 583
847 62
82 917
916 325
77 936
941 745
5 520
547 87
39 706
525 774
234 22
51 73
235 164
506 453
19 55
102 948
739 310
905 366
24 100
58 635
315 319
923 859
515 477
854 14
983 958
446 504
970 11
602 771
637 938
991 175
432 356
935 677
634 542
580 13
937 889
400 427
553 979
352 115
842 827
216 964
109 39
8 794
363 473
220 819
276 943
966 484
