162 1
910 693
904 325
796 135
763 382
219 121
909 772
73 892
598 982
423 760
311 368
443 611
607 949
651 725
444 303
745 680
429 216
327 976
719 595
835 402
270 427
628 855
897 747
781 255
425 466
545 985
648 754
807 380
720 371
11 875
261 886
664 178
940 429
233 957
909 749
74 973
113 690
995 948
16 343
246 984
662 774
925 235
126 626
641 247
94 515
165 255
555 651
25 300
643 7
554 586
379 518
180 807
777 80
650 907
973 546
387 690
798 234
683 125
108 125
175 666
318 646
499 992
292 488
915 945
124 351
514 884
499 994
385 179
383 20
473 540
131 157
717 555
17 485
641 343
354 6
427 958
746 344
957 650
568 662
898 361
900 884
364 298
711 683
980 225
128 224
361 419
195 251
118 549
228 945
20 819
792 346
587 213
517 643
196 673
641 404
358 144
805 741
460 280
866 247
833 232
568 796
63 393
469 870
226 51
987 221
450 780
653 338
220 928
912 491
377 252
605 917
212 399
500 781
597 667
887 80
441 600
22 152
413 2
594 953
925 11
77 928
864 99
385 95
276 132
799 866
872 952
270 177
191 531
341 52
487 528
696 534
239 916
538 805
472 313
392 459
880 608
665 311
324 81
999 103
8 127
866 906
748 478
855 56
396 32
572 512
122 599
261 238
125 176
289 849
234 954
380 965
825 152
633 590
712 950
630 597
778 701
409 885
190 227
37 495
419 66
312 869
527 926
71 166
