181 1
852 416
102 630
915 968
965 995
307 155
656 738
825 751
118 649
199 804
26 324
836 131
420 709
843 465
54 380
296 765
601 439
42 974
625 317
33 948
751 775
722 418
117 584
102 136
981 509
829 347
777 983
489 869
574 917
574 885
776 370
843 921
242 507
146 915
798 228
338 925
481 543
35 905
995 808
767 211
821 375
672 908
923 764
720 543
517 8
33 328
628 783
416 535
980 359
367 470
250 86
559 616
527 908
67 189
684 840
751 496
98 103
95 614
922 724
706 923
230 601
716 695
247 451
829 660
131 296
98 965
670 290
327 829
354 835
876 162
843 510
453 794
580 108
944 566
854 368
177 712
560 501
890 537
599 726
230 383
479 221
650 772
648 247
546 159
101 656
902 328
933 516
83 59
326 350
750 633
451 698
522 730
471 421
741 383
355 435
730 448
218 271
837 115
969 626
385 21
986 504
893 478
351 322
366 287
424 669
189 322
390 274
358 505
576 395
710 57
762 840
944 30
681 254
473 199
912 122
27 667
185 624
113 594
864 890
843 558
529 660
114 265
878 23
639 758
74 659
260 333
622 376
67 309
987 88
299 512
733 555
963 338
115 576
396 224
93 609
598 288
153 65
87 619
487 508
543 577
658 981
292 695
995 94
168 614
989 714
202 590
953 302
586 7
794 675
238 295
442 741
283 998
466 784
890 143
42 22
505 589
618 315
971 534
791 692
211 592
941 692
275 203
313 870
427 642
99 612
967 90
916 898
251 925
989 358
261 413
747 400
218 36
546 364
365 270
740 130
501 608
104 979
457 189
503 910
792 165
513 905
262 512
