1000 1000
948 813
939 673
897 761
961 58
927 381
64 678
145 362
936 844
371 241
479 263
220 992
883 448
286 767
194 85
950 261
528 177
241 491
36 268
5 592
838 721
875 787
436 737
283 380
784 93
725 339
735 929
177 419
252 220
239 728
723 511
966 872
840 783
606 78
382 429
194 641
179 801
336 1
328 189
642 592
904 874
902 929
805 683
19 56
84 204
904 899
623 443
903 809
227 459
451 962
105 955
550 80
299 103
99 146
896 191
511 921
847 789
573 822
834 280
807 405
553 70
498 355
198 904
97 21
313 251
315 202
287 284
961 716
656 258
984 508
156 361
987 186
221 530
277 773
957 245
583 164
53 853
818 962
333 773
994 989
599 24
583 215
594 802
581 596
354 190
871 503
769 329
450 280
165 194
945 952
106 80
666 198
121 748
154 577
671 303
788 330
153 453
914 787
389 908
610 726
882 123
626 630
441 585
947 787
364 991
105 660
40 938
212 473
201 559
641 190
227 701
595 814
915 927
5 505
985 926
132 969
837 108
912 358
838 297
392 946
782 334
346 106
381 936
81 734
301 411
504 70
626 155
449 312
715 854
793 809
293 846
86 741
233 649
479 780
208 96
168 706
239 973
57 217
377 411
139 976
633 290
681 767
944 260
794 606
876 450
271 875
917 12
895 427
430 729
169 479
135 980
754 590
97 985
790 232
205 507
319 508
539 22
169 833
178 939
247 609
767 716
697 384
564 621
436 165
541 5
11 888
232 501
84 552
901 122
89 949
300 304
143 177
369 885
87 345
99 595
361 377
190 384
127 549
164 141
460 514
101 726
683 771
849 835
756 332
618 90
170 108
208 641
596 761
533 739
593 501
854 954
439 934
386 512
722 859
51 265
304 7
825 212
222 416
348 265
236 677
985 357
819 437
191 10
616 861
883 742
25 817
583 491
662 10
390 557
744 496
889 96
945 662
360 170
152 102
554 729
103 886
693 548
376 643
294 984
316 947
22 740
946 1
31 36
315 982
363 647
409 359
119 942
886 955
463 225
701 841
701 729
704 819
252 347
341 221
789 26
880 555
211 452
118 166
330 332
416 104
56 864
269 598
916 656
394 993
59 319
792 363
344 400
751 553
356 430
784 495
324 904
637 386
200 239
835 776
604 681
436 872
974 6
88 722
718 557
493 334
11 989
60 275
101 260
93 614
130 590
757 574
965 385
640 868
84 920
118 219
846 162
800 175
994 590
477 154
111 543
149 567
274 271
475 229
52 732
137 336
196 224
73 802
971 438
865 163
527 84
794 609
562 694
542 533
556 635
706 427
394 41
311 310
56 677
926 728
854 59
705 53
560 901
715 500
159 434
58 897
293 536
679 733
662 623
941 192
476 914
684 248
801 239
979 467
563 607
860 418
368 696
155 185
388 6
194 238
255 134
832 900
327 21
317 239
858 427
41 107
27 193
621 945
126 124
151 645
806 425
544 209
276 136
350 198
853 425
71 787
544 79
503 636
303 125
91 556
162 365
562 31
294 533
908 355
691 901
133 369
768 644
266 784
455 583
396 743
11 686
973 662
509 667
289 716
240 281
451 590
336 971
905 990
666 655
113 600
885 204
428 841
753 980
879 393
141 558
393 651
706 555
625 121
609 494
327 649
990 61
126 145
742 632
494 767
749 211
887 909
869 506
700 973
692 493
37 757
213 864
600 344
523 202
295 73
910 40
781 655
832 887
621 638
721 799
819 327
409 655
248 225
114 12
245 555
476 552
343 114
523 989
348 355
5 778
680 949
659 511
852 883
20 808
227 456
635 242
581 818
950 95
618 439
363 696
158 528
146 874
733 110
817 273
850 443
197 538
794 591
652 56
78 926
270 395
424 741
326 810
332 995
798 820
704 671
979 239
854 910
20 788
321 687
903 369
330 630
424 369
580 610
846 510
558 523
501 843
720 932
402 327
172 576
736 859
650 776
371 814
897 289
573 276
197 610
388 462
818 511
230 227
615 849
660 939
858 970
430 955
860 200
318 529
248 18
487 404
183 254
566 943
365 881
369 575
279 9
306 384
434 724
976 111
395 523
70 242
247 210
501 457
741 574
261 461
2 361
626 726
433 524
450 399
525 912
957 343
745 673
77 24
788 602
70 777
336 247
39 321
470 292
858 797
705 521
857 311
106 999
607 201
916 900
287 602
427 221
179 500
888 312
141 49
100 638
12 623
438 448
731 371
925 692
434 179
955 951
94 942
164 2
860 847
945 437
538 341
988 905
184 977
10 6
780 497
780 715
217 820
482 447
94 81
867 175
78 373
710 863
570 678
321 476
818 943
685 98
495 873
401 244
707 816
782 348
747 816
437 810
558 871
301 339
395 960
421 46
545 432
160 576
247 44
702 973
237 302
747 848
651 9
38 336
571 738
806 287
841 295
532 776
798 5
702 536
495 41
34 550
552 106
357 575
708 926
399 707
610 413
500 397
113 902
59 241
37 190
772 440
345 131
20 835
757 972
501 773
823 79
155 633
519 306
564 275
161 49
794 263
984 496
428 791
254 879
3 541
43 77
331 481
993 350
192 507
802 436
12 347
473 150
864 547
690 207
905 923
316 434
659 166
64 254
46 994
55 143
506 41
425 248
784 971
397 39
142 441
235 80
849 137
476 899
582 576
148 161
365 501
610 764
59 249
320 825
473 17
904 198
3 53
15 458
441 521
759 790
934 497
208 371
720 92
435 3
446 823
364 73
936 836
695 778
341 894
377 627
827 128
735 234
394 773
427 789
40 206
368 771
265 397
867 573
712 415
454 398
630 856
136 133
204 548
13 991
18 317
813 845
468 86
854 866
636 217
850 757
717 887
224 706
152 262
861 748
125 40
540 20
134 561
874 60
607 641
950 729
389 211
135 274
604 134
468 415
531 626
970 529
19 568
848 573
538 934
421 311
983 184
461 526
38 882
746 96
552 320
84 838
701 767
822 721
215 305
525 730
367 282
992 66
197 685
119 615
837 147
44 456
774 936
75 935
194 184
570 108
698 725
918 649
64 793
169 346
627 603
305 413
764 897
929 140
708 461
914 4
126 355
774 2
235 747
223 450
936 309
755 247
196 944
355 183
754 703
725 367
44 114
849 399
92 981
601 780
879 680
683 966
912 797
412 582
205 938
10 467
771 895
839 622
813 978
631 76
400 745
564 447
579 732
172 972
806 416
255 744
493 492
54 455
947 184
864 461
187 582
794 589
277 454
261 669
410 98
896 29
946 518
782 200
448 332
104 113
783 378
246 350
964 535
354 900
875 916
780 420
937 414
382 691
792 297
843 933
599 300
77 134
797 218
700 902
602 439
390 430
851 194
193 565
564 906
997 13
894 919
384 469
788 936
722 376
701 136
360 729
165 991
20 708
863 304
496 402
650 589
381 55
493 135
545 439
966 339
34 297
68 945
586 683
176 750
194 398
309 663
783 878
123 233
426 159
371 409
110 468
425 540
643 118
455 224
760 145
302 879
392 100
28 325
190 175
878 415
319 49
409 818
157 122
656 72
930 573
273 404
812 627
84 964
425 960
435 988
241 726
987 510
925 87
369 472
547 357
449 626
405 972
379 736
853 946
423 887
460 436
565 726
301 206
809 292
628 777
260 180
521 935
534 562
575 745
948 889
921 431
633 309
848 926
708 758
157 101
193 920
257 308
325 618
194 508
820 849
270 563
320 585
767 309
722 105
510 999
201 393
478 246
507 237
576 504
618 596
128 514
912 70
374 556
887 30
205 343
962 688
332 378
729 461
611 773
257 664
363 685
691 356
681 797
949 1
606 325
599 200
857 791
418 767
113 522
693 777
962 656
727 637
976 157
341 925
106 582
645 424
445 891
508 919
548 770
783 553
178 953
864 82
892 627
12 542
208 106
518 106
831 234
711 987
560 62
388 812
380 701
894 605
914 164
472 146
190 327
282 660
533 529
611 890
944 892
289 755
780 120
187 577
310 601
397 31
78 430
340 676
166 967
842 330
811 763
207 8
25 837
44 331
109 732
474 941
69 157
699 516
280 139
413 210
574 584
152 156
778 895
320 657
84 705
369 331
919 526
252 615
78 891
377 81
919 240
48 199
509 892
602 825
967 99
817 402
234 582
314 850
924 200
956 227
323 656
140 447
532 995
559 121
901 440
579 75
550 590
272 626
917 330
856 610
138 109
586 698
179 190
278 886
659 783
143 325
550 623
311 451
550 471
430 169
762 499
379 619
150 821
762 418
697 149
907 894
947 341
64 259
86 864
817 430
559 144
987 843
699 655
50 105
964 515
251 648
213 129
203 319
681 514
339 954
328 501
753 210
665 76
301 14
267 601
425 432
63 558
995 81
78 925
462 984
284 867
780 314
137 147
34 321
6 240
265 422
832 516
928 150
872 712
168 341
83 230
441 450
312 513
505 112
804 822
185 319
479 278
156 248
473 568
682 633
144 301
712 441
343 662
648 690
625 934
270 765
965 463
197 265
870 683
208 679
870 26
572 746
117 819
507 518
326 426
