1000 6000
136 325
161 37
619 39
233 907
985 177
305 267
18 726
60 359
603 976
451 127
302 54
725 968
353 314
41 20
78 809
641 756
355 988
409 478
861 655
367 123
225 586
813 998
601 783
158 953
877 123
356 126
499 269
958 325
991 355
889 248
533 710
250 421
681 297
56 567
110 138
628 367
954 349
643 70
753 66
377 85
435 333
855 590
151 74
274 771
974 540
918 15
310 442
501 172
883 553
394 864
672 571
243 238
482 618
541 453
455 221
858 644
512 61
253 342
512 165
98 47
990 114
257 420
797 944
450 753
481 455
518 671
945 270
114 998
914 946
992 399
831 212
704 225
274 916
811 350
865 364
833 302
376 917
704 27
701 744
792 506
196 714
137 231
335 80
423 596
847 506
974 296
741 836
291 443
933 376
219 669
71 240
98 328
715 91
872 488
269 548
197 620
258 231
30 658
1 84
447 807
42 977
667 270
202 979
602 73
152 152
713 392
572 718
947 288
271 345
236 396
500 116
773 483
443 285
871 976
632 824
113 567
826 86
860 496
162 346
579 275
210 317
714 115
99 315
394 354
227 44
199 253
846 89
830 248
731 281
627 760
919 547
566 716
836 726
675 700
78 68
831 396
409 594
730 245
42 498
299 711
940 656
821 572
556 265
947 390
229 322
704 978
401 756
768 648
333 178
843 128
539 187
559 49
868 796
899 115
274 901
955 6
855 372
73 92
429 863
543 289
443 54
818 757
816 587
884 442
820 923
51 266
52 643
532 743
968 47
569 115
94 192
244 649
157 908
945 653
821 898
813 480
196 814
141 464
386 479
895 892
129 625
360 618
907 804
352 659
622 147
251 534
58 356
949 439
916 449
394 418
276 474
437 427
519 71
538 436
632 228
119 605
110 416
574 24
867 406
773 908
526 162
271 835
510 890
358 706
142 691
811 90
582 771
40 800
94 215
432 58
621 876
936 51
530 869
367 505
157 35
468 801
355 617
380 739
280 706
423 75
639 380
845 195
773 566
411 139
488 322
225 854
776 585
749 834
860 319
952 769
253 933
448 168
341 336
706 616
565 794
378 106
899 976
907 362
393 811
890 355
469 662
43 789
757 409
575 42
779 940
282 644
912 276
105 213
772 735
577 156
186 8
452 696
825 820
313 401
125 307
466 471
491 937
606 735
209 436
809 516
811 319
374 768
215 872
987 829
564 701
609 509
60 690
791 317
464 600
691 423
849 277
894 89
838 211
944 553
844 306
221 224
332 755
198 940
672 969
113 848
592 633
327 696
690 145
548 132
467 450
387 639
451 457
721 364
927 463
10 284
817 343
314 597
879 620
414 178
720 752
370 6
888 270
64 775
545 957
433 729
162 895
484 760
364 566
770 634
460 890
719 131
410 284
321 396
943 761
69 694
142 358
658 922
311 949
392 127
616 707
142 79
223 222
189 713
332 552
533 228
612 312
765 783
459 821
698 638
926 726
482 641
582 769
66 883
722 516
862 763
373 616
659 70
451 993
14 157
869 356
90 90
895 303
687 752
776 950
476 505
214 194
562 734
520 895
98 605
879 430
71 736
391 359
559 221
87 982
670 126
852 768
312 408
9 455
285 463
83 634
914 907
66 12
848 933
961 998
703 227
864 464
46 336
666 76
835 665
917 54
280 799
926 46
204 20
978 491
294 330
811 201
354 921
808 252
403 304
918 967
254 733
610 32
518 203
563 277
549 202
520 898
477 560
748 56
51 157
373 790
268 113
582 887
868 849
411 980
210 614
846 440
783 975
353 46
502 656
302 948
204 22
411 373
107 277
231 191
733 255
644 870
223 452
584 444
781 233
141 875
921 416
806 198
985 226
841 154
959 258
862 854
355 234
404 220
868 897
223 89
770 905
798 259
682 744
5 720
614 281
700 372
432 166
562 738
42 462
542 44
91 37
247 203
373 81
531 426
714 434
338 769
809 802
793 791
12 828
1 898
881 7
155 301
242 25
430 673
27 197
549 564
521 636
493 716
558 105
532 332
617 542
692 714
17 671
864 356
285 358
390 314
228 937
832 225
548 922
371 680
496 193
350 817
768 892
375 79
33 129
137 727
252 640
563 996
431 558
180 815
776 979
201 843
275 956
747 954
986 221
441 483
54 363
884 575
154 568
290 329
760 638
861 323
285 291
880 424
779 555
450 532
225 826
50 660
47 775
458 883
192 284
566 473
715 817
252 918
947 54
880 733
569 642
939 529
346 582
342 681
692 656
150 891
778 177
938 481
684 916
919 920
505 314
550 901
593 214
695 579
1 458
423 652
532 412
788 227
344 186
421 71
815 426
301 918
396 254
701 507
472 769
885 981
130 702
17 689
24 116
450 788
879 361
652 784
282 703
239 461
825 963
915 226
140 389
353 15
25 430
480 943
431 520
771 660
906 601
92 839
452 973
202 795
86 549
673 483
949 786
933 845
210 515
168 594
378 739
22 78
181 559
276 797
345 61
724 890
859 121
195 658
82 657
540 250
22 743
26 188
452 184
731 96
556 764
380 803
24 767
81 465
389 399
610 700
937 174
511 504
474 821
561 600
968 558
479 248
965 724
860 833
834 170
33 377
842 52
375 431
614 240
202 564
129 510
60 798
783 330
975 428
846 713
167 265
206 769
113 280
654 172
228 933
824 115
994 375
571 414
830 277
822 22
440 212
757 88
427 769
139 553
907 747
463 659
355 943
817 52
793 679
513 808
416 406
18 689
525 319
513 996
136 221
217 764
536 183
713 474
536 243
855 368
191 220
486 591
343 874
301 470
58 901
659 905
879 627
48 928
177 602
998 977
984 897
622 629
571 761
493 106
200 27
389 373
777 893
42 763
843 68
874 639
6 5
761 143
616 485
313 839
474 734
217 134
417 540
545 627
339 978
604 412
363 440
936 7
937 522
721 177
542 106
653 786
401 631
423 155
783 287
139 385
307 22
749 791
902 919
260 674
489 394
731 982
799 444
821 145
704 523
572 56
867 951
567 111
845 334
255 914
225 381
560 664
716 847
712 293
794 607
756 79
442 276
469 88
529 527
778 404
581 518
947 273
82 529
35 295
938 126
802 590
751 814
228 677
8 197
593 318
154 968
725 440
793 55
616 536
835 120
26 266
665 758
342 530
217 590
69 74
476 806
188 78
868 157
959 511
549 515
618 624
242 120
668 876
53 62
614 404
573 257
380 822
660 525
680 455
618 645
441 133
565 51
111 364
982 926
307 968
729 212
865 773
760 691
556 710
294 144
507 749
113 708
585 838
407 327
704 687
938 84
683 202
141 258
245 524
272 87
701 291
660 136
763 541
572 434
531 760
676 265
566 295
916 961
114 575
736 44
108 808
337 407
446 498
457 124
164 5
477 602
38 958
873 173
56 988
69 910
447 372
355 161
879 178
184 11
781 741
692 936
338 44
581 379
527 337
318 121
949 603
837 652
455 804
840 449
42 136
655 791
85 214
999 16
856 173
200 427
707 796
646 450
769 713
434 118
261 182
842 971
653 488
374 37
458 597
433 17
655 510
927 38
862 115
519 824
804 411
71 567
114 464
129 731
478 239
201 227
19 697
254 341
849 847
349 175
502 499
290 491
848 205
304 417
79 318
907 935
590 850
576 914
89 213
630 415
555 382
265 704
483 962
164 228
43 520
876 79
216 352
227 941
495 364
356 249
814 23
203 80
335 176
615 306
61 473
264 726
53 791
196 76
283 312
650 950
452 315
544 880
819 645
626 362
91 443
492 673
107 715
187 703
266 554
732 685
369 413
368 368
333 110
405 874
417 392
490 873
619 844
376 5
441 638
823 260
85 321
489 65
689 335
758 142
604 94
331 865
151 360
395 963
294 121
555 877
860 678
187 789
302 546
274 786
886 808
449 212
6 376
769 852
684 356
431 331
830 683
833 185
756 834
431 617
862 809
383 121
645 467
165 434
871 824
225 161
155 612
294 132
335 144
45 707
905 285
677 200
829 895
134 966
202 962
174 52
665 410
787 583
45 239
707 409
223 200
882 462
781 457
363 189
700 544
590 82
765 837
295 25
746 708
682 817
607 524
794 547
80 42
428 707
998 330
717 784
618 205
326 543
678 62
575 22
332 878
736 521
839 381
795 814
173 147
353 992
450 117
647 445
879 952
523 71
149 800
289 914
629 736
165 869
489 558
536 979
612 738
268 586
388 459
323 752
810 112
335 590
504 583
803 277
802 195
589 953
217 685
77 576
276 590
562 409
626 887
391 359
28 931
714 181
628 988
495 644
550 452
515 339
666 465
817 43
384 752
530 663
197 30
938 363
6 23
656 420
846 526
929 635
670 648
145 252
719 65
240 111
547 78
844 552
383 23
82 285
185 406
268 145
293 731
390 745
649 798
197 958
730 169
451 989
354 369
655 263
183 455
551 394
947 673
528 260
998 895
207 273
918 812
99 426
444 174
311 742
125 289
157 543
830 597
340 986
751 925
408 921
244 610
952 404
664 491
210 368
946 819
765 586
881 174
477 877
641 516
