1500 97209
838 384
604 705
700 157
431 487
691 293
559 40
4 883
722 894
544 237
112 703
31 443
640 912
78 501
409 529
898 303
213 697
327 315
737 754
401 755
133 43
616 969
946 344
203 219
338 734
715 765
402 294
500 738
526 139
367 336
676 559
36 515
95 116
593 669
635 684
791 885
514 407
255 269
573 626
99 520
573 396
586 980
870 655
986 733
76 595
594 74
846 990
226 794
338 429
996 533
609 743
471 288
682 619
851 813
425 802
442 318
84 990
248 905
652 734
119 846
450 132
279 568
170 940
436 786
226 705
945 885
308 785
998 171
838 473
40 383
433 519
579 491
466 973
574 891
654 300
438 320
73 978
8 96
394 295
690 49
804 884
940 929
476 475
147 346
157 213
864 874
560 235
372 286
935 867
712 326
573 837
725 873
746 313
920 27
229 570
441 177
618 715
199 585
387 296
623 374
390 32
346 385
95 852
282 580
569 139
853 373
979 625
112 195
845 912
145 204
185 720
31 541
76 637
136 801
3 731
510 197
868 661
958 490
767 130
80 149
265 364
207 761
200 452
357 709
374 147
859 593
502 290
682 257
899 399
675 563
94 477
351 580
475 190
650 767
706 247
552 32
309 364
403 685
762 912
803 17
952 894
836 509
730 592
123 921
4 138
920 681
734 710
962 906
893 646
237 906
932 493
642 562
372 507
286 899
607 188
96 836
131 502
716 656
284 124
99 694
992 385
752 314
680 307
188 152
185 848
263 56
389 811
782 60
373 266
708 209
173 892
6 939
499 680
77 107
911 897
835 431
970 376
175 2
232 877
618 418
56 188
142 391
217 528
845 357
79 279
177 982
860 795
196 212
199 352
182 347
751 24
120 403
88 170
614 794
952 929
605 525
101 943
220 870
866 682
253 479
840 772
631 40
317 233
701 304
668 132
918 547
716 284
365 716
387 182
547 664
909 497
267 413
854 142
316 463
872 411
708 744
190 922
81 789
921 325
399 413
432 944
490 356
60 573
487 48
671 96
879 482
244 70
264 119
742 618
7 45
43 342
268 101
999 573
781 184
657 432
412 199
817 519
235 2
274 115
102 927
562 41
137 785
984 92
567 977
134 396
409 735
78 736
183 23
697 825
737 30
754 780
955 534
211 116
701 102
462 704
329 921
834 85
506 594
317 74
198 776
461 813
546 335
232 8
489 734
423 694
331 741
981 538
363 639
378 288
608 256
884 690
456 292
515 726
253 512
384 440
526 276
984 552
851 515
255 456
841 922
949 679
143 952
809 681
969 141
981 191
537 469
478 523
280 565
732 798
692 11
996 755
869 293
223 486
886 556
377 719
327 57
112 573
147 105
673 477
793 392
128 176
163 211
560 985
966 868
140 694
607 738
818 103
826 67
843 533
127 956
471 144
441 941
321 195
57 621
967 792
421 360
771 857
714 613
914 341
516 789
59 941
58 183
455 713
982 235
349 804
35 653
97 508
808 693
571 61
59 190
993 742
8 233
648 392
846 102
507 462
769 371
977 981
326 750
321 86
884 170
586 803
503 708
602 519
975 780
123 398
711 415
368 65
437 417
188 567
179 336
985 374
510 766
153 897
984 24
1 383
654 7
750 727
479 922
471 828
361 595
993 867
302 73
445 919
296 78
140 186
190 683
683 276
688 549
617 299
203 199
874 512
344 648
996 498
810 379
892 133
253 878
992 225
454 290
225 453
186 475
286 797
190 419
690 542
645 2
695 158
967 453
986 305
791 643
667 964
40 94
533 475
451 310
859 775
351 769
197 585
454 431
9 967
442 662
508 370
277 30
705 213
512 105
318 492
891 552
144 129
397 355
364 335
682 35
113 636
613 169
666 740
51 820
34 644
440 864
58 317
606 840
414 376
424 738
235 688
979 403
239 871
402 737
615 194
130 429
581 836
899 218
862 742
564 61
586 918
908 205
980 793
121 398
33 818
977 402
388 968
277 422
349 329
708 379
900 874
105 44
800 296
865 949
483 254
368 771
625 242
536 558
327 477
412 557
968 841
565 483
156 220
667 584
619 957
309 175
157 743
730 336
118 622
626 392
478 135
616 211
4 191
127 264
775 19
186 543
568 363
610 193
980 500
214 305
508 476
532 229
773 271
655 85
884 207
640 503
335 327
684 986
330 677
88 665
460 323
43 261
378 848
428 987
767 409
205 815
105 868
535 377
557 220
238 817
492 156
938 577
752 6
931 67
340 777
793 433
15 71
269 298
199 73
426 555
530 395
199 443
929 487
823 757
650 557
219 951
93 526
322 845
69 74
492 581
441 46
810 718
95 507
704 40
334 882
496 145
896 504
364 826
418 470
91 952
747 741
803 750
212 636
441 626
878 852
150 245
341 826
727 968
943 223
346 266
128 595
724 123
332 620
144 449
298 289
887 18
242 405
479 152
556 470
853 683
245 107
173 753
102 639
110 165
442 769
968 663
105 155
832 838
850 739
371 353
218 73
742 648
18 90
578 346
779 680
92 825
397 690
717 857
367 586
612 228
635 647
385 273
596 963
408 802
388 678
171 180
536 373
704 647
524 36
265 624
535 716
406 280
99 406
426 645
847 486
921 948
20 327
762 865
154 583
31 713
807 796
124 564
30 105
528 716
9 626
546 711
29 226
134 148
395 773
317 489
982 338
137 793
812 348
107 202
151 228
545 681
446 67
709 898
161 971
676 745
83 632
352 31
767 818
570 181
66 505
780 310
777 533
573 652
925 299
46 939
576 693
429 547
785 939
45 99
193 337
890 766
509 55
183 843
750 331
866 960
617 631
32 901
559 785
274 8
177 799
602 559
877 969
230 306
514 744
640 860
166 363
264 607
465 637
407 831
318 346
660 251
962 729
42 506
60 932
407 518
376 407
284 717
882 107
465 564
642 859
97 821
596 632
641 691
801 774
801 268
691 574
266 48
443 22
808 945
442 182
629 756
112 273
77 377
114 155
960 56
312 719
441 188
407 848
222 530
715 892
581 71
380 759
524 170
516 751
485 213
912 554
689 979
508 155
832 201
676 146
707 161
867 2
261 105
766 813
521 961
919 599
82 765
218 519
512 153
830 398
327 228
963 1
773 786
799 625
218 108
250 533
63 290
149 712
886 689
503 953
231 185
36 638
978 249
229 676
386 328
446 597
408 656
441 312
866 884
989 165
175 515
449 34
946 239
893 764
214 160
453 462
442 972
364 777
556 605
454 480
859 851
56 110
448 627
59 149
764 996
47 877
507 664
333 588
18 54
194 912
769 589
281 998
219 692
740 375
448 138
482 655
570 156
552 936
511 437
760 866
50 656
582 806
17 409
519 252
9 997
81 738
556 465
754 965
995 709
523 493
805 821
250 552
260 827
99 37
919 914
564 29
826 73
108 200
347 930
509 319
728 597
115 188
641 134
853 241
674 798
209 211
633 957
916 379
877 23
134 168
721 696
526 486
1 423
390 79
532 25
783 830
824 698
107 813
889 467
526 409
259 439
700 281
817 581
191 18
641 774
567 351
623 507
746 505
250 572
478 621
648 931
567 84
407 919
745 704
302 912
746 380
79 144
761 572
810 950
914 388
105 10
234 449
325 435
162 902
948 22
355 102
656 275
532 373
787 732
420 895
993 24
29 265
202 789
120 946
56 990
227 100
89 978
735 413
538 717
427 164
66 239
926 878
140 806
446 247
641 187
256 910
738 830
539 766
673 254
884 791
246 734
752 229
372 122
279 513
266 578
984 922
548 147
881 271
867 333
24 851
685 398
169 697
222 54
554 241
134 322
887 480
821 402
872 403
204 860
407 556
402 266
135 634
714 587
14 725
177 183
98 832
107 156
909 506
347 829
261 207
147 699
493 563
177 166
707 68
622 418
604 515
715 329
825 406
997 735
911 688
139 442
364 645
192 343
84 609
863 33
737 799
582 395
350 799
141 414
578 528
536 310
7 638
53 550
454 230
132 521
772 28
602 374
275 503
744 946
216 10
959 315
993 978
496 556
663 26
865 568
580 495
560 339
118 715
946 888
807 725
198 316
229 222
578 460
810 168
692 363
438 248
481 698
637 846
794 297
964 219
302 620
217 574
844 265
781 675
828 754
336 120
14 456
595 482
708 858
329 468
978 398
15 988
32 176
502 752
791 39
801 487
173 263
240 69
673 586
601 677
723 957
474 363
998 110
596 860
464 325
691 526
603 111
356 529
411 409
880 251
938 277
32 961
473 486
852 10
12 688
19 631
363 471
615 233
233 442
36 671
30 162
466 423
535 963
972 545
980 505
177 720
508 774
739 573
778 293
688 9
617 178
837 502
98 500
815 110
209 715
487 348
838 838
238 640
734 197
487 567
941 189
505 342
236 852
755 636
686 580
267 700
296 154
575 143
894 750
57 454
68 966
921 786
228 711
128 188
960 749
777 509
464 147
794 656
118 252
803 673
134 562
382 31
397 978
910 382
148 186
139 415
712 806
926 710
806 606
575 397
83 438
723 232
140 733
857 351
273 926
108 376
625 808
515 695
568 196
268 589
180 418
735 253
544 431
241 551
226 655
925 293
616 978
24 672
991 428
295 964
694 344
259 382
969 734
421 110
230 442
484 448
807 465
481 254
525 603
970 905
928 309
350 837
703 65
543 26
279 516
992 310
653 574
311 773
884 888
554 676
236 727
501 420
240 628
629 847
20 930
644 788
983 892
336 474
705 427
308 223
592 608
564 406
925 431
733 938
292 547
666 126
81 14
261 151
873 318
815 645
394 668
719 856
414 90
93 874
508 925
443 960
461 44
601 184
677 122
700 41
862 93
293 777
23 285
402 258
261 206
887 962
215 590
188 210
448 217
441 55
742 392
512 998
766 602
120 666
283 443
274 554
85 197
62 102
606 631
475 736
344 883
690 256
142 170
339 944
279 957
107 378
5 38
709 735
821 412
786 436
11 454
150 89
990 35
456 810
328 657
303 1
208 675
72 959
161 80
206 130
131 419
204 816
146 319
683 830
57 738
449 231
525 115
922 973
618 13
943 33
214 817
48 282
325 374
73 447
794 629
759 10
772 644
674 180
790 813
146 749
41 389
178 395
278 637
353 468
715 470
874 788
282 248
990 283
511 620
374 44
896 64
471 508
4 377
653 541
396 561
337 920
693 600
685 32
779 303
394 953
502 8
515 881
873 118
628 137
606 469
436 553
925 837
630 490
913 739
738 664
608 739
553 525
165 855
524 555
2 482
251 252
32 288
732 803
722 962
705 223
854 779
456 500
201 603
278 843
66 390
144 161
436 160
82 302
450 214
753 983
889 713
747 452
748 190
584 362
633 547
550 87
188 537
471 586
137 331
667 758
699 875
506 539
537 769
221 83
243 975
551 169
309 456
560 360
250 999
913 91
671 194
759 515
139 30
417 117
927 912
691 579
26 821
74 502
750 635
86 141
922 141
928 989
867 320
877 695
373 165
602 837
678 134
396 465
995 303
612 529
109 17
581 501
114 193
758 245
621 359
527 170
50 430
493 612
684 637
21 160
659 316
950 796
476 315
36 31
978 914
361 831
311 775
744 810
574 145
639 296
752 679
990 117
975 419
813 290
321 766
285 453
556 662
391 548
999 33
331 106
871 409
332 358
739 193
716 569
528 544
124 287
263 943
638 63
113 700
330 941
215 354
777 762
508 5
582 297
908 752
538 273
695 754
276 353
482 952
864 626
123 335
782 121
485 95
705 51
610 176
472 278
907 416
960 554
390 137
194 145
48 385
756 162
494 322
283 365
138 649
550 552
459 834
787 399
788 640
27 460
596 187
399 948
553 13
749 69
452 279
509 991
34 504
738 199
262 63
484 699
604 802
572 961
143 511
517 644
612 661
18 329
526 296
400 359
826 305
937 150
990 804
368 625
6 959
429 171
434 511
565 594
653 664
346 39
780 336
86 113
135 13
118 784
319 493
669 561
847 718
93 773
135 359
780 177
700 208
66 756
8 815
77 507
226 520
550 511
501 191
88 890
779 262
640 49
677 354
29 684
878 630
692 360
365 962
313 312
78 48
358 807
378 874
546 528
705 188
162 447
824 458
881 329
310 934
561 626
376 952
648 477
470 812
52 270
809 240
542 158
115 890
332 618
258 485
119 66
107 926
346 101
147 95
832 148
777 306
90 587
952 410
822 466
375 787
438 842
167 984
531 599
957 252
24 380
424 490
15 378
172 113
281 316
972 98
269 609
335 755
59 3
919 37
468 250
980 418
725 339
409 29
721 829
487 825
562 809
94 998
594 434
932 902
897 111
51 11
349 714
692 317
780 766
387 742
955 253
508 992
776 181
231 965
934 232
752 752
708 780
808 532
618 68
311 557
850 605
147 140
914 978
426 458
93 499
277 581
412 763
545 76
850 475
262 918
573 171
30 271
121 188
585 781
971 39
598 204
138 761
680 750
471 605
318 396
158 963
414 631
387 788
26 389
698 566
874 720
685 898
722 732
250 602
773 818
419 836
405 121
121 711
909 307
568 674
273 268
562 842
994 877
644 557
86 702
562 134
190 530
118 9
457 975
636 376
440 906
317 905
550 629
163 843
304 927
585 538
212 144
203 415
496 554
390 496
949 362
615 110
744 120
403 261
149 377
736 681
967 588
753 673
943 539
479 64
730 883
846 681
589 248
173 220
47 433
589 355
811 467
737 626
74 924
791 860
939 985
895 916
791 290
679 640
133 881
45 382
669 52
292 88
907 547
860 812
441 528
957 456
345 242
531 509
88 287
413 857
14 194
709 533
163 207
45 392
