1000 5500
975 954
492 148
146 518
563 699
582 601
957 392
756 808
372 306
102 631
649 463
97 922
191 460
871 935
372 765
772 83
814 468
705 918
413 829
58 864
551 989
656 342
282 753
765 833
676 810
306 115
580 697
875 211
996 764
985 837
590 368
159 709
151 390
127 890
854 441
888 216
349 901
526 649
873 240
908 927
841 193
253 894
864 327
706 286
745 922
885 506
781 832
836 740
829 885
640 355
405 360
769 357
199 634
820 262
308 42
193 386
488 861
559 52
258 777
659 720
717 636
10 596
64 465
978 633
363 548
795 86
216 189
665 165
542 763
35 257
371 319
119 582
946 317
38 562
898 334
521 753
997 649
71 785
2 319
526 518
558 827
650 470
176 53
711 817
526 270
140 199
930 5
338 736
95 240
699 463
692 797
400 102
751 853
831 105
31 139
222 636
522 52
484 873
467 812
180 952
222 692
538 147
150 922
272 599
46 552
119 189
441 709
969 435
176 323
738 526
781 596
587 34
953 971
336 715
258 590
158 613
164 560
568 99
825 77
567 796
520 743
142 237
850 477
854 208
878 687
487 917
175 403
253 580
812 385
366 912
910 870
400 457
339 17
193 100
459 571
514 914
3 19
424 79
497 882
746 695
164 296
813 672
76 924
649 342
304 247
852 378
500 639
895 659
911 781
828 37
975 520
337 982
836 233
258 504
377 34
490 314
907 281
660 142
846 934
569 730
758 56
415 384
375 131
129 826
982 96
943 530
934 773
942 748
5 232
736 898
819 150
605 29
487 514
19 167
539 51
756 281
614 78
240 721
947 189
676 274
747 766
680 791
412 7
370 586
449 589
435 178
785 735
862 560
760 226
184 322
440 130
565 743
638 513
543 749
321 639
415 91
689 1
959 221
437 976
671 506
985 751
29 45
647 785
714 714
438 96
300 554
836 304
395 588
866 861
222 44
45 617
81 87
595 663
71 109
135 749
489 868
865 742
468 823
295 440
291 131
144 55
689 139
189 240
917 503
34 298
952 892
665 481
444 698
782 885
846 470
398 124
873 467
399 959
839 360
573 863
341 284
208 986
441 874
190 633
980 271
883 654
763 232
31 351
814 644
761 399
519 485
311 644
547 697
779 607
579 284
899 523
421 148
356 501
564 368
346 31
618 899
538 257
912 649
413 693
114 559
231 891
203 837
113 594
885 588
853 471
790 265
250 118
297 755
190 105
180 922
147 900
930 162
580 281
364 245
796 441
120 72
446 142
773 317
355 622
666 855
211 530
494 781
891 364
354 270
375 471
308 263
750 939
235 622
349 754
304 681
556 829
191 486
400 787
729 643
867 674
251 491
224 756
988 582
918 119
327 671
113 628
153 535
631 554
166 805
659 262
34 789
665 24
123 980
37 176
649 186
167 504
537 141
117 952
212 6
73 944
96 830
706 225
33 947
814 944
872 323
248 76
251 639
260 638
350 263
283 155
7 61
751 21
278 528
72 285
814 782
788 751
943 858
701 590
480 273
610 690
761 497
743 316
200 760
86 493
410 216
362 655
481 294
478 817
493 690
172 479
381 605
432 523
34 455
64 257
665 45
630 384
602 959
403 451
848 969
983 75
425 272
683 515
373 588
35 807
945 100
153 657
73 481
724 234
812 585
87 533
521 603
841 356
544 208
162 931
119 285
228 894
12 104
373 663
982 590
629 870
192 932
691 568
934 526
329 852
243 73
283 599
910 121
524 474
856 302
395 184
778 425
947 223
20 780
38 514
774 311
199 578
88 832
320 239
135 771
224 364
465 774
772 703
818 513
300 61
559 777
430 114
284 922
609 993
535 331
44 153
44 297
814 174
262 836
378 813
110 675
10 253
652 145
516 12
52 811
470 753
814 794
958 722
837 799
232 239
974 312
538 645
127 212
21 698
606 967
661 876
556 514
837 481
607 790
202 173
251 254
716 320
603 804
870 830
297 340
925 912
359 680
25 380
798 754
823 401
318 906
152 307
954 936
202 530
508 545
908 364
829 807
1 666
509 920
553 406
352 215
327 614
79 59
579 986
33 277
383 913
171 289
276 400
999 36
353 249
86 963
943 131
12 449
705 641
325 251
811 913
130 167
54 567
661 921
756 219
827 986
70 465
253 515
733 878
466 967
194 286
816 877
19 360
453 247
275 60
396 502
938 11
640 710
379 865
486 330
23 741
318 369
234 734
491 605
886 116
856 35
591 358
525 142
9 334
538 600
913 920
258 691
960 393
241 671
636 604
728 797
380 788
855 451
143 905
5 298
818 694
673 496
218 683
102 700
33 346
917 658
663 331
539 940
914 318
640 174
137 190
677 31
556 532
347 200
923 335
788 977
397 312
293 666
629 145
129 830
662 339
295 124
625 474
982 971
173 227
130 70
924 374
216 509
658 383
972 990
798 475
240 183
327 915
10 680
811 559
105 521
362 100
204 412
523 483
972 653
662 258
393 175
625 483
975 628
880 139
324 866
639 363
758 157
742 163
785 705
915 337
723 81
851 554
366 931
127 246
342 378
874 527
300 479
588 788
994 656
170 648
977 564
631 980
316 143
977 768
280 249
277 151
19 706
564 993
619 729
47 811
629 183
454 712
118 460
901 362
720 727
8 302
854 352
763 320
984 418
127 922
609 239
826 556
545 774
713 387
842 114
40 350
971 332
385 177
609 509
339 981
356 207
240 83
415 289
978 58
122 356
367 31
603 988
124 771
65 290
155 525
367 257
524 410
339 199
762 921
309 118
735 411
416 592
365 349
513 801
943 113
519 966
695 531
395 262
378 467
286 633
607 404
523 441
947 552
254 151
964 194
297 517
905 542
152 735
438 923
163 206
561 375
290 736
69 148
421 289
103 92
956 589
205 55
425 854
172 713
384 643
313 390
47 311
110 936
458 683
273 542
392 158
739 811
763 300
929 862
395 564
905 742
554 719
297 551
98 898
829 915
152 327
968 594
445 724
56 760
972 402
161 982
369 947
924 218
534 147
809 401
440 398
632 104
29 280
258 584
439 749
720 134
718 766
626 963
77 50
540 191
599 49
635 928
129 320
142 156
244 621
645 804
259 639
943 42
493 440
736 787
363 862
207 244
998 493
49 259
263 241
314 594
172 626
367 251
918 475
306 736
919 394
159 766
695 593
208 449
60 866
96 710
122 157
448 338
920 612
840 240
357 36
387 411
729 469
501 201
829 947
73 818
733 775
35 160
680 909
590 558
747 163
956 673
948 578
767 475
802 869
555 896
322 667
232 705
877 226
334 656
945 184
368 229
569 868
88 105
735 243
268 142
923 577
820 296
171 315
257 613
242 205
110 219
4 604
360 218
646 206
596 640
85 810
433 755
409 443
560 181
516 360
11 518
476 426
153 532
812 869
768 746
573 585
108 891
388 597
617 584
758 393
588 79
67 977
277 317
862 216
382 893
539 420
709 80
476 292
932 621
340 102
309 332
73 99
613 977
997 899
781 76
310 358
560 529
247 721
428 288
183 895
15 880
281 804
647 68
50 98
239 350
494 827
747 17
20 572
24 337
62 364
177 88
546 544
111 105
52 922
76 225
501 481
518 729
32 284
799 837
744 181
250 170
757 977
924 977
276 986
718 610
407 586
407 675
322 276
984 868
76 555
695 294
865 700
889 814
159 356
628 947
941 937
950 598
732 819
934 570
827 380
620 878
497 195
861 136
604 821
141 578
421 215
233 709
524 349
854 786
423 177
960 785
534 381
875 491
339 68
884 556
271 143
31 530
250 22
74 904
442 400
184 727
718 30
280 727
939 60
480 580
883 603
213 208
36 389
748 817
129 11
638 333
402 87
965 464
629 71
124 726
225 355
53 893
470 596
413 615
424 756
564 808
678 758
416 801
128 338
482 475
268 780
582 232
487 563
839 611
659 764
946 609
457 707
602 454
21 493
265 547
791 515
443 52
129 749
794 259
913 257
24 731
776 674
615 317
656 931
853 983
669 378
421 139
91 955
621 301
148 235
782 77
209 44
896 67
422 895
880 374
801 122
107 876
981 550
530 854
479 878
785 115
262 632
372 83
448 924
362 454
743 188
605 551
27 250
841 843
817 614
357 967
962 59
115 564
266 505
267 862
387 484
48 659
847 645
950 849
553 152
834 427
119 681
114 632
541 329
959 179
850 90
448 526
504 141
496 473
928 125
969 369
436 935
369 14
580 9
969 432
511 870
687 972
898 760
976 844
171 744
842 91
800 916
772 960
492 30
827 961
109 84
743 508
877 81
393 772
723 697
886 959
100 350
636 950
848 570
845 839
253 917
908 577
199 688
399 179
502 677
14 362
423 621
395 448
927 966
149 991
767 155
302 201
853 534
428 341
186 814
517 273
686 34
222 910
826 284
882 842
288 310
445 322
951 298
57 928
664 923
464 497
107 228
926 396
304 770
445 928
270 856
207 940
119 256
332 168
793 172
666 170
435 419
570 565
99 378
675 389
919 982
247 695
902 446
797 157
115 195
130 511
559 658
92 362
355 422
166 358
