1000 7000
858 395
299 534
65 879
367 277
284 660
962 513
697 970
203 433
969 304
120 436
268 779
175 989
97 944
986 477
4 560
65 675
205 65
95 181
492 936
980 511
876 123
727 994
389 496
959 102
996 875
817 580
29 540
404 26
915 823
744 875
746 976
977 798
921 431
202 247
74 980
636 617
226 802
47 73
397 821
677 768
882 856
947 83
704 875
65 926
315 358
576 544
27 184
138 856
570 876
825 710
545 47
56 947
639 579
43 961
479 808
70 181
687 352
429 315
40 113
69 915
240 217
16 226
444 721
533 717
255 628
626 832
110 967
308 548
374 627
176 252
336 417
825 984
245 626
957 476
723 628
72 366
21 509
486 416
150 105
978 607
813 615
877 715
750 43
860 35
691 166
367 18
204 112
316 127
491 508
11 64
663 483
990 948
747 722
349 49
428 275
940 43
991 622
541 524
355 554
575 911
404 869
758 682
65 388
234 512
896 752
192 645
629 483
614 951
903 122
388 353
66 787
313 581
373 502
777 587
437 983
320 73
367 43
505 951
836 121
434 825
768 424
979 11
161 535
481 359
109 477
246 547
560 385
604 546
372 387
68 817
371 624
829 966
938 227
394 206
675 456
277 370
95 315
365 23
940 197
598 649
707 101
367 158
397 488
687 809
396 215
519 490
192 598
214 672
941 277
607 706
628 891
71 910
109 851
143 514
305 139
21 798
845 171
42 641
408 340
100 366
518 726
729 305
464 795
318 196
210 624
529 60
456 473
364 408
322 764
42 241
925 974
898 946
634 115
532 803
937 709
920 724
74 842
393 681
206 99
117 696
528 542
849 226
90 267
716 834
769 205
871 379
429 602
864 919
738 694
655 887
624 498
599 34
470 539
248 37
459 518
958 566
129 447
275 393
906 228
345 817
486 186
58 445
844 849
420 875
894 378
21 986
343 332
841 164
552 301
240 46
398 586
325 939
260 987
979 664
107 518
25 845
440 676
894 460
557 849
70 390
80 58
268 784
248 993
840 231
159 459
158 56
618 995
991 594
31 573
92 882
46 221
810 523
349 990
966 330
793 746
716 142
99 163
172 783
807 923
507 663
900 883
919 100
720 188
216 734
13 189
475 258
276 232
469 703
589 499
653 753
228 295
695 729
582 527
377 928
452 111
982 536
819 48
496 374
973 598
919 282
714 117
658 381
96 633
88 393
952 745
41 411
147 141
838 125
947 679
765 737
88 971
796 46
889 661
33 921
2 285
454 329
360 543
146 551
798 599
377 688
501 670
316 103
792 954
815 9
330 139
553 719
543 982
584 570
305 73
736 220
362 309
814 377
215 630
481 960
411 893
851 301
560 337
869 582
505 231
723 485
212 212
393 546
924 561
52 74
924 676
190 137
509 68
474 858
352 754
520 734
315 747
167 352
782 152
261 64
347 410
64 303
165 63
436 702
645 454
932 687
408 603
50 589
688 749
742 385
619 94
992 369
489 490
852 1
983 985
561 167
244 81
247 683
13 233
710 284
373 368
763 618
721 940
589 649
262 741
347 435
178 251
531 158
524 575
73 365
177 723
536 55
7 583
86 777
704 951
449 789
906 249
511 929
869 140
945 571
330 820
106 453
580 598
611 441
200 292
945 848
361 951
425 116
21 89
731 368
403 547
734 314
522 507
814 305
769 87
342 288
26 607
489 666
102 482
526 514
613 135
169 608
527 782
296 590
616 737
940 805
645 587
358 543
117 147
667 743
204 654
961 652
603 972
243 2
464 321
150 21
321 697
268 853
984 526
74 338
928 687
628 475
590 216
634 97
953 59
80 505
147 631
748 777
183 889
140 203
175 693
249 251
356 521
396 133
37 97
665 613
634 960
412 407
950 317
457 113
388 890
874 527
940 832
199 539
8 166
111 234
506 184
531 400
758 40
87 437
778 4
410 37
966 895
46 321
561 826
652 200
764 899
105 989
684 196
728 933
355 145
523 487
552 531
864 22
734 618
895 472
479 180
503 410
524 967
863 352
686 139
625 323
72 780
114 908
110 63
886 724
850 910
778 760
316 217
628 170
323 34
505 240
803 789
717 63
827 366
936 335
321 847
104 575
752 192
303 731
678 936
944 421
666 392
829 996
597 884
149 675
685 484
818 368
714 127
30 349
971 798
449 686
702 863
733 685
828 53
538 431
555 239
409 328
471 82
766 52
467 156
838 834
76 445
103 29
897 816
71 857
663 782
296 774
758 769
386 142
905 940
604 450
359 605
128 413
729 539
171 508
532 675
857 438
434 769
108 770
238 550
408 845
585 506
756 891
811 440
516 22
295 810
147 74
730 471
175 860
150 953
548 958
337 15
309 23
428 836
14 141
260 470
392 973
612 95
996 156
893 52
994 263
994 128
603 593
911 46
299 137
972 377
141 970
71 2
181 822
215 241
800 568
771 508
824 855
985 380
759 306
837 206
122 158
437 414
347 344
299 364
401 653
542 449
548 619
639 227
959 173
321 583
559 460
445 521
996 63
45 211
141 454
990 174
394 704
191 753
636 35
730 788
600 193
558 547
655 79
598 212
777 581
631 17
857 235
733 459
431 491
879 212
762 873
599 992
737 543
340 454
740 803
87 786
867 29
342 755
544 273
227 717
881 404
336 282
521 103
432 20
946 585
978 58
445 307
508 622
802 952
181 324
802 114
870 600
358 128
120 339
105 78
920 369
899 177
286 459
588 803
992 494
728 370
448 982
696 570
117 769
81 144
965 144
46 731
518 123
692 73
995 872
38 348
878 224
129 87
117 456
416 335
43 840
819 837
953 796
357 739
198 541
535 409
998 782
323 319
250 523
440 247
262 634
8 862
464 856
986 504
109 35
661 837
529 626
107 912
801 119
658 802
524 957
93 6
363 298
637 861
394 778
564 746
40 136
176 368
617 37
680 426
184 777
226 644
714 386
931 924
175 396
629 159
768 314
688 646
13 781
938 609
670 373
938 119
39 454
377 494
661 658
828 4
686 641
858 919
311 980
811 384
508 24
428 961
625 942
653 52
645 418
424 658
843 939
162 44
563 559
894 67
333 584
655 413
228 276
293 504
44 477
629 123
617 805
872 653
17 443
382 943
713 92
146 916
165 560
430 928
469 602
740 41
1 452
819 718
418 441
408 861
64 594
547 697
737 434
579 841
349 716
152 996
6 507
973 475
538 647
410 684
331 370
458 610
562 588
57 988
643 116
225 710
851 920
391 168
734 737
323 846
462 216
361 935
518 295
621 854
984 702
41 547
588 84
509 121
73 319
842 386
365 984
511 538
651 902
151 501
483 170
115 259
515 537
697 20
714 936
550 488
506 761
47 747
164 479
603 117
977 503
793 377
316 633
416 647
661 83
896 700
146 521
694 7
583 568
644 426
609 622
815 797
948 140
797 597
266 841
979 941
607 523
109 968
125 898
16 367
681 557
151 425
428 256
663 158
724 610
725 426
511 841
330 306
16 121
49 786
168 164
337 684
972 541
592 522
468 191
57 545
931 829
276 782
515 67
629 663
386 929
674 821
767 452
180 969
911 404
85 661
175 115
6 340
822 852
996 959
651 258
737 216
787 414
655 404
255 562
742 28
336 860
479 81
192 138
892 605
449 328
667 115
149 274
110 682
656 414
661 388
181 980
131 559
480 876
69 708
692 994
623 16
264 292
972 941
389 81
197 837
586 455
104 756
281 527
881 316
174 747
872 149
283 304
496 165
730 430
27 101
396 563
389 600
478 846
158 590
720 260
674 286
969 1
671 510
633 341
772 68
638 892
910 57
391 291
92 707
837 461
899 557
232 561
999 202
198 928
488 798
460 809
401 123
422 654
409 668
198 724
993 71
901 806
949 492
980 65
295 573
591 838
916 61
398 739
360 845
497 599
901 847
933 483
550 268
531 702
689 856
763 353
673 228
630 666
599 200
743 905
471 373
105 244
923 752
485 806
768 536
10 735
843 171
692 162
90 781
158 672
648 454
23 982
528 386
456 397
873 778
614 48
909 639
728 921
40 622
733 725
342 260
896 49
627 203
313 465
778 530
985 225
106 291
178 5
413 291
700 650
610 944
436 801
676 487
631 954
182 269
61 434
381 523
698 554
329 396
804 910
432 227
677 586
158 340
6 475
852 176
305 255
394 498
363 255
505 871
922 536
300 16
652 785
818 922
86 603
426 842
568 262
471 119
530 776
599 78
930 675
524 678
263 269
723 654
910 201
14 751
517 750
758 690
606 13
341 212
115 23
467 795
255 248
519 473
240 651
622 898
318 503
866 219
85 415
127 923
506 699
583 671
471 113
999 854
390 55
785 49
361 704
229 119
985 253
141 932
387 788
85 882
408 779
524 387
757 216
318 560
160 41
250 990
208 406
688 334
631 214
844 348
880 924
471 939
863 944
365 593
93 760
985 377
730 535
959 950
626 925
97 5
425 967
824 336
899 286
956 351
711 731
493 14
819 191
351 302
694 596
436 407
311 474
791 241
844 577
552 10
886 701
599 394
808 614
432 625
