1000 2000
336 873
594 146
150 310
3 9
149 644
260 218
974 242
933 679
783 877
225 993
899 831
418 290
325 652
116 45
955 148
696 448
688 839
945 918
757 74
947 785
191 765
590 656
350 220
250 773
329 996
757 981
641 126
946 695
995 429
668 936
329 343
617 243
857 158
583 84
929 192
202 52
860 343
847 561
241 144
598 305
214 492
511 665
573 915
333 899
574 156
561 426
167 208
673 343
331 668
368 462
374 228
228 947
44 64
595 57
335 922
984 55
100 602
12 22
861 499
761 702
499 900
937 332
696 98
152 845
267 143
861 576
333 757
628 622
991 499
740 906
171 92
128 597
449 85
708 223
85 637
565 295
248 728
827 825
170 553
801 980
251 587
369 46
745 483
327 580
609 137
139 355
498 733
892 991
846 81
649 641
765 831
302 207
484 564
908 376
53 481
387 899
204 286
658 305
638 88
323 65
819 194
963 134
316 738
760 997
979 914
625 806
959 411
337 423
594 161
208 980
721 887
382 367
480 419
766 900
706 690
992 13
720 911
90 615
851 138
259 877
244 387
459 684
478 835
684 326
641 313
183 494
77 112
587 395
732 587
333 720
38 594
614 635
605 575
68 967
916 344
762 313
464 198
380 183
374 614
53 841
41 587
181 980
92 942
96 917
683 680
338 962
554 198
332 506
732 545
155 87
717 922
157 268
518 395
24 205
187 889
872 657
658 69
403 567
458 357
596 509
772 533
717 878
62 799
220 209
278 43
235 150
102 678
712 708
390 7
603 651
131 388
558 315
578 230
111 892
28 941
126 515
788 608
56 143
651 987
555 558
334 249
691 74
248 328
39 713
942 505
330 982
963 589
814 434
482 259
425 305
498 546
919 585
536 828
976 422
134 909
428 351
832 724
172 842
346 870
354 297
540 575
545 686
491 754
400 801
570 213
785 392
51 568
760 522
35 166
733 93
120 556
47 579
967 143
241 438
471 380
105 750
138 516
608 347
389 37
871 655
3 854
552 7
632 790
257 270
755 719
929 342
535 207
445 856
470 104
713 529
656 843
832 785
280 83
58 14
492 400
814 522
893 145
576 50
885 850
401 399
46 726
256 92
740 403
887 672
652 597
75 474
769 783
724 535
17 441
606 351
897 805
104 881
152 226
485 530
890 431
202 997
414 93
931 128
922 730
450 70
724 382
435 212
38 279
648 30
905 174
662 662
972 865
622 120
262 202
318 689
970 421
288 69
805 473
601 977
539 697
753 648
62 93
972 677
106 333
144 601
764 313
641 460
665 850
175 247
661 571
550 570
681 443
734 288
504 664
615 744
105 652
395 494
212 212
428 173
181 227
137 162
794 745
625 905
185 205
457 508
234 3
4 895
522 672
293 755
557 178
777 717
6 569
25 709
578 961
745 985
483 439
868 654
616 252
612 183
863 139
736 569
469 554
959 229
645 492
368 764
857 10
60 699
448 13
948 754
825 232
950 71
375 25
643 346
968 899
501 29
993 612
796 631
88 470
45 564
875 119
974 911
824 810
718 599
990 326
587 420
392 160
128 972
104 260
696 825
311 459
373 344
174 420
24 157
780 478
586 850
988 39
998 589
714 105
867 291
937 230
394 132
972 943
323 714
37 973
666 851
355 130
645 276
690 912
499 484
362 582
555 482
921 366
49 515
357 696
168 622
607 156
93 662
51 992
670 179
562 6
915 59
465 809
261 675
805 468
66 90
522 472
155 777
36 843
93 864
271 719
120 318
234 561
814 780
986 248
295 151
574 741
130 438
618 183
285 581
9 584
279 338
232 861
934 700
831 407
102 487
955 601
947 51
846 952
880 867
963 857
538 196
361 799
718 209
557 333
843 916
580 845
829 717
825 877
932 385
899 515
307 625
902 702
269 42
591 757
845 147
1 607
320 900
639 988
25 534
90 193
487 522
999 581
459 273
418 303
736 40
408 287
605 280
432 230
618 50
464 833
998 495
206 642
145 561
800 180
618 624
585 112
675 88
191 873
915 800
619 720
687 940
559 279
673 393
329 69
405 17
367 234
593 717
81 975
225 807
186 516
691 547
821 439
944 206
952 113
233 696
960 647
237 773
634 106
651 459
504 81
954 546
835 143
895 31
878 215
485 918
93 134
682 472
17 678
379 723
808 298
943 294
500 392
906 768
707 44
259 298
820 84
704 594
565 926
847 901
586 268
190 518
54 837
578 813
590 778
932 718
601 611
648 737
509 621
125 275
700 80
879 718
872 372
352 687
510 349
831 827
237 59
613 884
461 165
869 509
595 92
278 241
987 291
354 903
76 35
851 837
379 160
219 188
206 348
675 343
43 937
865 849
940 342
265 740
90 331
693 721
231 477
735 665
702 201
120 574
961 464
106 750
191 230
56 972
484 78
489 172
671 999
629 609
102 780
277 905
949 146
588 499
197 519
614 387
330 501
725 901
160 754
697 190
606 422
21 810
354 62
463 627
432 263
220 309
277 570
678 545
812 205
550 466
122 973
942 162
923 957
416 228
252 134
659 786
61 273
986 80
919 95
946 381
915 314
125 277
858 769
45 818
534 63
586 159
121 353
931 874
429 534
755 779
737 163
519 104
865 825
270 453
673 378
51 732
933 268
789 730
413 984
867 942
989 360
312 344
295 754
280 436
512 667
790 116
382 840
982 858
885 523
669 214
581 688
90 31
236 787
124 122
226 329
764 980
138 141
989 221
457 308
560 813
678 996
441 439
44 969
9 115
967 507
739 983
281 570
734 753
325 530
245 497
179 666
415 562
154 315
951 892
642 26
391 214
320 582
816 575
662 435
982 760
767 507
153 292
694 50
225 322
376 677
915 893
956 6
962 480
25 436
745 906
468 128
143 817
1 988
445 433
483 130
162 324
579 168
363 788
856 843
348 351
29 385
961 279
585 703
757 6
918 815
292 680
79 323
111 908
42 588
504 560
260 927
777 618
620 537
138 325
611 591
108 391
459 954
693 139
793 740
846 529
144 416
621 913
768 175
520 662
722 459
641 153
972 18
938 260
515 631
526 265
492 919
17 594
309 885
178 295
391 315
375 3
106 773
209 821
463 920
283 342
38 796
54 831
108 158
478 662
600 409
661 383
208 359
492 890
837 431
565 225
176 645
996 113
982 174
689 745
484 855
131 429
475 307
184 27
304 406
887 235
451 170
383 967
60 476
905 47
526 995
485 512
655 930
962 88
691 850
34 806
705 800
278 844
947 764
307 179
191 985
502 833
331 717
920 430
908 416
646 575
218 194
213 346
682 609
816 374
34 803
521 52
883 235
796 994
301 581
557 909
164 842
688 824
775 908
94 454
440 503
660 899
24 927
166 588
70 770
965 781
200 620
970 996
560 162
795 966
517 604
754 398
788 575
162 151
824 798
367 97
565 677
731 592
504 550
333 400
336 180
502 307
847 539
707 821
792 849
757 220
716 28
81 993
481 507
731 541
619 646
281 73
373 81
282 418
392 484
21 623
440 842
390 154
991 533
820 394
846 969
170 72
153 267
731 2
398 786
128 701
7 965
328 770
774 575
475 422
924 709
133 864
132 520
956 367
673 168
978 531
105 351
742 336
61 38
12 236
592 227
762 605
451 915
362 404
697 273
570 900
396 167
629 618
904 395
91 699
523 86
612 946
398 373
713 567
259 116
736 93
394 752
370 590
457 611
530 780
760 382
754 826
862 192
96 979
896 661
79 776
332 399
970 86
538 353
954 200
112 201
561 495
774 700
221 180
647 27
49 896
64 764
409 963
582 808
784 461
904 403
379 69
613 965
241 521
820 878
896 82
514 162
800 338
373 970
655 961
716 744
384 845
93 366
143 163
629 883
330 750
659 125
64 442
543 739
944 954
779 103
576 86
354 97
627 247
739 895
781 487
756 64
80 180
500 242
57 487
788 843
996 834
141 680
248 699
639 378
592 441
895 353
698 176
801 394
77 154
175 889
154 346
990 728
966 499
714 865
142 851
950 995
662 136
246 490
56 844
103 724
837 30
602 95
375 691
102 574
369 831
429 918
838 760
254 875
941 646
47 606
607 746
591 961
622 404
199 616
593 147
640 649
448 426
602 855
603 248
545 428
126 968
866 121
803 106
748 301
236 871
390 453
745 503
629 215
38 856
967 946
22 10
282 544
25 490
211 798
707 608
234 48
640 977
359 17
493 949
729 463
251 692
287 505
900 765
283 84
121 347
770 676
867 669
528 254
229 879
116 694
570 142
944 414
34 161
971 242
206 241
462 56
685 216
846 9
297 808
640 150
282 889
379 259
169 630
481 552
59 355
587 295
934 149
115 308
505 989
275 491
896 397
792 742
364 134
668 574
502 160
16 305
126 165
549 846
717 57
956 479
754 779
858 661
3 58
960 395
922 545
874 664
707 182
335 337
875 831
918 600
839 567
695 924
934 816
598 112
52 220
450 908
87 541
494 361
600 877
624 908
103 583
556 363
797 210
996 840
665 84
104 630
166 453
847 853
372 250
192 185
50 896
23 218
395 46
