1500 7000
797 575
891 192
499 575
30 832
980 180
165 218
408 228
254 108
813 118
796 75
343 840
815 768
109 29
204 273
276 814
912 263
795 346
396 117
87 53
289 471
100 190
160 47
343 846
830 722
744 454
705 835
495 69
984 937
797 810
242 129
709 823
521 535
353 922
480 165
500 773
999 340
986 499
500 665
520 950
718 43
329 453
254 364
749 226
132 140
412 748
441 904
790 619
860 420
4 255
314 217
50 262
246 828
295 897
348 314
43 819
85 73
793 406
620 365
456 893
531 886
817 264
510 245
787 964
529 477
822 235
876 925
474 269
40 48
476 824
86 660
489 252
226 368
221 477
212 338
809 957
569 323
681 771
571 854
764 79
807 517
53 820
918 973
83 9
754 621
200 925
285 257
247 765
469 671
555 797
527 201
143 138
577 783
949 581
510 472
970 556
295 578
526 448
820 25
940 381
79 436
898 85
60 539
317 781
515 341
122 562
230 996
529 852
17 347
773 660
126 403
214 949
610 24
342 451
210 546
102 185
112 772
1 19
568 877
44 359
687 524
828 65
982 239
636 188
546 737
847 692
73 802
606 188
279 46
380 836
811 181
81 921
58 783
901 981
43 598
339 901
860 441
256 121
168 370
789 632
6 797
304 287
918 931
848 728
423 22
426 270
744 723
714 532
525 105
428 169
679 641
169 477
310 435
407 335
365 339
967 650
97 309
788 510
565 617
105 597
185 257
42 764
694 1
248 51
203 857
992 59
447 895
650 617
362 378
858 876
954 970
592 683
791 160
770 681
598 273
676 220
272 801
392 117
223 665
229 990
85 974
609 469
389 14
78 368
341 461
269 527
161 729
219 465
979 70
268 525
514 824
14 639
117 305
294 593
766 882
916 596
539 552
845 64
450 87
404 775
812 657
376 790
518 203
552 323
414 294
92 988
149 959
179 627
86 334
846 794
890 380
706 988
462 575
7 135
361 278
199 313
240 178
664 489
280 132
731 468
413 822
210 2
815 857
981 453
660 918
80 796
272 864
392 834
519 482
813 681
194 391
708 542
9 254
824 956
290 734
292 961
170 361
131 808
655 674
267 740
610 524
533 447
564 51
67 965
245 764
481 170
167 753
396 792
885 698
779 15
103 743
158 250
752 511
821 716
746 303
304 27
865 292
143 37
947 6
214 24
508 954
437 511
556 989
10 584
65 958
479 41
35 164
895 570
737 31
843 793
312 918
303 957
804 124
854 983
821 356
631 579
279 384
972 652
871 475
181 293
375 858
543 140
420 25
710 288
944 188
271 167
185 464
177 605
839 787
144 174
41 572
577 12
813 785
28 821
503 381
521 956
176 495
593 407
266 797
458 965
414 275
144 91
422 409
570 388
329 383
437 229
385 667
505 374
698 508
73 690
23 122
637 884
333 670
521 705
749 572
517 18
373 514
883 380
783 515
221 820
910 314
76 22
686 728
707 112
861 632
380 591
590 513
593 457
450 441
576 255
930 418
531 203
121 400
853 788
427 747
49 785
679 711
208 55
207 812
815 810
889 604
26 998
752 177
414 244
781 126
585 486
80 863
697 654
460 73
96 834
891 7
843 484
468 757
618 322
896 999
13 351
67 792
315 153
186 490
769 463
66 328
599 92
208 308
703 844
248 477
243 240
359 305
553 601
693 588
46 463
842 614
747 611
204 401
260 887
39 737
340 338
76 239
527 366
306 900
203 552
837 677
337 982
658 340
297 721
646 690
548 338
874 874
346 151
792 338
47 93
296 680
7 916
551 699
180 141
507 974
419 38
806 824
295 426
257 396
45 934
96 856
96 670
844 206
722 369
506 904
712 793
895 983
133 638
644 420
723 741
197 651
367 495
390 25
308 542
59 989
917 631
705 578
404 370
145 510
18 522
376 765
700 990
782 356
495 126
789 12
58 471
467 730
498 3
352 178
113 752
12 364
356 77
255 467
764 796
778 482
950 841
497 826
259 450
871 62
490 906
546 714
431 764
315 758
984 88
558 1
964 474
806 704
996 527
815 233
163 385
148 209
627 236
890 794
223 216
830 248
987 338
186 327
732 961
646 712
866 552
292 531
261 806
166 143
581 958
249 220
404 349
645 360
117 595
96 630
4 800
375 287
16 189
328 973
881 174
36 930
269 817
49 663
875 180
693 165
271 125
490 284
130 81
447 85
489 6
65 456
733 982
460 895
14 313
525 571
675 775
411 807
4 122
526 387
64 752
932 972
923 178
808 550
704 643
486 805
950 231
584 429
693 342
981 423
117 826
533 623
774 382
24 241
486 147
891 911
356 48
209 706
547 786
477 885
807 322
218 219
790 876
454 104
585 280
823 499
419 566
979 817
974 361
815 685
311 943
604 448
848 375
973 42
633 792
216 271
984 886
412 990
139 621
156 155
727 353
935 629
209 88
503 664
649 924
97 239
145 146
351 177
420 817
818 379
826 949
976 938
138 12
756 428
656 40
649 788
920 854
657 454
906 272
653 417
973 667
72 955
463 782
916 457
800 123
326 199
236 791
610 92
803 159
976 728
339 166
910 173
200 936
746 763
76 604
5 937
459 889
223 738
144 67
924 149
336 302
609 355
116 883
765 730
785 692
609 320
648 653
597 316
501 877
673 678
60 263
378 809
869 314
410 706
587 791
984 909
202 596
716 505
766 832
59 882
305 33
950 62
715 719
119 256
919 636
412 390
426 28
402 941
35 440
867 110
691 338
920 998
578 88
556 484
565 997
189 112
511 774
170 654
7 74
202 241
488 521
987 270
479 275
184 92
8 796
406 61
552 556
820 64
577 962
91 597
631 938
490 89
677 760
356 72
356 607
53 123
207 513
96 809
96 959
89 936
473 35
33 781
163 98
401 812
3 609
767 969
900 46
605 659
353 981
43 931
394 964
769 82
467 69
766 916
561 717
730 812
368 664
610 558
805 149
54 660
929 527
422 629
648 622
717 171
37 873
176 942
469 408
844 436
169 634
952 683
467 181
598 398
597 715
41 932
994 541
672 176
748 717
101 681
990 200
121 612
177 490
175 81
194 857
856 647
408 798
470 862
278 590
669 769
834 853
987 912
551 613
704 126
267 615
115 41
9 597
192 626
189 881
367 870
257 798
887 38
689 304
284 32
603 103
54 104
801 427
567 622
506 934
527 520
484 963
498 479
865 891
146 610
444 443
990 416
287 954
45 662
177 470
429 846
520 782
185 433
885 475
133 351
296 259
209 689
838 25
210 931
488 84
179 13
40 440
423 543
475 956
316 623
222 166
123 940
971 316
212 630
756 236
355 845
409 278
346 47
323 864
613 995
684 33
10 710
483 667
135 531
447 873
162 413
879 859
174 508
695 109
373 902
14 81
84 913
340 230
54 724
255 48
387 959
468 164
694 691
425 63
362 603
429 451
544 144
599 869
544 199
609 505
783 328
536 636
74 299
60 457
969 484
757 617
290 133
424 676
845 405
731 653
802 843
634 527
77 708
536 725
109 25
886 453
200 575
472 368
782 162
352 622
690 392
398 377
71 69
751 950
530 514
379 220
481 435
544 338
356 227
312 106
320 569
110 488
539 116
762 16
109 728
456 745
700 356
812 124
190 559
950 776
686 885
980 346
876 857
466 339
748 468
340 907
785 404
152 421
649 126
163 600
380 190
192 428
585 769
522 197
679 855
81 482
212 335
924 295
667 26
226 99
811 382
390 438
932 630
75 318
1 14
693 611
574 203
99 140
586 793
564 345
2 446
230 75
805 485
704 879
366 820
357 39
74 688
538 924
272 561
30 180
101 566
355 976
789 538
566 921
232 76
407 653
176 513
267 246
956 609
704 233
238 649
878 397
60 281
135 509
963 435
935 349
441 85
101 355
506 475
69 313
115 247
837 196
818 288
66 405
218 977
594 741
23 923
373 822
216 334
588 234
111 304
543 299
628 243
550 596
975 537
306 998
72 246
224 249
569 167
59 162
721 35
15 260
891 340
29 535
438 928
850 772
307 630
338 864
227 780
928 269
762 773
167 520
864 358
994 1
81 810
327 708
66 361
452 739
434 391
609 717
100 217
727 190
104 752
169 581
78 14
470 812
793 547
149 888
395 915
388 116
316 488
596 802
158 729
944 519
49 313
781 562
135 344
355 832
298 49
302 480
927 980
350 816
737 206
850 228
863 49
268 338
579 860
628 471
71 851
768 502
744 215
383 696
364 929
648 77
30 203
503 265
706 272
909 150
634 543
122 99
273 118
689 873
20 316
193 71
458 660
550 347
440 59
64 182
903 633
37 512
90 293
668 535
365 191
470 842
90 354
681 755
183 181
956 752
773 632
31 600
528 176
497 649
280 449
755 956
181 961
642 249
3 415
183 298
737 812
495 829
653 942
503 626
516 817
775 186
648 771
677 884
98 23
444 684
604 572
532 36
482 645
225 896
853 985
717 794
995 797
625 25
695 671
867 57
645 487
372 658
29 903
615 924
896 966
335 579
933 17
356 752
47 192
690 22
401 21
547 100
739 484
158 512
703 545
468 431
896 839
346 289
326 225
189 618
821 366
493 818
313 61
984 651
339 51
523 124
817 430
771 223
502 978
240 654
198 358
934 205
99 491
804 192
465 636
10 611
824 624
623 6
269 931
795 57
880 367
311 917
580 686
737 695
858 362
525 171
360 706
30 326
888 925
776 465
453 306
377 599
527 751
956 161
115 127
24 306
667 459
222 860
835 750
344 61
907 557
723 379
975 366
922 423
572 634
145 729
278 754
587 279
532 944
458 638
119 668
518 750
910 669
549 739
421 346
961 314
620 864
118 551
97 799
688 851
47 493
574 58
608 857
621 48
752 909
659 482
150 636
483 591
431 584
14 459
827 251
99 827
224 167
442 268
360 686
2 242
64 166
91 874
198 563
206 444
101 243
71 427
567 231
676 659
808 906
615 244
125 80
947 68
739 738
76 663
747 599
457 31
559 899
997 590
751 480
974 496
190 221
393 996
162 94
441 975
47 317
390 469
481 526
891 445
522 177
545 550
254 651
169 208
25 274
907 153
563 290
283 768
335 605
173 572
676 598
416 330
133 863
228 498
528 862
994 164
509 37
221 83
64 973
494 709
766 490
521 66
686 631
685 237
335 889
110 207
288 587
834 63
761 556
49 560
374 200
501 115
475 416
604 404
855 758
893 10
789 638
74 55
758 785
309 722
889 257
674 597
815 866
221 8
95 793
44 386
645 332
831 833
130 428
918 887
114 678
329 892
200 883
411 574
133 501
348 658
622 398
250 428
309 736
146 253
784 935
287 288
125 286
73 159
593 321
824 76
13 491
291 470
53 1
432 693
507 432
230 237
653 540
322 847
593 404
560 729
421 503
815 707
842 677
941 942
977 270
151 75
500 848
77 748
498 889
746 345
352 227
535 933
38 725
271 950
339 349
314 52
425 462
691 141
6 16
963 493
546 163
67 23
534 537
40 36
217 33
295 585
343 996
462 23
614 599
754 723
551 200
447 871
667 267
520 485
511 629
753 389
82 139
382 239
484 313
122 726
584 102
514 733
1 59
699 661
604 967
756 248
263 310
9 314
233 460
620 807
281 446
895 756
18 730
638 325
382 338
939 399
59 231
929 50
160 631
923 452
521 452
90 705
22 509
75 976
501 24
323 791
518 93
738 248
577 765
158 258
994 176
265 88
569 861
112 622
535 273
494 777
240 947
192 407
541 351
782 145
569 852
741 175
974 7
217 471
405 118
869 806
854 51
816 7
256 210
66 362
786 627
180 756
988 491
785 738
107 848
36 186
370 519
946 372
824 867
153 782
347 776
319 597
426 749
597 450
112 323
155 823
583 864
265 525
41 631
948 964
939 449
985 744
584 975
847 377
86 261
149 345
669 607
372 564
464 510
215 708
666 627
112 999
828 211
66 310
18 197
658 457
224 977
395 93
95 438
328 328
456 118
82 21
132 438
336 391
648 808
640 661
994 620
67 747
228 782
270 868
596 562
838 769
365 966
860 239
852 746
262 470
212 452
74 820
300 917
956 22
517 256
266 676
131 391
10 282
758 960
922 474
689 468
723 568
720 971
773 292
61 15
925 750
737 322
248 725
416 61
810 636
500 141
232 767
704 241
223 356
938 749
790 509
992 74
998 53
554 737
877 676
906 630
155 84
792 658
919 867
47 112
95 739
572 948
796 31
667 107
742 932
464 203
16 865
196 406
191 642
169 951
196 937
370 623
366 430
475 432
778 182
838 796
850 736
997 511
932 662
690 993
252 985
28 391
512 638
97 432
749 442
507 7
899 564
169 704
967 763
651 631
295 795
558 529
61 492
607 659
378 926
479 486
301 241
35 572
970 502
764 658
648 780
713 663
328 139
794 347
608 9
854 968
596 609
290 698
749 481
281 965
307 687
529 98
771 73
267 551
107 395
773 698
824 413
705 279
894 15
497 44
835 149
805 99
510 625
592 520
654 720
253 267
903 150
652 391
153 942
943 755
249 490
747 160
9 346
387 652
736 557
14 274
450 721
332 333
146 24
839 965
227 111
388 408
164 300
681 454
564 189
656 822
369 964
597 262
583 949
831 46
93 685
188 478
639 979
784 325
260 257
185 900
210 103
936 118
245 853
437 997
467 328
134 949
570 144
190 875
52 896
118 169
875 981
302 407
366 231
874 661
4 183
341 467
284 573
399 582
450 844
766 207
790 733
10 496
553 237
75 193
343 848
896 754
690 806
721 502
963 944
259 62
807 422
722 832
307 124
138 989
655 260
123 605
