1500 7500
343 288
9 645
138 162
528 504
348 148
118 582
420 840
293 590
958 24
806 744
440 885
26 434
534 361
145 936
449 316
78 482
472 441
17 744
938 81
672 240
121 477
519 924
124 723
502 40
357 604
675 295
875 577
720 288
976 772
904 239
311 546
791 55
765 23
103 112
333 393
855 311
482 706
107 431
842 504
137 737
492 662
465 657
514 768
411 672
689 266
267 257
407 39
199 321
775 895
794 178
707 89
869 840
172 913
851 254
941 168
929 960
408 324
598 837
772 303
55 785
763 852
755 765
137 460
432 102
440 614
518 432
112 258
548 848
207 57
436 962
445 647
782 243
258 180
52 334
723 605
928 65
490 273
247 711
863 948
152 613
139 181
628 515
104 35
958 862
328 61
681 919
130 60
633 81
778 754
440 809
371 990
437 372
810 980
130 589
952 692
704 502
61 57
21 128
441 554
921 856
562 254
162 448
402 608
985 234
381 644
484 589
89 141
108 367
601 104
190 592
165 551
174 483
702 909
842 312
815 790
155 548
177 945
786 25
617 702
882 151
436 798
182 654
714 1
145 22
990 857
894 510
54 970
280 860
962 755
211 273
152 251
371 163
97 851
478 190
587 231
430 947
326 140
806 134
334 269
428 121
286 302
189 141
978 239
678 503
5 883
709 79
395 158
515 252
559 994
201 596
497 719
449 501
258 796
736 115
886 713
332 288
313 465
552 501
819 403
755 910
253 991
924 448
115 90
32 143
130 469
505 612
145 646
528 481
286 247
109 739
859 737
212 109
976 914
818 728
738 313
902 998
789 847
103 813
75 38
859 682
66 382
310 702
678 599
414 114
486 683
416 155
559 130
698 675
166 340
13 395
77 107
183 737
474 581
322 655
51 148
354 113
653 445
77 229
576 414
11 228
86 649
517 8
844 272
664 232
53 421
270 982
207 18
740 937
880 866
110 886
119 593
211 701
767 396
303 89
886 647
709 422
249 556
275 609
57 556
466 238
380 123
930 641
833 900
763 526
758 950
840 718
57 790
129 512
139 173
437 759
672 549
369 400
212 406
561 740
890 720
172 869
915 969
954 155
534 913
122 84
718 583
190 586
609 410
47 887
663 860
957 294
760 446
376 727
403 417
114 941
741 898
483 307
853 799
674 892
26 229
854 16
735 142
675 719
786 403
217 978
267 429
34 764
624 115
973 386
220 661
702 238
209 424
433 420
221 712
3 316
639 211
593 319
682 468
817 820
610 253
306 386
285 620
240 351
694 799
914 118
150 15
307 451
742 516
226 319
665 456
179 122
196 889
602 172
856 565
234 781
42 296
336 652
730 890
431 955
189 64
22 17
504 518
614 335
47 64
349 950
405 888
969 708
730 54
644 946
608 401
746 895
767 226
666 440
396 947
459 535
449 583
741 511
373 690
141 980
138 214
624 848
313 852
43 153
654 24
614 267
837 842
280 805
554 97
378 442
968 781
246 707
829 874
337 393
438 755
364 941
72 934
193 356
675 669
337 278
612 548
566 159
169 330
555 353
646 829
22 161
795 140
824 33
810 897
858 575
661 393
34 58
431 251
158 535
822 426
940 967
277 895
731 850
849 674
3 544
302 986
423 388
441 25
245 21
85 304
418 533
621 296
25 631
582 456
20 288
119 624
999 399
958 519
725 883
338 794
309 735
277 542
48 148
829 935
961 997
744 540
647 661
160 354
359 33
391 517
155 46
963 14
74 466
161 534
205 138
56 231
160 891
770 243
278 67
243 272
251 11
334 13
633 567
397 414
766 711
294 990
97 744
180 805
446 71
384 224
577 535
622 580
112 251
85 664
86 372
690 305
979 157
892 926
8 456
949 88
765 375
490 607
419 225
278 293
60 228
477 265
14 481
300 605
551 761
468 348
227 367
645 271
552 475
329 379
961 738
433 517
435 686
490 976
446 486
41 522
172 310
631 639
467 749
72 954
597 819
296 300
188 323
293 93
663 889
448 191
359 663
258 901
255 45
217 274
863 937
470 105
775 562
783 109
893 498
923 782
725 31
738 354
167 721
165 205
40 210
692 231
433 626
687 780
957 319
756 652
719 10
81 481
388 486
937 104
979 46
173 911
682 628
354 151
684 259
625 606
132 472
244 734
787 346
313 749
616 252
440 385
821 66
710 270
470 582
813 542
832 222
28 452
583 206
77 553
895 606
415 856
537 454
903 313
521 654
654 161
112 122
616 928
327 809
56 705
283 56
635 420
920 552
168 518
337 507
317 692
169 220
388 119
337 522
568 201
901 102
867 492
121 750
536 743
179 697
660 726
436 507
340 483
105 383
708 843
268 876
702 678
565 770
533 419
197 682
931 796
956 865
745 438
405 653
244 12
534 199
892 635
243 306
202 816
212 663
606 603
297 6
163 36
342 556
606 397
546 204
358 958
653 751
545 967
50 712
331 45
411 835
7 68
239 283
503 11
874 229
96 800
818 620
378 954
106 45
896 301
522 818
690 975
353 96
103 511
843 71
617 780
584 527
100 72
780 254
248 588
635 874
764 670
76 644
239 442
687 571
388 131
591 859
529 878
961 361
807 342
493 609
522 989
49 616
206 277
132 715
692 40
705 113
884 720
636 63
537 327
605 813
129 578
945 928
615 839
188 686
337 825
537 817
353 260
475 92
493 935
713 546
833 27
764 235
458 667
478 627
777 473
37 798
692 574
488 704
176 486
179 7
556 971
609 984
662 253
861 533
798 952
858 155
74 304
796 433
176 111
395 861
407 849
313 436
216 340
550 581
897 791
786 841
836 424
328 790
752 214
120 965
217 464
826 681
937 372
203 768
541 131
987 618
274 537
831 25
76 799
775 546
804 245
85 982
597 891
292 223
811 580
20 256
839 332
38 138
508 53
501 622
438 488
800 253
111 799
355 421
410 212
88 385
333 529
969 492
294 65
276 605
172 384
549 458
213 584
86 733
755 908
513 502
113 827
264 113
807 410
502 576
914 621
223 337
511 644
18 887
179 209
893 635
113 304
243 630
175 396
291 854
704 863
511 65
233 313
537 616
638 147
76 625
818 754
20 145
52 844
551 821
198 559
503 434
981 377
71 286
970 901
39 506
285 130
70 152
700 307
809 8
421 144
370 797
648 153
391 170
134 6
783 677
325 723
748 143
10 639
493 58
428 273
577 319
981 51
926 872
564 863
364 407
18 624
980 339
863 299
889 89
420 362
454 799
301 151
717 440
591 143
671 112
118 936
133 723
661 983
686 323
404 895
563 887
795 734
182 622
691 694
672 16
423 131
635 609
70 847
773 608
935 119
462 518
147 58
460 767
644 372
928 156
493 603
909 116
663 199
14 84
136 412
731 278
81 538
819 429
676 645
131 780
282 551
136 754
833 690
381 3
244 227
266 42
290 183
564 248
740 370
685 783
961 683
147 477
146 487
518 294
579 381
130 170
717 117
619 745
777 852
790 556
142 548
822 747
822 883
688 399
84 353
903 756
49 983
511 933
604 260
954 992
962 207
15 733
844 726
409 36
447 412
287 292
467 528
655 631
653 810
119 135
950 418
997 574
866 121
668 356
952 555
32 660
764 759
886 268
294 464
530 919
574 72
640 744
505 812
87 299
137 675
168 667
253 667
222 664
23 855
735 55
683 433
849 832
141 339
231 376
181 784
236 935
969 615
203 929
17 556
819 92
904 347
431 873
693 503
709 865
617 379
940 746
598 321
452 440
220 475
429 950
826 110
678 676
96 298
179 933
102 135
177 996
895 744
763 331
616 599
773 304
449 689
24 659
779 240
919 176
531 105
855 1
179 446
713 870
885 937
159 191
998 853
133 276
817 53
813 851
514 837
440 854
899 561
319 998
514 122
76 196
680 507
310 392
265 124
754 523
598 416
829 877
742 187
603 409
272 654
423 417
960 693
646 205
546 740
240 356
383 133
32 649
477 813
425 422
310 295
685 784
920 175
844 305
251 897
416 971
4 556
207 166
823 656
211 139
240 311
842 388
622 585
770 845
522 454
150 12
965 717
309 768
214 507
957 135
926 557
382 428
245 912
426 138
858 848
156 794
518 305
519 38
43 647
633 827
86 655
642 578
350 866
229 988
936 222
509 436
534 664
709 794
359 900
950 263
588 643
815 453
417 298
437 747
174 201
477 278
471 457
396 646
729 967
566 69
317 866
708 894
777 687
202 392
264 329
87 992
400 528
700 574
752 651
231 363
717 51
479 517
641 75
745 91
302 409
886 97
378 592
426 401
154 42
465 735
68 824
43 301
260 910
113 624
335 191
301 842
365 28
83 751
999 457
804 732
648 467
952 736
894 643
815 932
111 178
584 672
459 894
665 834
700 402
96 754
680 778
775 548
786 516
347 925
26 893
568 982
409 20
52 17
499 723
257 354
715 821
48 651
694 290
499 537
983 904
279 444
216 304
687 618
552 14
840 789
96 201
519 311
437 599
455 471
47 698
40 458
498 995
58 820
59 130
261 673
533 228
248 127
898 657
357 213
693 189
716 450
802 554
464 428
583 555
792 807
660 725
275 761
876 870
675 336
629 523
987 987
682 97
780 355
745 831
429 560
787 755
284 418
539 953
359 555
746 987
42 901
954 451
332 353
170 332
960 179
676 318
824 636
152 808
13 582
610 424
219 396
418 306
918 851
752 365
299 670
734 583
110 390
468 476
772 21
439 452
471 601
274 292
76 125
988 830
447 391
102 971
268 357
143 468
42 6
792 464
231 507
988 867
533 83
280 154
351 680
10 342
293 3
946 620
968 121
219 854
158 189
557 232
650 735
543 724
485 948
347 352
422 562
524 351
194 440
834 688
659 14
404 42
870 820
275 888
577 250
253 816
549 735
58 579
85 581
401 309
989 151
670 804
876 231
605 465
731 69
984 614
42 72
559 915
561 66
29 795
876 469
451 582
85 78
457 202
882 726
92 909
194 579
685 673
474 716
798 920
946 599
340 944
392 642
370 112
404 169
171 4
910 688
791 135
496 247
910 279
131 338
638 631
683 279
788 444
872 683
217 362
520 61
788 753
161 181
640 432
69 464
356 495
241 515
106 728
823 547
412 537
79 182
316 419
928 284
216 211
64 659
799 53
498 764
401 83
651 407
295 172
579 632
609 978
228 428
197 145
759 536
643 70
649 175
662 761
610 838
594 406
764 607
558 241
506 296
651 957
390 84
710 749
477 820
915 786
668 735
387 522
608 891
162 875
251 256
974 357
93 336
904 530
356 25
898 342
599 300
212 562
17 380
912 139
150 566
231 70
268 126
954 60
256 995
672 252
37 372
126 196
234 392
132 640
862 1
395 814
389 133
375 795
853 475
109 401
776 762
280 80
568 36
22 30
261 302
128 46
474 905
876 192
155 595
485 33
419 849
911 272
193 239
537 216
860 940
578 194
376 476
438 762
286 725
960 121
424 492
387 741
6 753
60 167
104 595
11 351
178 227
574 213
267 757
24 795
312 296
813 214
188 708
934 238
974 35
411 231
645 459
937 814
676 849
208 178
751 253
238 782
39 118
932 503
583 92
652 395
654 457
494 364
934 223
930 356
498 538
366 544
309 233
788 999
170 497
392 734
271 726
402 329
21 552
789 685
620 465
738 173
292 496
860 923
124 436
870 678
163 992
109 533
542 988
370 273
637 868
86 913
9 409
181 357
217 1
866 325
840 567
966 827
486 233
302 601
317 398
695 540
742 69
479 979
804 632
933 208
803 709
280 449
984 15
529 291
297 566
155 320
628 26
78 310
113 582
716 416
789 519
932 945
800 18
718 152
821 153
211 43
336 453
470 321
360 792
640 866
609 797
228 609
431 837
85 642
837 338
788 947
347 333
146 15
37 912
900 617
998 415
74 848
505 793
499 695
183 482
660 251
48 259
363 888
315 595
61 883
700 87
920 953
913 32
447 6
671 234
27 239
227 614
702 855
681 592
612 498
412 706
35 115
360 306
972 738
373 685
72 420
254 100
884 240
814 226
389 280
896 534
797 9
372 686
522 366
532 295
454 300
878 416
610 105
780 398
716 741
200 836
504 708
363 446
491 252
890 775
152 129
262 974
344 719
86 334
228 427
176 218
11 579
416 106
211 699
363 131
842 605
196 817
558 989
472 471
785 593
694 62
410 567
307 352
771 746
908 989
869 318
492 343
230 186
757 140
123 112
7 333
665 191
484 254
486 875
321 707
272 909
966 291
726 50
670 985
854 872
993 561
184 799
619 996
759 687
295 944
764 885
592 964
619 816
737 260
290 149
601 953
579 924
114 958
936 401
994 257
382 76
150 799
145 264
435 167
317 960
805 882
16 855
973 877
121 762
263 654
986 75
356 491
438 818
800 807
467 152
960 226
828 301
728 677
871 474
635 873
564 435
295 193
304 451
905 67
731 640
114 754
365 5
550 77
70 76
191 232
582 322
990 407
608 638
1 589
395 763
490 669
350 113
479 534
609 786
940 865
157 248
229 500
271 234
667 48
839 74
243 495
317 54
91 170
403 503
21 483
730 773
876 172
609 889
371 789
957 424
900 984
669 185
232 680
832 70
3 90
841 206
977 587
789 941
477 111
289 268
252 655
206 779
27 567
392 979
693 402
143 98
645 852
977 299
503 865
317 566
938 206
800 646
598 753
387 671
884 563
314 795
387 816
646 484
53 538
304 791
357 517
577 501
934 474
14 169
814 202
526 435
610 646
149 955
519 528
21 963
969 568
617 613
648 224
229 93
755 694
599 867
45 273
137 359
767 64
376 446
704 787
