1000 7500
538 91
589 562
901 236
334 409
24 807
847 32
813 651
428 869
726 438
363 119
966 150
599 119
64 9
708 733
578 129
558 124
2 939
672 385
641 705
274 462
9 941
536 884
106 144
789 71
853 316
383 516
336 715
770 113
251 408
355 835
698 698
902 891
326 874
294 456
539 203
855 104
889 792
729 607
53 198
490 437
590 854
771 485
278 456
153 242
274 829
743 785
194 670
172 943
144 365
443 799
947 723
835 587
786 726
180 636
857 737
901 652
238 852
603 719
535 924
995 143
180 259
437 654
813 146
96 387
560 830
526 196
61 312
964 452
652 592
466 397
776 583
685 132
591 256
955 290
99 904
695 822
740 567
485 529
258 411
923 49
50 439
122 649
958 599
815 793
709 560
441 6
793 58
530 675
637 851
496 510
365 800
180 549
590 224
900 768
704 857
120 303
606 926
603 909
525 44
112 144
732 378
803 759
406 712
301 804
265 658
279 738
318 72
925 274
569 173
784 298
459 925
767 210
185 455
473 343
933 945
984 401
474 202
985 101
461 844
196 63
683 594
5 652
557 670
492 314
300 292
532 678
182 413
937 304
288 836
446 979
534 722
80 91
114 289
115 375
702 231
401 485
894 249
314 130
220 394
265 885
569 165
198 628
28 548
977 548
63 645
418 217
565 442
546 474
343 35
272 302
466 131
500 96
954 882
830 927
815 343
733 287
957 196
88 942
383 754
851 337
474 576
591 904
635 50
216 852
328 990
933 888
328 402
317 861
598 531
857 71
742 338
359 67
735 746
304 564
731 180
841 883
275 184
468 6
320 804
408 985
432 886
577 99
298 973
781 867
749 907
163 827
959 799
411 523
745 983
427 689
962 775
583 706
446 525
983 116
490 369
343 436
524 580
35 822
877 87
330 267
732 146
675 131
212 741
33 87
641 609
823 828
656 404
980 206
600 482
465 897
640 680
248 530
211 219
956 868
372 956
577 848
65 136
815 915
261 428
824 715
647 851
293 844
428 510
567 662
707 205
53 941
969 155
361 572
245 411
387 30
411 629
160 996
461 123
698 539
294 996
183 452
27 491
560 573
716 553
258 756
296 391
305 800
519 48
583 270
219 231
805 489
551 372
742 778
861 136
453 127
926 865
838 435
449 386
393 597
181 913
128 520
250 876
427 475
99 70
364 712
804 468
853 791
620 932
46 891
220 658
642 294
869 570
438 3
605 479
879 548
327 277
109 495
623 880
16 539
198 293
118 305
101 652
32 472
399 440
367 472
259 159
108 692
990 427
641 642
785 582
729 626
478 105
821 691
580 883
400 118
310 911
911 903
783 700
854 566
986 872
874 657
996 29
678 257
285 623
853 292
25 368
656 437
995 70
677 249
876 343
878 567
377 107
386 848
406 80
425 356
748 909
278 559
516 849
690 205
879 78
290 959
80 60
880 24
19 974
813 302
932 725
267 456
347 782
698 654
12 501
473 393
384 653
3 685
453 717
278 609
227 964
782 338
578 350
483 417
252 645
816 604
980 867
565 910
151 800
427 685
390 958
274 546
778 967
262 480
189 416
870 528
19 831
534 763
653 124
773 654
887 377
441 874
161 465
327 5
859 604
858 240
683 473
344 877
289 607
294 884
89 973
380 241
848 117
119 53
686 23
278 946
994 713
349 234
240 186
881 697
897 429
880 440
825 602
949 485
976 157
463 292
51 665
443 661
367 848
957 165
428 25
2 970
810 288
549 514
385 960
842 347
637 408
400 89
34 877
715 725
806 293
247 436
783 744
669 206
944 377
359 139
845 754
907 192
927 566
835 615
593 871
998 584
82 499
650 54
134 979
120 920
921 367
212 922
853 63
261 71
962 873
12 755
888 570
756 140
42 826
294 54
961 180
251 105
323 891
867 136
997 704
835 204
468 909
993 728
716 437
827 464
994 646
53 478
326 708
194 429
514 891
203 241
211 560
131 568
119 754
7 992
580 571
978 564
296 280
520 504
540 71
771 335
45 829
752 484
906 403
116 976
808 724
364 820
223 876
962 508
246 683
601 606
843 870
121 586
495 181
514 695
803 289
941 732
326 179
313 725
708 110
60 583
125 360
577 174
927 219
462 574
486 351
909 777
322 513
156 386
155 545
121 401
281 501
388 904
802 843
125 462
839 848
195 96
610 438
863 861
903 624
357 555
145 239
293 501
494 954
170 521
783 578
195 446
137 212
643 117
389 594
186 183
246 248
627 226
43 196
522 196
305 981
189 318
776 568
299 983
8 416
347 174
259 399
612 1
31 902
693 488
371 848
399 816
228 910
525 876
247 407
581 559
173 746
158 688
500 490
842 400
440 681
363 441
795 673
875 369
691 941
432 751
720 975
784 623
172 178
579 44
680 604
390 410
217 868
724 546
840 379
585 763
687 134
693 249
183 895
407 90
391 136
958 22
25 128
30 891
963 419
491 378
18 714
814 171
786 98
13 541
111 263
982 926
741 910
91 158
185 81
240 281
979 725
316 369
805 968
390 207
382 608
315 635
479 405
826 76
775 501
481 195
49 495
217 345
156 209
948 875
301 843
235 626
484 906
732 628
953 342
784 594
779 858
591 383
451 479
237 40
857 983
348 743
856 675
335 824
257 837
99 779
946 462
49 182
344 444
896 223
822 998
750 386
748 468
194 455
264 354
942 465
474 741
669 632
391 435
374 421
758 480
202 709
668 952
427 345
975 346
27 45
904 92
549 597
640 409
612 895
891 516
196 243
410 626
483 602
75 988
5 772
207 821
712 63
436 563
117 917
811 176
506 978
716 395
548 963
7 51
498 448
355 687
553 475
956 246
496 650
642 493
533 626
898 458
789 298
333 674
579 957
609 501
305 140
820 232
608 703
658 947
725 509
203 843
806 775
810 401
484 691
654 529
529 30
657 375
469 372
404 513
315 629
6 375
846 437
71 293
641 708
289 877
86 252
463 630
23 773
411 840
908 583
638 626
776 532
320 100
886 791
222 633
652 632
442 188
651 950
10 461
572 173
168 17
9 160
470 148
978 321
126 369
6 903
833 409
10 641
584 768
738 803
182 325
771 470
760 59
792 703
78 183
541 222
86 645
754 210
944 142
916 308
216 803
288 910
962 363
856 708
925 100
476 910
302 563
546 247
386 393
795 75
666 334
741 688
132 588
28 363
329 315
240 811
942 552
294 35
426 417
915 4
331 740
400 750
570 156
772 300
160 847
158 213
952 9
356 436
234 172
722 830
553 250
406 89
832 639
497 90
413 857
244 858
642 346
651 179
456 566
386 96
742 444
812 82
528 210
924 542
707 72
496 291
436 808
361 899
289 699
777 540
208 315
746 909
461 953
181 352
423 831
472 921
133 450
34 377
599 570
33 33
246 493
475 677
178 182
83 497
201 560
293 525
81 811
930 326
451 871
679 248
686 873
382 4
534 277
180 857
2 16
274 851
544 460
252 330
333 541
161 941
7 343
537 137
545 946
934 125
305 331
218 257
568 691
783 629
971 520
528 785
768 481
433 443
592 772
511 773
79 472
168 811
180 954
233 321
256 395
62 760
624 973
160 477
209 983
213 867
798 753
973 309
649 337
48 640
815 211
379 269
8 456
543 839
7 904
352 634
202 825
199 32
950 365
288 888
503 301
194 80
310 610
270 812
426 306
606 300
393 981
326 817
245 966
352 54
311 147
133 700
62 850
892 542
848 150
42 525
717 637
200 955
799 924
439 239
102 79
598 504
586 745
523 625
719 688
74 96
548 738
147 880
366 208
733 180
333 888
540 77
119 905
534 857
400 41
282 378
212 455
341 326
977 276
806 396
138 66
413 826
775 789
724 873
778 165
526 232
726 291
145 426
612 844
497 455
49 82
97 61
67 646
932 216
593 100
119 1
922 193
106 768
397 633
227 188
26 189
764 553
821 12
349 778
361 501
370 452
374 640
698 733
193 841
942 207
426 345
469 987
761 241
248 842
332 241
378 284
26 164
465 692
418 425
310 779
197 280
827 932
160 476
119 276
999 108
244 145
276 214
212 516
886 167
28 50
50 74
51 302
477 557
576 652
613 818
499 141
463 142
74 433
122 426
999 975
181 599
850 762
636 20
241 669
515 718
493 564
431 22
805 405
487 654
383 704
824 554
920 741
917 6
3 14
364 785
142 640
57 885
362 982
246 635
130 702
986 623
293 579
967 414
939 790
15 223
697 422
189 774
368 437
357 380
350 6
729 942
596 734
756 930
65 982
452 704
853 898
571 186
303 932
848 279
533 295
56 466
418 881
767 793
546 233
896 158
631 973
963 444
696 582
273 651
738 687
297 688
931 89
179 465
878 25
970 936
901 382
713 816
685 130
8 846
997 808
550 969
261 643
122 387
533 667
365 790
231 417
622 231
380 691
520 318
70 748
795 111
208 370
727 970
791 286
499 360
757 227
939 887
248 526
378 721
743 264
519 199
693 803
111 87
596 232
652 783
393 220
349 214
202 341
775 734
536 879
416 859
602 262
24 52
415 483
