1000 3500
248 23
878 914
720 669
639 460
629 394
554 628
327 649
808 340
163 640
200 91
168 715
980 556
831 242
72 577
868 285
17 979
328 83
385 473
580 472
469 788
173 574
640 236
198 587
19 409
197 268
238 83
338 643
964 839
611 705
841 574
134 512
468 367
263 62
442 199
900 876
776 619
401 565
181 1
378 584
945 763
628 756
473 619
254 310
616 753
714 744
770 304
975 504
359 733
140 341
511 184
610 98
18 335
818 419
786 241
498 426
587 354
726 360
2 358
521 717
416 712
522 614
834 104
646 275
173 484
204 580
774 30
465 773
973 58
762 887
141 897
867 23
659 915
309 286
93 783
253 638
160 512
217 382
508 599
814 154
960 383
289 754
984 7
864 545
493 242
513 375
830 382
159 876
910 539
817 696
326 918
219 259
159 793
291 599
274 345
775 24
682 660
431 547
838 589
764 73
345 33
305 70
138 526
587 180
251 170
977 575
422 658
920 173
905 44
889 606
982 296
254 509
417 794
541 232
484 537
510 8
832 932
559 76
409 366
540 282
463 415
196 130
569 712
95 295
321 606
568 940
728 897
617 301
20 731
41 328
308 945
145 100
78 418
907 256
12 909
126 366
8 666
539 175
663 127
32 511
479 389
156 512
631 439
392 213
802 14
604 275
77 338
502 834
732 165
886 723
957 360
551 296
437 273
126 620
703 694
974 206
537 711
335 646
439 178
319 916
524 217
671 669
555 46
494 756
221 678
807 94
349 102
119 605
390 559
462 812
751 741
113 616
494 231
633 891
832 511
957 643
330 7
612 257
503 922
392 900
17 312
628 411
873 144
488 66
953 730
566 771
91 249
768 950
885 604
338 44
246 812
701 750
7 688
572 235
592 852
97 675
250 721
974 430
88 285
24 942
352 10
896 301
531 118
647 266
877 429
709 946
577 543
491 256
765 852
654 359
636 160
393 374
413 10
404 220
353 93
819 166
463 536
757 273
691 747
775 437
604 284
692 399
351 39
375 485
208 583
936 309
216 890
838 89
313 391
224 216
465 24
395 390
371 490
549 788
93 476
885 439
505 177
512 281
561 126
989 779
352 656
604 965
333 935
938 879
438 443
987 250
817 298
933 275
305 554
554 715
287 782
873 765
922 842
440 834
459 525
238 732
203 296
208 240
813 962
221 263
808 13
476 879
958 901
992 28
46 22
480 348
25 482
835 736
671 578
72 786
474 452
655 153
894 376
757 670
912 623
922 168
366 961
766 382
281 762
358 351
268 471
39 994
176 798
296 846
292 334
576 491
429 286
611 748
577 422
929 342
103 296
858 56
234 889
648 349
966 726
561 945
889 382
508 818
898 67
25 428
518 204
548 855
646 489
446 311
64 425
529 57
358 932
338 642
686 895
600 806
188 308
570 731
933 592
514 28
46 651
394 79
485 788
186 367
658 79
638 275
46 355
250 424
794 134
154 784
255 598
186 263
157 96
343 977
525 429
457 841
905 599
438 911
673 718
266 481
608 14
217 109
356 261
66 732
343 450
574 415
96 349
646 265
866 766
312 380
662 760
643 489
462 624
310 998
939 282
152 132
992 438
501 856
454 989
239 287
906 562
868 194
499 817
59 91
475 379
455 660
862 991
493 262
406 62
129 902
801 700
701 438
589 929
116 106
91 755
86 913
119 695
919 30
327 848
129 781
346 559
349 71
36 208
125 892
439 424
25 931
616 36
352 324
858 531
496 614
818 251
746 729
659 831
560 149
709 569
795 336
475 854
366 519
571 66
417 158
558 506
251 973
624 37
858 16
667 342
795 839
312 406
93 524
681 989
23 645
648 412
430 834
261 764
605 211
383 549
508 921
655 57
41 960
642 140
100 58
175 494
225 91
637 132
294 583
555 710
6 120
246 375
587 271
287 308
529 398
539 597
205 473
863 150
356 372
229 221
818 584
499 229
67 459
712 533
185 639
602 853
17 575
966 464
489 215
213 679
999 257
628 43
729 614
312 415
15 731
799 211
254 276
597 670
2 768
152 3
105 34
625 454
136 748
75 570
751 273
844 345
190 688
487 184
533 494
280 283
265 551
74 724
269 332
434 413
262 441
975 239
954 155
32 692
366 861
598 278
764 45
699 327
314 552
324 849
470 176
72 763
256 653
384 765
336 960
351 186
447 263
108 827
952 707
279 105
137 549
794 191
481 762
194 645
829 730
311 816
794 33
342 993
464 829
637 338
417 560
546 550
131 595
647 693
686 814
300 829
283 933
570 915
747 76
364 337
802 754
923 459
154 731
869 801
448 834
680 150
732 742
142 145
201 467
957 339
846 934
771 133
327 459
686 205
680 231
480 107
434 608
564 251
543 83
880 455
27 470
732 547
214 238
179 877
511 823
165 199
431 162
136 798
809 949
340 493
194 842
396 420
329 57
334 43
539 206
155 385
925 127
451 66
609 468
537 112
404 174
440 171
292 578
820 443
681 691
917 845
920 871
967 935
903 404
914 493
318 603
726 967
955 827
133 936
292 796
612 488
315 243
637 418
43 637
865 682
233 23
345 555
659 859
12 716
362 204
115 506
216 961
855 930
720 852
624 85
297 261
786 387
916 388
324 535
868 777
46 166
307 829
604 481
810 83
874 25
998 974
699 955
302 350
525 13
229 308
917 903
192 800
660 252
204 944
709 771
332 439
168 320
711 472
872 40
194 42
6 761
392 724
633 333
268 843
310 620
90 80
61 727
531 899
144 953
871 137
765 742
647 825
576 827
53 839
336 612
958 988
701 116
9 567
527 759
132 817
321 256
983 532
522 503
478 943
440 181
201 509
804 95
817 482
548 28
16 217
22 790
506 259
337 469
527 241
17 757
622 707
604 776
788 34
450 365
676 443
16 904
525 370
175 369
707 675
903 102
420 139
494 578
991 766
798 126
282 173
318 552
719 844
527 811
403 815
299 337
634 569
818 813
34 893
669 732
294 450
478 208
961 298
608 361
558 378
280 601
662 613
872 491
843 244
157 574
801 462
606 667
625 625
713 746
818 840
667 355
950 869
758 784
726 386
951 480
169 702
784 352
958 478
512 491
221 306
432 928
769 800
735 982
524 666
139 773
722 550
608 806
218 649
67 251
177 96
969 47
530 172
832 770
524 149
857 717
119 307
389 972
709 626
694 842
779 965
235 168
662 157
122 234
540 122
436 965
919 85
310 210
27 620
250 239
596 330
932 824
408 289
839 639
2 977
674 709
878 258
479 35
235 510
329 390
374 952
34 727
726 421
959 23
675 365
916 38
84 850
614 679
223 28
374 452
902 369
180 702
969 919
405 68
9 392
642 511
61 837
159 177
683 40
542 731
207 11
517 466
449 242
875 266
130 74
675 718
748 704
557 821
294 862
721 567
256 337
774 791
967 933
191 456
170 953
371 311
486 247
24 891
231 492
189 383
236 808
637 865
576 505
250 924
766 762
358 111
254 306
544 235
741 87
900 615
320 145
35 255
57 584
206 765
162 375
716 629
307 282
58 698
549 139
153 907
47 551
582 365
214 175
749 503
213 451
732 832
663 576
676 499
36 995
49 973
156 906
194 779
215 728
900 690
465 277
47 28
877 191
699 776
459 716
330 323
714 820
938 646
946 717
140 818
228 985
524 814
892 223
474 338
55 396
879 999
226 527
253 345
50 394
935 501
8 177
524 421
296 620
397 879
721 873
832 548
919 993
84 205
580 662
601 599
339 503
431 240
762 338
302 849
155 280
549 430
490 339
760 405
351 209
653 159
703 162
963 529
915 13
248 389
314 262
700 540
814 193
880 191
137 439
760 26
364 769
913 842
808 831
499 197
395 333
902 159
287 941
729 731
234 800
798 88
139 2
348 594
812 961
526 176
50 504
426 381
713 240
548 883
347 804
287 324
416 271
602 251
699 486
88 167
464 420
441 757
417 648
741 523
532 310
79 372
911 980
310 128
195 727
332 757
705 560
677 211
354 414
321 820
209 736
537 524
188 345
345 356
259 512
295 258
559 472
776 327
884 417
917 910
334 361
906 898
889 234
689 332
976 314
909 397
456 777
478 365
131 431
246 772
628 715
707 963
929 7
181 170
210 106
344 720
214 683
954 782
511 808
549 317
112 34
951 579
236 912
917 235
842 559
673 774
609 790
925 588
359 565
65 826
411 340
284 845
568 984
935 499
234 674
451 16
730 828
389 817
431 359
107 555
847 937
360 714
210 82
345 390
384 916
607 883
939 310
176 144
30 823
888 564
568 175
572 172
690 722
230 290
250 944
667 223
221 745
187 438
16 14
849 189
675 641
897 435
67 880
477 458
721 810
195 122
17 871
217 750
574 571
472 642
739 733
803 572
263 447
655 56
629 15
968 914
383 376
222 980
275 545
261 918
701 260
142 195
235 823
264 896
347 972
961 215
797 538
543 554
123 409
775 656
586 218
628 407
614 59
389 169
254 182
697 129
653 469
675 734
504 67
71 543
24 522
925 777
683 2
145 536
356 262
839 268
973 541
817 153
