1500 3500
448 528
464 432
399 106
493 437
471 828
398 348
561 662
642 972
883 864
548 795
825 145
31 680
198 952
232 636
897 123
111 857
31 145
241 949
391 389
898 616
167 455
349 324
291 400
686 31
28 249
610 868
317 174
340 967
616 290
360 611
869 607
583 949
811 130
89 849
768 586
204 789
959 72
577 87
870 175
504 521
772 773
557 784
410 195
239 246
479 422
968 284
949 232
898 403
965 311
257 625
945 584
183 85
912 852
921 266
380 552
729 917
97 719
165 643
834 188
919 990
707 652
452 384
40 861
621 459
843 287
401 868
136 819
964 920
995 763
312 874
253 396
702 357
353 900
752 243
934 889
674 883
508 961
5 37
124 77
505 578
993 52
948 867
334 608
654 733
617 917
648 688
102 679
164 12
260 926
726 191
15 791
724 472
346 700
202 493
324 601
165 285
335 776
399 868
727 388
833 860
648 781
810 703
55 665
944 364
724 637
809 732
271 847
826 466
513 607
428 995
852 404
349 31
191 704
215 603
193 276
507 584
665 244
274 427
180 48
434 350
446 183
128 216
520 47
239 404
448 439
936 403
382 118
468 134
282 848
971 897
411 810
953 326
730 537
445 487
23 828
144 178
923 673
616 431
775 14
311 50
570 294
993 120
878 799
698 868
253 158
428 859
311 756
764 94
420 540
483 844
681 39
414 310
827 916
604 561
203 654
551 295
215 485
558 453
369 916
990 191
137 488
407 871
563 26
531 855
287 830
312 250
976 731
618 209
892 122
742 450
123 399
577 420
574 708
810 34
217 676
576 623
933 949
738 425
958 541
912 103
657 31
585 690
241 547
924 547
668 940
951 620
910 355
391 540
653 311
595 180
944 8
926 142
974 756
322 999
75 659
477 978
607 943
462 262
112 265
196 606
604 522
421 778
234 76
604 748
305 684
407 800
586 413
804 102
640 778
597 739
483 138
272 408
949 508
14 415
255 133
950 617
929 632
756 692
888 921
624 663
273 502
572 109
643 443
769 493
538 539
985 326
515 779
600 143
937 910
338 217
802 421
450 82
14 316
78 572
985 972
693 154
374 490
223 580
40 733
230 954
339 956
295 911
519 336
729 507
931 527
50 936
643 353
8 653
309 303
635 994
295 487
261 310
730 196
613 205
214 64
977 861
153 493
487 516
724 641
140 182
785 593
244 741
442 839
666 294
390 559
237 961
913 805
964 602
775 637
489 946
218 733
258 964
104 348
379 324
676 106
179 309
123 742
495 525
677 874
778 53
378 225
695 309
55 93
665 134
998 902
476 170
834 895
128 127
60 474
147 589
297 109
747 396
26 865
723 90
986 157
349 987
851 542
303 773
493 715
360 948
983 783
147 77
446 858
845 800
450 540
970 590
149 425
848 148
341 215
187 707
78 11
158 397
953 731
247 224
259 280
645 772
530 613
947 800
847 601
868 644
204 976
376 269
34 951
189 658
482 642
159 756
586 451
359 426
478 72
299 753
881 132
505 744
157 58
975 700
690 154
549 212
572 762
392 126
891 11
421 64
728 514
14 75
707 310
695 93
822 667
622 751
356 814
695 717
673 200
834 472
646 81
881 891
988 297
703 725
611 560
256 64
310 566
200 49
846 516
131 430
21 566
665 12
479 335
586 393
504 357
275 615
87 794
410 193
268 686
727 944
79 159
307 575
309 649
624 745
712 229
628 72
241 485
640 854
585 721
742 426
598 960
252 168
550 854
21 93
575 503
537 308
990 433
17 946
316 666
411 166
507 583
300 810
961 94
449 8
453 861
391 391
355 530
856 7
362 47
584 655
786 287
805 787
768 562
114 601
368 139
25 136
9 605
92 659
128 541
175 416
328 904
542 218
661 636
5 717
320 233
523 280
801 323
89 49
404 668
527 589
738 806
755 663
130 278
747 370
127 569
843 931
24 379
31 354
430 418
337 161
508 27
632 918
156 944
959 431
596 316
663 758
575 913
462 466
716 32
119 453
831 934
141 821
281 574
585 712
410 401
278 882
741 832
454 858
288 811
129 710
847 829
677 939
432 753
970 605
203 585
424 912
840 30
988 59
690 27
500 775
472 422
388 982
289 366
943 837
609 377
130 980
892 929
295 4
924 80
797 262
974 686
559 782
966 599
349 102
47 788
813 676
357 48
423 841
287 43
869 395
429 879
786 745
569 798
542 864
280 658
354 819
653 805
878 21
130 237
773 304
415 202
835 161
251 829
714 207
736 567
963 391
51 918
332 888
322 770
312 963
36 198
542 217
113 930
197 615
302 418
653 203
513 977
127 39
559 533
951 714
547 46
98 644
521 94
162 263
180 621
56 355
642 934
954 222
489 879
70 409
391 16
343 109
80 955
238 236
41 302
226 599
704 654
960 897
12 65
183 439
87 872
483 736
492 541
722 607
474 693
818 67
214 844
891 370
800 447
814 179
159 417
98 235
755 625
167 970
449 716
507 218
181 823
455 952
909 997
880 584
82 69
342 55
765 285
618 152
943 150
806 319
301 924
978 79
661 203
231 57
683 120
458 669
802 346
213 578
790 493
697 359
381 589
811 998
912 372
888 863
181 496
899 74
28 856
985 642
254 182
425 371
803 394
859 767
802 691
974 384
31 404
181 796
757 400
511 842
618 623
937 529
655 982
214 425
323 942
286 479
493 505
357 84
528 570
690 140
295 549
498 225
390 90
437 559
401 827
831 186
527 385
684 251
544 579
936 132
757 868
636 550
111 580
958 91
531 338
196 26
876 347
761 85
161 195
301 177
110 241
440 728
301 585
954 85
274 942
601 860
642 89
344 899
862 374
328 449
705 393
398 863
211 940
771 370
621 700
174 937
775 93
982 807
928 453
35 33
588 691
622 387
738 950
512 331
647 679
243 974
212 844
601 174
914 285
358 832
821 117
752 576
852 267
863 278
440 860
179 231
24 926
352 441
721 628
508 258
716 352
644 598
199 813
864 77
177 264
997 356
792 597
757 890
907 222
749 680
968 730
676 12
774 517
417 617
164 360
912 31
235 772
297 452
760 246
808 312
566 667
917 9
61 228
432 463
185 657
4 608
952 433
51 352
601 762
329 680
162 894
820 902
541 603
800 302
838 863
500 27
282 747
691 483
752 660
95 977
99 555
557 380
806 821
164 420
521 936
698 968
636 662
80 138
350 756
387 805
432 382
993 406
38 718
742 625
515 250
581 773
669 698
772 208
478 112
665 856
672 513
548 171
888 586
817 161
616 679
517 678
927 636
499 892
276 322
642 427
589 371
934 33
517 75
441 804
439 978
995 719
809 483
99 604
321 37
883 881
555 728
50 206
981 625
891 290
348 970
923 877
474 173
220 301
626 763
811 569
595 795
437 806
124 337
467 981
410 22
706 917
287 698
737 693
22 972
841 211
408 392
928 413
966 339
885 845
550 730
340 412
486 670
308 628
496 230
828 6
97 30
128 654
710 77
6 653
396 797
792 920
369 832
651 349
854 176
476 263
780 215
768 546
545 646
764 62
252 590
569 956
805 416
570 181
501 602
169 540
173 645
842 732
576 281
359 518
616 912
335 216
426 159
431 793
48 451
267 856
26 170
834 240
912 459
697 45
212 438
971 575
368 188
488 677
659 350
994 740
136 84
591 919
267 893
110 649
761 628
875 328
806 332
460 154
243 994
610 243
847 56
979 578
984 320
434 526
858 7
732 798
959 192
80 972
111 482
919 101
725 485
148 361
737 269
518 893
714 327
396 719
805 742
773 643
874 769
664 223
822 345
7 225
514 744
962 267
561 702
112 802
478 214
388 969
237 714
723 313
257 594
739 250
567 790
708 739
776 533
250 293
26 131
467 740
692 413
528 821
113 503
271 502
233 67
327 852
128 551
710 786
67 984
339 292
399 647
426 201
270 395
94 7
388 922
762 909
339 24
455 324
122 234
803 976
920 555
550 998
641 700
646 748
26 579
242 101
394 326
908 411
999 228
363 856
706 249
470 708
353 267
469 175
286 387
436 415
100 470
928 328
507 217
532 263
983 302
147 805
371 270
435 796
868 159
581 651
679 256
794 927
452 76
261 236
510 262
409 784
576 946
836 250
615 818
255 895
317 68
418 989
38 373
854 221
360 624
473 223
798 99
587 684
959 152
396 624
376 616
558 316
982 166
95 430
707 892
175 614
539 414
755 61
136 967
133 626
974 806
87 186
948 202
440 51
639 628
371 191
928 818
575 635
33 452
513 138
4 308
198 987
142 675
456 305
922 253
647 560
741 139
328 236
921 978
567 726
833 323
902 157
549 289
768 3
416 329
983 361
859 896
890 818
191 886
643 980
314 337
82 435
86 65
711 379
971 855
275 194
53 197
199 450
426 720
105 548
487 218
35 321
929 343
593 935
558 694
302 485
370 564
293 171
457 370
927 653
821 295
591 120
271 386
409 895
996 713
315 571
738 107
667 883
734 974
883 909
558 767
683 80
978 14
670 740
972 54
776 455
31 429
356 173
398 217
781 701
576 2
480 987
832 84
819 452
204 439
774 88
16 752
672 686
323 832
372 313
538 274
224 768
137 665
71 309
318 134
844 99
766 465
53 946
91 498
92 319
282 453
758 549
799 978
596 90
699 526
558 893
44 217
659 73
87 30
849 357
67 688
435 952
887 110
637 34
225 118
489 258
638 928
520 940
355 944
547 946
376 829
262 359
687 642
737 666
313 28
684 25
177 106
418 562
489 168
557 178
798 498
972 802
487 200
451 733
749 623
418 975
466 417
644 6
429 114
341 292
422 570
631 896
308 197
776 463
979 644
171 739
37 12
817 667
419 367
517 248
612 226
645 783
808 650
8 751
776 982
898 367
81 348
136 966
938 846
652 715
107 771
9 557
653 426
691 615
56 578
856 450
205 474
548 430
461 532
170 563
595 291
288 388
639 261
12 300
350 213
73 27
36 90
429 392
529 360
301 281
663 34
208 210
731 851
314 904
317 783
608 694
442 662
835 914
572 503
439 13
534 532
470 856
583 799
99 741
156 690
940 404
944 111
199 217
851 875
304 11
689 364
144 362
327 154
787 639
271 7
465 388
865 507
603 837
975 540
807 328
878 540
110 846
860 408
747 593
18 231
995 666
680 241
976 284
854 301
567 655
92 696
449 495
433 568
102 563
61 69
216 463
951 146
630 898
95 330
860 231
103 73
67 386
81 183
756 395
251 129
268 20
290 559
2 906
128 360
246 480
497 374
338 698
314 559
854 979
282 451
400 19
533 355
766 975
168 920
953 471
198 300
632 394
731 49
681 699
327 162
45 399
819 670
624 30
471 633
134 215
913 165
60 223
770 971
345 63
308 13
507 487
119 92
182 341
583 894
419 59
379 774
624 781
614 354
894 235
302 550
395 100
553 591
241 294
123 573
455 588
536 438
487 854
676 486
75 728
178 254
436 106
933 675
677 309
106 983
587 114
322 154
553 711
956 468
287 647
628 403
931 289
92 982
723 643
793 671
918 620
960 279
120 380
769 424
840 781
155 93
595 334
540 416
376 540
521 476
648 268
398 351
369 240
212 389
398 956
416 692
750 258
951 439
870 261
596 133
148 95
854 267
118 564
829 223
765 407
792 275
380 321
157 444
246 794
736 326
430 804
65 938
402 957
667 234
150 956
5 717
386 439
370 155
771 407
87 773
609 496
975 79
815 709
59 138
541 948
144 677
219 146
676 752
993 956
754 427
679 877
307 932
939 371
98 687
825 903
780 388
532 999
744 64
126 180
23 39
410 815
627 8
205 941
449 8
326 887
430 920
771 225
749 17
65 498
673 177
598 644
397 468
777 667
870 687
90 56
835 309
651 228
273 921
880 760
893 110
131 127
692 203
440 831
901 303
405 120
111 996
391 844
364 98
273 128
144 255
392 761
56 455
864 460
294 608
157 13
598 389
840 990
57 378
742 829
173 613
919 767
95 461
84 2
505 709
834 365
192 325
450 5
149 152
447 386
234 683
723 915
93 192
728 20
827 843
741 373
408 233
710 525
869 693
742 649
865 269
642 12
511 663
404 395
169 675
116 177
43 898
962 684
890 103
868 591
476 289
253 435
222 728
770 969
276 680
276 190
46 875
159 853
72 58
460 714
370 377
94 975
362 758
417 589
479 585
38 602
74 584
236 485
583 745
992 975
7 872
932 953
135 650
502 380
123 763
636 159
898 644
70 313
564 799
321 181
280 656
411 973
963 79
54 81
529 614
402 211
267 284
384 950
989 36
766 293
324 869
799 671
36 280
516 203
131 631
906 656
488 174
378 431
156 163
155 25
816 24
777 297
269 601
201 78
729 347
217 466
378 397
110 358
619 66
653 544
328 118
845 301
712 831
657 148
958 30
439 338
570 821
316 511
67 276
656 411
468 526
350 855
712 302
863 254
990 538
357 455
929 892
343 561
979 232
218 104
885 199
308 274
218 609
49 21
24 268
896 168
345 305
656 944
974 665
631 254
933 627
897 192
239 93
694 330
63 581
726 1
470 684
378 493
753 831
53 49
589 694
173 744
300 471
459 562
643 794
912 862
850 67
251 159
727 243
461 990
332 748
588 28
663 550
890 761
994 274
185 558
341 538
941 306
240 941
489 284
75 58
352 420
563 945
915 936
426 580
571 556
171 647
801 504
912 25
794 846
852 889
930 464
345 367
584 976
744 246
914 868
668 238
456 353
396 373
179 675
119 943
753 783
374 327
990 63
205 122
711 218
337 23
896 685
304 126
368 216
271 214
643 710
74 124
29 776
