1500 6500
584 758
874 948
24 743
124 725
954 197
35 160
241 138
343 978
119 525
581 557
903 454
803 782
840 899
117 972
371 912
920 730
106 176
924 823
835 22
57 664
24 511
698 867
350 252
559 530
93 834
485 351
754 673
637 498
672 658
804 88
254 567
271 77
932 751
524 966
310 111
529 33
66 63
611 434
958 393
661 165
300 674
346 265
389 709
199 449
291 351
586 635
580 784
117 534
886 525
314 471
820 231
650 5
319 632
128 653
998 864
756 754
306 180
861 970
659 444
637 955
104 268
730 225
738 990
616 923
436 446
683 374
695 308
962 260
354 386
4 101
978 413
984 858
257 862
607 593
203 816
763 378
36 396
5 87
313 938
131 552
242 732
87 673
143 10
883 222
983 35
893 369
493 128
151 937
844 243
887 659
119 144
700 39
412 597
747 592
766 914
135 743
676 529
175 281
502 636
800 343
251 12
679 947
949 529
443 54
790 803
764 946
511 588
175 69
717 224
686 437
47 2
57 410
222 908
415 57
599 173
975 230
714 950
523 283
853 205
153 822
744 626
166 629
913 36
995 186
47 734
404 294
367 37
393 65
400 559
67 263
342 453
2 127
655 738
345 418
434 383
710 552
958 865
966 230
449 83
329 446
533 160
208 730
590 592
293 54
893 47
837 679
86 343
43 687
472 219
815 831
538 548
377 18
501 119
949 920
354 369
564 507
533 475
992 531
397 98
176 652
253 264
777 49
669 317
989 619
469 377
815 784
939 449
579 595
390 504
301 908
781 768
242 550
365 154
496 416
376 964
22 881
778 101
842 429
604 328
217 92
136 324
257 63
373 314
170 46
518 834
458 754
440 730
19 969
805 763
125 489
822 362
121 402
318 7
14 218
724 516
932 292
425 755
628 80
932 833
792 645
598 736
29 278
67 69
286 942
404 96
744 754
525 702
651 609
420 57
558 996
135 290
765 441
872 91
651 311
307 569
285 237
989 869
16 677
911 85
858 6
488 343
760 666
398 811
785 375
127 548
446 395
338 610
670 249
297 117
892 936
260 382
915 599
89 306
340 356
139 250
602 556
301 373
760 492
601 266
902 944
643 977
75 883
174 714
547 135
12 727
797 543
67 309
957 588
183 682
489 179
856 444
269 431
628 429
588 334
346 350
774 649
568 141
159 945
156 28
788 654
87 848
967 113
485 684
892 429
330 323
181 580
512 803
244 428
180 291
986 659
629 487
163 611
996 727
969 824
897 313
126 894
825 473
644 658
88 198
726 889
974 77
133 817
195 145
304 167
777 990
776 42
38 431
503 199
72 634
31 284
300 35
911 910
258 917
849 925
967 416
45 796
122 977
2 858
655 494
492 600
606 731
28 508
731 670
510 627
281 916
694 335
899 976
783 179
871 736
510 143
932 309
21 424
610 840
458 31
538 900
280 669
581 503
823 327
430 350
109 774
727 344
499 575
361 799
545 98
470 159
33 378
886 345
595 876
373 121
734 619
647 770
47 722
683 825
301 977
582 941
66 801
197 642
370 334
485 980
786 80
120 175
799 126
812 310
254 285
275 979
524 456
654 754
263 997
456 233
307 614
696 780
375 569
36 116
32 989
543 859
788 43
861 549
562 639
482 998
758 531
819 823
621 690
719 264
877 285
56 349
643 837
648 226
526 265
519 923
950 766
100 932
884 607
927 765
587 83
148 567
42 136
26 552
277 799
2 428
610 755
703 138
85 522
244 503
81 441
77 284
743 537
550 832
31 986
594 379
731 69
370 499
243 38
988 588
493 292
830 341
446 219
707 649
843 249
597 116
504 890
480 915
984 247
141 390
949 239
846 466
422 519
849 894
8 371
97 62
691 797
561 888
529 11
441 730
281 609
606 101
127 318
103 783
416 842
698 63
893 264
701 143
623 48
423 159
710 571
461 562
521 373
422 437
306 604
255 132
465 746
272 986
435 762
275 566
43 801
948 177
14 836
952 523
483 58
11 336
32 997
783 691
975 742
317 586
607 662
421 281
446 637
472 654
354 454
713 389
779 35
658 500
965 165
480 871
740 212
232 765
369 427
734 698
75 273
176 792
654 644
864 342
892 139
777 339
290 504
557 500
835 633
57 846
618 610
35 91
982 869
219 332
971 205
588 152
423 459
743 375
656 533
858 666
613 330
542 997
602 470
147 153
566 615
452 652
917 900
632 566
539 760
91 622
103 4
946 823
750 66
590 936
627 636
317 818
324 735
862 355
12 789
299 3
985 478
726 421
415 28
487 531
215 647
904 638
462 808
957 92
287 523
742 396
988 176
259 67
359 893
939 651
482 501
320 267
551 499
988 153
844 338
247 250
345 731
965 100
890 971
730 818
395 969
518 723
953 558
165 716
891 259
825 690
582 741
704 334
874 651
681 76
874 674
568 717
872 785
583 21
919 658
304 16
520 133
689 478
824 182
345 732
79 771
252 75
861 13
445 33
564 961
17 817
935 370
275 132
796 540
715 359
731 340
656 10
609 484
825 751
363 606
628 963
139 385
520 154
253 717
315 949
797 474
8 586
707 250
513 71
776 597
34 197
601 67
330 97
980 706
157 754
103 807
67 740
817 8
621 917
483 360
485 315
377 260
679 941
454 697
226 177
312 69
282 138
961 835
361 667
786 908
586 106
139 621
85 8
846 959
335 598
179 225
273 851
871 374
193 404
228 192
43 575
316 917
986 93
455 433
363 790
387 788
124 83
688 223
181 177
499 533
268 265
883 434
534 203
416 85
832 439
334 305
269 248
560 478
58 562
488 471
336 103
541 752
19 654
191 372
417 905
355 286
751 813
237 968
893 991
834 823
896 145
82 101
842 533
829 345
289 471
801 625
455 744
188 684
594 648
603 46
422 359
845 958
15 336
370 60
394 346
781 983
721 647
745 64
65 864
137 445
845 22
440 28
752 924
823 528
893 386
182 836
608 160
281 568
343 43
709 551
238 994
237 215
983 62
121 210
627 854
776 322
115 198
790 124
281 252
782 561
636 320
77 553
891 314
651 880
841 26
694 436
127 131
811 786
632 57
14 23
501 120
455 180
93 973
583 174
643 65
260 766
931 239
489 689
981 226
521 683
987 239
789 10
323 376
955 167
21 572
307 564
558 588
118 799
194 432
927 183
717 881
416 868
520 775
55 412
864 581
936 671
753 182
566 27
935 7
640 375
45 779
400 264
393 774
250 274
65 866
543 720
794 686
909 545
491 304
483 633
110 99
278 737
410 933
864 104
423 623
717 272
766 110
463 545
151 374
724 838
946 944
414 281
323 51
187 855
765 629
457 90
383 698
648 452
452 386
773 457
271 330
2 274
824 508
981 487
942 676
533 622
914 693
709 66
540 90
492 174
677 438
158 862
736 346
92 652
71 448
784 243
652 259
966 442
499 136
605 947
321 233
374 153
238 358
251 214
587 755
632 186
779 362
680 22
83 356
442 852
268 246
448 956
824 493
718 416
137 873
894 876
762 775
584 305
97 529
409 794
402 1
211 324
474 836
739 784
973 307
401 88
847 392
915 491
416 768
495 931
4 14
185 514
713 428
824 432
158 90
528 788
137 445
557 166
702 125
408 495
50 306
68 971
576 166
635 896
467 79
144 735
828 353
243 265
355 691
785 191
746 252
235 871
261 116
793 630
18 296
290 855
973 369
853 460
295 157
575 333
16 747
1 182
555 56
505 243
778 514
984 75
192 896
201 236
737 378
405 591
439 276
204 517
936 758
261 549
381 382
345 389
565 12
638 404
61 342
933 703
157 809
155 952
305 842
304 596
258 833
985 146
579 99
478 702
751 901
82 296
322 855
231 300
775 811
85 524
125 717
299 316
99 903
185 597
101 701
470 272
531 744
705 471
510 736
520 806
494 745
42 745
213 392
856 915
361 286
527 37
412 624
636 769
337 798
418 24
439 602
40 462
271 616
124 848
248 394
901 622
64 347
636 940
708 258
804 129
913 326
45 9
821 7
866 783
929 651
275 73
165 615
851 441
279 58
746 583
807 168
464 185
548 866
412 528
317 115
297 650
820 108
408 982
350 916
933 575
24 271
234 213
725 855
876 69
137 263
409 80
822 503
347 491
705 279
386 614
72 251
612 713
880 671
987 289
47 884
318 809
353 769
896 506
603 563
15 679
103 691
11 977
344 3
751 110
846 730
949 819
252 256
203 622
908 163
601 780
191 617
5 70
110 118
338 246
603 511
172 47
570 869
575 830
305 508
120 426
958 148
731 373
941 991
269 840
303 626
884 623
124 629
672 748
841 389
819 981
252 934
283 938
642 605
123 359
91 678
637 200
418 416
408 723
321 496
14 887
906 206
9 853
221 404
313 15
876 369
823 142
522 373
781 766
537 589
234 885
21 353
342 453
116 213
62 88
619 56
680 553
869 468
812 367
712 575
51 459
828 973
706 336
162 411
850 232
705 670
611 980
471 388
738 382
381 383
53 549
735 314
558 845
91 921
67 40
947 721
290 351
212 564
313 353
77 236
946 631
550 31
694 817
306 338
394 679
186 400
341 714
851 520
953 843
199 905
79 66
294 479
578 572
833 110
863 845
112 692
372 108
625 320
327 525
943 502
194 599
593 861
891 642
45 704
820 991
890 150
658 708
499 256
182 977
431 507
786 565
189 484
97 940
529 956
390 698
795 157
645 277
316 862
36 300
238 876
294 353
86 810
416 777
96 890
897 459
780 674
566 572
753 750
239 482
840 888
876 424
616 387
34 982
270 848
804 840
899 795
931 695
610 763
300 234
55 496
262 175
371 958
207 82
648 655
17 404
594 788
910 646
321 990
550 261
531 764
38 838
307 595
797 93
926 280
995 602
140 215
156 22
950 457
452 6
834 266
77 226
49 591
88 476
629 101
711 857
488 680
86 471
877 713
17 344
270 529
220 874
315 134
256 536
568 10
472 358
619 963
881 792
833 606
157 869
944 553
302 573
335 201
682 936
592 244
663 30
768 817
615 304
45 422
371 710
59 74
390 918
306 259
365 799
446 422
370 947
435 58
696 673
835 658
800 151
389 423
167 303
359 714
825 295
872 477
727 15
148 584
770 969
849 381
765 427
388 919
33 438
440 613
820 59
41 486
555 875
406 615
788 578
829 119
641 467
827 385
92 802
497 331
951 742
932 426
832 533
977 781
979 318
658 261
274 354
935 45
193 984
859 738
741 305
906 385
601 466
742 242
674 263
607 736
230 580
308 778
419 210
866 266
436 773
764 555
122 399
971 869
619 590
32 679
488 461
906 393
432 854
560 816
775 998
461 504
487 647
278 361
738 342
639 145
849 843
693 689
256 297
874 488
117 453
365 535
859 128
643 952
663 883
988 521
987 652
98 848
987 197
331 447
422 224
762 573
72 848
170 762
293 155
703 801
102 937
523 510
632 952
317 674
20 501
843 800
157 374
969 161
471 543
615 439
31 18
942 580
712 773
451 516
145 114
163 795
960 777
638 773
868 68
82 988
548 598
951 129
340 517
994 295
327 90
968 234
740 798
676 494
573 135
899 233
22 301
111 124
972 883
652 257
956 475
124 802
792 37
732 85
1 278
354 28
365 778
773 415
527 92
528 378
913 38
201 449
500 122
607 97
465 721
425 752
332 28
222 890
338 510
16 4
326 803
541 430
601 678
694 260
940 481
169 26
459 245
930 860
781 532
286 453
255 959
192 99
137 720
828 219
777 797
739 392
491 694
108 901
4 712
460 27
122 797
207 847
230 905
712 212
344 95
41 739
932 591
901 861
720 419
777 998
251 394
322 339
109 59
320 541
306 245
177 484
403 839
817 527
93 249
774 706
461 116
973 85
528 650
301 456
835 73
251 920
222 398
285 544
80 155
859 839
388 847
128 703
236 9
36 670
183 531
842 184
525 330
745 898
559 618
224 150
730 849
303 397
387 697
851 522
450 10
899 253
807 544
337 235
979 982
14 70
218 382
598 623
405 465
662 550
435 893
24 268
497 581
39 860
201 131
940 392
750 683
10 540
275 376
71 72
423 228
199 53
729 192
936 47
133 742
749 809
486 804
692 412
807 744
948 359
439 950
535 10
398 797
708 14
461 725
695 129
554 92
844 692
497 442
455 244
823 723
856 167
77 208
758 636
723 276
834 487
453 535
270 22
865 994
492 229
745 406
850 837
343 264
893 206
708 18
805 562
54 845
5 580
771 402
492 276
16 391
625 364
772 534
454 720
846 367
515 84
919 335
812 131
657 53
183 59
630 357
274 128
726 6
558 113
645 560
675 581
222 666
454 102
51 229
986 184
46 504
358 75
116 306
965 486
770 782
248 166
993 785
616 5
712 617
360 719
897 403
9 464
878 827
495 323
638 488
437 852
582 761
848 903
942 285
490 842
595 418
263 262
367 230
859 110
262 277
860 590
999 467
155 918
779 345
623 71
157 676
579 65
415 985
566 351
112 121
812 521
779 367
724 45
884 755
971 141
532 353
166 821
58 394
285 468
11 915
485 825
157 128
547 390
892 587
282 136
52 604
143 522
983 583
824 187
243 869
694 101
741 160
797 615
959 312
851 713
778 618
381 23
480 553
254 166
10 999
212 32
641 762
262 967
505 429
991 320
820 273
462 631
657 561
548 781
473 986
555 684
478 768
867 909
663 463
119 964
806 455
80 702
318 997
449 639
675 879
756 995
267 213
861 609
353 234
203 688
542 206
410 69
853 632
925 18
561 332
379 35
140 448
574 223
290 562
170 774
454 791
997 634
821 20
64 294
576 631
