2000 97209
58 397
936 98
321 658
482 53
292 117
491 428
162 725
337 829
118 734
959 972
542 919
448 835
970 25
775 3
443 934
181 387
751 596
4 830
52 754
565 199
359 549
482 224
886 457
313 449
561 169
813 179
145 982
239 256
870 642
37 826
441 909
433 266
156 645
912 470
246 752
940 23
360 431
665 506
194 857
593 763
436 625
499 757
240 748
574 987
143 881
978 296
368 593
410 87
823 711
119 361
525 411
462 837
520 825
73 629
561 468
420 814
695 855
200 819
125 310
968 378
130 308
923 646
999 236
494 305
716 693
852 249
573 504
286 227
802 270
465 540
573 749
392 232
421 901
649 390
456 849
412 467
152 424
814 280
156 159
783 515
885 572
368 675
708 608
597 875
726 47
652 58
858 483
90 813
944 801
229 75
627 763
587 16
24 535
574 157
486 283
983 272
393 340
182 240
821 628
367 43
67 530
582 182
708 383
246 788
596 803
749 517
765 499
348 114
24 734
118 534
671 771
627 161
88 103
578 253
852 133
17 582
859 946
635 3
581 744
958 712
65 223
660 523
845 166
161 733
220 564
504 645
728 89
393 457
781 339
218 670
709 529
828 363
7 283
737 259
539 536
940 772
184 278
231 170
475 618
938 501
99 830
318 396
296 523
604 385
84 680
17 543
328 515
976 644
883 901
269 866
694 56
10 265
398 259
752 272
924 695
636 730
506 17
156 412
53 958
42 643
80 60
717 674
799 406
944 915
779 455
50 529
58 816
464 424
606 318
426 753
199 981
524 575
906 896
135 653
48 84
753 591
777 400
29 619
911 939
843 382
502 805
772 741
433 162
713 978
287 505
533 23
14 808
958 606
126 981
933 901
847 547
15 671
978 739
654 828
543 628
791 372
316 837
921 68
250 508
962 735
841 428
369 478
228 112
784 84
427 978
431 794
680 899
775 132
305 926
643 290
23 92
457 570
440 887
916 205
705 467
640 608
674 191
920 665
855 285
305 629
892 829
572 408
862 112
594 373
884 239
590 415
874 314
709 575
823 394
959 308
985 680
169 838
794 607
713 427
53 842
937 37
582 388
750 326
722 515
597 339
630 731
343 359
485 688
551 954
652 344
891 114
808 722
999 27
238 129
45 331
592 391
689 963
504 480
234 574
451 399
734 440
483 865
62 641
838 523
308 946
915 118
691 998
439 322
804 373
96 44
524 278
864 383
793 259
713 95
442 588
502 55
144 568
981 851
315 691
911 396
871 929
894 845
139 711
9 165
713 694
827 542
135 111
931 34
313 572
449 915
906 17
941 276
380 489
438 747
165 168
806 273
212 832
401 884
551 957
703 777
913 378
414 930
149 275
923 36
44 695
241 915
427 541
414 953
253 488
785 837
37 486
545 409
532 666
517 527
839 944
828 709
463 916
513 264
966 811
665 244
233 485
810 135
448 997
919 578
480 419
525 426
923 551
98 760
940 634
142 568
640 890
981 409
84 465
74 272
665 44
808 599
462 519
745 61
583 450
244 143
954 103
665 718
679 946
215 47
786 257
560 232
107 568
228 671
293 996
988 654
914 842
828 62
891 624
211 117
902 175
703 852
830 807
624 316
224 561
691 416
333 142
462 166
237 621
690 691
148 468
552 273
314 203
188 332
621 869
724 492
259 725
836 570
224 134
933 19
808 559
641 714
527 5
518 136
166 963
242 904
283 630
485 914
939 415
606 541
881 260
544 613
547 44
495 773
327 391
106 202
516 425
192 38
103 980
94 982
400 333
686 860
827 943
518 974
10 830
870 799
430 526
387 154
600 582
99 332
471 75
964 160
405 956
675 10
81 982
916 271
773 97
866 868
189 504
182 791
338 155
130 33
586 750
235 991
49 200
165 99
637 863
942 177
334 535
942 136
253 382
450 647
196 232
455 808
441 436
264 25
650 271
784 402
432 753
743 572
946 11
569 899
344 277
325 543
184 301
260 721
845 780
266 940
298 112
696 339
224 699
64 432
787 391
915 247
444 36
201 138
323 983
230 57
568 962
47 134
62 660
495 245
134 840
736 881
511 314
705 720
920 932
91 260
990 835
85 835
60 447
149 223
885 352
669 708
380 70
907 229
95 399
544 408
989 352
170 206
585 943
958 575
444 431
554 4
613 236
244 525
153 917
501 564
10 613
372 637
537 962
892 231
989 104
847 698
878 776
686 870
789 131
835 179
417 300
708 805
298 938
180 983
544 506
627 500
812 731
639 155
422 148
196 798
929 452
679 352
937 315
891 212
448 970
971 283
88 184
336 694
704 680
217 786
574 131
709 24
259 408
25 156
57 809
968 643
240 699
63 254
545 994
347 631
312 229
106 362
718 400
311 585
198 179
674 141
205 522
110 279
859 349
753 585
214 585
914 312
9 581
328 864
983 591
861 684
567 337
878 788
804 998
785 709
955 192
432 427
406 760
13 561
74 422
162 201
192 336
436 732
842 436
712 591
674 250
443 180
157 781
478 469
842 108
999 676
171 723
647 827
606 948
245 331
728 196
967 297
951 825
955 897
85 511
850 641
167 310
725 80
419 157
93 740
785 590
209 897
490 661
547 980
581 767
777 746
994 338
934 679
114 760
313 196
831 357
921 807
158 635
717 944
652 869
200 163
665 216
350 808
661 203
120 397
743 194
976 211
550 741
703 277
427 529
802 465
374 92
511 272
21 91
888 772
16 693
752 663
3 8
238 523
179 775
399 546
263 5
689 815
624 644
846 787
467 929
93 819
281 711
410 153
169 684
375 616
835 642
97 544
928 97
207 818
73 339
317 206
365 477
272 737
445 77
567 307
568 114
999 537
221 380
964 850
174 161
476 692
682 351
429 754
383 915
923 53
578 979
201 254
175 177
631 737
201 723
330 709
374 62
975 104
815 128
962 504
22 969
943 985
170 269
115 512
156 692
725 180
784 261
422 237
778 653
862 409
465 381
176 808
236 529
548 134
806 147
964 510
355 384
567 706
529 930
20 348
705 680
915 592
803 291
886 381
202 398
374 358
379 496
958 855
628 326
259 631
747 135
203 515
112 249
204 822
948 974
745 595
914 642
34 884
658 787
389 194
132 768
832 483
431 964
258 323
209 4
652 352
600 893
382 53
239 281
163 109
359 209
443 773
767 815
948 88
660 378
214 266
20 472
54 846
340 321
731 520
389 955
129 520
714 354
694 788
507 939
410 396
730 689
309 963
758 909
510 360
455 279
194 306
32 848
248 468
758 671
43 206
188 255
465 629
691 18
930 327
631 312
962 622
973 758
13 211
94 804
64 130
648 657
736 788
428 189
830 569
58 934
533 839
25 723
857 6
201 333
658 236
866 90
331 79
200 407
465 324
933 808
625 442
720 887
422 536
308 311
242 438
507 645
534 919
376 942
890 400
294 565
392 67
904 493
852 606
169 132
600 256
778 92
432 129
13 175
73 935
603 474
51 981
383 231
642 120
638 771
676 356
160 173
339 260
306 930
264 282
399 960
284 567
918 796
549 151
15 882
699 475
9 326
43 921
76 331
110 73
896 383
332 763
464 321
606 650
777 776
983 936
62 569
957 189
247 842
892 666
928 806
697 605
286 773
372 800
36 379
985 186
836 741
565 532
462 361
748 73
4 778
212 717
17 672
982 293
903 875
700 96
970 933
656 121
510 495
998 74
661 41
756 120
374 57
257 151
500 600
622 452
134 450
906 949
727 920
486 30
709 325
707 982
704 120
58 604
941 583
493 752
764 450
197 422
843 802
239 220
949 919
765 214
350 912
60 415
595 673
749 519
125 921
977 883
230 671
945 220
893 855
88 80
629 611
262 474
411 874
266 867
961 352
379 904
979 613
805 81
320 104
201 995
849 425
530 971
854 804
536 703
673 147
184 926
145 464
829 613
288 754
447 150
450 311
219 517
17 592
240 896
445 816
891 859
376 48
363 249
649 908
126 94
47 458
386 238
599 816
85 751
115 693
817 998
462 951
646 93
511 818
629 966
598 388
801 410
558 874
229 249
308 769
282 481
421 559
146 109
381 878
488 85
818 410
521 242
73 330
278 599
199 194
2 441
124 823
611 65
496 106
406 412
921 294
458 446
36 238
105 907
836 689
702 675
558 719
656 310
688 52
848 548
361 705
155 869
568 299
781 938
232 773
807 29
238 154
162 243
898 981
363 308
641 743
533 76
196 174
253 127
469 106
402 8
869 794
356 965
272 882
290 940
859 227
721 687
675 906
611 92
627 899
154 637
771 212
908 951
844 115
187 105
783 895
990 415
623 839
103 940
606 671
653 243
112 778
350 705
759 731
445 536
708 998
272 683
414 779
926 399
748 898
195 459
656 37
20 361
991 195
605 299
712 796
207 766
9 110
630 356
961 505
782 588
835 920
154 772
870 729
751 187
544 639
722 688
782 810
129 288
586 961
479 721
762 280
767 920
24 962
502 26
257 854
617 779
261 592
981 470
86 672
87 807
374 837
543 289
54 958
935 652
349 975
563 381
534 193
41 936
569 654
784 21
551 509
631 186
627 34
503 945
291 172
661 933
869 512
707 296
148 661
938 962
296 568
636 341
488 459
255 167
748 743
188 340
113 412
750 413
958 366
412 379
858 545
817 929
418 287
600 772
551 417
836 604
547 212
406 391
87 140
407 831
772 795
588 215
387 673
974 649
873 288
302 789
352 812
564 355
999 40
839 749
414 732
788 4
301 863
188 769
765 501
474 373
658 33
229 514
127 964
678 980
965 825
65 87
638 867
776 977
770 3
674 459
452 12
758 282
10 983
275 662
142 648
837 531
265 284
680 792
35 927
123 471
541 94
520 620
814 73
553 661
778 876
170 71
981 320
812 697
884 678
678 115
238 481
831 119
770 338
184 181
196 222
813 555
893 889
427 280
408 991
943 165
344 468
776 773
722 391
693 63
661 508
260 268
725 90
946 848
72 404
207 158
543 585
194 732
770 600
228 369
235 561
615 727
802 152
246 800
768 544
895 906
276 477
490 867
810 540
778 283
902 382
359 269
338 421
933 537
537 927
318 908
201 52
659 835
378 791
930 692
556 545
229 280
91 138
764 7
619 598
9 904
220 314
150 994
71 764
663 667
458 686
578 812
263 545
842 873
643 391
87 183
429 256
921 99
693 889
185 223
787 704
651 40
670 26
235 286
170 95
380 859
509 49
100 990
165 930
773 906
581 500
25 505
61 169
380 352
955 384
584 357
183 462
269 122
815 175
871 646
114 295
643 302
969 825
717 71
808 391
8 128
497 831
203 515
178 406
533 411
426 632
188 996
772 489
902 575
182 876
471 335
508 758
964 995
200 987
615 649
252 300
450 373
751 830
312 567
822 259
397 180
754 651
612 955
860 134
370 460
71 387
350 38
779 835
946 90
961 315
813 409
459 211
513 475
873 767
862 149
339 746
795 973
553 370
639 796
129 8
275 214
526 547
96 844
485 952
768 364
50 398
515 938
934 616
453 404
679 641
760 630
152 672
400 603
684 141
149 987
124 682
555 195
824 335
134 694
896 414
631 228
361 170
446 50
387 798
494 466
75 621
928 856
608 650
966 447
861 239
394 132
769 468
227 455
212 234
256 102
632 654
379 70
361 768
26 384
547 228
967 951
377 865
625 130
145 630
21 303
253 781
127 927
762 223
401 338
903 509
810 857
30 598
231 409
50 830
481 395
102 703
848 488
467 453
25 836
642 964
205 551
419 19
189 421
752 919
19 41
948 878
128 114
348 763
79 572
21 719
986 319
36 701
418 65
525 793
353 836
113 406
767 471
74 407
424 331
927 504
334 292
408 400
644 789
503 521
117 126
205 613
318 835
204 609
425 63
637 668
642 328
790 751
990 289
534 98
827 915
955 9
794 964
877 641
552 439
628 65
765 508
384 452
936 103
18 580
241 169
765 306
251 434
972 193
329 623
959 399
936 354
691 997
982 585
900 570
640 196
505 252
803 208
655 339
608 646
848 381
502 871
744 688
662 313
197 149
926 320
398 866
750 132
944 439
478 100
588 542
783 250
1 81
159 671
390 359
944 144
230 556
624 20
871 407
554 849
514 11
407 964
717 244
437 38
85 686
853 471
188 237
542 476
660 35
273 819
628 405
305 677
577 985
843 484
436 846
548 461
142 156
1 475
507 340
433 829
31 874
508 250
562 281
362 762
11 325
467 187
618 770
528 270
891 515
508 304
427 883
559 115
653 250
917 676
785 88
789 31
18 234
93 52
584 29
183 783
831 778
800 49
258 731
671 115
236 838
676 3
749 267
496 645
900 369
629 131
929 450
726 359
998 374
195 755
580 143
915 931
460 555
252 76
813 264
728 693
434 64
893 272
129 162
349 512
196 998
880 26
888 803
67 797
446 12
181 947
390 626
154 984
53 405
755 179
626 982
207 421
247 165
420 891
208 989
154 394
317 458
259 550
117 341
537 233
593 906
777 190
501 577
604 503
661 960
797 766
211 179
16 175
966 325
143 117
333 345
89 986
423 684
674 914
545 59
308 75
305 457
444 234
881 703
928 107
810 543
443 665
153 960
882 126
389 21
857 916
746 772
284 630
318 724
218 475
689 486
210 915
759 494
443 748
41 746
647 29
727 854
287 478
205 874
711 127
867 182
668 567
435 642
76 985
478 972
75 72
480 164
913 192
145 870
103 16
888 428
318 402
790 550
222 299
298 263
69 490
182 387
643 675
589 882
453 393
623 381
528 326
408 254
50 902
988 468
525 520
899 404
464 28
541 467
64 195
6 463
778 153
916 841
168 39
421 485
425 896
945 133
670 617
295 783
794 40
557 1
785 488
734 225
830 54
463 47
994 242
685 62
837 823
571 543
953 824
612 33
195 530
875 109
887 502
818 858
301 99
7 424
287 722
144 907
360 201
999 412
917 154
780 631
942 408
593 200
550 846
929 227
948 926
209 25
488 258
806 879
647 977
892 436
541 335
931 188
323 464
222 850
623 676
704 826
870 542
135 26
655 221
15 55
697 490
176 215
898 216
487 332
818 543
588 772
778 834
312 536
922 91
210 626
452 506
86 174
725 863
406 177
73 589
329 62
235 474
598 683
753 98
562 379
302 388
112 373
713 822
257 69
663 550
751 535
113 380
681 213
674 720
623 149
286 82
745 694
189 786
591 145
602 862
92 794
641 121
964 630
881 548
421 52
68 110
849 413
397 286
408 331
356 25
121 125
90 419
907 720
377 928
166 372
641 16
354 518
891 587
420 730
111 9
305 732
516 545
581 618
106 814
390 561
393 498
350 124
865 633
822 45
820 246
801 693
593 85
67 393
98 827
602 890
718 402
405 593
675 916
233 282
753 80
712 511
449 813
868 306
269 99
408 498
952 160
434 563
752 8
68 674
998 770
332 920
175 137
515 889
550 685
95 177
861 439
861 886
566 515
961 893
733 896
914 103
83 21
121 756
244 591
196 424
102 201
115 350
216 929
724 199
176 564
967 892
838 689
509 920
433 594
498 526
152 680
643 564
229 571
539 850
356 199
823 658
165 542
793 391
657 803
424 984
834 154
95 6
717 54
840 574
419 532
919 291
842 75
88 622
692 370
590 664
177 421
579 961
666 320
631 110
155 787
464 360
404 469
476 735
233 198
962 195
201 80
167 549
515 231
623 283
287 61
222 494
419 369
166 162
700 434
531 423
502 573
279 385
740 957
826 832
927 486
69 240
433 111
391 676
265 579
702 976
425 936
346 583
534 938
578 21
84 377
914 807
973 591
66 610
501 815
565 780
234 434
346 377
223 279
831 589
529 95
254 502
671 835
157 165
390 685
338 464
221 811
303 113
802 997
605 163
916 39
513 106
737 843
648 366
13 347
885 938
202 710
477 680
984 766
404 856
173 266
102 715
329 330
316 315
165 834
497 892
878 211
300 305
225 470
529 478
236 329
466 969
113 982
390 238
498 136
623 328
906 415
511 22
965 244
697 250
171 695
180 550
147 92
749 656
609 743
992 31
372 183
627 672
400 776
559 866
915 92
737 705
665 98
224 588
239 540
881 823
274 831
445 190
135 648
900 368
785 668
509 405
217 819
233 982
790 58
460 900
975 371
362 206
749 969
554 623
414 896
459 124
658 823
683 428
463 859
194 783
485 374
136 111
333 717
391 676
671 618
585 71
923 609
224 446
725 129
603 29
90 463
116 900
222 481
934 132
873 131
6 161
145 274
807 942
988 749
548 146
495 514
729 357
622 943
524 836
491 413
421 278
747 632
599 493
892 365
523 819
336 794
885 240
238 128
809 160
497 226
215 871
162 561
839 910
132 809
768 42
894 410
159 545
811 593
956 172
452 12
833 467
878 59
707 719
440 917
305 377
326 922
43 448
651 296
212 703
142 867
387 526
996 314
212 352
54 654
650 703
958 338
729 760
582 46
618 59
323 895
80 519
158 274
312 78
548 896
218 958
438 133
641 69
394 402
665 616
383 319
137 349
487 315
613 712
514 46
992 990
575 338
37 860
88 194
242 320
874 82
472 962
261 476
841 136
894 865
178 682
148 500
488 596
831 755
403 253
357 370
24 657
649 579
154 57
143 205
411 348
933 89
197 685
220 510
778 707
918 288
549 200
385 514
713 690
687 509
314 838
589 503
643 372
292 665
181 917
254 589
814 713
716 400
387 565
129 630
113 50
283 273
742 705
988 585
93 614
701 680
231 117
824 211
937 490
567 971
617 151
718 228
362 361
950 95
198 18
549 664
691 631
343 787
423 235
50 580
368 80
870 479
851 777
46 552
306 549
699 813
235 217
154 85
835 103
451 101
877 199
35 857
651 591
854 175
672 182
367 994
668 613
31 366
788 736
192 216
474 121
279 929
694 175
654 504
859 57
72 391
978 26
141 310
500 593
581 355
240 581
170 837
317 537
886 721
813 258
316 10
475 745
246 53
3 270
888 124
495 941
516 950
63 10
473 771
448 556
850 548
163 744
180 897
478 391
275 936
179 510
350 382
657 642
995 43
181 58
510 833
217 752
805 740
423 607
