2500 1000
254 210
791 405
440 626
176 851
30 486
449 188
347 683
272 511
668 616
242 124
178 258
262 124
530 360
627 989
235 735
450 46
232 270
190 458
717 791
291 459
828 590
579 46
750 857
717 758
494 160
972 101
275 765
458 338
194 569
300 284
490 623
301 332
758 759
783 760
484 969
669 58
728 501
365 462
440 528
611 593
98 533
540 905
87 482
436 935
924 407
314 343
164 262
868 303
78 578
961 328
462 878
788 733
972 77
318 153
322 962
450 860
664 617
922 229
316 61
962 223
22 84
635 454
122 895
911 371
654 558
334 973
315 275
529 453
140 67
96 968
722 830
711 611
110 308
91 215
216 252
983 25
288 298
204 631
529 202
162 321
766 412
307 766
328 860
362 820
415 873
613 401
63 137
771 808
881 714
264 100
75 570
637 239
967 15
289 995
357 192
376 971
687 649
837 599
477 24
971 363
733 195
779 963
263 286
915 345
283 297
720 328
813 949
134 823
890 158
484 350
974 459
265 762
27 779
467 525
608 92
66 84
151 824
732 322
169 537
977 288
462 197
970 802
49 881
621 228
451 575
341 225
879 290
520 617
491 535
811 831
45 754
172 267
963 903
349 636
752 620
149 481
759 59
83 514
305 811
972 984
439 255
635 698
521 66
934 818
297 412
118 501
853 390
775 474
812 693
288 708
170 771
243 477
245 79
92 758
529 321
789 584
667 616
688 18
179 679
367 633
670 651
772 178
637 690
136 45
649 711
338 72
128 865
528 684
433 973
804 429
181 204
27 498
296 194
543 358
274 182
832 728
995 829
459 720
484 224
352 85
266 187
873 618
87 562
530 854
773 101
660 810
275 458
494 963
81 183
629 416
73 943
7 585
112 114
618 119
716 322
841 285
870 208
402 982
183 750
574 86
684 466
280 101
277 595
950 346
715 644
704 889
784 760
247 660
991 600
233 224
96 534
987 341
96 725
246 618
120 656
317 43
788 783
378 880
214 67
647 800
152 280
94 370
974 66
521 179
431 730
901 650
68 789
100 173
632 214
486 310
392 534
80 146
846 593
92 540
749 327
711 250
178 965
114 607
15 75
611 856
202 7
663 629
666 125
110 815
792 868
643 104
781 538
156 867
173 75
922 948
106 859
26 691
105 244
840 476
175 641
574 684
192 927
199 107
240 373
775 164
412 201
365 145
223 339
313 377
186 516
861 68
707 806
343 728
754 672
149 421
504 862
806 830
349 1
734 303
339 60
423 731
997 957
741 395
503 471
269 385
678 240
379 77
670 100
749 779
620 922
906 699
905 573
377 815
956 431
50 597
782 885
114 610
407 27
299 625
542 784
289 341
396 638
956 793
460 467
682 657
218 268
648 288
991 535
843 200
843 745
334 673
963 240
176 343
753 190
630 789
635 358
926 733
730 499
641 333
562 39
23 68
520 576
520 161
405 389
163 899
461 563
171 968
216 268
851 194
484 876
529 879
180 422
854 355
214 453
33 496
822 30
945 576
489 310
469 478
983 904
514 569
213 502
423 296
139 79
762 250
180 12
393 777
310 383
741 298
512 362
516 237
82 182
351 438
900 305
59 637
309 728
520 919
998 867
396 581
938 449
230 442
683 170
291 251
509 39
732 283
194 101
556 862
86 898
341 655
501 410
168 770
228 190
686 394
233 569
916 875
802 951
196 719
697 501
876 955
101 330
864 19
932 147
323 854
678 916
829 276
977 612
678 197
131 347
954 206
682 80
913 389
913 683
56 641
771 112
87 95
610 179
23 596
392 78
676 698
567 596
516 582
451 803
183 325
40 243
44 730
871 583
219 49
812 621
582 754
673 545
99 586
494 805
558 405
941 839
745 458
15 58
277 794
192 344
579 852
607 559
16 862
382 708
584 253
380 582
577 888
136 163
550 556
608 243
339 222
528 8
653 100
538 464
507 231
920 120
653 496
12 109
346 901
532 785
926 623
684 387
83 324
582 91
100 369
742 13
903 862
336 765
646 903
614 358
302 78
656 627
426 990
587 468
106 374
588 867
884 369
672 669
306 461
74 276
815 92
588 420
520 54
233 796
671 947
663 916
107 640
658 47
580 38
157 256
646 167
873 235
397 303
883 846
169 265
996 260
972 372
779 276
192 651
905 910
111 502
209 36
993 559
318 317
511 967
249 148
53 178
129 794
779 768
739 20
83 422
621 669
698 724
976 502
886 639
476 61
862 436
269 604
603 946
812 566
879 932
501 826
444 415
980 491
109 547
199 283
74 686
912 15
840 687
555 343
143 728
231 15
826 161
817 845
397 363
224 830
373 845
723 506
135 771
226 973
147 745
247 468
807 906
985 284
957 371
985 107
568 451
518 53
56 881
435 996
891 760
457 397
341 389
356 969
255 689
59 487
881 888
428 27
304 954
864 522
823 312
746 66
621 886
496 510
77 474
246 528
376 928
217 833
817 43
831 304
264 916
801 477
716 811
904 574
803 508
446 739
617 648
453 56
42 262
657 19
714 836
118 242
872 852
866 895
864 150
676 998
125 92
525 723
160 773
20 757
994 77
353 533
595 53
998 488
702 995
499 388
300 917
557 148
824 233
921 738
443 752
330 684
7 633
852 391
327 69
278 426
631 462
9 241
412 634
47 958
782 430
710 679
78 307
778 850
946 803
151 839
659 872
784 454
565 812
226 724
664 685
902 157
484 603
783 297
180 670
879 699
180 442
869 755
700 929
285 729
863 162
556 752
561 337
277 929
255 241
834 3
682 951
395 786
559 92
819 296
898 398
744 605
422 182
355 358
413 652
320 433
437 256
229 874
539 838
459 65
96 322
438 637
187 981
618 287
131 226
982 695
649 300
233 882
182 228
334 612
156 127
793 659
763 886
472 535
876 995
924 817
382 449
406 427
308 287
580 714
53 582
70 674
552 954
684 806
823 317
394 647
675 24
707 593
90 418
22 519
623 767
98 93
960 647
959 206
195 464
211 484
549 6
511 971
408 251
992 538
916 676
125 995
576 826
521 678
638 708
199 543
67 784
810 55
589 925
40 895
461 963
230 208
73 591
855 599
760 350
509 143
120 353
356 210
401 962
611 643
990 333
501 924
858 27
870 286
638 965
985 860
396 532
586 709
882 505
779 496
970 447
387 716
288 607
586 499
772 450
322 669
955 682
264 853
924 946
652 347
955 27
634 345
739 142
951 192
939 1
599 702
34 232
329 749
978 925
202 29
77 351
687 450
36 625
123 956
240 206
579 701
40 447
430 466
190 748
968 782
477 722
947 884
750 484
29 318
651 260
719 809
379 194
276 602
87 807
588 204
157 618
413 172
421 905
887 789
697 520
885 378
658 422
622 794
762 820
36 442
471 226
447 408
109 725
76 982
806 306
487 68
606 753
715 746
256 284
812 316
660 922
639 250
647 231
348 588
236 263
785 976
845 974
244 755
901 89
182 424
512 789
980 384
180 749
859 294
921 591
421 953
437 184
377 13
942 819
13 637
59 703
789 977
391 644
620 859
647 886
798 142
843 439
133 179
618 119
155 955
769 515
186 787
365 402
796 318
16 618
825 327
206 263
778 780
169 439
310 954
29 587
149 447
191 348
948 812
370 644
444 471
592 143
48 277
18 487
54 866
762 350
370 735
292 476
787 899
311 568
139 242
351 816
426 26
214 45
97 215
753 860
895 731
251 556
250 131
588 903
323 499
515 149
691 483
431 349
496 946
241 350
92 787
374 424
89 22
79 72
474 382
812 798
568 481
486 853
194 387
995 870
864 138
602 133
399 919
989 587
898 832
809 969
94 367
620 760
680 390
236 371
370 712
306 324
319 569
51 631
176 742
542 632
978 233
870 200
650 148
366 42
89 22
94 11
464 457
270 232
914 130
830 57
597 228
13 171
804 330
277 513
266 42
938 102
960 473
132 591
883 681
214 700
649 87
521 255
313 505
692 816
464 145
643 4
492 1
195 58
432 420
774 643
528 333
20 526
448 963
929 541
452 688
437 578
952 39
522 701
417 983
639 644
679 455
407 706
115 293
797 332
225 205
512 154
419 584
506 347
962 444
345 995
621 487
993 127
436 120
711 463
123 458
18 538
990 658
684 130
172 411
715 395
614 760
315 24
618 749
675 539
709 780
869 899
458 33
45 727
955 111
572 602
542 555
998 657
23 310
128 560
512 977
847 524
714 141
479 443
216 11
30 524
593 670
248 824
963 641
126 420
391 871
207 318
462 218
958 269
355 498
105 353
176 966
123 87
800 44
256 919
158 923
431 672
148 321
189 679
89 368
416 222
981 974
331 824
803 629
694 968
627 379
742 225
714 358
659 379
238 483
554 492
993 364
601 39
969 621
768 202
422 2
170 835
831 684
520 287
379 848
27 846
8 692
312 636
126 187
881 817
309 678
133 911
811 731
200 820
224 315
711 617
523 943
222 171
314 517
545 404
785 997
120 723
441 291
998 901
561 480
864 642
341 56
205 510
592 194
125 264
91 584
349 846
589 802
281 358
204 948
897 643
432 831
137 535
465 132
472 379
974 977
818 202
944 975
709 197
109 931
367 904
844 818
549 567
643 938
571 702
972 393
883 229
535 360
9 10
280 250
969 898
565 210
844 939
973 536
391 503
173 530
651 135
245 309
444 853
490 275
429 288
23 381
251 600
145 95
723 317
317 838
22 450
184 96
65 293
752 480
337 712
108 650
326 665
625 274
153 434
749 395
724 819
538 648
750 994
164 307
865 287
355 313
109 309
402 363
951 194
958 719
821 676
545 785
391 256
382 477
420 730
256 489
848 359
84 325
831 629
219 917
713 722
494 503
818 179
461 853
893 455
412 286
824 646
374 798
405 917
327 504
920 648
263 313
419 75
782 829
13 538
155 700
768 986
205 810
418 721
597 664
93 33
821 521
554 514
927 702
333 424
434 598
324 385
166 540
216 767
956 503
302 155
33 547
877 471
311 202
758 844
149 727
237 626
382 82
210 931
401 56
923 314
530 332
583 215
709 739
361 449
674 895
484 928
944 871
634 465
261 20
352 569
650 379
791 478
488 775
47 507
86 696
858 837
854 334
273 934
870 290
850 896
910 163
144 138
705 420
530 355
371 122
46 837
841 161
927 147
183 670
958 104
973 686
211 368
232 323
991 313
485 771
647 902
604 614
559 875
635 174
948 923
666 624
844 374
842 527
883 981
873 654
704 561
69 502
286 778
719 689
596 451
191 872
682 476
961 254
645 780
459 776
792 590
658 957
144 43
945 829
293 627
461 376
6 972
777 958
425 195
475 315
808 553
351 830
931 401
628 801
333 323
957 965
957 939
160 953
800 557
869 926
460 713
683 955
580 668
836 163
535 656
182 18
903 892
499 529
641 898
914 128
870 270
131 403
993 247
297 649
438 800
809 677
137 301
416 936
376 704
416 711
213 182
356 47
587 319
644 373
753 333
978 109
431 379
693 311
529 215
889 838
642 819
872 259
839 897
217 506
474 265
704 415
123 55
972 244
351 765
578 896
957 948
648 637
689 648
984 242
891 710
145 68
93 191
359 490
791 560
581 995
463 147
590 615
572 293
69 63
987 661
374 207
836 544
959 247
167 424
41 553
802 70
182 90
725 807
482 736
314 588
757 250
828 529
284 864
153 813
264 387
122 333
200 457
971 6
86 128
550 93
572 959
807 309
7 867
677 600
872 776
542 119
473 792
76 245
926 774
232 458
847 662
701 169
705 612
993 785
44 687
381 298
834 423
112 541
492 960
936 551
741 434
977 772
214 459
28 260
619 418
592 934
446 188
341 883
311 12
183 662
781 943
730 12
270 557
5 94
252 605
526 836
808 128
477 257
178 279
872 249
573 504
38 556
597 503
136 238
386 900
14 9
302 731
157 844
525 179
677 765
308 472
404 140
164 175
99 461
383 543
960 487
88 727
493 934
815 184
959 799
996 198
520 489
198 2
689 439
733 897
285 121
796 797
7 894
622 864
113 860
244 965
639 214
137 203
757 879
560 608
358 642
23 9
537 891
122 597
592 821
317 201
841 688
523 722
508 950
83 200
525 769
509 752
868 259
557 722
415 999
659 149
282 624
227 434
721 287
711 315
709 57
498 278
195 927
687 987
172 908
826 826
69 357
372 46
194 16
371 625
953 553
547 735
532 980
97 847
769 103
425 182
797 274
460 185
557 24
616 142
407 719
802 175
52 422
91 733
347 535
59 45
724 236
500 338
1 982
347 488
101 718
433 564
41 491
789 448
788 57
465 814
928 527
394 648
648 366
537 111
367 540
451 675
341 526
523 407
202 324
571 802
608 979
112 650
827 355
865 318
875 634
652 37
18 576
722 362
854 188
239 156
119 846
122 192
37 344
221 421
898 729
292 400
854 303
171 750
705 486
736 169
183 181
418 58
595 584
170 680
888 953
233 804
565 960
896 800
591 42
420 394
534 733
686 250
240 100
986 902
237 789
159 915
140 497
976 432
987 64
266 559
152 320
616 962
22 466
818 949
710 889
897 156
221 524
475 268
860 368
204 62
596 464
631 87
167 623
87 829
171 687
642 69
740 299
866 485
854 533
609 318
428 703
107 443
297 741
190 937
593 227
951 624
554 367
484 586
485 837
795 800
712 601
47 397
397 253
285 59
793 599
850 189
700 368
417 677
618 399
528 410
884 94
903 468
195 274
881 757
972 408
213 808
386 849
51 187
477 673
531 784
358 854
702 900
923 898
749 506
195 535
785 92
440 95
949 522
32 357
41 391
87 104
456 358
178 351
191 265
422 337
461 705
448 819
392 838
88 376
730 849
727 649
244 783
192 863
270 188
659 754
196 158
712 519
952 591
760 592
879 166
384 43
28 532
37 961
808 183
73 105
258 158
615 835
123 468
843 33
861 184
347 691
730 890
530 259
678 81
630 847
448 329
176 162
841 135
682 116
49 674
828 890
650 255
211 36
80 789
552 90
974 892
597 501
118 51
183 125
161 725
103 164
669 8
71 57
663 965
497 690
351 105
486 664
272 809
395 472
777 717
301 283
185 5
320 4
463 563
517 747
531 868
433 718
549 663
683 583
338 469
325 855
260 595
109 349
456 205
477 430
632 240
856 43
843 251
392 293
644 416
696 882
45 654
526 704
570 891
976 665
437 595
3 278
496 702
236 175
169 131
900 795
18 982
210 267
42 849
178 705
790 492
461 230
733 432
624 468
854 576
243 584
162 174
272 43
903 542
276 843
289 355
872 565
799 189
913 662
204 71
575 49
898 468
396 168
149 817
542 497
470 709
905 759
24 241
116 410
193 343
414 491
925 619
740 936
580 280
827 858
176 758
110 200
48 19
487 628
905 597
454 859
384 584
246 215
840 38
236 202
606 470
777 212
449 333
193 335
942 827
115 243
413 124
756 795
79 158
140 764
611 706
767 615
534 441
931 217
342 429
544 510
21 976
643 992
562 752
27 862
710 841
365 110
717 668
887 510
515 65
257 620
942 70
852 837
184 323
629 716
93 591
487 208
118 416
104 44
555 303
117 813
891 652
972 357
491 293
655 572
365 511
39 230
563 90
792 492
252 435
986 305
429 472
598 892
161 482
192 909
775 832
9 419
355 167
774 510
394 436
38 99
731 114
817 108
283 47
838 957
107 369
852 598
3 806
75 804
414 855
934 654
804 42
702 564
589 618
525 409
453 169
209 767
49 884
895 145
311 928
977 279
811 858
985 349
943 947
94 188
523 643
315 703
974 109
83 180
163 708
610 810
88 928
292 735
382 857
846 188
927 564
29 574
870 606
475 308
263 215
32 64
500 86
136 40
750 783
359 858
912 172
280 910
92 739
348 31
951 757
623 828
795 911
65 947
942 407
169 546
914 775
454 883
110 272
561 355
733 257
245 476
120 188
285 484
792 752
134 546
567 42
815 821
508 890
951 403
583 646
857 819
763 102
492 538
651 569
891 236
874 393
905 326
480 367
608 987
39 601
372 736
413 347
172 476
749 294
642 386
590 255
640 690
11 217
211 114
346 271
990 38
930 905
25 592
532 690
714 559
647 222
658 596
793 169
244 770
691 143
633 913
924 492
513 565
259 822
855 137
633 559
905 787
558 436
922 439
60 281
466 823
220 305
325 78
277 722
28 305
74 623
84 192
122 12
718 573
601 297
986 456
425 760
744 134
560 689
531 657
469 742
274 408
345 873
217 92
278 827
623 823
664 143
764 96
811 756
468 607
260 15
811 971
903 442
586 6
407 213
601 826
220 354
740 272
650 683
610 975
54 546
924 718
20 79
263 287
486 729
207 23
416 822
772 689
671 507
659 377
497 415
21 504
342 40
114 710
798 628
613 295
977 879
270 715
372 204
380 201
874 131
888 795
969 691
841 908
675 198
668 306
156 594
936 563
603 490
246 817
134 580
62 739
441 64
492 639
413 136
132 390
533 868
363 82
660 105
525 832
192 473
324 432
119 120
704 593
335 957
785 848
573 717
586 971
848 940
268 78
352 823
147 293
625 505
864 120
115 284
773 703
892 102
702 844
769 169
258 228
952 290
784 886
842 287
588 78
534 688
718 367
947 161
985 66
890 725
929 112
679 32
208 505
331 225
107 226
273 583
444 447
107 646
496 985
216 20
909 730
503 867
142 192
942 702
433 264
522 732
664 113
254 736
437 467
838 747
646 671
617 396
517 799
729 945
597 518
761 599
666 252
866 506
388 718
117 888
669 5
188 588
809 516
811 777
609 385
637 243
931 308
207 184
957 282
676 848
272 989
593 923
778 96
154 593
219 235
469 132
444 716
310 439
713 673
378 850
742 541
465 891
6 566
402 781
48 878
92 261
850 231
753 647
777 327
608 640
638 756
28 615
865 570
531 462
916 642
267 358
157 621
749 542
399 687
841 460
444 14
236 945
847 297
62 439
76 922
189 160
295 32
343 292
405 231
503 597
990 158
955 51
433 384
696 492
297 473
547 153
860 543
329 257
956 810
582 788
228 43
752 401
101 69
596 165
661 742
489 343
401 677
402 30
945 10
595 458
62 69
283 667
544 3
951 491
717 184
694 589
736 992
740 101
444 507
243 630
937 33
313 22
809 636
433 448
147 322
686 192
668 959
862 962
969 856
917 656
733 258
254 258
677 477
207 587
277 420
116 218
533 531
136 158
740 592
239 101
930 738
114 700
483 822
404 314
790 599
180 851
105 504
762 206
143 425
2 440
62 654
926 387
358 97
22 367
445 845
491 535
32 438
399 466
40 290
581 605
427 334
506 117
813 149
797 721
706 356
939 983
641 221
479 405
590 485
548 296
686 90
465 449
254 509
50 709
940 320
101 923
373 964
218 569
271 74
406 783
391 258
346 101
382 409
64 757
360 679
480 536
467 518
383 875
397 711
786 367
305 57
929 174
407 815
972 201
736 95
650 730
837 458
578 188
859 568
818 363
958 983
226 134
771 229
326 755
692 654
560 111
881 326
621 480
404 546
708 393
427 201
606 47
247 43
505 905
572 664
704 733
883 614
73 561
684 320
501 120
861 369
882 100
19 243
744 729
400 369
229 813
877 661
19 38
797 342
128 317
458 380
240 636
806 220
723 77
101 577
102 567
567 626
747 457
238 77
143 681
328 332
783 848
604 170
961 881
489 97
438 218
897 833
869 748
716 179
974 71
911 123
877 326
436 601
13 964
671 441
401 933
418 419
326 548
36 346
194 905
902 63
30 812
684 645
383 394
914 287
81 525
234 561
349 255
448 37
690 82
105 782
778 787
36 744
587 291
783 964
993 302
871 140
7 508
480 951
933 763
571 641
526 229
147 53
33 706
189 155
653 733
666 91
270 925
981 719
372 835
32 891
699 655
358 990
167 79
838 198
606 414
84 979
812 360
486 361
375 804
603 600
516 881
152 232
514 893
785 920
149 943
934 96
230 290
892 596
551 599
448 973
882 977
208 196
372 557
478 796
183 30
468 78
360 332
182 139
772 480
260 103
904 805
298 74
449 97
547 311
421 216
268 626
671 435
697 450
183 561
917 862
98 680
213 966
736 351
948 429
515 516
264 585
846 760
473 421
685 766
422 439
692 682
117 394
405 334
874 368
518 518
14 757
566 92
513 877
139 778
88 555
269 122
522 830
385 465
301 248
64 441
112 610
543 601
131 27
406 690
639 883
849 734
309 923
548 975
379 838
218 702
21 930
349 446
792 791
444 464
438 125
474 513
391 113
857 667
295 764
801 92
133 836
665 22
644 961
712 659
95 743
281 354
797 607
896 242
816 45
864 146
659 747
218 32
965 645
668 37
457 749
203 811
40 62
653 169
444 528
265 284
399 95
848 930
379 997
699 155
790 974
678 346
809 119
688 469
292 378
194 112
715 860
207 378
449 890
915 815
825 411
702 729
81 287
888 961
636 532
368 238
207 358
496 290
947 439
471 589
615 627
472 186
111 900
84 775
675 819
527 215
907 404
389 455
309 213
539 404
700 535
233 989
312 51
845 606
256 426
260 843
698 203
796 310
800 692
828 211
61 965
286 641
281 785
74 939
208 836
162 685
213 780
733 337
808 862
931 88
643 573
240 389
699 923
852 289
87 646
597 414
821 296
871 431
412 955
760 623
13 561
883 977
168 212
533 148
572 94
332 348
827 124
689 79
541 197
224 34
894 670
735 441
712 26
719 671
567 613
973 105
923 379
259 233
491 279
450 207
667 110
571 272
915 534
485 139
518 418
641 916
539 995
337 34
714 438
658 78
209 665
50 178
327 808
118 80
310 482
643 389
996 353
477 776
368 231
659 119
634 677
61 699
641 428
354 911
925 463
133 367
821 452
446 170
752 76
375 104
689 350
613 864
589 556
269 130
4 950
592 575
252 723
130 242
245 83
326 218
847 820
939 357
195 839
520 74
951 740
762 561
511 202
506 569
884 960
839 489
823 566
749 852
168 951
833 152
286 825
959 695
873 972
380 38
840 994
281 432
899 656
816 894
340 922
816 860
853 973
393 796
370 174
429 170
152 873
571 990
883 927
798 28
928 694
999 943
267 752
408 291
988 600
636 440
236 393
893 335
655 484
667 656
393 617
254 236
99 637
860 569
868 560
262 393
260 875
244 252
985 759
1 606
380 879
320 207
509 398
825 545
767 510
786 657
303 880
441 993
894 91
24 839
289 808
567 329
394 747
990 385
465 957
342 955
335 172
633 908
80 691
226 800
17 109
863 785
316 863
254 365
876 603
158 67
445 751
243 698
434 204
632 501
610 313
657 579
766 179
195 111
987 20
687 125
195 870
