2500 6500
551 249
859 466
447 768
79 665
187 744
205 789
44 141
955 80
609 222
748 978
495 206
556 564
824 547
490 114
407 477
350 485
389 301
849 716
688 202
685 884
403 785
427 760
600 789
848 675
625 924
458 284
718 960
23 982
415 688
828 560
544 713
648 457
810 585
467 49
412 373
49 7
137 979
136 283
78 459
135 332
74 136
496 929
364 315
235 390
290 393
863 39
750 497
974 93
112 858
731 306
582 182
183 204
932 880
886 453
10 475
174 718
631 741
81 16
387 79
956 112
319 204
621 599
112 949
409 774
156 642
875 676
595 866
518 908
676 410
28 303
200 882
80 866
471 320
330 648
156 994
993 15
498 218
479 62
444 228
929 999
935 675
721 128
800 563
541 778
254 69
111 27
127 431
557 274
207 442
387 974
595 976
56 208
771 797
850 607
482 540
334 852
177 89
257 737
311 788
386 560
177 979
230 428
573 297
221 125
13 631
109 889
938 581
97 287
615 402
382 80
756 527
921 772
286 966
732 992
229 815
891 667
579 337
993 498
359 958
91 573
540 531
955 151
604 779
609 98
155 803
651 4
459 906
160 75
362 677
124 358
875 633
544 719
344 618
955 561
772 628
933 452
512 162
245 728
896 864
478 627
302 621
122 151
841 563
5 511
888 528
730 372
374 605
29 529
453 196
835 785
435 850
289 843
941 414
544 57
568 689
238 111
283 490
828 742
37 567
795 336
286 513
819 236
149 632
999 644
882 209
289 752
951 859
76 165
743 796
377 403
776 74
861 405
12 647
614 902
975 538
191 136
443 663
450 177
855 133
291 836
230 610
165 350
66 888
391 413
97 744
16 376
339 136
284 152
667 238
167 915
10 759
919 869
926 598
187 626
638 269
472 641
761 288
502 161
369 682
241 866
583 72
507 455
155 345
352 287
944 979
20 126
372 833
959 746
266 875
450 750
478 597
849 356
832 484
347 369
675 132
50 932
98 535
258 186
300 996
564 530
104 581
738 514
752 819
101 557
727 842
850 111
899 227
98 324
321 893
322 978
26 593
948 396
567 981
980 338
12 645
377 506
659 212
196 948
620 386
410 843
54 559
295 573
435 77
20 625
871 476
69 905
969 42
427 868
653 142
885 882
781 246
940 990
518 740
43 277
758 275
465 65
759 214
166 537
292 203
813 433
852 267
964 791
580 962
145 596
214 572
490 397
928 590
538 622
971 810
629 795
561 421
789 636
238 861
996 776
697 81
68 296
862 985
427 547
21 833
819 668
196 529
973 90
584 540
535 785
198 33
868 758
14 411
915 461
399 114
144 582
636 832
939 702
986 191
662 261
304 110
154 828
474 991
78 525
243 743
170 31
37 928
586 843
685 681
987 560
219 899
444 970
413 785
732 736
126 138
496 745
416 301
91 757
299 646
611 566
626 693
508 311
310 618
532 768
419 395
318 782
708 138
319 1
742 324
451 560
266 451
947 91
534 888
450 411
49 538
195 572
177 176
711 867
747 400
282 551
595 412
913 489
732 484
877 866
787 836
819 942
940 349
616 756
631 949
763 337
608 107
605 972
332 890
725 561
231 148
886 381
259 57
604 493
938 546
950 396
362 357
674 612
646 308
276 712
763 412
853 874
394 431
948 321
557 886
447 723
873 120
307 252
849 389
765 78
962 388
845 496
715 722
536 181
34 882
457 695
450 473
651 334
703 512
779 292
871 121
1 873
219 974
701 286
115 471
562 386
23 166
427 677
993 940
560 324
821 357
143 100
331 633
267 284
67 733
794 940
85 629
406 856
832 585
486 912
677 21
639 256
576 595
425 795
488 601
500 78
618 915
813 939
630 520
796 720
118 629
615 376
572 501
875 330
72 927
672 697
837 793
494 564
451 647
791 491
280 918
322 295
866 706
135 150
121 955
464 213
486 16
509 174
204 193
472 87
963 960
863 39
363 609
118 677
150 520
966 905
494 910
297 729
337 676
513 310
288 743
283 723
631 963
177 239
474 34
562 317
837 888
961 706
1 431
250 990
852 434
622 672
109 910
227 974
897 836
127 739
14 514
680 907
256 834
53 153
720 974
169 106
56 241
848 902
244 101
528 967
970 915
995 600
73 531
163 593
435 597
14 132
798 451
449 324
689 990
615 343
596 604
293 386
320 87
895 656
769 626
572 746
158 983
66 609
90 881
270 76
186 258
999 16
256 684
348 803
575 451
853 497
924 405
299 453
953 539
438 768
254 874
27 179
477 115
24 152
960 220
701 68
736 258
537 539
749 860
722 106
313 645
624 172
137 581
36 202
153 964
805 248
422 257
553 878
471 6
226 991
848 298
428 774
50 263
235 632
38 379
889 40
397 418
760 878
166 990
525 907
210 193
762 631
774 902
478 736
304 770
883 17
44 954
911 148
380 416
566 663
769 686
838 622
288 645
436 38
615 113
547 818
66 66
377 69
663 88
145 992
842 599
685 295
971 462
265 522
66 87
602 565
559 531
950 879
508 659
940 588
432 701
369 628
212 501
919 650
39 714
866 283
419 522
293 242
966 409
123 310
960 857
808 724
675 407
351 179
842 788
732 560
477 68
584 748
341 979
8 240
330 21
799 289
983 894
934 580
354 957
138 64
674 508
978 121
205 818
852 376
143 782
820 716
191 414
93 283
1 761
26 767
454 276
799 765
605 561
447 810
532 102
837 993
583 675
164 137
416 733
925 815
417 633
521 779
956 822
154 110
88 406
991 60
703 960
624 83
649 711
347 779
567 33
513 977
62 253
702 899
408 435
800 857
826 569
135 432
400 970
786 271
379 384
178 234
786 855
361 375
161 492
243 377
995 19
981 762
42 425
939 303
754 550
297 37
245 492
606 2
392 934
759 504
316 65
449 321
674 921
818 416
75 634
394 446
109 770
466 598
928 109
189 281
871 100
269 841
734 207
718 370
555 369
483 438
630 428
346 281
18 177
75 373
937 992
76 839
812 606
804 924
960 275
870 790
628 986
595 73
510 109
234 435
419 148
936 741
382 337
106 342
848 407
553 820
322 56
796 789
662 371
498 193
633 118
216 967
493 878
247 436
712 667
108 116
950 955
615 835
505 414
328 654
982 821
28 848
936 647
682 772
701 942
76 17
323 473
535 884
290 250
851 292
650 220
150 75
748 326
624 619
848 443
873 11
418 511
179 643
977 27
810 597
505 433
281 165
608 288
8 392
991 361
118 137
391 340
771 396
546 298
137 542
148 381
735 2
869 998
580 853
186 720
925 377
979 298
551 584
97 872
87 291
859 246
476 37
784 499
100 129
343 218
201 213
662 564
188 881
138 10
604 530
47 904
830 10
48 242
53 695
806 890
867 444
276 228
528 919
92 873
651 232
117 732
225 112
231 352
357 692
220 665
194 567
637 822
874 315
226 89
519 309
733 726
638 914
618 402
246 917
552 993
13 654
592 182
757 204
432 592
739 463
229 778
801 323
912 671
927 664
216 114
59 398
932 584
912 869
731 54
774 513
869 637
580 906
858 592
489 7
938 712
584 872
616 106
850 385
4 801
28 567
514 761
130 646
714 910
319 207
271 782
113 723
494 344
214 769
265 259
331 488
306 883
423 583
112 652
308 948
236 65
641 837
885 712
801 348
94 455
819 850
962 675
210 582
918 986
167 446
371 479
760 250
510 428
613 260
239 647
499 671
534 801
311 757
624 240
894 739
825 304
644 180
480 722
91 780
636 766
45 674
141 134
267 371
624 370
685 191
506 356
746 159
467 169
295 612
349 151
998 614
931 543
548 259
523 645
282 235
284 224
951 863
668 663
838 564
314 531
290 629
573 66
206 573
325 282
33 704
740 79
421 400
739 342
108 947
158 319
88 841
212 324
403 831
223 108
170 266
867 487
163 519
90 831
511 151
946 28
999 214
624 288
443 71
260 347
614 86
83 287
548 612
64 988
620 975
179 421
587 484
881 88
155 398
572 507
551 271
669 939
193 216
695 238
174 361
446 468
441 781
157 352
999 923
485 945
404 485
884 75
459 397
117 961
609 192
50 689
55 573
29 558
353 633
623 829
330 524
172 702
87 601
325 304
389 917
282 419
851 131
422 793
825 447
154 188
810 489
699 999
466 296
161 699
576 543
233 419
457 741
214 188
175 978
115 619
687 233
427 24
188 976
689 161
682 761
864 832
268 314
429 18
536 928
873 453
685 308
45 346
44 90
949 29
926 172
881 114
523 933
826 250
65 577
167 539
618 826
315 345
169 501
478 301
199 176
528 781
825 19
256 203
24 967
255 798
689 316
61 617
812 271
422 159
40 199
36 750
711 945
539 65
917 870
104 966
210 797
466 983
281 733
745 42
777 33
430 389
45 681
660 738
27 242
911 495
863 361
551 178
15 851
560 905
34 829
222 848
317 697
624 28
131 329
626 859
375 930
714 477
529 912
501 542
456 898
96 549
188 136
559 599
967 892
113 746
455 98
117 31
162 755
894 978
288 662
647 369
315 88
7 948
376 595
99 574
108 525
560 840
803 238
598 338
727 452
110 20
683 94
461 947
757 825
521 833
114 345
272 543
852 942
62 493
196 913
6 654
448 826
791 230
605 90
375 506
71 373
327 782
979 48
569 445
539 369
223 505
886 22
116 630
740 776
724 57
71 729
318 739
174 185
416 744
16 462
355 905
737 262
363 645
280 462
752 420
637 84
341 218
29 268
852 336
597 649
124 928
331 477
354 941
163 575
757 586
242 436
11 672
482 455
162 490
528 536
184 481
94 848
46 734
625 968
897 491
204 6
573 917
400 796
59 579
855 182
656 707
248 559
116 121
959 296
424 18
824 869
709 817
822 715
956 526
805 775
644 128
864 812
838 493
259 842
560 798
306 263
211 762
272 569
252 954
568 692
703 387
310 633
620 480
888 339
524 69
663 620
991 138
941 174
469 393
772 289
607 262
912 212
984 482
816 985
620 627
211 972
493 456
315 848
722 857
366 204
220 267
257 352
695 637
913 305
950 28
352 14
404 973
351 24
282 655
888 899
280 32
948 205
132 388
776 677
527 784
620 43
175 655
212 358
831 477
539 102
542 336
987 100
369 164
866 764
292 497
833 766
962 67
364 727
169 343
542 839
52 509
225 625
20 792
732 432
433 146
208 660
833 581
397 197
870 482
533 416
92 902
181 649
258 952
500 874
181 4
696 619
231 757
714 979
809 232
209 488
412 634
884 183
196 680
645 86
436 294
438 731
614 232
144 314
716 178
375 107
271 518
203 210
835 993
59 915
847 707
913 489
148 334
574 173
742 21
710 607
388 115
237 752
209 157
919 148
944 956
39 713
932 394
983 537
114 8
599 962
750 244
809 986
390 698
601 145
446 265
550 548
97 460
20 820
752 83
845 655
316 27
413 435
678 243
897 201
210 228
866 298
159 209
284 638
349 917
154 838
77 597
789 884
978 841
22 165
330 672
308 616
17 482
555 543
746 70
112 542
658 332
727 490
916 508
567 443
191 392
36 564
695 829
851 106
994 404
239 973
599 981
653 148
192 646
911 999
185 489
298 283
347 268
857 641
105 737
871 951
325 177
681 319
186 598
103 787
396 148
63 675
993 261
7 231
476 135
919 531
524 721
428 243
715 622
816 645
946 761
801 70
420 203
892 643
386 668
182 509
866 85
552 563
219 231
939 270
879 978
211 495
315 131
944 245
646 993
113 999
125 590
614 298
428 700
844 715
59 623
83 794
249 561
740 12
693 286
940 234
548 383
454 183
651 114
546 332
14 897
563 310
528 619
167 973
592 190
870 164
601 842
926 431
673 509
394 226
548 348
258 993
539 656
936 957
20 424
612 953
99 376
802 879
484 332
201 724
270 176
597 783
247 419
777 732
186 227
115 668
777 759
578 923
110 631
854 129
462 213
624 145
949 341
146 625
312 425
620 132
275 752
374 994
125 447
14 192
604 561
823 934
501 157
526 715
38 241
804 283
970 401
3 206
800 346
196 712
876 935
57 421
76 217
874 332
306 28
982 931
386 324
513 955
338 110
465 786
374 313
440 890
840 459
18 902
116 220
245 102
697 900
928 571
962 201
421 630
747 337
416 917
791 996
978 964
777 862
307 153
445 713
796 430
77 883
197 376
452 891
951 685
889 564
547 291
360 121
207 848
814 435
766 20
40 236
444 994
271 308
771 495
275 363
627 235
968 900
569 71
494 486
42 752
405 203
873 565
320 378
24 320
528 172
933 245
140 155
535 182
740 535
386 264
905 117
559 41
789 474
509 714
93 801
889 405
549 882
347 547
22 260
679 211
517 365
120 292
767 347
745 611
210 353
421 38
199 690
37 685
14 474
665 70
157 387
789 185
397 341
394 92
955 322
958 363
160 953
169 15
644 940
824 389
941 425
485 404
975 920
994 677
73 222
290 665
415 377
425 876
747 324
453 195
450 921
694 645
96 252
488 34
755 229
677 606
52 166
75 952
911 894
812 642
153 818
132 496
505 668
792 95
621 209
770 38
971 826
146 698
984 55
569 607
808 834
376 426
61 214
876 561
784 150
82 780
216 521
218 260
198 729
635 892
859 608
11 886
801 467
20 419
562 232
674 805
251 857
877 110
291 875
545 459
511 325
871 923
569 582
559 914
921 108
832 782
234 671
622 592
684 974
182 732
698 572
138 251
178 230
300 240
402 941
342 912
965 626
768 69
880 295
689 568
621 704
218 177
729 807
880 146
844 784
771 688
583 859
744 930
559 295
171 715
579 642
990 537
676 281
853 983
66 510
683 541
44 750
635 892
82 32
726 692
428 408
300 117
795 997
632 695
180 770
244 737
278 301
385 366
294 653
604 519
924 814
688 256
434 673
686 543
459 3
654 642
479 438
633 972
724 664
213 194
186 805
678 416
734 624
847 536
331 664
218 111
567 542
969 294
764 572
223 607
215 502
189 333
721 197
432 58
534 46
232 516
525 957
276 880
739 429
94 914
447 750
14 230
782 480
92 296
836 624
114 23
51 414
749 138
670 813
205 175
117 846
569 201
770 82
42 431
851 435
143 371
802 591
245 383
911 249
804 967
736 869
883 931
923 199
313 483
885 882
440 37
345 109
288 809
128 117
337 559
837 227
240 507
459 774
108 491
715 958
82 736
350 329
125 22
18 247
229 537
337 851
141 919
218 607
559 821
573 791
287 684
332 173
240 458
886 971
501 164
422 907
540 689
994 931
974 311
243 179
901 392
257 256
153 888
217 958
983 350
842 742
909 125
915 425
464 84
633 665
790 386
739 389
442 103
988 284
233 40
462 643
659 460
643 334
192 722
802 554
349 697
983 632
31 84
714 796
645 405
240 956
356 282
130 586
284 963
994 386
546 687
460 207
743 234
78 687
821 507
98 933
718 799
965 428
904 392
506 10
683 167
889 22
73 585
412 636
822 351
161 333
812 789
373 804
550 21
471 648
346 65
740 761
580 942
621 304
987 596
395 622
274 139
454 374
951 185
822 441
875 238
326 355
550 587
191 49
835 389
988 161
360 745
789 251
379 469
831 785
356 54
183 594
312 811
975 876
554 758
178 922
354 381
230 374
869 823
674 269
772 270
858 536
62 575
247 72
878 293
349 342
263 154
417 82
648 455
617 472
445 15
556 921
769 305
538 412
188 42
42 750
151 681
560 342
789 175
610 684
811 992
61 688
599 741
496 780
601 264
75 828
715 628
769 462
668 249
647 391
612 385
783 698
808 629
355 341
146 725
574 214
2 566
204 968
966 579
144 915
393 772
468 944
240 15
602 720
701 475
945 362
296 834
834 207
445 495
338 352
484 467
48 264
136 450
496 622
1 119
737 327
56 338
625 31
59 537
543 507
422 44
979 194
645 989
726 296
429 640
342 797
923 879
353 428
809 741
531 920
42 407
514 693
549 817
173 114
696 367
332 94
773 128
603 503
416 43
646 508
136 203
483 657
31 620
234 881
71 166
62 9
162 672
38 30
523 244
694 868
663 779
625 997
129 437
165 655
42 143
963 244
853 131
143 154
371 296
957 133
579 122
151 569
836 367
511 792
212 323
916 936
538 42
174 297
798 987
736 529
734 397
775 427
117 806
786 501
298 904
163 546
233 620
494 599
206 54
499 370
741 561
223 200
803 362
181 218
450 858
719 435
109 770
514 132
32 896
963 961
102 187
921 557
541 681
717 756
824 863
318 376
218 410
635 237
209 214
304 124
861 781
464 505
776 541
771 632
255 319
714 960
637 239
932 742
275 463
439 241
391 992
776 635
61 445
749 994
31 103
836 337
951 567
298 731
327 94
424 885
267 725
177 230
363 297
348 30
12 122
230 292
544 356
784 493
25 79
381 565
878 443
656 189
536 488
988 167
616 109
936 273
133 470
258 286
233 563
851 4
812 284
185 485
444 567
381 374
148 904
398 780
111 614
769 212
361 12
877 834
783 482
606 978
360 523
156 27
128 527
560 454
151 16
701 513
507 215
174 349
441 575
54 65
540 204
804 901
751 533
200 630
113 21
76 182
542 794
903 59
516 38
357 77
44 555
998 135
945 714
290 337
9 297
124 881
229 805
370 60
199 347
35 385
209 579
390 305
728 862
139 270
489 305
755 246
651 469
697 656
764 346
954 307
179 209
669 29
196 38
882 580
174 460
499 940
274 476
489 77
126 748
986 329
897 835
568 34
297 758
934 867
833 609
159 428
627 793
383 454
271 618
149 266
708 132
358 70
848 778
903 952
571 356
883 742
447 790
929 111
352 782
672 790
912 548
144 723
898 311
321 220
379 574
46 244
705 121
95 950
18 992
625 746
339 413
487 333
892 218
697 601
609 114
835 192
901 437
127 203
69 599
510 592
416 695
806 365
63 15
33 274
410 523
966 274
921 834
371 967
895 945
353 449
625 243
242 433
239 618
316 51
146 237
775 331
367 894
549 426
106 416
654 368
369 81
442 14
374 380
114 895
980 323
471 367
731 977
137 771
496 794
998 773
683 563
690 268
681 833
572 650
971 54
858 487
569 988
986 339
438 454
63 444
183 566
781 581
393 9
523 843
47 596
299 642
649 128
640 866
515 245
191 813
840 193
329 695
230 8
169 231
567 903
621 491
185 899
741 875
941 624
248 983
935 549
89 806
243 182
176 129
686 468
94 398
729 539
574 555
958 703
941 838
961 175
590 245
663 59
617 245
123 821
621 596
365 441
807 961
495 410
665 834
782 364
866 721
498 299
765 297
648 167
482 144
494 885
792 81
715 714
575 948
228 296
521 475
706 648
685 812
350 270
392 28
695 212
544 499
883 389
338 979
5 279
303 96
69 144
988 877
287 490
935 447
315 350
389 420
243 465
493 896
243 55
528 720
135 4
845 587
157 508
658 807
108 379
666 935
362 851
90 71
432 588
416 533
465 406
317 138
643 497
69 9
287 524
165 678
419 323
340 254
436 182
357 437
456 110
662 63
14 289
518 894
793 279
309 812
608 880
729 104
804 200
316 589
958 373
91 203
944 419
196 609
405 155
944 179
986 692
517 344
360 777
82 921
189 241
146 846
903 274
367 904
797 142
762 400
359 821
904 502
711 520
741 745
900 525
294 418
85 296
216 457
64 932
949 691
371 30
481 539
865 163
587 102
820 34
479 65
480 434
237 478
411 362
592 3
900 688
41 906
241 804
570 802
682 205
291 515
469 796
87 865
854 98
486 689
704 905
349 681
569 561
467 86
165 253
369 524
666 134
815 123
377 918
234 97
490 434
230 478
322 199
832 710
725 491
558 336
361 582
979 689
771 983
322 214
137 202
210 194
945 8
685 507
666 595
539 92
750 120
906 110
162 423
26 638
667 19
558 726
357 417
19 601
600 695
397 934
974 847
22 295
550 699
214 60
156 468
405 480
454 201
845 212
494 457
74 238
574 766
710 923
822 123
18 568
483 802
926 150
229 648
19 177
875 974
686 434
55 632
801 914
754 822
974 790
658 984
471 36
880 238
915 161
341 19
902 686
826 422
766 117
677 355
88 994
442 319
909 376
41 795
394 373
271 907
424 150
150 464
169 77
980 535
517 626
599 42
497 632
260 214
517 388
667 219
753 221
53 488
522 495
532 514
916 580
733 217
744 646
903 599
616 452
628 113
783 545
250 796
486 618
844 959
25 340
848 970
130 457
475 373
962 747
678 221
582 994
304 974
428 605
910 793
382 861
212 290
396 384
986 292
719 518
702 53
380 483
332 628
114 614
149 394
34 787
433 289
413 394
752 158
256 867
737 227
372 667
873 465
965 404
793 645
488 822
859 138
376 344
707 348
879 102
537 332
281 193
328 813
187 657
128 751
217 327
975 745
34 485
361 747
928 484
528 441
121 633
154 36
483 745
3 297
878 670
293 910
4 147
520 294
22 838
207 887
818 383
493 853
941 261
205 432
166 445
50 451
117 658
727 805
361 368
896 791
913 119
5 335
860 735
646 691
56 566
269 370
898 917
485 811
844 479
291 472
237 366
370 958
25 543
922 809
211 451
221 740
887 367
625 90
38 215
810 414
854 978
148 715
23 944
828 417
770 994
955 769
945 588
565 265
263 203
77 409
117 327
263 604
262 498
471 438
65 817
540 8
67 33
590 127
687 4
984 997
953 68
433 258
513 971
111 960
510 697
897 576
672 243
880 228
209 155
38 479
549 8
511 856
525 547
573 48
399 551
774 806
270 388
232 940
413 887
486 651
309 214
802 514
398 416
367 529
883 525
811 84
591 844
414 830
2 203
970 665
166 197
969 770
197 509
918 721
821 119
960 670
728 364
741 991
329 827
600 187
840 600
60 421
770 534
527 57
948 326
664 482
915 450
314 806
260 429
167 193
514 358
784 655
547 563
685 820
987 25
956 478
274 865
758 759
772 111
764 384
147 158
178 334
13 272
959 378
216 703
272 832
227 299
856 61
439 560
390 900
606 858
166 703
951 20
734 71
510 30
733 30
134 942
971 636
13 533
66 764
556 906
841 807
592 961
616 943
297 820
60 916
9 858
914 479
812 871
452 827
781 795
570 681
193 911
575 230
655 736
484 251
74 36
958 439
946 801
708 129
165 102
625 391
527 40
9 73
202 528
113 531
455 230
302 765
663 629
85 277
603 269
599 722
211 420
339 114
286 562
943 223
261 128
66 311
505 903
492 23
197 917
610 607
977 818
28 430
194 219
105 956
926 429
458 44
124 398
127 231
906 955
230 773
756 628
423 731
168 680
611 760
786 198
11 939
644 301
301 933
306 745
939 248
453 963
914 159
