2500 2500
263 459
412 408
192 996
497 329
555 839
945 704
409 539
78 945
427 33
906 703
516 944
445 686
67 262
927 587
937 252
716 460
343 71
113 415
128 4
264 389
457 954
205 777
366 553
449 129
960 625
671 317
217 218
130 934
723 447
506 290
451 572
860 908
995 544
509 89
223 80
660 696
726 525
897 842
388 752
949 532
782 960
819 416
296 194
699 667
164 577
496 34
976 813
706 455
289 593
859 909
372 898
326 357
500 64
966 87
267 293
226 207
74 561
749 232
116 226
69 749
367 497
422 591
355 416
255 275
942 871
650 944
811 322
209 931
627 864
962 932
441 563
912 166
606 356
29 861
886 772
545 775
552 59
635 803
804 440
212 510
469 624
554 600
444 330
510 162
288 726
410 802
187 223
635 857
303 32
88 326
250 368
939 29
542 352
211 203
418 700
801 500
532 966
191 864
888 717
68 811
567 848
382 8
230 687
190 353
316 77
847 319
390 161
372 49
308 327
838 746
621 859
809 758
144 894
84 964
149 748
360 8
379 660
154 393
25 340
655 11
531 560
802 985
763 890
536 356
712 937
602 599
862 696
519 616
291 959
504 914
537 383
201 399
284 566
99 249
852 981
510 752
496 588
47 748
295 277
283 495
666 420
810 620
375 245
524 49
528 475
968 898
899 387
775 904
544 59
138 363
786 888
402 731
893 607
329 855
882 265
869 227
868 413
473 444
958 87
934 415
3 41
842 808
53 992
286 50
395 445
297 142
851 965
234 428
670 829
881 791
261 530
144 575
755 749
295 652
78 587
390 610
89 806
67 808
355 881
650 783
221 340
760 652
482 596
731 330
688 416
559 904
570 893
46 798
116 725
896 138
444 377
406 897
698 512
727 86
151 61
322 434
581 759
346 888
324 18
667 578
348 72
578 960
117 131
968 896
104 537
188 55
405 802
976 542
215 462
391 227
594 240
620 104
948 602
530 621
994 415
599 130
550 894
479 187
410 776
808 583
596 952
288 730
800 996
560 349
673 21
61 450
348 390
931 332
681 376
666 995
843 104
383 359
520 948
202 492
634 96
901 123
140 394
486 361
439 212
973 827
514 564
266 340
36 891
811 502
723 795
59 847
217 749
980 320
223 899
622 626
406 137
97 791
191 469
493 18
265 350
744 874
430 247
709 135
206 719
626 335
254 396
783 516
275 977
77 774
147 593
572 63
679 659
389 477
664 747
128 521
739 528
938 198
354 767
864 611
826 483
585 561
80 696
492 41
296 851
944 685
716 18
755 388
826 762
875 212
237 815
93 288
248 397
996 168
711 657
682 34
124 5
283 993
78 799
767 494
812 700
435 875
97 379
971 596
9 327
356 953
304 615
466 679
540 647
736 956
80 600
276 979
726 912
290 697
673 467
81 577
187 747
404 255
793 386
924 698
669 816
287 551
603 663
85 58
450 94
12 583
768 33
686 672
341 364
460 813
126 163
648 441
625 362
396 726
892 884
964 89
667 958
843 981
659 324
593 68
686 58
292 618
111 8
403 116
694 683
305 627
452 614
701 660
694 632
976 524
800 291
544 388
74 825
610 225
546 409
942 299
18 84
804 905
166 947
385 186
835 993
165 763
955 693
858 891
577 534
896 840
680 596
409 842
956 377
540 919
733 852
992 499
635 396
785 420
831 628
431 189
415 132
883 54
860 735
341 79
988 207
255 886
327 199
86 765
295 98
317 128
925 393
460 839
349 854
441 577
835 429
246 665
264 504
64 361
84 993
985 535
38 493
926 935
386 86
613 479
77 225
523 751
398 678
908 423
340 851
333 572
628 756
195 868
174 977
93 505
502 636
31 595
906 55
20 660
190 799
902 777
796 804
220 115
184 971
363 759
986 602
559 515
511 137
927 289
418 871
122 480
996 409
493 936
973 743
12 752
547 77
175 334
237 551
111 789
159 2
743 178
231 376
226 995
664 86
365 198
888 802
895 256
846 797
934 531
468 292
352 986
220 263
264 555
738 380
966 353
751 163
479 24
714 452
872 928
488 868
171 506
418 45
92 732
922 852
510 850
946 439
127 908
584 500
124 872
902 278
219 61
116 954
343 168
434 589
64 647
270 785
946 978
342 374
105 281
897 173
859 729
773 411
13 480
328 309
298 396
478 580
658 972
729 392
338 327
779 669
957 705
729 71
925 931
908 14
139 478
892 215
66 291
329 934
886 517
552 490
624 390
415 249
894 467
927 757
599 139
156 476
871 459
274 267
960 772
727 355
90 167
212 843
666 413
73 9
263 718
913 890
13 152
35 856
55 54
564 410
765 239
447 624
486 405
365 753
5 384
763 87
167 551
686 202
658 340
591 554
347 508
838 487
713 175
130 223
788 702
546 961
294 842
824 692
575 313
979 835
460 764
469 154
95 735
510 886
237 205
829 653
739 560
608 366
194 117
481 699
165 116
592 911
858 126
197 42
704 698
39 839
801 88
846 471
11 309
560 431
610 336
362 227
986 525
200 317
533 861
987 223
437 598
315 403
983 86
288 18
731 324
391 389
41 120
341 231
322 732
855 551
12 274
735 714
595 646
953 653
18 961
51 308
2 76
369 704
184 333
823 294
572 695
348 423
108 82
384 527
6 718
772 168
322 720
509 938
505 952
694 547
249 625
12 722
53 887
48 155
682 397
460 376
606 140
466 635
656 724
870 814
424 69
254 496
268 551
802 723
850 914
116 505
985 456
703 491
35 12
74 507
93 998
759 720
439 950
268 95
297 209
274 993
884 483
211 688
676 237
980 748
928 95
364 895
976 851
838 660
629 858
19 112
839 450
337 525
380 880
363 583
248 212
545 930
208 933
697 777
729 343
22 807
197 157
668 83
840 652
189 82
831 278
253 274
964 919
925 383
747 933
928 615
803 403
411 918
340 338
754 159
12 692
705 299
368 93
337 546
649 919
956 294
543 369
877 153
434 334
334 266
497 753
254 597
328 480
413 193
24 351
397 855
714 892
396 963
32 390
834 383
466 342
583 582
872 321
300 186
480 634
34 68
32 134
924 238
310 490
668 677
827 527
176 859
57 879
725 430
948 647
383 302
473 157
72 19
113 552
569 229
35 470
396 280
316 496
572 390
553 164
860 49
292 893
974 964
51 807
24 978
320 700
266 558
262 525
69 357
947 655
404 582
68 171
454 15
828 504
964 35
195 9
708 626
537 424
989 27
819 443
686 955
610 773
311 185
19 712
260 269
567 203
450 920
147 240
234 124
232 512
571 530
478 787
82 265
941 412
972 232
55 599
98 750
550 294
830 331
857 571
131 323
432 736
684 944
560 812
996 955
39 21
60 611
247 579
108 557
801 545
951 987
586 244
785 193
504 575
211 811
988 865
330 359
682 9
952 145
695 781
279 676
628 534
401 155
263 179
416 334
654 572
875 652
634 784
921 705
89 490
44 254
327 220
360 823
666 696
109 822
696 946
912 51
967 509
548 979
154 133
746 422
493 578
340 735
486 647
183 930
175 943
679 925
633 370
698 156
69 48
322 666
802 439
482 749
842 173
897 79
606 857
975 547
939 646
546 774
987 785
846 546
484 835
73 486
914 801
972 457
297 656
831 315
635 50
135 455
856 505
821 132
816 519
128 240
1 998
324 832
856 317
491 602
120 133
423 38
141 764
449 930
594 408
644 387
314 899
290 893
333 784
601 850
290 712
161 269
239 203
663 788
509 13
323 595
956 265
737 124
61 243
584 333
12 403
527 751
18 366
795 418
354 268
30 766
63 272
227 626
102 648
204 656
171 899
483 881
507 95
93 309
963 351
262 927
619 865
911 763
928 122
529 10
174 449
17 650
5 313
626 542
809 479
382 373
808 414
864 94
977 717
616 16
763 694
508 359
110 747
385 84
617 21
679 869
924 707
827 848
273 54
906 920
607 141
55 364
260 375
617 409
420 490
550 321
380 280
422 821
451 559
752 744
726 195
126 610
918 659
841 116
514 769
85 156
429 864
399 551
416 961
966 90
352 143
416 248
163 163
554 999
264 854
307 633
772 242
260 744
729 350
748 663
174 934
121 494
892 915
396 482
110 928
889 532
420 565
23 366
4 738
800 544
144 619
355 521
410 645
824 147
556 716
451 864
595 539
594 524
805 494
616 737
861 341
353 507
747 349
384 963
742 518
686 198
594 222
862 482
689 930
44 576
80 144
171 559
781 57
150 423
385 372
267 48
588 382
386 834
130 12
166 792
33 392
213 859
211 64
16 255
739 734
766 23
904 959
372 308
442 940
160 407
443 317
947 365
454 551
33 411
503 197
95 44
969 782
791 567
87 101
391 344
398 250
605 758
199 130
868 458
915 111
119 438
367 337
892 209
135 16
892 547
867 306
478 671
495 38
338 238
946 501
949 528
871 813
55 82
283 297
348 543
339 816
541 717
573 782
235 558
489 982
671 643
829 161
593 554
91 601
527 855
254 42
814 670
436 162
159 683
246 766
426 209
363 94
241 866
821 195
870 412
572 866
366 468
970 610
775 786
755 756
931 341
280 77
82 522
171 897
327 509
622 324
268 27
343 715
738 783
976 762
520 661
410 284
88 123
954 542
537 455
352 366
696 519
175 169
121 784
991 3
126 454
224 448
731 657
310 265
879 250
652 152
367 463
354 767
832 861
363 987
517 43
562 440
777 79
167 152
646 864
34 318
250 984
861 430
642 590
893 310
692 518
617 584
425 500
456 994
84 53
588 504
530 630
208 884
742 130
679 425
684 738
128 553
968 81
601 436
89 512
453 772
301 902
593 958
443 156
98 465
92 504
643 344
607 953
516 316
120 278
274 60
401 79
52 666
741 16
327 181
763 210
298 314
131 111
90 117
321 312
920 224
587 976
762 403
671 676
976 347
675 892
266 204
830 253
648 517
114 155
771 259
714 347
424 312
611 484
13 937
225 39
351 272
526 27
283 976
618 659
915 806
208 266
671 197
306 987
534 25
44 514
789 388
280 487
835 537
37 63
939 169
520 38
705 361
230 472
956 139
879 259
714 918
622 123
718 676
220 502
473 483
199 92
914 386
893 928
503 11
831 326
378 91
781 278
909 60
404 167
491 952
360 916
32 820
531 726
208 125
325 302
323 636
607 396
30 842
715 574
10 977
185 320
780 332
274 459
97 620
829 836
320 35
793 400
65 545
122 588
496 358
953 466
705 937
669 983
434 240
133 489
232 84
859 445
471 515
56 996
816 114
804 53
219 835
291 188
699 84
939 956
647 271
752 458
38 87
393 527
252 960
471 440
567 577
697 958
356 466
291 883
514 143
634 487
672 326
693 350
980 159
368 320
864 794
815 273
534 639
699 755
93 610
429 756
573 617
343 416
211 519
287 264
566 224
909 175
784 219
519 790
704 223
280 700
88 977
601 466
378 665
439 891
255 54
649 427
561 542
185 59
269 41
460 263
685 396
628 780
15 119
40 100
459 96
113 539
847 660
147 464
160 8
195 325
852 465
478 5
974 295
625 117
569 787
484 471
873 854
633 199
380 696
745 158
877 223
778 759
280 152
991 149
204 625
460 466
120 215
573 809
468 552
577 48
260 886
1 100
725 278
844 827
174 142
762 783
836 413
466 25
14 25
102 548
187 897
57 767
892 530
682 543
6 326
982 636
47 160
931 825
144 903
354 893
492 643
377 310
240 23
774 402
490 463
712 125
588 517
912 129
337 71
833 213
785 544
34 557
423 764
661 799
475 203
959 769
711 499
281 841
497 281
117 183
232 176
159 947
456 427
426 637
128 978
83 26
930 819
961 172
952 956
618 762
82 641
413 435
273 243
317 11
808 111
1 32
960 447
428 649
133 352
970 427
80 396
611 547
482 732
948 851
622 441
697 618
816 320
374 745
182 966
561 195
22 955
640 234
909 7
283 977
680 114
319 380
147 317
200 929
23 905
861 337
414 321
99 557
927 747
373 877
958 218
78 677
540 599
365 227
698 751
230 899
579 959
718 703
735 288
963 849
864 357
962 291
55 333
273 306
329 864
492 883
193 313
470 691
608 568
765 320
845 84
272 894
677 479
945 595
71 807
698 875
771 359
397 644
339 445
139 373
981 75
952 860
884 703
772 545
905 489
943 653
207 647
907 874
795 22
483 602
601 225
878 628
459 906
831 296
442 690
638 234
510 579
960 932
313 19
520 901
626 978
572 259
479 138
278 428
892 31
671 951
309 234
312 431
387 352
65 15
798 541
571 640
155 181
130 492
533 803
217 333
138 82
467 314
137 677
925 117
53 912
843 482
635 260
172 275
588 612
906 762
411 995
49 781
731 53
946 154
84 183
222 769
690 807
937 963
697 163
177 153
84 102
448 667
634 549
239 853
918 492
985 904
444 688
636 484
699 550
205 507
754 215
314 708
69 654
503 75
71 983
649 366
933 792
202 138
82 379
348 569
322 688
851 874
185 722
581 963
987 688
191 154
513 774
157 446
924 528
372 667
52 284
138 747
296 707
985 393
522 629
725 70
611 277
253 368
763 221
31 420
441 582
39 850
772 626
570 747
908 986
414 135
903 777
928 758
873 406
201 472
108 729
702 705
332 560
698 921
247 108
512 224
932 968
447 340
465 732
1 571
944 221
174 448
199 695
664 696
824 83
472 995
877 967
836 643
635 483
828 346
379 170
287 128
403 758
143 32
688 395
334 400
943 943
198 895
691 741
38 487
18 802
827 852
432 754
412 515
816 671
856 171
739 647
206 393
45 692
696 995
443 725
408 416
960 732
411 324
43 755
274 839
821 582
725 152
945 529
269 430
615 367
937 107
420 701
560 375
384 66
124 818
930 746
435 913
991 629
532 553
598 192
387 199
940 467
595 526
986 23
809 104
716 454
255 729
547 14
483 177
467 963
350 599
732 560
869 624
103 838
796 197
406 554
45 524
123 502
199 37
658 795
575 75
958 61
192 656
240 157
310 620
361 861
921 541
129 935
180 104
718 225
448 655
226 472
529 706
829 700
710 923
219 654
388 57
512 306
148 296
959 521
446 245
281 854
582 680
953 211
877 164
534 168
526 780
575 156
967 761
340 440
941 88
132 691
994 783
814 365
468 190
128 622
761 148
857 637
177 120
916 402
340 582
591 834
383 993
155 178
643 450
383 592
145 308
213 780
2 485
841 510
412 995
865 948
690 188
699 521
24 813
151 736
290 800
247 819
491 520
930 108
995 618
529 674
903 305
690 427
243 299
916 384
658 969
386 787
642 98
557 17
35 609
29 290
489 448
412 967
722 223
321 166
540 788
863 111
253 881
868 921
476 18
577 344
132 169
954 28
689 192
589 879
891 610
226 143
113 787
90 873
354 455
22 167
95 894
788 641
315 324
943 275
321 216
608 665
927 872
309 353
251 736
364 429
258 926
316 356
426 20
541 839
61 771
429 549
425 721
957 522
939 360
212 804
698 429
598 239
194 158
216 860
797 147
652 545
671 169
723 528
665 228
626 382
9 759
221 675
653 614
227 984
439 694
5 395
138 215
678 529
865 76
289 638
511 82
321 413
187 470
531 31
156 633
102 515
780 931
348 384
786 502
888 269
880 539
796 643
957 260
236 193
110 524
384 93
79 724
944 201
430 190
444 885
724 826
828 581
116 329
114 689
96 512
754 501
23 963
7 383
821 971
159 282
972 35
592 757
650 546
331 701
460 708
154 926
553 625
744 252
884 770
198 944
337 759
696 145
742 584
959 421
554 791
170 246
91 705
172 744
401 616
391 216
269 417
629 298
617 665
435 355
688 449
680 560
551 870
952 986
827 966
649 458
693 550
590 740
356 900
853 753
705 916
237 651
626 17
643 944
570 161
900 7
902 6
162 122
216 181
207 997
515 41
326 56
986 166
374 43
587 399
55 95
806 633
965 884
817 921
901 991
928 252
372 278
829 873
236 286
900 407
927 184
493 603
540 229
164 415
430 330
442 991
597 57
253 104
841 467
904 424
757 872
545 286
440 973
746 191
605 375
850 793
458 877
400 350
776 532
99 940
966 345
908 192
760 234
392 811
502 920
311 775
85 264
359 766
958 490
700 959
257 486
713 780
649 157
716 123
561 263
167 260
902 860
529 125
465 667
361 917
795 604
141 541
572 106
896 410
233 908
586 66
114 121
198 274
584 78
987 140
450 657
335 701
97 702
780 56
612 413
477 634
24 108
781 876
417 403
298 202
512 132
818 296
350 338
901 563
159 558
52 794
462 256
126 547
731 750
782 477
784 149
193 574
936 823
66 530
139 126
630 950
999 74
770 610
748 576
784 875
812 68
804 715
51 675
546 486
580 981
518 216
663 665
501 975
300 29
501 542
884 862
908 719
281 365
97 475
259 472
659 930
483 853
724 589
242 609
390 190
695 632
956 486
812 227
454 291
205 716
900 819
444 409
754 103
962 748
990 148
481 510
402 160
754 179
116 195
262 800
794 581
129 838
283 90
975 248
681 827
793 45
794 459
254 950
82 522
199 216
386 38
49 673
865 970
251 690
499 277
814 977
987 303
148 952
510 657
721 876
964 945
284 131
268 4
429 816
524 694
119 913
467 120
751 402
995 290
221 215
856 914
520 773
916 78
246 55
881 705
71 286
588 463
540 308
36 622
726 515
33 222
449 40
505 696
179 24
85 656
258 118
886 466
229 900
100 469
673 398
506 491
221 782
633 3
256 901
85 212
195 615
845 722
219 170
504 363
975 146
160 552
884 359
237 934
810 272
271 128
643 642
900 519
460 574
505 927
529 589
418 211
262 319
413 643
528 315
927 997
303 60
361 113
54 339
834 347
832 52
663 93
858 735
935 608
608 17
399 445
887 712
768 956
744 938
972 500
538 466
25 514
55 513
608 581
421 768
202 301
617 696
531 746
239 821
51 400
626 308
879 177
62 319
778 226
989 448
882 837
422 906
739 432
648 609
432 367
90 70
809 299
770 367
54 753
333 878
291 29
370 88
369 745
706 395
905 673
181 723
457 429
294 747
780 340
756 274
11 404
118 687
454 732
299 727
217 41
177 950
845 264
926 381
862 961
406 538
428 877
219 39
969 856
130 693
890 727
770 485
450 362
562 544
339 286
824 625
777 73
270 788
56 921
609 797
54 271
45 601
557 434
984 939
661 838
408 214
193 876
420 626
243 129
535 951
563 386
17 598
118 700
232 15
472 33
346 40
195 468
781 868
457 157
651 801
234 123
654 593
356 98
685 515
521 898
485 522
400 47
482 256
920 679
505 534
776 727
503 698
512 140
510 73
141 784
171 673
932 625
754 215
576 876
202 303
390 50
516 673
350 163
143 289
816 702
441 456
484 509
646 80
473 658
345 619
12 894
237 39
499 144
250 492
365 437
806 326
464 392
104 710
72 127
471 942
806 881
943 64
863 13
506 812
551 939
458 641
465 211
817 145
176 794
93 937
38 80
490 960
526 590
957 920
137 676
238 728
454 736
883 308
88 534
445 984
587 866
755 377
613 541
271 344
12 677
300 996
330 701
15 709
930 914
840 628
814 718
415 16
307 551
823 299
800 831
510 987
40 226
745 693
749 854
492 473
176 564
446 68
264 780
249 564
963 18
108 305
946 731
252 774
729 105
686 557
360 302
215 920
553 168
924 22
721 446
783 784
175 735
576 752
833 125
366 195
79 477
344 123
18 982
99 29
823 198
136 411
530 184
15 690
348 641
877 227
241 575
682 601
16 677
444 465
378 830
934 243
472 445
327 77
765 768
689 670
697 55
210 935
404 492
39 697
848 410
554 397
145 873
364 184
568 393
491 833
239 914
219 48
300 52
822 115
202 517
944 882
901 407
475 51
420 340
334 913
939 89
603 585
475 53
414 974
134 112
307 53
635 336
970 891
388 523
600 790
461 234
144 25
704 715
680 905
849 44
897 378
345 421
801 994
959 370
552 51
573 797
767 29
968 433
429 614
446 688
696 720
98 636
99 529
745 407
992 924
869 276
684 687
582 320
212 782
404 493
511 230
898 985
784 269
998 607
208 462
62 813
662 547
929 980
711 738
779 616
529 76
523 975
840 319
214 983
200 270
665 282
324 250
712 348
202 653
458 733
772 260
920 449
574 432
438 129
832 614
289 485
827 673
135 417
209 970
487 870
299 455
601 147
554 787
675 122
742 544
960 573
935 539
640 504
816 605
417 244
142 356
203 874
540 688
420 180
502 595
567 642
256 884
366 937
835 251
968 245
497 143
560 376
505 56
669 240
302 878
727 62
380 271
419 360
194 349
35 333
549 862
674 279
611 372
504 736
892 464
316 904
545 34
133 437
888 577
672 584
109 676
620 998
155 778
902 952
477 844
771 903
566 948
579 526
94 266
948 92
414 152
507 322
104 607
602 328
930 751
769 380
174 455
554 156
773 923
155 200
510 454
100 838
948 592
814 570
808 998
458 645
693 812
201 718
913 866
9 423
284 92
582 556
249 922
108 331
58 711
326 335
151 514
392 167
362 712
232 833
350 690
12 529
667 747
678 656
805 505
157 226
861 100
168 38
49 45
559 499
993 470
323 923
917 704
490 851
796 609
563 458
95 833
15 483
457 303
402 83
905 990
745 510
364 863
861 782
557 882
94 711
52 991
676 970
331 134
565 709
869 840
147 979
427 972
124 425
938 639
334 867
518 580
295 136
743 184
889 802
811 597
548 135
223 430
61 794
11 330
370 414
654 245
959 14
976 879
261 947
392 150
95 124
201 579
992 45
507 559
920 402
776 427
76 438
790 925
987 117
637 990
164 915
787 151
733 289
396 667
946 885
172 63
55 843
236 147
801 455
751 176
932 557
643 605
114 115
268 587
386 477
438 467
740 803
256 569
631 364
886 936
324 577
84 548
421 639
397 481
668 178
847 540
920 926
44 265
247 731
942 281
444 281
407 435
11 883
770 121
604 585
111 947
360 132
417 386
772 311
386 136
681 927
203 942
339 210
300 736
618 944
986 817
804 508
357 20
857 821
758 794
787 43
517 313
284 552
934 700
955 515
559 12
457 539
398 902
121 359
993 269
985 944
21 915
296 467
70 555
223 901
375 120
899 809
706 902
886 827
387 414
652 93
184 34
854 742
507 21
758 663
806 479
816 158
593 696
876 467
130 470
44 78
669 605
745 717
257 578
840 189
841 489
102 541
85 206
565 827
56 319
325 612
226 652
356 566
545 833
721 173
774 903
663 396
27 237
267 487
18 941
164 726
316 25
665 585
525 272
945 549
939 561
439 451
906 447
323 263
627 142
299 672
482 245
505 565
992 41
