2000 5500
786 595
767 50
88 957
575 323
432 666
986 480
326 355
158 527
801 111
818 103
812 577
162 909
844 523
556 436
858 704
59 159
967 333
978 111
307 1
872 702
381 580
65 428
569 445
317 187
546 71
320 765
444 957
404 684
618 46
899 355
367 811
238 122
256 38
675 33
153 570
85 788
766 583
145 60
134 866
983 409
857 830
755 81
37 679
673 996
391 595
631 651
300 897
963 731
572 655
700 958
622 970
765 284
765 343
218 975
780 186
89 772
607 185
100 551
137 956
914 368
306 130
639 382
478 433
910 908
186 998
978 338
680 685
998 543
956 674
599 499
395 854
639 164
190 894
84 486
351 547
505 276
281 889
243 494
537 429
974 613
673 163
346 344
72 992
102 374
258 338
632 624
814 497
108 704
530 231
932 2
936 989
251 196
449 702
620 199
702 233
146 614
501 539
208 399
876 378
912 769
6 503
404 73
548 632
160 351
825 231
792 910
465 530
312 921
178 478
895 373
647 921
50 691
644 230
176 359
341 175
366 302
120 996
962 881
681 65
897 895
486 441
632 637
316 272
733 617
657 961
869 388
407 647
306 830
8 720
979 139
769 507
858 99
214 861
601 894
278 258
259 238
909 134
574 637
810 898
817 676
327 882
129 449
549 148
46 422
518 316
597 740
454 409
973 718
788 313
100 568
875 957
581 873
605 707
148 774
198 56
166 548
671 160
990 322
763 742
529 462
462 57
917 400
581 23
784 988
25 535
594 77
209 110
858 159
100 745
388 729
271 200
201 110
900 960
867 986
616 363
41 770
849 538
781 656
566 213
148 851
775 453
845 171
994 827
353 851
847 916
442 779
603 596
20 809
280 145
85 722
277 357
162 648
32 469
767 188
718 677
523 34
547 447
48 267
570 233
724 7
304 142
335 606
46 24
844 302
736 120
251 754
60 635
114 833
91 118
131 65
45 918
907 162
20 864
240 964
809 980
858 844
807 740
519 447
265 917
249 92
744 771
932 94
436 352
959 839
534 677
805 213
969 44
684 692
197 283
993 116
509 226
222 164
85 302
242 242
952 142
237 97
20 248
538 45
15 749
495 126
644 881
65 829
952 158
748 242
605 395
734 942
906 848
773 512
298 196
410 775
494 87
561 122
74 360
784 961
847 704
415 415
562 702
997 719
878 617
973 986
223 162
649 575
594 100
8 208
661 364
158 160
648 966
935 619
67 522
236 272
633 208
293 448
858 135
707 457
819 889
200 934
488 286
332 620
906 337
663 779
933 786
616 689
500 566
351 727
624 505
690 586
547 163
549 196
627 126
537 679
776 752
116 322
353 789
35 581
120 538
260 980
768 312
284 154
733 553
485 981
116 383
31 231
756 36
731 667
34 648
553 113
279 76
18 435
235 730
891 555
413 549
476 26
662 720
53 10
480 742
715 76
350 686
327 445
251 621
37 392
787 634
788 745
333 489
711 882
389 814
309 755
529 528
476 72
194 527
345 103
301 485
577 919
293 856
667 316
953 433
763 56
615 783
539 174
727 755
391 53
365 759
771 792
962 726
908 827
286 442
318 846
251 481
734 798
798 860
976 555
500 604
174 619
224 343
120 280
290 430
770 46
540 483
345 262
808 492
437 862
440 598
68 489
867 945
21 952
870 769
240 320
407 687
785 499
567 819
164 498
22 133
874 782
612 792
776 159
798 497
237 555
662 638
422 144
679 154
25 929
290 829
435 350
357 212
131 157
890 152
998 435
158 332
2 26
96 872
617 371
796 333
194 24
316 498
441 654
820 600
619 896
685 674
525 360
12 91
709 339
95 206
739 12
734 82
467 305
344 604
267 384
278 960
212 209
745 199
228 940
646 479
317 276
59 908
948 266
781 818
180 919
888 250
407 216
947 218
332 738
705 838
261 532
946 709
323 635
876 235
717 30
142 95
583 674
325 922
285 730
992 784
718 397
161 144
638 491
359 912
233 965
799 560
579 533
502 44
25 842
794 468
435 420
523 809
787 107
395 16
974 806
67 575
459 415
989 83
957 89
116 82
378 986
625 247
929 95
512 290
504 536
872 706
337 402
885 73
919 847
694 998
141 117
202 501
392 157
765 520
594 244
506 229
843 951
385 904
189 27
35 376
573 284
198 862
667 836
812 684
911 759
978 990
419 40
383 171
459 770
542 707
446 316
508 708
43 472
513 22
994 335
733 286
573 46
379 363
718 657
968 90
229 130
49 388
484 397
420 186
818 786
975 417
536 421
662 580
112 362
132 482
400 762
951 81
155 436
610 55
242 341
222 820
778 404
869 907
132 775
124 168
445 184
181 495
615 331
157 614
514 437
370 316
46 717
462 871
603 669
708 569
687 587
812 111
535 697
656 215
835 420
232 199
193 259
658 599
531 676
716 605
572 273
670 809
121 790
725 537
26 112
704 185
386 733
671 485
353 887
21 509
554 415
72 739
945 807
682 936
626 737
993 205
539 882
397 857
602 216
358 128
445 823
977 801
968 543
500 215
746 541
119 881
68 82
695 610
566 252
458 364
990 416
530 101
684 915
912 650
148 723
924 656
928 458
148 331
822 106
990 198
404 375
541 863
690 206
444 448
123 318
223 773
184 723
325 463
85 886
84 108
26 542
570 537
512 407
388 950
74 208
56 298
78 837
595 52
549 960
458 318
466 467
381 188
484 596
908 330
294 847
816 818
229 512
80 455
723 878
937 2
993 551
563 720
467 789
131 682
227 10
915 224
345 228
658 847
264 516
623 151
369 34
231 579
1 974
760 276
926 65
578 580
692 594
89 359
878 571
669 109
816 20
246 350
744 712
526 115
712 557
169 103
144 412
903 13
965 77
521 856
314 603
421 804
394 143
427 251
675 335
799 131
815 888
101 360
499 501
818 329
242 225
648 516
159 662
610 17
85 356
167 125
378 44
170 569
881 985
420 404
494 962
195 617
414 332
644 578
940 205
830 665
792 390
133 610
434 13
30 51
592 128
331 778
895 284
393 574
404 433
721 934
248 315
788 825
375 299
838 21
876 330
968 596
390 955
523 603
427 169
390 704
566 829
201 75
435 427
565 839
136 116
110 565
539 702
360 801
553 929
202 117
818 355
42 844
997 58
660 948
292 679
400 504
444 379
375 385
304 443
372 631
333 754
332 216
468 689
97 489
974 470
387 112
697 904
57 208
244 141
704 830
588 452
975 239
406 823
214 210
274 35
373 10
429 102
706 795
579 459
674 880
195 735
613 906
434 898
388 500
803 986
286 595
7 989
806 165
360 610
206 424
234 366
631 978
460 539
963 489
843 314
429 981
838 960
309 738
107 877
426 943
352 368
877 939
828 443
293 106
677 224
304 776
506 170
718 478
253 841
595 295
654 318
632 666
926 364
968 200
360 425
240 416
967 15
51 240
346 832
765 151
862 470
322 882
334 461
654 108
224 355
58 336
560 178
789 537
520 970
259 760
326 528
87 553
823 661
932 791
288 210
217 760
399 335
995 368
342 812
932 259
912 298
942 846
427 694
357 324
759 587
397 568
33 10
274 207
872 729
80 965
446 479
631 175
444 997
627 710
210 868
643 744
264 773
431 120
595 690
937 935
619 708
539 946
874 947
749 528
549 745
12 35
74 255
583 673
130 365
494 906
250 58
855 556
862 210
657 252
339 550
459 194
390 863
254 299
451 33
817 419
335 43
168 874
762 218
335 670
577 41
663 814
475 901
182 288
984 778
669 775
83 192
551 619
882 93
41 356
614 855
39 17
715 652
21 8
453 12
45 301
685 12
353 259
663 348
535 787
138 284
860 248
283 985
987 21
318 131
58 532
756 976
476 488
855 6
129 900
853 515
352 576
36 679
552 624
607 600
530 29
257 990
922 607
998 722
868 734
499 181
305 574
548 291
490 839
716 747
337 326
538 959
975 220
62 40
670 214
47 377
843 551
76 670
689 821
203 252
388 321
33 241
961 518
818 621
321 521
945 647
146 663
233 909
16 903
120 822
745 64
801 880
498 496
890 755
198 734
807 188
743 109
749 498
900 609
604 283
425 225
590 807
471 447
261 971
378 82
962 175
599 1
585 319
187 936
978 270
175 663
205 887
711 654
333 431
164 711
146 933
84 910
902 454
359 209
156 294
355 526
417 277
190 138
737 504
689 74
138 190
729 226
419 495
972 500
117 417
518 630
287 135
216 216
261 599
749 606
648 238
537 209
119 246
761 614
875 451
694 757
841 142
897 306
458 17
993 486
320 231
817 843
336 735
646 620
425 393
114 529
781 917
122 297
836 174
272 674
655 464
967 246
88 893
55 499
168 656
398 419
316 648
580 258
422 887
630 926
764 844
86 642
996 375
116 859
155 327
800 553
535 41
721 257
783 852
434 749
378 724
280 804
793 1
266 868
226 975
608 714
589 851
308 117
206 113
894 427
836 26
910 543
591 183
108 523
169 993
233 488
10 161
573 544
980 964
62 550
356 643
306 544
635 135
75 680
912 627
625 492
140 346
206 988
968 76
159 695
762 175
138 174
350 148
609 223
223 840
758 485
216 277
462 44
412 98
540 58
357 87
302 107
313 64
472 608
439 292
775 276
420 240
826 95
327 717
444 502
831 397
223 582
666 966
371 203
694 874
875 685
611 528
940 258
597 987
401 349
715 473
440 173
700 485
751 409
801 849
846 981
896 639
600 53
238 710
794 296
129 875
299 969
735 270
363 550
367 592
359 987
997 117
40 68
860 560
118 386
101 379
990 428
246 911
141 937
497 923
539 76
383 289
185 321
400 179
257 312
711 270
173 630
699 836
977 426
80 341
847 65
409 274
689 614
329 669
862 277
431 898
730 663
227 779
774 143
983 403
99 226
814 125
770 314
388 478
248 47
118 534
354 502
766 624
602 85
601 862
641 880
558 649
455 947
843 365
756 81
98 780
378 496
384 833
664 84
274 792
835 334
982 896
542 338
784 182
911 168
500 480
471 236
855 616
225 269
598 861
591 127
10 675
898 180
478 663
681 321
833 528
879 787
47 191
691 213
844 216
554 280
495 582
130 378
90 905
193 951
365 884
759 495
36 728
960 287
541 307
746 313
606 321
873 882
14 185
678 576
502 435
189 521
389 633
805 142
619 215
767 716
283 794
487 391
504 582
520 301
99 629
391 25
63 377
583 695
241 53
429 100
456 945
256 689
461 619
255 19
14 178
432 328
517 113
332 17
931 317
570 293
506 751
177 669
731 548
342 789
15 787
566 944
622 612
736 375
600 440
38 243
364 335
608 279
171 201
904 348
438 964
512 953
341 412
58 620
247 405
825 181
283 359
946 701
174 743
449 212
694 796
865 995
670 825
748 585
272 795
343 102
120 425
808 588
872 685
465 307
856 741
135 769
425 401
923 471
26 364
664 676
701 983
951 638
205 222
695 645
16 679
238 93
759 624
141 937
253 966
391 317
415 583
809 612
1 846
614 723
535 47
264 305
100 30
553 275
607 52
510 788
389 874
835 82
708 530
669 262
681 274
396 372
988 66
943 401
529 957
942 229
87 300
744 944
479 835
967 18
461 896
634 669
445 105
419 788
750 5
32 390
667 257
30 411
113 746
238 738
661 919
916 962
597 305
882 72
350 200
680 608
153 585
294 964
721 372
107 312
531 411
426 433
427 937
425 903
349 474
123 133
525 769
698 942
784 484
931 581
408 477
803 166
905 307
10 223
165 363
205 55
696 330
593 823
749 89
162 146
232 186
968 513
570 548
431 498
168 284
249 547
242 20
348 532
903 737
977 307
997 393
159 494
691 236
837 262
365 2
909 239
58 277
88 301
63 690
979 370
141 979
600 663
746 109
532 749
257 217
333 752
600 943
288 140
101 816
774 939
591 158
170 517
651 478
552 272
17 200
817 903
856 792
758 462
533 969
194 882
659 909
119 565
923 388
726 921
793 924
416 905
943 693
78 579
472 438
929 361
472 476
459 778
334 877
416 471
726 310
362 866
708 868
101 595
838 752
410 944
375 805
566 94
300 745
409 280
732 230
221 943
181 983
14 600
558 532
377 558
378 230
826 952
258 652
519 62
315 553
670 394
222 393
926 68
109 517
610 649
189 965
393 782
366 451
648 359
352 365
420 636
866 651
780 356
371 208
484 237
122 589
810 48
241 553
382 831
814 664
678 890
689 318
967 372
823 480
199 187
160 853
441 877
882 890
566 592
931 51
664 456
857 81
71 847
202 306
49 946
847 378
128 101
489 133
457 834
507 768
712 106
190 806
731 688
713 413
645 911
790 66
8 215
515 826
703 240
648 757
265 599
164 562
867 945
330 781
714 827
154 967
353 733
407 289
793 537
913 73
527 848
338 758
969 850
488 998
486 654
461 916
109 972
812 581
148 39
726 151
550 922
715 398
979 625
867 102
160 46
451 224
421 202
525 355
607 743
52 21
704 570
816 60
270 54
506 757
163 743
187 48
500 305
825 570
215 75
285 404
216 356
445 698
337 598
839 961
445 954
268 126
912 303
116 256
600 238
121 335
146 624
628 788
211 830
945 103
537 921
749 54
352 161
536 939
145 22
585 929
446 201
778 755
930 813
211 46
413 181
566 502
137 515
528 441
455 880
914 156
302 214
29 24
438 301
87 703
964 787
485 832
227 47
222 998
113 689
990 941
97 962
337 879
85 593
806 506
410 739
679 536
359 961
981 973
605 479
820 606
585 901
545 284
226 692
832 995
154 552
343 350
910 686
998 573
56 23
572 145
298 936
691 227
410 542
7 84
600 743
728 187
143 17
280 594
40 348
246 783
785 122
908 826
206 765
624 982
923 796
202 34
827 208
474 755
950 628
326 228
264 305
650 37
106 672
516 242
760 305
378 845
828 386
866 291
78 614
463 297
629 350
129 759
54 892
102 874
559 693
550 934
174 575
230 296
884 576
895 474
237 780
577 55
250 330
901 876
295 418
198 733
582 221
63 508
704 285
340 817
738 953
352 649
176 203
865 356
391 380
200 522
849 170
938 693
584 977
626 72
851 603
34 983
608 383
647 754
486 510
114 461
602 769
4 657
49 845
60 634
441 692
566 588
11 598
150 130
566 499
839 657
131 44
790 896
797 57
188 30
909 294
856 314
816 385
70 181
854 531
238 916
731 87
872 817
86 752
202 949
960 729
381 403
493 775
232 233
745 304
626 197
874 84
760 229
863 817
305 490
526 813
52 467
480 602
679 539
364 385
365 406
420 858
501 555
610 254
492 603
235 175
5 811
178 733
250 506
750 957
257 306
387 857
715 935
25 930
306 569
600 365
7 98
660 296
24 280
98 1
702 924
539 483
266 147
405 977
541 450
751 147
938 97
890 355
593 559
520 277
968 358
824 613
688 423
135 995
338 721
312 56
931 241
953 711
126 40
377 386
775 856
992 844
471 636
3 313
447 585
396 626
797 650
498 678
129 632
176 7
131 898
765 338
732 669
521 305
417 941
878 576
711 970
258 902
626 424
387 395
687 138
632 11
166 71
210 111
891 768
185 290
15 396
61 123
519 545
211 554
251 492
218 400
880 467
401 402
308 173
569 671
211 915
186 52
887 436
372 404
294 432
622 112
245 690
486 673
513 149
525 328
854 313
404 623
728 823
558 775
425 883
700 814
896 161
343 503
344 955
480 9
661 87
424 230
531 806
667 856
375 508
22 275
433 358
537 589
130 719
652 131
140 801
254 96
212 858
469 775
440 357
957 913
312 113
551 615
362 934
458 480
534 304
606 635
831 479
860 577
764 324
344 645
274 129
453 613
922 41
468 495
84 434
75 890
81 834
133 281
546 17
296 293
113 583
995 399
363 669
851 931
644 607
117 615
99 588
233 460
923 632
853 138
490 342
564 634
214 912
227 279
999 966
733 429
51 723
870 156
786 140
500 194
364 532
444 329
598 702
296 127
387 754
521 130
929 544
148 218
454 761
635 537
224 136
113 239
755 612
36 468
656 169
961 272
716 984
438 856
593 366
710 245
762 423
111 906
502 387
872 265
734 904
19 400
658 2
24 778
765 491
710 232
928 157
950 601
321 56
692 183
359 824
818 276
144 474
706 558
324 193
193 449
672 913
119 842
260 961
58 828
73 99
793 191
395 500
752 703
292 650
307 306
994 95
962 666
339 674
664 826
234 197
589 607
878 157
180 134
464 285
413 429
182 249
656 890
860 156
648 527
154 974
494 338
457 248
548 238
636 835
745 39
468 743
737 898
820 790
298 494
982 708
165 298
302 635
789 741
437 52
856 668
273 571
721 60
634 801
984 936
449 637
217 906
543 377
496 100
861 558
774 344
737 407
807 976
731 194
907 919
76 654
880 479
677 506
859 729
424 143
538 827
830 826
170 629
673 631
258 846
982 819
721 465
471 747
520 514
716 343
462 783
957 476
243 119
236 450
259 450
199 569
303 289
596 505
973 844
284 176
165 139
684 723
326 544
41 511
230 119
696 504
319 222
566 915
210 187
827 790
732 283
480 491
941 237
290 411
483 305
876 172
160 133
883 134
99 352
18 317
107 291
819 542
886 643
157 511
166 277
338 196
448 128
132 909
600 880
547 758
83 878
323 391
707 670
859 178
432 740
142 522
320 530
549 452
301 472
406 18
614 775
713 376
817 900
108 336
284 753
958 118
707 604
130 253
564 728
948 868
637 439
272 365
200 84
731 331
452 613
334 881
393 245
977 239
35 628
76 917
662 919
277 136
605 779
663 360
135 415
47 473
645 902
462 737
227 395
808 749
621 675
697 351
238 820
259 105
560 263
50 249
452 496
514 164
224 91
380 933
195 703
2 857
564 593
662 659
400 566
75 993
714 149
371 309
380 833
834 396
992 38
694 708
154 213
959 185
366 57
419 378
649 113
923 642
917 881
966 46
944 37
726 984
851 46
327 805
845 637
15 459
744 484
604 190
735 286
56 116
681 672
539 692
205 908
23 542
495 825
421 199
139 997
166 676
897 897
220 595
542 675
760 53
827 847
852 294
726 805
151 60
211 7
561 567
