2500 3000
395 338
556 959
893 447
501 188
727 502
717 197
529 757
123 487
963 484
420 798
908 187
167 214
136 966
918 316
778 48
691 326
226 295
839 559
14 827
17 446
567 660
49 837
710 493
660 943
58 722
904 493
208 618
675 210
886 636
26 286
342 54
234 822
30 25
997 536
926 682
973 929
752 687
263 352
291 878
65 211
689 668
478 477
186 854
447 391
341 135
116 106
862 408
196 42
240 822
753 276
738 904
982 887
668 251
226 95
610 808
17 683
894 956
703 946
54 740
870 253
79 517
930 299
163 409
683 968
7 609
618 186
971 469
530 538
614 124
913 246
378 744
956 86
984 101
167 723
165 137
5 229
528 365
565 666
811 236
509 443
779 90
484 278
815 845
755 76
893 764
322 919
373 534
99 600
989 288
60 656
894 187
178 127
897 501
677 177
181 932
696 433
996 601
465 539
507 493
374 541
650 215
907 449
805 47
864 808
59 564
148 206
757 206
240 907
480 687
412 624
997 664
773 209
675 32
673 575
979 158
459 847
799 352
408 153
980 270
631 893
295 861
916 719
121 496
31 539
287 66
468 469
876 493
880 315
747 560
331 502
594 218
436 614
464 699
898 876
645 868
670 302
611 577
124 636
19 260
464 176
923 423
397 694
235 785
541 985
978 2
584 102
622 363
114 263
336 194
741 364
679 777
583 723
452 284
791 674
660 309
524 864
991 962
349 449
669 309
656 338
181 996
116 250
181 543
374 166
855 152
599 5
121 279
467 973
869 820
850 703
779 163
603 383
837 658
119 266
964 151
486 13
236 426
702 96
647 273
348 378
895 883
551 328
330 648
355 897
229 98
590 361
394 875
830 125
11 766
342 203
243 984
539 91
746 293
119 539
520 640
593 918
953 708
889 496
475 856
87 238
325 247
600 293
884 989
751 129
91 826
46 719
890 202
503 456
894 555
381 244
922 565
428 625
213 828
2 656
956 212
396 370
309 347
195 728
997 277
738 20
815 924
150 656
670 96
659 672
769 699
294 739
286 805
824 320
373 579
271 798
515 878
641 72
698 19
323 75
539 737
997 906
434 99
990 753
268 192
789 393
453 497
584 9
969 643
555 518
896 542
300 897
142 671
13 832
228 226
559 38
460 636
197 755
883 331
44 174
735 27
180 594
466 809
858 962
155 184
490 275
548 590
515 362
827 693
825 945
205 502
968 303
903 405
200 217
202 494
454 493
675 228
224 643
995 204
576 644
546 445
791 442
241 351
779 219
787 618
736 579
964 256
778 786
87 235
129 11
660 886
996 525
927 128
166 167
801 782
226 809
973 641
403 984
377 104
741 932
990 117
88 753
447 84
993 719
643 124
338 201
574 582
524 286
282 880
610 353
469 828
993 269
185 638
443 594
648 440
68 162
84 562
230 511
528 817
410 295
425 906
375 772
72 18
40 578
440 620
382 83
501 363
367 221
191 588
955 152
908 294
656 148
659 831
354 994
348 775
226 96
574 165
966 685
545 7
376 316
436 430
973 166
646 679
191 647
145 561
836 131
21 668
986 103
710 961
869 95
635 27
297 841
59 473
411 640
582 346
958 743
472 635
706 935
784 608
696 728
341 548
94 77
884 6
546 892
533 403
289 933
626 611
344 249
744 905
543 564
51 148
651 177
321 851
944 94
357 85
90 483
654 947
856 672
790 58
451 272
446 218
776 757
580 319
293 730
574 139
864 745
45 558
211 18
823 960
956 630
202 708
893 87
726 595
777 580
273 295
190 371
578 857
116 223
618 841
467 284
208 278
28 914
985 821
456 425
271 834
344 12
989 518
116 924
669 752
423 396
630 814
758 159
141 928
972 869
830 772
344 185
151 372
630 272
448 333
855 308
290 70
767 327
696 457
290 333
599 23
515 36
272 824
688 147
10 895
684 687
651 693
972 503
244 982
722 381
591 520
53 407
508 451
845 613
969 516
849 190
518 973
560 790
895 265
104 466
146 26
783 299
621 691
583 724
232 80
914 386
13 66
809 917
417 472
315 154
855 493
681 321
869 122
724 808
482 825
732 604
591 294
916 938
430 377
363 339
586 548
66 330
960 215
724 461
742 991
64 886
750 690
793 381
318 384
994 776
79 145
922 454
430 360
418 843
946 754
688 993
138 469
717 318
718 189
921 177
433 388
440 50
714 569
541 218
415 998
34 414
18 509
294 25
339 152
913 778
142 654
302 992
879 733
116 170
336 878
119 214
836 460
492 254
229 977
356 464
490 760
414 147
790 44
277 643
165 307
707 739
181 943
166 845
509 725
765 372
30 67
432 656
808 477
705 724
535 833
105 65
361 769
783 674
732 292
899 834
33 183
854 338
558 319
444 510
437 282
877 12
433 656
809 68
182 861
615 987
417 85
900 600
823 396
166 699
613 705
999 79
210 670
904 573
371 116
722 11
344 38
618 994
705 97
265 490
749 903
699 925
689 991
785 295
525 36
30 121
679 25
161 39
330 706
997 446
824 794
461 378
475 153
325 838
723 79
161 943
88 8
748 725
305 375
888 225
986 228
956 422
60 590
695 667
472 787
645 412
491 69
131 991
841 603
499 914
368 293
476 155
419 545
728 829
341 542
87 380
846 769
20 41
577 235
383 744
803 499
716 945
800 845
48 182
280 664
492 985
93 115
167 769
484 715
55 569
568 425
248 738
708 952
17 665
292 970
43 728
888 802
901 779
633 762
906 595
313 912
38 367
902 70
201 671
670 256
552 151
360 666
197 996
492 168
928 400
111 139
854 465
845 389
241 439
143 550
563 575
596 510
165 241
455 945
106 851
948 331
789 218
299 35
40 533
832 800
364 690
156 211
296 58
408 340
510 857
316 187
7 63
439 585
189 787
768 333
152 229
754 977
803 426
724 165
924 60
969 938
454 898
45 723
158 135
200 838
226 947
561 529
755 989
175 396
423 162
19 219
21 213
686 350
782 81
327 382
986 767
143 111
83 801
925 169
1 426
472 208
991 48
622 226
686 251
656 809
317 958
725 989
333 634
724 386
843 759
905 446
927 844
718 994
811 633
951 191
44 487
860 422
760 372
651 909
283 791
441 429
255 259
339 909
84 963
367 649
407 144
310 160
384 45
474 247
484 405
863 875
106 729
200 391
881 158
414 387
370 121
161 176
511 635
591 36
233 147
550 11
135 370
68 313
516 913
562 896
575 953
200 955
626 892
238 401
20 204
693 467
165 835
751 540
24 445
373 808
44 921
924 31
493 790
690 604
646 395
52 596
920 29
861 387
206 752
825 759
308 469
835 483
99 999
300 951
795 880
528 699
46 574
405 977
25 11
563 505
673 673
230 916
702 103
523 30
478 243
8 427
122 205
726 254
612 54
566 592
254 675
336 517
329 630
701 93
737 43
455 386
454 177
562 336
132 424
91 740
772 534
225 506
285 677
175 887
817 802
29 220
80 564
661 959
980 663
617 302
41 417
314 104
697 41
219 931
912 770
618 748
543 236
573 517
236 114
307 352
612 73
690 57
402 248
452 188
547 859
266 752
185 896
202 501
996 761
18 88
96 709
270 872
817 476
496 143
434 671
469 648
950 143
879 704
440 151
32 244
187 385
151 644
709 980
778 410
106 442
577 954
325 774
889 328
785 815
929 36
613 921
743 74
619 633
212 988
832 37
127 901
706 70
991 828
901 462
475 933
752 500
72 804
877 204
827 296
273 137
368 29
681 888
378 186
15 788
289 400
132 16
887 308
929 559
483 374
890 51
847 558
122 328
735 404
766 856
734 225
194 942
155 691
109 681
425 162
968 57
260 445
826 96
845 318
689 290
637 905
53 242
764 902
737 941
240 697
526 837
53 195
919 753
525 399
606 529
792 726
782 555
291 265
964 295
73 84
86 912
346 844
331 935
375 560
12 655
355 989
954 777
551 671
313 418
507 472
132 44
143 210
419 814
875 840
970 554
431 239
616 758
741 938
713 525
122 242
701 218
288 554
111 752
603 595
383 412
908 940
831 810
491 786
140 253
528 727
856 57
447 753
565 365
310 237
942 800
799 816
54 782
751 352
3 448
722 629
657 616
793 837
107 158
867 543
237 267
270 335
418 56
569 673
438 446
771 728
311 382
637 166
419 507
659 492
98 210
35 802
232 274
727 734
790 789
773 599
658 373
248 197
210 402
674 369
575 254
765 853
498 915
345 149
234 454
576 741
103 664
363 687
274 582
208 131
803 321
334 522
671 323
388 162
369 707
652 167
621 557
365 21
378 744
412 29
928 903
108 302
785 136
621 707
441 886
34 794
627 990
697 469
685 583
508 859
819 682
919 28
444 760
486 225
77 826
446 81
511 360
689 904
634 865
350 650
421 999
610 757
403 717
35 811
369 670
91 608
228 694
961 167
586 125
891 857
56 860
335 897
566 343
352 705
46 753
773 571
300 202
166 863
561 284
545 929
509 841
672 221
355 593
239 141
347 154
592 788
957 406
321 102
317 750
233 219
797 496
582 927
597 824
421 807
89 725
171 46
206 357
238 239
678 788
111 693
814 975
418 463
9 888
502 668
616 756
545 876
450 770
827 452
11 57
259 129
535 913
530 162
598 833
470 476
536 348
743 949
454 309
670 927
644 621
299 554
254 469
928 86
598 165
888 631
554 703
252 676
867 817
727 722
807 146
282 194
287 698
500 372
576 891
926 876
740 627
996 811
158 177
427 892
969 941
31 216
457 122
425 491
556 955
337 500
673 460
540 748
396 915
240 830
965 751
280 103
657 920
756 832
18 2
43 593
428 168
399 444
428 410
531 340
126 513
826 612
336 322
185 678
178 87
470 395
929 853
966 483
803 444
357 241
638 591
919 593
169 252
659 956
291 612
799 717
698 189
303 916
837 23
453 171
480 697
861 841
187 905
911 487
399 909
706 705
839 976
324 604
345 793
376 318
747 352
360 891
540 980
585 454
583 272
177 691
470 260
286 114
933 267
688 342
612 79
700 898
87 345
244 165
276 657
704 502
120 109
64 932
746 407
855 777
619 347
263 250
417 937
881 50
747 37
673 729
136 276
961 123
545 1
279 241
176 542
345 550
566 252
344 415
62 684
52 83
242 613
898 876
683 814
34 438
499 136
548 620
68 210
962 136
180 476
290 941
175 276
324 644
72 620
201 234
859 784
127 361
451 28
873 931
386 672
856 764
826 82
749 323
16 740
723 312
698 544
94 750
183 495
486 565
483 664
101 775
604 210
831 463
768 259
104 51
697 749
776 559
773 356
845 750
582 404
405 933
979 405
673 655
52 132
878 82
17 459
127 501
599 36
704 215
822 467
605 85
436 228
892 968
331 159
886 749
49 285
742 789
622 882
708 364
859 698
157 164
301 234
166 859
351 667
435 792
909 567
134 247
579 526
953 652
486 27
294 875
938 120
302 108
268 301
729 661
410 890
936 733
285 247
984 156
339 816
659 822
714 352
79 285
832 168
274 70
412 245
189 604
397 904
6 517
544 682
176 968
907 502
629 358
813 324
167 996
939 680
213 563
357 793
636 411
72 319
614 970
285 234
548 391
956 345
896 835
282 2
791 652
312 252
311 89
443 339
991 134
664 580
473 623
390 465
850 110
402 479
807 289
63 438
290 201
506 405
668 444
710 677
290 898
4 982
101 658
654 953
819 235
443 527
804 461
314 680
72 549
510 703
767 450
851 249
290 869
943 71
727 466
27 51
812 637
955 248
143 303
412 877
136 884
27 283
444 724
915 550
880 758
787 758
933 959
521 894
470 564
732 68
964 6
350 524
449 27
703 30
184 995
155 422
174 296
152 75
485 773
473 500
184 920
415 350
346 916
228 59
286 391
156 488
311 881
191 76
217 486
462 319
829 763
860 936
297 58
219 17
775 327
666 51
191 441
44 268
440 12
741 411
377 215
223 362
564 596
758 462
192 679
525 819
205 344
673 399
843 11
927 797
446 858
748 997
711 90
592 191
926 557
691 452
489 92
781 312
357 484
586 156
241 453
261 219
207 691
464 560
570 241
853 948
792 699
680 835
837 469
775 474
692 963
880 141
116 956
357 261
65 605
656 57
356 686
674 487
815 922
867 439
711 450
838 765
788 550
168 553
361 880
870 291
582 786
508 739
427 261
556 686
633 388
274 619
599 987
507 64
687 244
289 448
795 999
730 153
719 657
709 425
217 603
652 591
720 957
761 781
762 974
159 839
867 492
883 546
328 667
154 276
150 363
635 524
737 75
206 10
698 214
512 318
247 86
129 893
732 905
599 582
661 158
428 750
530 724
339 80
907 915
661 203
588 415
137 490
986 485
404 847
573 551
547 648
256 311
64 201
846 452
757 967
631 661
600 781
229 185
934 552
765 92
704 272
50 377
892 49
180 527
991 703
312 46
765 12
214 39
884 374
816 612
653 23
21 145
908 258
651 687
315 791
702 232
134 707
732 31
765 104
77 764
467 791
334 165
317 413
56 470
780 188
976 254
395 826
439 802
424 864
452 362
711 445
752 416
791 915
804 675
328 663
160 183
631 941
832 746
513 482
913 435
205 300
913 580
873 631
866 903
743 748
804 911
410 680
770 993
133 500
590 668
584 863
386 62
898 257
318 129
980 960
543 282
352 141
746 945
664 493
795 373
689 733
659 559
286 699
626 472
612 60
14 900
492 886
934 459
480 676
371 591
668 170
874 775
888 247
5 601
957 885
304 846
762 255
996 802
755 514
821 741
324 481
611 943
874 708
697 726
240 358
347 488
808 555
252 339
16 451
397 82
898 319
393 326
577 18
565 493
16 279
722 855
265 527
359 887
355 301
937 805
886 90
902 37
657 285
648 220
944 753
66 680
368 516
120 500
905 344
51 30
164 416
148 857
426 632
446 850
280 739
510 748
811 425
427 727
743 279
773 720
271 158
98 174
101 434
335 628
15 953
529 4
271 510
21 771
460 767
533 625
802 364
599 414
260 290
65 516
534 574
434 505
934 962
349 233
643 162
578 815
788 664
390 59
131 913
266 497
273 172
983 507
882 34
63 57
494 861
732 115
749 947
643 564
586 909
406 311
933 264
831 724
243 270
64 236
263 214
764 862
720 721
318 640
611 5
919 252
934 371
492 880
811 273
978 771
968 228
704 227
197 51
247 607
773 206
253 986
955 501
130 79
590 510
101 471
615 799
38 897
836 120
549 289
804 555
468 863
148 476
902 678
909 209
763 180
568 798
635 406
544 281
112 619
924 332
310 669
67 452
998 776
682 685
226 944
276 902
146 695
25 14
527 226
492 855
129 489
678 234
146 901
136 948
924 889
371 695
222 189
674 203
83 832
10 403
434 907
469 831
136 229
433 282
794 282
444 678
943 370
682 669
435 125
274 641
391 611
612 226
337 53
948 612
644 103
943 224
164 576
532 73
667 242
201 702
399 415
830 628
395 25
922 181
337 696
808 896
391 278
276 964
101 563
121 774
903 50
342 667
174 73
527 651
593 685
329 712
351 75
1 605
476 121
147 64
188 150
451 750
435 967
28 91
475 17
92 440
153 260
535 590
481 879
207 610
773 981
999 209
436 607
89 191
462 915
724 47
638 680
825 759
618 89
383 255
178 558
544 235
641 691
887 306
473 494
473 154
80 374
593 230
147 857
794 360
232 315
899 467
224 656
595 532
503 995
773 384
904 315
83 107
203 627
773 972
267 433
945 661
84 234
269 553
231 515
336 460
232 518
927 454
761 702
310 499
496 675
324 537
825 138
877 360
125 684
823 646
502 21
754 286
591 444
103 370
258 218
874 633
923 997
92 277
321 76
504 437
517 299
258 682
387 915
9 320
93 97
655 527
103 218
187 262
701 918
655 974
20 229
75 728
21 158
333 462
496 440
547 102
9 713
754 120
133 335
779 145
420 269
836 36
401 386
623 82
705 171
936 894
120 919
512 246
863 206
705 158
446 526
701 593
948 575
987 722
649 538
834 484
750 660
876 80
38 740
390 282
191 865
283 612
391 779
64 568
825 672
791 810
715 930
948 723
377 71
807 394
856 423
421 441
903 351
985 648
199 761
222 327
516 205
194 483
315 583
204 955
588 481
981 604
853 739
534 382
634 653
859 672
462 878
56 455
406 380
327 531
595 305
221 429
41 731
250 558
584 659
513 135
435 312
282 540
215 533
680 574
442 615
632 851
353 604
362 29
640 589
976 13
369 240
98 188
92 633
385 569
946 24
483 84
768 437
646 612
497 117
536 255
215 322
331 64
669 865
539 331
836 103
802 458
531 418
846 491
259 791
169 88
50 395
965 458
506 77
959 426
38 464
972 797
311 574
604 561
478 377
706 524
836 605
916 146
229 25
241 966
242 596
737 302
882 414
244 95
905 889
651 677
485 978
178 548
165 64
391 597
133 314
812 55
932 722
207 326
878 951
373 293
465 404
82 154
719 46
706 215
408 74
962 497
518 882
84 821
764 489
915 861
36 947
269 815
655 202
92 733
309 424
657 44
252 418
682 917
199 597
123 433
420 581
959 319
768 416
594 477
268 115
464 315
88 790
155 559
541 301
514 112
650 887
645 292
135 168
830 909
843 780
43 44
691 50
110 644
213 332
480 456
326 479
369 6
322 699
425 863
8 3
593 729
149 507
588 779
514 112
128 613
385 262
572 827
549 966
198 241
523 699
512 904
717 945
691 647
197 752
877 353
973 268
677 930
587 646
816 287
317 363
140 256
954 69
105 530
244 210
657 251
998 861
134 732
881 196
47 719
18 706
246 652
178 464
410 818
70 877
719 72
259 922
637 844
967 733
937 733
453 790
891 969
249 715
803 54
278 252
725 257
331 177
418 976
885 640
628 342
607 163
113 213
303 72
36 487
925 969
100 825
299 775
559 44
119 236
328 662
881 790
166 443
190 915
127 737
982 740
960 235
864 484
840 755
799 498
891 825
331 882
602 98
989 21
576 665
42 18
646 697
351 817
864 189
456 244
662 62
399 75
442 862
648 238
126 845
973 58
613 97
617 462
859 651
693 22
193 461
265 339
135 274
12 764
698 91
385 349
542 5
882 148
547 330
713 510
188 979
8 372
770 341
145 439
366 690
552 287
394 420
683 891
323 659
975 429
180 441
795 648
344 756
120 570
265 149
180 104
638 127
81 922
356 191
992 148
1 664
684 269
812 460
541 130
881 175
41 907
596 434
344 164
78 109
363 413
299 219
578 655
996 471
552 839
350 559
411 794
512 176
731 967
955 797
439 54
106 864
521 920
106 749
565 753
705 153
4 17
851 293
725 321
360 994
86 487
971 833
394 874
452 521
52 60
531 387
439 571
562 584
287 30
180 735
299 482
161 902
859 224
121 774
943 937
234 700
807 429
801 358
717 510
565 235
196 626
946 845
586 903
912 636
608 799
405 683
656 381
295 910
587 713
475 760
562 398
134 487
181 356
375 508
17 273
14 109
420 610
290 28
460 931
909 168
672 717
159 590
34 162
604 822
778 752
515 368
679 436
947 213
261 978
87 413
5 907
986 354
702 801
400 927
101 165
441 573
721 41
243 700
486 27
746 116
152 725
829 826
438 7
796 265
852 815
452 316
333 891
905 49
424 100
745 974
272 925
615 66
392 813
481 795
690 670
276 167
845 681
393 945
787 746
330 818
763 601
559 439
500 690
609 100
760 992
178 888
121 399
470 13
642 939
823 393
63 470
88 683
197 115
301 780
391 653
893 868
159 818
425 773
676 35
782 154
289 854
362 359
518 966
688 556
442 501
772 429
468 952
933 587
313 774
800 74
269 575
873 996
145 425
255 920
906 83
129 966
228 176
416 158
377 65
538 498
567 271
310 35
424 850
803 768
957 602
617 913
534 387
150 825
211 887
59 55
839 996
771 28
325 91
876 394
436 492
347 411
810 714
454 551
255 705
528 39
200 580
530 614
829 919
970 617
935 389
905 997
804 306
961 554
28 79
306 563
6 208
779 561
166 451
683 523
811 61
399 224
502 959
14 447
438 655
766 358
494 303
942 135
203 230
494 907
841 701
580 461
729 69
912 448
346 246
105 851
416 667
181 427
980 353
750 74
263 41
887 875
643 520
577 33
552 112
49 403
990 169
55 596
994 221
259 734
139 131
104 268
840 545
705 898
25 75
517 634
636 830
977 452
827 885
514 183
358 692
692 408
853 71
825 199
894 800
558 28
555 12
597 892
678 418
624 322
476 76
54 674
471 946
119 347
920 1
623 197
724 364
711 147
693 639
555 400
47 943
513 412
507 902
966 449
802 249
87 101
976 424
295 618
861 198
689 740
401 116
208 220
604 73
526 657
330 434
857 521
492 784
998 554
882 455
414 532
603 894
384 654
652 407
67 608
224 294
330 635
111 426
177 720
698 231
629 659
115 479
762 219
83 16
581 371
313 823
733 560
174 617
801 578
452 149
498 410
416 625
47 17
635 776
240 362
239 713
630 836
805 433
382 550
71 827
687 667
721 733
334 974
121 261
502 789
612 601
365 422
250 113
74 772
791 295
515 920
4 607
941 790
522 433
740 674
602 470
669 684
75 911
623 952
350 725
536 884
914 725
304 984
438 667
783 65
325 679
365 164
713 441
757 731
168 283
731 526
8 717
352 537
807 134
799 263
939 451
169 489
293 346
101 725
275 116
756 431
249 708
43 238
758 748
111 925
553 542
80 91
296 802
702 431
641 651
439 634
473 828
743 130
316 690
914 259
502 437
21 308
224 30
999 118
164 855
686 409
366 462
403 347
979 136
441 403
744 495
622 416
84 437
188 766
29 723
621 332
932 383
573 235
858 804
181 795
196 954
176 943
634 383
640 915
739 792
1 269
449 651
54 714
546 783
529 978
770 651
634 546
730 460
906 610
982 698
424 353
431 895
174 227
80 201
975 289
455 473
890 191
674 805
572 414
110 776
708 88
257 235
35 120
833 140
314 62
608 35
786 384
169 237
800 384
263 207
500 106
96 601
697 239
984 887
29 217
836 626
39 299
248 773
383 384
266 564
883 567
525 544
997 828
761 385
161 384
220 383
585 799
33 162
82 929
264 151
866 945
120 261
96 154
293 555
890 989
672 483
730 493
536 78
898 298
63 171
767 475
886 62
364 450
107 208
40 729
217 599
230 426
4 679
306 860
828 683
674 615
1 703
792 663
195 178
651 199
970 36
495 746
590 401
69 267
344 182
462 662
485 412
254 53
403 957
101 214
837 246
351 833
520 42
158 601
368 660
801 226
289 338
690 902
881 656
276 243
567 535
323 625
484 295
941 77
