2500 5500
661 774
865 932
735 905
531 746
198 616
548 938
255 33
546 246
966 942
809 630
698 654
111 837
626 136
767 719
80 791
45 335
80 815
731 556
712 411
962 320
806 43
328 427
545 750
418 323
593 235
220 579
597 64
737 691
373 424
647 525
553 353
768 470
691 841
206 889
436 486
745 670
591 208
169 65
312 489
220 883
674 820
790 623
482 243
520 33
764 708
498 399
23 896
517 988
540 32
547 770
344 663
400 316
969 448
852 628
857 878
639 55
882 927
850 181
235 672
604 258
899 49
184 318
770 302
883 714
257 559
853 554
911 910
936 233
637 542
820 74
719 606
413 815
805 42
477 563
2 870
432 369
732 910
642 554
185 51
50 231
741 453
829 884
949 776
802 783
429 659
973 892
119 872
668 50
349 272
536 142
872 454
831 382
977 846
594 123
216 784
789 441
958 809
421 802
246 755
500 662
823 562
522 450
611 292
38 470
839 733
507 29
822 82
321 810
640 821
638 651
880 543
464 524
872 28
573 216
653 621
383 721
385 713
44 4
683 850
587 246
321 354
447 261
445 971
725 732
5 885
557 756
261 858
298 972
815 978
873 700
735 434
262 970
204 313
630 366
466 264
565 656
779 128
349 825
687 703
502 953
584 662
133 938
772 145
585 448
747 620
23 624
292 428
926 8
333 108
597 627
459 530
428 681
847 522
900 355
174 582
343 943
46 479
469 569
98 194
491 972
524 403
809 367
947 779
172 630
393 1
155 862
237 18
541 632
156 282
775 887
529 94
373 816
244 673
657 447
21 768
191 689
465 811
955 44
306 603
645 784
759 303
877 306
219 14
145 684
78 581
696 715
30 817
950 310
843 878
830 621
171 258
90 446
402 616
580 141
787 493
31 463
665 898
184 946
27 349
828 246
226 345
198 199
531 704
516 248
602 671
542 128
871 31
278 555
164 531
910 4
329 89
445 76
856 602
822 612
804 881
353 708
907 94
159 379
193 696
484 450
18 393
891 924
201 864
675 722
411 939
221 725
844 985
51 173
413 334
173 636
613 565
69 355
988 673
436 991
798 284
239 452
711 909
414 534
580 412
974 187
84 458
885 143
281 392
821 96
897 279
307 768
284 728
39 855
293 668
389 587
461 252
237 382
577 942
532 991
110 745
88 339
910 597
103 995
91 453
657 662
240 54
804 408
932 972
134 157
650 536
555 16
312 238
78 619
334 986
963 540
582 831
480 217
306 864
855 793
196 454
736 237
350 916
229 134
420 564
416 394
319 42
212 393
563 30
907 320
991 543
817 735
391 659
756 515
524 220
728 405
825 665
576 879
301 480
484 85
253 631
889 282
686 607
647 409
98 836
6 855
102 534
498 519
907 638
964 666
426 869
319 423
227 702
284 626
629 105
976 395
59 498
356 980
455 674
380 681
265 619
2 686
582 550
626 702
416 777
969 504
147 337
648 75
825 169
438 533
798 410
928 991
142 133
38 553
902 741
31 779
860 356
873 477
144 902
557 461
960 413
810 233
191 195
753 588
218 721
67 31
872 707
486 449
892 13
828 205
628 519
452 543
453 188
654 524
28 378
311 840
737 193
269 995
91 350
153 756
980 845
533 374
733 527
344 643
279 862
651 633
656 673
355 616
129 872
5 586
181 585
252 930
518 930
350 945
298 615
182 157
477 260
566 562
937 719
429 885
19 484
679 617
527 784
613 429
116 346
49 647
892 419
76 433
929 999
658 532
602 206
482 397
996 530
403 595
813 889
523 645
821 884
255 202
200 143
839 98
7 140
645 350
418 87
830 698
54 554
503 651
921 935
164 15
965 846
581 533
888 38
24 565
665 979
3 702
57 862
649 655
346 580
428 16
60 243
693 57
327 43
125 579
892 395
82 232
848 744
371 990
431 70
225 638
4 517
955 471
808 454
613 991
497 246
608 84
75 390
354 854
480 229
600 730
921 883
346 407
863 270
649 854
597 655
524 958
757 171
416 934
816 308
774 672
801 383
554 849
956 39
203 32
809 424
940 161
833 274
799 568
352 975
994 921
882 314
965 233
373 813
928 575
242 414
256 714
347 379
551 897
876 606
229 216
369 161
763 527
801 981
29 28
342 422
298 516
344 571
200 165
550 130
853 258
781 996
229 233
208 399
714 993
812 376
251 945
730 458
3 201
225 171
340 318
919 73
445 237
980 273
547 915
708 735
321 108
215 406
278 280
369 830
426 305
137 487
729 732
170 514
149 712
353 944
491 525
371 784
430 693
543 597
878 597
519 201
511 65
537 674
336 236
639 105
218 625
772 468
197 230
400 291
693 420
153 131
612 621
575 596
848 403
54 378
376 370
508 574
237 457
547 730
34 778
90 39
279 981
991 909
851 683
113 632
279 706
629 999
80 664
734 921
813 846
352 936
892 890
92 111
64 6
756 807
420 314
831 144
827 85
385 16
731 199
457 693
508 944
610 868
674 66
303 392
216 121
968 913
224 38
611 392
519 942
582 219
672 359
86 443
706 393
240 770
856 600
864 842
927 996
111 823
724 726
76 8
219 539
694 973
550 147
509 898
207 634
939 772
422 664
661 62
340 217
776 905
631 30
183 230
867 477
937 713
186 28
896 770
379 790
203 610
137 688
154 316
466 511
389 144
554 292
86 184
913 983
128 527
470 125
821 489
150 136
374 133
100 767
111 301
535 195
261 103
437 791
96 339
653 873
90 178
764 744
917 692
455 642
856 666
62 866
752 651
416 254
4 785
675 372
64 468
394 855
845 966
662 728
911 682
701 792
55 122
141 625
314 87
990 678
2 434
86 911
871 201
644 193
783 725
918 953
108 107
225 874
38 240
786 166
384 81
468 443
511 787
480 448
363 353
884 657
133 580
70 318
570 997
193 749
423 423
374 322
792 692
491 152
190 969
455 353
680 8
177 983
561 845
231 326
375 278
308 476
169 164
365 372
648 726
554 338
542 720
449 826
1 985
911 692
105 427
224 90
383 239
797 955
254 376
140 608
923 872
179 176
912 492
428 341
376 441
531 85
141 111
250 284
459 857
787 429
558 246
208 733
621 797
17 772
927 91
909 497
250 712
577 886
748 252
746 47
40 182
108 876
416 276
696 874
257 456
871 51
357 502
204 598
13 367
203 619
184 338
230 603
280 596
309 655
301 319
552 881
30 778
451 618
214 619
91 347
702 390
876 142
674 510
783 271
996 469
360 267
396 199
762 548
848 442
247 425
200 296
585 985
623 733
221 969
227 299
292 821
931 773
329 160
847 254
122 648
229 713
283 185
222 764
634 434
563 920
777 692
832 656
844 428
32 571
23 235
87 594
316 241
821 548
256 738
773 34
382 641
745 22
294 198
303 287
931 60
757 947
334 875
12 51
380 231
360 640
313 409
307 806
519 611
634 888
96 932
481 968
48 784
804 244
62 681
809 687
442 816
316 129
640 598
219 166
662 50
536 163
610 149
679 649
644 222
904 600
901 493
690 780
451 259
177 197
976 640
923 230
496 723
217 746
296 425
626 619
623 476
807 727
754 517
148 386
398 400
421 79
988 774
133 259
419 183
328 71
254 188
931 247
184 981
569 896
604 714
455 24
195 465
30 583
894 791
812 256
633 975
811 227
121 420
524 585
223 720
181 680
162 270
235 645
93 565
58 603
90 736
27 317
623 170
387 681
624 528
276 321
402 114
995 67
46 290
794 440
96 381
294 38
172 360
687 2
806 158
414 258
635 169
372 281
113 716
113 55
489 975
464 198
984 99
204 839
336 144
360 191
990 280
912 705
977 214
6 156
37 968
553 354
305 506
643 593
557 910
481 810
899 48
849 900
787 688
419 756
226 68
448 661
232 425
928 275
881 564
325 780
133 273
207 457
437 604
155 511
673 599
7 184
138 404
795 511
437 178
824 231
916 221
789 104
185 920
746 598
164 225
438 794
647 49
945 482
450 200
171 668
538 149
875 704
234 524
939 581
726 434
450 992
434 602
561 677
723 452
595 317
84 464
139 948
860 804
201 967
425 31
888 760
158 744
495 821
628 209
971 274
577 552
617 409
17 333
172 504
718 442
893 24
335 798
984 788
440 23
513 94
885 244
13 312
434 703
417 129
458 173
194 767
999 61
397 537
971 764
166 286
55 434
379 225
509 299
551 667
464 755
471 879
33 623
387 876
166 232
737 345
24 282
878 896
834 835
278 950
720 815
376 984
840 499
427 950
326 155
332 531
85 827
788 419
949 433
285 996
922 432
782 791
330 411
180 54
546 845
47 612
443 740
974 437
288 661
25 974
240 362
248 449
43 986
595 141
121 411
448 425
321 752
199 717
720 163
830 641
436 29
896 895
26 796
393 426
294 141
22 389
495 381
792 445
639 435
129 418
729 198
272 20
511 473
894 213
500 937
782 944
17 677
816 253
439 707
30 929
414 890
746 68
829 839
516 618
544 270
435 273
70 537
251 112
999 292
405 329
845 543
154 8
629 423
427 726
280 967
526 128
918 464
341 832
521 957
486 972
409 886
881 160
864 395
4 438
574 374
822 517
581 984
27 978
375 155
645 682
214 222
866 251
46 364
714 395
40 538
314 582
743 519
893 561
102 979
54 150
19 449
129 471
30 306
942 450
800 219
229 340
887 427
674 977
57 164
291 287
95 507
521 711
217 780
458 829
654 459
801 928
561 717
78 798
686 325
481 731
368 672
420 102
739 792
970 654
611 998
647 332
630 195
161 499
264 728
781 343
502 863
857 774
549 419
667 625
72 410
51 916
601 55
458 442
693 784
800 166
746 275
177 52
746 818
855 356
529 341
821 953
883 167
544 422
714 438
636 798
978 823
345 404
283 162
713 560
621 282
43 800
668 979
857 296
950 510
833 75
11 556
254 800
631 95
490 691
608 921
947 926
254 975
947 885
424 934
751 813
720 582
920 722
136 702
274 913
310 772
64 324
794 209
134 745
429 725
938 962
297 901
158 925
617 803
463 623
686 930
330 604
333 644
133 964
313 333
12 454
833 646
469 654
346 942
456 545
999 324
90 305
36 952
194 860
680 254
338 129
372 464
165 397
300 111
124 127
654 340
266 357
282 480
869 251
659 634
70 821
219 884
438 643
950 259
790 932
607 946
252 491
731 430
460 896
99 320
858 685
999 45
501 591
272 839
716 572
578 318
137 110
597 627
350 135
865 388
974 633
322 748
560 851
768 331
198 736
650 579
369 442
610 259
62 954
435 382
677 658
233 788
727 629
338 153
240 403
303 939
471 677
768 394
537 424
434 398
493 157
561 375
351 471
469 654
477 482
111 524
466 902
948 667
158 615
79 665
524 450
549 939
34 681
824 350
538 675
696 407
785 939
610 215
289 803
770 245
661 516
557 456
341 7
145 565
628 639
703 293
845 269
436 533
143 900
853 276
245 77
882 911
815 539
607 775
471 699
460 841
344 597
949 53
398 675
790 738
476 281
610 640
337 146
695 516
857 842
370 947
852 595
841 386
223 623
974 163
813 342
591 155
379 561
325 436
547 585
505 199
30 533
443 896
842 205
978 807
288 425
114 749
510 692
362 577
721 623
156 36
560 406
869 334
22 202
169 802
704 502
25 116
528 901
128 630
744 534
235 412
960 451
354 206
912 181
917 571
127 339
798 359
163 23
708 18
408 568
420 289
227 630
749 406
281 32
66 457
390 277
893 928
539 263
80 269
731 530
440 720
119 70
323 833
432 537
590 487
860 988
430 641
45 221
535 273
514 52
817 114
499 166
206 657
638 485
583 81
863 433
596 646
384 852
988 205
140 441
325 721
412 303
908 349
179 854
121 307
399 79
341 90
676 98
75 449
512 885
229 252
215 819
24 546
913 890
870 52
415 534
81 22
16 253
905 216
165 996
397 783
782 820
706 281
91 420
294 348
718 605
377 731
144 788
988 441
323 179
134 11
415 471
939 260
238 656
158 786
28 893
38 176
783 129
362 533
827 660
732 297
571 544
493 900
977 294
470 607
153 5
153 332
286 910
275 121
430 403
232 555
17 970
920 753
104 663
63 244
701 578
689 716
281 180
626 673
941 847
706 624
750 336
851 525
499 999
804 685
809 401
884 724
706 575
302 91
948 602
437 725
226 559
314 226
664 293
517 920
247 172
215 978
477 320
287 521
296 200
977 89
867 199
724 915
328 89
707 34
706 519
963 493
585 481
372 441
115 622
425 242
874 653
950 102
923 423
43 69
754 836
888 145
171 679
803 336
318 556
61 767
970 872
548 892
136 126
103 909
143 520
427 115
448 513
643 575
214 604
950 819
412 398
10 47
397 369
902 983
488 901
976 877
826 543
19 645
857 766
694 549
570 993
929 961
788 532
476 520
286 128
49 461
98 989
457 904
795 622
733 120
628 658
361 300
581 910
511 566
513 170
476 133
80 31
162 110
429 146
495 731
574 151
920 768
896 4
834 500
420 990
558 556
170 768
237 665
586 500
18 512
851 720
353 990
269 636
503 375
616 24
855 154
128 649
891 139
321 591
214 147
572 164
760 588
979 790
123 775
997 48
482 96
367 167
824 479
593 7
897 570
484 318
67 372
899 44
438 193
355 825
906 710
679 758
288 763
200 896
890 485
427 871
257 930
384 885
765 784
467 608
952 435
845 732
696 286
633 879
925 639
520 157
905 300
110 198
892 703
905 121
323 831
942 494
204 868
269 407
666 150
913 530
953 558
169 460
872 692
989 957
299 414
66 797
178 533
762 954
282 854
805 437
525 426
702 340
672 775
871 796
509 807
22 51
556 64
164 395
485 766
57 573
776 453
435 559
494 815
726 213
277 255
466 130
301 5
156 244
643 485
531 500
893 888
578 398
617 575
662 800
962 799
740 921
187 77
643 162
78 299
766 142
323 969
120 35
808 290
689 830
536 905
597 21
106 306
922 901
558 874
688 303
151 658
152 281
554 176
810 84
704 272
34 368
315 602
219 753
494 421
851 323
82 443
624 335
64 880
599 850
880 186
82 944
951 97
107 278
91 201
775 222
63 98
6 860
647 606
99 800
878 21
35 904
315 847
753 935
846 834
506 261
730 706
764 815
111 142
655 588
110 571
415 135
571 153
499 412
189 703
874 417
682 186
146 305
359 80
591 299
385 605
938 487
81 318
170 415
564 528
582 665
530 275
989 188
214 270
728 921
599 303
587 243
374 560
846 553
785 907
345 712
780 428
377 635
637 153
236 603
579 851
551 195
336 999
789 540
106 424
512 527
347 366
224 546
315 520
370 716
262 876
179 845
414 548
923 151
574 1
652 748
636 684
662 702
340 684
181 703
584 265
719 91
355 688
214 450
277 786
445 893
684 889
860 763
472 491
984 979
415 513
594 770
241 383
213 568
216 232
630 253
250 568
171 535
536 295
549 156
719 725
620 958
691 470
806 494
484 285
764 172
504 307
132 686
491 532
664 141
449 260
579 846
537 90
236 545
13 969
536 422
985 25
886 30
288 380
455 833
674 44
718 152
985 583
41 653
317 515
534 551
485 198
878 414
975 176
534 125
604 925
979 458
970 826
640 701
778 976
278 297
259 171
896 180
329 837
125 875
585 300
28 80
1 635
8 313
415 353
662 713
525 304
444 962
337 547
430 602
940 525
179 659
704 405
445 103
644 970
621 327
622 486
871 865
515 537
565 64
847 178
590 436
187 756
723 974
119 652
663 387
195 120
915 686
16 895
771 244
821 929
95 659
757 626
991 768
653 252
778 722
346 941
85 514
748 829
777 388
379 489
771 805
707 493
545 886
52 433
526 846
586 99
262 22
384 267
192 606
358 74
766 838
360 861
478 66
359 58
682 763
215 801
992 784
610 168
328 463
375 95
876 174
428 713
800 788
673 275
150 267
516 885
643 747
374 519
155 195
703 744
278 262
588 547
122 478
650 95
383 579
7 156
352 426
651 557
933 598
728 647
535 156
412 100
31 942
225 288
693 988
447 474
713 567
674 789
167 884
419 438
451 328
173 863
267 337
608 185
572 470
509 904
694 690
844 277
135 555
496 484
625 490
699 520
983 135
154 493
887 301
881 193
348 405
956 897
417 768
103 903
980 284
207 188
174 384
404 284
90 966
423 953
61 745
912 360
31 580
814 300
849 206
89 922
792 716
824 119
584 70
400 939
133 828
698 977
357 956
504 481
230 934
903 511
824 308
221 616
654 507
133 14
772 742
823 69
777 644
63 715
965 563
142 301
979 874
633 388
721 663
71 993
398 689
110 840
800 769
262 740
319 377
375 594
565 532
859 541
615 517
445 302
273 311
197 479
996 464
890 792
409 384
62 806
832 365
763 605
74 544
792 677
346 320
887 284
369 451
118 714
344 946
753 142
480 654
672 168
118 241
497 338
603 788
790 315
169 989
371 181
378 180
148 311
817 128
386 799
215 712
122 811
623 984
669 832
667 729
914 90
847 885
872 505
472 611
42 327
782 840
787 243
405 78
949 89
892 5
185 247
874 199
208 939
494 604
690 881
365 716
156 162
962 319
405 884
593 921
26 302
658 539
66 709
90 645
993 760
877 653
253 139
941 676
58 544
287 977
376 724
879 639
155 460
983 983
482 838
585 862
580 171
390 606
169 9
190 865
850 80
842 245
251 55
610 937
663 746
146 12
973 161
998 457
750 942
665 375
973 122
794 202
166 382
338 413
56 600
142 544
453 391
650 778
627 5
547 364
636 846
931 145
163 194
147 708
886 299
866 475
868 372
393 301
465 168
135 859
505 175
147 924
24 451
80 831
820 734
639 181
703 94
744 746
329 922
105 563
885 778
739 900
892 796
170 579
936 972
591 442
793 377
871 294
956 993
105 943
42 960
190 959
967 118
41 462
7 666
975 151
101 775
746 210
426 828
755 430
123 678
901 720
140 114
231 348
899 860
274 826
365 150
357 187
383 331
364 633
138 608
447 457
622 760
575 899
435 328
974 901
47 277
236 311
77 423
898 558
293 622
203 911
27 346
204 674
244 753
337 199
963 365
295 148
436 434
471 409
453 568
192 487
635 327
25 639
427 73
436 972
465 491
819 347
937 709
846 543
805 473
103 444
642 770
984 444
742 667
183 459
250 951
305 274
899 562
100 271
720 692
584 270
934 849
158 58
942 230
912 764
769 206
638 128
26 41
860 962
109 862
561 952
882 407
614 9
846 508
543 465
748 168
399 103
418 633
230 268
576 851
948 597
619 347
324 442
349 577
598 264
687 592
116 728
92 536
380 509
205 494
513 830
848 697
82 650
833 691
349 122
237 562
92 474
931 51
180 239
483 41
460 782
714 66
597 626
430 502
391 412
768 829
931 275
448 676
123 954
407 510
791 336
779 821
895 934
17 622
902 953
664 312
690 749
603 586
679 155
298 360
107 779
41 142
286 34
976 450
352 42
760 572
589 682
531 397
52 758
730 706
710 665
240 944
789 945
387 784
805 845
271 240
628 788
644 957
487 204
924 18
165 708
206 878
685 47
944 975
419 83
285 445
173 349
57 358
423 149
104 354
571 102
758 910
236 619
5 356
124 976
28 652
259 542
85 21
709 467
110 662
997 976
382 585
12 554
653 622
52 286
347 996
827 469
35 14
900 290
30 192
337 778
9 596
103 95
373 447
792 210
249 968
170 591
774 475
504 349
871 746
875 524
799 807
619 401
476 301
230 533
18 755
290 180
998 922
261 289
394 935
746 239
851 191
331 551
355 794
867 255
622 447
881 304
962 803
604 998
448 759
713 990
180 712
288 304
67 238
289 525
145 323
216 717
266 307
324 192
216 424
672 106
834 773
652 837
709 877
692 585
165 642
938 109
834 24
715 706
689 448
292 163
200 515
155 832
689 78
348 242
26 740
764 135
54 340
308 527
180 535
58 810
934 258
129 377
13 111
737 700
270 223
365 673
675 181
293 874
56 683
883 535
327 857
233 64
218 651
92 812
779 427
780 120
659 328
107 811
768 518
504 944
972 720
692 87
326 683
946 709
808 354
287 744
507 433
461 44
356 68
631 24
750 781
404 400
144 716
822 373
202 990
281 570
748 232
737 769
501 897
699 361
391 948
406 279
117 357
666 604
592 569
933 566
309 847
493 173
419 160
871 404
42 647
884 608
889 474
30 846
237 594
719 489
836 162
411 919
715 544
165 592
659 785
97 672
173 100
947 638
95 590
102 180
891 816
196 759
229 887
336 925
110 494
741 741
886 656
709 42
200 775
308 78
298 337
531 103
298 442
744 152
471 120
958 134
963 56
726 906
771 345
924 309
322 642
686 588
716 703
219 265
580 295
653 230
76 1
462 6
240 755
954 904
22 579
16 245
588 239
580 84
670 951
557 596
899 881
315 657
26 219
685 720
783 388
153 902
938 970
581 274
524 170
460 723
492 62
723 926
635 836
715 568
677 676
330 419
56 157
175 45
645 934
335 840
419 363
928 344
372 307
338 447
5 884
370 568
94 675
623 773
807 802
225 714
465 338
281 636
209 668
409 173
295 884
623 865
390 968
946 462
439 793
560 776
903 334
18 71
576 621
658 914
852 924
193 896
140 886
661 12
121 280
304 768
376 752
173 53
781 446
675 609
371 141
267 153
554 267
170 996
799 676
411 798
915 4
575 235
827 26
798 211
686 959
120 13
870 155
586 40
200 802
453 810
34 594
490 609
447 997
925 512
907 722
965 757
185 663
642 325
390 337
890 530
839 366
232 526
425 162
597 431
408 158
78 574
57 987
97 759
280 241
337 8
266 691
358 957
462 909
395 319
945 134
598 66
121 479
764 428
919 272
289 908
552 576
876 519
816 15
837 552
115 681
588 602
762 44
970 259
801 311
921 635
158 703
802 993
909 581
241 695
256 31
559 845
835 886
706 562
730 161
930 939
75 290
484 199
192 690
665 227
422 943
96 300
818 17
703 113
357 759
822 550
755 730
934 747
861 955
90 817
329 676
453 758
152 804
220 322
234 563
948 363
422 568
210 200
424 345
794 102
148 253
279 825
821 382
209 120
552 647
881 892
677 407
304 331
369 159
565 330
448 505
12 755
239 960
213 170
215 814
805 217
345 844
853 126
340 815
8 365
654 616
998 707
902 96
423 374
360 588
543 933
541 808
549 488
716 492
400 960
970 330
700 483
969 522
601 724
276 881
75 34
48 120
110 357
269 929
483 67
614 148
739 88
18 450
731 546
369 112
292 975
792 916
143 824
335 175
795 736
291 380
445 881
760 382
750 482
103 229
381 380
938 742
48 581
915 861
521 140
981 976
