2500 2000
177 788
598 597
822 147
917 67
276 459
746 794
118 414
311 77
664 524
823 448
771 220
423 749
181 514
312 543
979 745
712 62
981 900
141 236
954 459
91 18
4 888
346 480
913 17
783 806
743 502
707 158
75 961
651 866
307 971
329 663
500 358
831 757
229 875
241 176
866 45
870 38
929 196
373 136
124 840
870 607
993 143
732 479
704 922
612 657
943 746
131 937
378 193
289 695
93 863
906 909
401 861
320 767
554 487
552 503
10 429
824 994
105 965
868 604
604 276
898 195
408 820
573 445
834 730
132 337
718 69
634 911
510 193
667 794
689 457
998 622
738 913
315 207
489 336
553 284
282 677
778 940
359 99
49 39
825 709
168 579
567 59
696 314
28 594
225 338
697 236
842 251
763 970
982 863
183 269
879 916
470 240
72 244
948 38
410 70
505 391
516 357
879 520
890 973
855 953
223 611
329 958
151 108
757 687
130 457
82 327
919 308
849 920
516 202
655 673
548 148
151 221
37 155
999 957
928 36
85 780
942 985
323 142
183 837
154 264
515 653
673 335
400 487
613 793
193 537
8 800
601 149
150 55
601 75
561 807
66 82
876 725
646 169
312 19
139 651
541 79
802 90
122 296
850 698
940 868
528 228
384 659
152 335
657 59
210 165
85 194
973 816
494 828
47 569
545 770
168 620
94 264
292 593
883 644
713 615
604 736
198 408
182 474
169 614
331 108
778 219
478 728
645 906
267 921
866 958
79 155
709 371
815 468
274 241
717 927
737 778
459 982
262 914
195 924
519 269
667 592
58 122
363 87
760 230
630 813
745 152
860 880
262 400
446 294
663 165
240 878
701 484
801 939
779 631
21 82
857 438
150 233
244 892
208 242
97 85
775 907
271 367
316 115
692 36
273 178
626 349
395 718
857 659
581 498
480 245
666 956
210 248
487 353
276 309
187 426
465 910
968 333
435 351
613 26
559 803
47 172
972 332
206 214
768 340
673 812
267 510
566 691
600 956
401 651
68 977
961 52
784 798
523 433
867 426
940 909
696 964
757 965
736 594
391 952
49 636
750 835
650 158
584 391
467 266
879 447
413 966
295 702
112 910
259 362
40 902
166 32
674 154
630 485
402 870
467 754
147 543
140 469
30 93
167 598
330 130
626 260
719 77
995 391
824 195
709 468
408 208
292 786
265 406
530 296
442 487
289 620
464 418
528 804
13 7
415 626
549 41
766 397
360 620
247 222
358 350
829 944
304 694
272 480
327 505
424 698
826 479
382 379
540 537
112 236
247 546
802 43
876 91
577 287
277 199
184 586
516 328
334 719
76 56
481 181
363 272
17 655
306 589
563 10
740 608
33 429
661 568
111 402
283 169
209 423
770 661
723 677
783 912
170 621
301 509
945 523
795 808
43 60
435 893
875 756
645 847
322 818
996 815
69 467
856 959
620 273
202 179
807 113
668 308
117 669
952 190
751 15
184 461
712 692
955 48
949 926
889 858
821 97
235 681
431 969
821 395
861 971
106 56
16 540
597 484
395 996
440 493
460 263
183 719
176 357
181 247
960 364
334 669
312 306
469 399
721 214
383 296
361 480
150 549
976 405
602 419
906 457
915 944
433 37
791 970
159 747
882 666
28 272
726 279
250 797
468 119
502 652
60 646
195 977
597 879
194 624
817 479
661 661
611 770
809 29
841 462
646 175
886 121
347 496
166 559
157 782
260 187
453 447
862 728
361 335
531 667
682 857
480 108
611 345
268 115
156 599
307 478
702 820
654 33
132 728
911 264
997 904
661 971
326 400
540 883
42 697
813 676
167 428
398 132
338 391
404 682
187 592
781 689
895 49
877 690
108 297
532 577
953 604
857 31
965 880
452 428
757 634
788 140
107 861
852 48
949 722
765 458
224 899
158 875
642 92
929 325
428 199
274 705
990 349
914 481
251 63
919 1
95 716
512 232
731 555
277 550
394 456
468 268
696 936
439 802
558 604
552 895
387 469
248 383
12 885
335 90
4 755
307 866
30 616
693 509
735 698
603 428
406 170
660 189
951 211
356 569
611 113
109 346
700 639
783 225
420 487
959 923
980 933
583 404
818 846
551 419
760 220
526 48
399 241
86 719
301 286
765 496
37 154
623 980
40 952
395 941
156 724
237 474
372 461
503 267
181 235
271 676
908 446
856 700
765 257
575 193
927 197
276 197
909 863
20 619
382 85
688 451
102 48
40 211
799 829
639 519
707 74
396 426
420 933
690 815
59 440
310 885
940 650
362 296
861 370
584 193
364 442
53 190
97 629
773 173
964 372
183 984
10 577
675 871
758 435
193 966
965 131
187 273
541 152
149 755
323 324
466 560
671 577
254 555
169 33
148 626
21 199
662 284
559 506
309 859
245 159
957 745
167 345
669 249
718 323
506 704
292 739
47 710
620 22
73 563
572 603
112 23
958 255
665 658
405 169
497 724
654 34
379 766
470 922
452 937
406 200
815 690
934 861
361 681
822 928
604 130
547 816
783 92
915 761
19 357
130 970
337 385
843 593
94 302
968 336
875 327
721 105
229 991
161 954
111 4
217 337
199 191
752 986
170 68
460 757
444 855
915 122
889 358
618 148
463 512
531 994
310 388
697 122
193 930
92 768
542 430
537 9
383 800
454 779
559 414
90 353
996 755
953 711
948 189
322 672
17 156
155 379
675 501
112 142
857 508
993 247
247 116
497 378
224 250
769 28
346 257
205 699
901 111
38 199
458 112
812 332
877 485
991 360
716 460
828 408
922 393
592 531
754 104
47 732
399 278
59 34
213 997
666 229
825 992
412 516
593 388
23 613
803 401
46 281
534 248
932 228
52 432
33 779
657 964
463 842
118 523
773 702
470 391
666 302
994 854
762 950
443 772
257 70
508 426
440 983
691 223
976 366
732 764
737 39
328 840
136 943
329 248
259 70
744 130
112 104
452 537
822 354
747 495
953 42
462 129
458 122
20 49
819 144
299 388
837 656
316 660
132 484
600 566
560 494
723 655
980 730
65 237
391 325
204 422
462 742
66 143
519 396
728 543
897 447
922 625
554 178
12 935
919 809
370 194
231 983
567 291
503 419
429 817
754 226
435 481
836 711
430 594
431 876
190 630
962 193
483 289
223 634
661 150
677 246
709 2
675 248
898 136
573 815
470 437
633 40
829 899
232 438
765 302
721 183
184 349
972 302
551 850
274 38
380 455
743 777
535 265
49 778
816 494
962 845
283 120
842 620
67 366
127 239
915 644
911 582
360 724
588 227
718 144
599 849
806 295
902 744
237 438
399 314
618 626
546 788
837 59
248 89
347 596
737 468
368 710
718 205
443 985
379 760
693 840
370 926
927 787
352 203
794 143
287 360
656 625
911 322
41 256
156 309
539 144
622 250
755 919
370 895
435 978
7 10
735 572
30 379
729 923
279 436
786 14
132 63
505 331
896 873
913 624
311 762
691 470
680 56
541 716
832 241
376 338
918 49
221 127
22 34
774 143
798 65
649 546
226 928
653 820
935 913
340 688
525 454
284 850
548 6
537 480
769 903
596 449
219 940
425 387
179 993
876 572
167 328
962 377
614 3
499 419
500 665
853 888
618 908
880 175
379 114
213 222
311 861
712 400
570 578
111 19
434 283
661 677
344 433
543 306
703 81
687 636
923 373
20 622
451 560
74 212
28 344
586 978
129 896
687 414
673 51
600 703
551 885
501 515
961 611
878 772
309 522
258 728
768 103
273 402
320 203
271 706
386 483
510 610
535 619
52 715
380 487
991 474
161 455
255 496
518 688
437 996
539 725
603 641
570 272
17 672
826 744
582 825
662 466
944 292
988 213
256 137
120 220
660 785
461 159
750 633
534 136
269 560
272 725
492 572
54 18
259 659
110 929
139 695
253 210
770 682
652 294
12 799
643 493
999 670
770 337
553 776
288 880
869 862
577 157
59 850
258 362
787 181
495 289
985 759
266 61
89 46
732 78
790 765
880 510
611 755
258 758
90 417
759 667
771 505
954 676
21 558
896 954
118 473
752 202
9 49
173 216
449 967
626 507
714 588
88 120
217 462
911 442
788 651
435 770
208 104
501 241
218 803
255 552
410 294
172 710
914 103
255 814
451 303
358 660
357 927
421 13
545 535
787 733
608 963
683 870
720 722
608 654
453 945
470 149
564 801
239 966
280 156
461 599
480 442
850 727
672 992
179 216
578 287
26 113
486 58
520 773
199 356
294 59
321 989
476 868
979 904
547 496
688 513
200 272
974 313
928 911
661 228
971 180
802 904
324 171
853 370
167 322
525 171
18 611
645 218
819 138
507 266
142 461
72 164
676 504
164 322
585 637
659 175
406 577
142 524
969 794
307 999
945 599
28 79
303 949
172 842
919 345
483 871
397 575
825 915
818 213
688 914
369 41
107 689
242 96
873 514
350 172
84 733
370 614
830 915
931 509
973 648
133 374
665 363
525 832
257 295
920 689
629 197
448 25
236 235
267 316
307 932
606 309
249 538
146 587
979 275
254 815
696 657
213 70
311 683
755 881
842 643
151 966
765 312
980 810
599 198
979 593
650 370
875 34
258 816
363 368
433 305
252 211
785 82
683 766
738 200
493 281
534 210
838 230
910 218
27 334
79 283
39 615
653 271
761 668
125 79
958 614
410 985
841 127
763 807
587 461
488 127
822 112
282 124
969 962
280 67
544 673
706 993
255 699
598 428
316 400
698 780
130 303
522 658
449 22
101 986
506 63
562 927
290 539
691 205
884 954
123 123
956 175
572 738
541 390
882 843
33 15
282 154
380 135
246 157
475 98
531 923
33 707
752 719
265 183
235 804
134 335
673 93
763 26
654 993
902 401
936 645
9 200
32 292
865 937
60 467
74 476
738 130
388 173
54 979
375 74
176 61
666 691
635 15
156 429
652 576
426 486
391 948
545 454
71 665
147 189
707 389
759 31
314 970
173 767
124 78
629 900
449 187
936 644
524 230
86 892
533 782
567 242
547 989
107 320
365 620
201 596
295 880
96 538
758 164
814 33
393 846
759 534
126 984
676 448
167 423
184 233
423 151
799 733
218 419
101 262
950 96
664 270
406 14
276 930
185 907
711 214
104 696
132 829
637 504
294 133
456 691
813 443
969 302
389 736
454 522
665 844
735 545
296 831
91 777
808 748
203 580
797 677
601 269
542 528
882 359
821 577
871 192
802 998
920 622
792 981
635 319
322 288
108 168
545 731
58 583
3 758
538 590
955 300
842 751
851 482
808 19
763 332
926 477
21 29
183 177
138 886
835 891
804 589
41 268
729 817
260 437
16 496
775 392
46 910
138 424
731 594
389 214
89 675
433 486
20 123
991 495
551 290
668 730
18 943
666 207
448 949
83 148
63 852
898 396
626 83
648 460
860 458
785 160
503 827
559 214
953 163
819 545
719 378
385 743
682 399
653 957
262 102
571 457
921 719
290 764
245 556
644 279
370 985
724 642
713 756
944 535
25 187
907 225
405 545
321 355
505 394
33 318
469 679
135 679
966 764
611 630
785 483
531 658
59 308
45 12
984 83
334 90
795 108
704 676
160 703
975 303
146 411
372 992
60 66
68 869
56 468
560 209
783 899
668 342
627 453
75 664
445 78
667 279
443 724
291 80
648 163
656 241
443 313
275 147
569 706
94 588
241 232
754 670
212 769
442 940
543 862
882 921
145 111
173 354
5 327
937 517
603 60
697 937
218 435
50 365
677 415
303 96
16 802
654 494
61 266
584 862
947 455
692 840
154 410
588 91
117 839
301 256
232 86
549 677
225 588
327 191
157 814
628 686
27 832
220 9
465 163
559 49
159 825
100 30
556 916
54 550
111 348
171 143
602 647
397 681
549 747
169 93
632 615
68 761
749 289
772 381
205 472
847 386
666 616
175 701
486 686
600 368
431 539
939 238
962 929
11 889
548 565
895 914
70 760
837 244
249 554
537 287
287 158
979 914
24 334
9 726
343 137
302 367
319 759
817 702
800 322
689 971
352 100
648 287
987 491
976 265
25 300
862 140
48 642
442 947
504 134
463 76
867 443
497 618
26 590
959 375
554 445
692 571
669 145
627 6
986 98
842 920
570 208
359 856
397 123
166 949
168 69
650 323
534 946
943 258
322 856
515 852
889 710
263 638
397 965
904 146
114 712
422 233
952 982
105 249
300 743
518 367
32 260
951 960
776 967
810 989
986 442
673 630
996 866
186 339
424 199
954 392
947 253
725 766
53 58
662 214
247 494
291 881
186 537
442 570
238 419
483 839
701 977
907 831
400 152
382 211
630 102
103 168
991 956
74 173
632 298
551 859
984 215
411 791
862 628
404 517
62 607
6 973
794 959
166 467
905 446
248 511
979 391
992 507
160 411
524 354
662 536
767 858
922 411
999 446
458 873
150 769
684 273
840 173
942 141
926 378
808 738
838 734
730 28
930 420
374 541
109 551
911 975
816 878
130 969
671 371
899 188
894 728
609 293
968 550
757 432
414 652
880 950
341 874
175 736
758 760
497 60
772 612
729 937
446 354
85 658
7 134
416 451
457 19
108 375
232 592
78 71
171 281
125 496
340 559
268 826
877 792
326 230
195 607
571 467
72 866
160 464
974 47
843 930
775 899
64 40
670 404
990 528
187 330
106 994
999 550
356 153
975 428
191 662
441 346
495 948
638 531
166 860
616 478
305 46
242 933
463 603
400 417
652 616
962 163
185 610
202 900
789 968
284 286
997 772
15 173
651 452
313 921
725 56
870 518
398 573
843 795
63 639
570 167
157 270
778 655
353 868
692 150
234 615
436 157
213 901
496 82
489 774
8 223
572 53
399 457
588 46
656 962
249 126
137 278
183 594
813 453
458 618
198 618
676 40
549 706
511 966
977 855
990 901
153 401
990 916
293 608
539 771
624 865
67 807
366 880
908 37
545 757
426 763
332 460
625 152
968 17
888 283
775 186
136 647
852 403
335 204
434 835
875 388
62 841
134 876
290 177
351 967
855 706
321 113
974 808
727 184
500 312
544 902
853 773
787 147
573 367
942 927
488 624
699 870
884 447
88 574
803 868
129 850
927 294
246 940
137 220
227 902
107 577
880 647
196 603
709 453
717 970
716 585
987 183
392 223
917 349
573 728
978 888
9 143
357 215
781 382
228 415
451 63
913 699
757 653
214 367
387 111
3 409
428 864
711 516
15 710
579 393
705 497
594 381
385 404
817 846
614 145
617 251
804 259
662 625
823 185
489 168
953 954
742 637
782 613
388 567
519 379
956 693
40 272
856 429
221 914
589 428
821 399
893 377
20 965
556 208
849 186
632 321
678 947
645 203
679 878
900 425
360 168
464 968
765 814
312 628
837 798
988 732
146 658
286 906
716 62
217 858
383 542
255 800
352 873
298 87
385 243
682 154
12 422
786 714
101 752
824 384
336 962
81 39
409 584
661 384
716 247
194 394
60 130
752 817
520 639
826 955
995 293
975 995
932 673
680 484
715 568
25 289
278 827
55 978
417 221
259 833
217 945
480 258
49 186
366 376
428 865
91 570
123 875
860 369
212 38
172 785
257 183
601 201
451 739
94 773
770 199
930 605
374 279
999 580
525 248
29 740
846 107
511 707
878 486
167 566
942 516
880 495
137 535
51 769
138 367
959 561
599 59
73 288
268 451
866 219
670 159
536 364
734 568
371 860
501 895
521 446
840 816
187 958
533 634
630 919
342 412
31 311
929 277
574 404
269 500
696 128
427 820
154 922
949 726
692 803
51 197
435 132
580 501
603 848
201 584
970 204
427 60
622 208
422 639
485 901
251 161
803 333
812 415
60 341
689 492
501 994
632 752
271 211
47 497
494 440
106 29
308 414
420 459
796 649
280 942
692 786
86 155
358 119
612 429
853 244
907 124
533 519
74 917
870 674
110 325
308 659
293 169
944 720
14 411
994 438
644 32
98 397
545 330
831 232
532 587
533 860
600 982
212 832
622 907
627 813
354 910
871 102
547 228
58 772
728 952
597 120
843 247
739 35
76 675
235 67
604 700
498 947
548 673
262 244
859 169
203 955
437 970
57 628
813 129
317 522
552 710
917 142
438 670
405 403
381 711
323 645
104 472
74 510
759 465
8 85
672 623
282 537
3 297
569 175
92 289
578 924
175 7
919 260
74 589
632 605
907 143
672 504
207 701
570 174
352 187
28 232
172 759
372 205
335 284
515 473
99 265
313 117
188 515
387 901
407 935
126 61
386 587
632 705
447 929
459 734
287 432
954 894
281 502
119 504
774 898
786 684
852 402
659 960
54 19
219 663
743 322
234 699
715 249
352 166
905 634
499 421
367 262
909 561
300 827
202 260
35 326
374 435
728 303
281 710
890 181
863 953
508 978
754 230
197 1
550 871
694 755
960 857
613 501
794 771
735 341
786 872
390 440
181 770
129 157
953 481
431 82
523 412
264 235
840 34
353 338
54 572
846 433
569 733
841 748
324 28
444 437
729 786
213 262
366 490
399 96
409 651
633 465
25 61
676 595
493 392
279 340
773 744
247 785
401 147
733 128
307 797
134 221
932 145
43 292
993 983
336 814
759 989
980 478
996 700
633 79
690 930
981 485
907 208
579 381
11 402
853 333
633 818
205 666
980 191
974 301
450 744
134 978
510 599
371 660
251 476
205 73
343 636
321 350
551 329
499 87
926 721
147 412
766 897
812 500
253 740
245 71
327 131
59 360
523 860
523 307
937 343
990 217
785 220
60 359
373 564
28 817
505 336
951 795
739 378
870 98
318 788
107 243
681 415
191 226
38 99
722 535
95 303
381 201
933 600
760 441
623 454
693 47
197 44
952 627
211 484
444 404
779 210
2 258
38 242
585 838
659 354
54 432
50 995
721 46
300 225
78 603
280 106
683 152
92 285
633 29
404 540
425 381
718 309
877 354
996 894
187 729
98 832
345 366
878 549
263 102
639 717
518 950
669 694
872 653
899 384
828 3
882 238
159 15
777 516
692 102
90 406
160 408
586 705
978 817
26 791
832 207
802 471
183 957
903 411
320 273
736 756
172 641
933 230
224 914
170 157
198 995
465 828
501 598
170 206
227 404
791 962
358 139
403 914
851 38
877 262
687 513
326 941
931 656
996 695
200 189
462 162
449 722
608 753
670 743
615 813
380 863
691 500
678 316
276 765
353 490
317 431
432 430
939 844
648 166
882 16
944 12
734 477
67 321
130 435
789 477
422 299
254 787
737 692
343 796
519 599
214 448
2 748
653 940
966 181
37 754
911 523
625 201
419 421
441 806
831 222
348 979
354 661
522 157
85 706
222 727
552 352
687 442
669 535
894 597
21 787
213 216
575 524
471 793
862 101
245 383
241 459
901 464
960 198
422 543
779 856
10 82
994 439
293 377
586 724
431 746
612 397
209 867
238 860
394 741
216 916
704 149
209 411
301 209
422 911
898 302
85 105
305 976
585 932
860 719
464 293
273 40
297 603
945 682
162 291
388 943
135 272
835 878
338 341
216 849
737 680
263 410
949 843
315 974
95 608
736 858
533 15
429 358
580 300
323 588
454 95
684 892
720 372
120 501
165 50
235 693
852 902
309 715
374 922
180 899
472 831
783 696
469 83
742 12
10 922
125 736
614 450
688 434
967 975
187 991
122 533
755 878
328 559
916 723
690 415
813 737
916 580
819 165
416 801
464 200
375 594
865 671
888 993
830 455
844 774
904 220
709 746
381 921
923 985
793 964
130 372
888 799
766 185
922 65
896 792
497 297
738 250
900 232
996 144
159 102
636 888
603 679
170 745
804 108
733 577
315 864
650 835
126 714
47 24
726 926
520 77
35 898
500 813
728 964
108 50
835 403
968 139
512 314
877 950
251 784
550 27
581 238
278 891
298 475
929 913
281 998
529 835
150 818
132 838
159 263
327 175
804 3
965 358
712 319
152 968
164 977
451 559
650 509
309 166
624 187
849 919
432 196
85 182
291 64
266 318
292 895
914 838
87 797
420 535
215 229
514 470
103 280
126 6
130 673
938 394
505 596
414 893
966 764
84 804
586 145
936 76
390 619
684 399
187 994
872 321
343 364
752 585
161 818
603 169
913 121
734 670
103 803
545 55
485 764
773 179
547 922
92 574
801 19
61 273
931 345
720 217
433 882
596 498
920 780
677 928
322 64
864 291
68 279
720 898
540 812
585 466
623 850
346 703
307 487
412 912
257 160
250 453
46 295
571 604
403 351
690 876
898 383
705 935
196 366
378 595
7 770
338 402
526 62
427 809
220 537
449 339
509 912
890 48
699 395
449 379
694 410
409 613
408 239
124 907
984 172
450 165
871 437
563 862
668 195
767 234
244 216
673 987
866 785
976 538
773 22
645 965
532 493
780 241
814 505
789 362
735 303
481 584
317 516
15 115
938 911
157 542
327 244
527 214
331 563
735 944
724 505
302 955
701 486
650 815
937 281
928 328
818 453
766 951
790 516
319 545
696 544
732 192
700 136
554 506
114 505
885 963
398 687
601 463
530 900
571 613
258 321
589 461
276 329
514 586
94 352
680 439
506 777
945 704
345 607
376 803
833 924
989 798
515 623
902 515
629 850
582 753
711 464
938 905
930 738
645 285
413 148
974 146
474 740
793 132
988 494
808 86
909 190
329 800
940 800
506 288
778 43
701 936
228 280
692 155
669 388
319 558
158 631
526 544
858 339
506 718
419 656
935 777
258 56
641 647
88 858
669 194
369 46
472 127
588 399
850 406
185 622
711 916
277 515
370 359
168 936
693 30
275 748
385 76
77 100
304 399
770 613
102 312
357 650
289 422
800 630
524 917
409 865
513 793
423 411
889 274
509 976
775 996
557 81
575 962
401 366
762 147
761 284
656 428
881 732
345 50
675 615
370 471
146 979
623 405
376 746
110 692
63 388
161 204
79 421
159 619
789 221
722 55
816 45
466 697
376 645
217 374
696 950
544 522
606 697
14 718
328 769
984 29
574 705
242 692
752 682
33 212
112 181
47 758
891 300
112 82
364 279
398 637
579 606
835 505
175 952
53 188
546 237
230 689
110 850
810 663
980 290
407 606
591 849
519 873
100 209
18 114
871 790
341 29
312 1
24 610
174 349
757 927
237 255
427 419
392 487
119 721
570 502
546 571
270 571
646 738
831 276
420 926
926 244
36 92
738 622
859 531
890 453
7 623
692 558
373 695
670 994
619 584
4 660
865 23
699 102
657 191
894 627
848 327
610 507
124 955
256 948
469 3
