2000 7500
432 392
47 128
161 492
269 417
34 302
975 656
107 296
13 327
848 261
267 403
730 807
134 838
279 139
447 497
462 552
646 56
778 88
682 392
330 238
216 218
472 57
402 219
640 553
960 728
423 362
631 95
583 640
938 856
623 442
52 914
238 191
674 826
105 51
224 353
575 329
683 153
197 307
224 554
316 907
86 516
904 19
521 727
196 536
338 873
802 944
302 141
276 799
617 713
918 913
538 969
935 958
522 109
70 240
836 826
640 838
822 912
214 643
17 678
629 52
880 907
534 577
902 251
7 199
814 828
335 829
389 744
508 499
754 889
952 232
82 226
222 939
954 693
618 600
534 162
317 541
37 949
601 24
874 453
632 68
824 623
648 696
124 264
124 292
90 826
721 20
44 1
381 407
830 555
334 551
274 992
529 60
184 534
218 298
494 254
342 287
620 629
934 364
888 37
726 708
57 865
558 618
390 391
908 692
970 47
491 387
290 923
837 964
934 747
544 205
126 211
887 935
595 546
84 726
47 129
933 914
123 617
599 953
729 646
431 290
446 474
710 627
919 581
735 132
2 102
858 578
356 120
999 407
552 206
279 995
553 547
100 261
116 820
43 172
416 547
184 357
157 818
415 416
309 283
277 742
53 493
477 385
237 169
449 484
626 727
714 980
57 947
817 388
692 249
321 122
187 967
392 413
742 74
349 623
500 117
498 336
329 964
150 376
384 152
328 830
124 667
248 300
431 340
943 928
565 201
296 872
617 396
884 579
974 652
47 66
755 111
999 636
296 754
979 744
259 508
94 884
94 300
688 867
912 809
619 373
350 761
66 522
868 431
372 402
749 159
563 427
212 778
299 824
534 83
375 405
80 402
666 961
538 498
971 931
938 379
304 37
807 628
134 311
77 346
812 550
853 917
906 797
507 38
484 527
304 313
192 903
100 578
723 242
282 804
282 791
337 77
345 821
700 616
428 872
305 885
63 992
308 209
272 216
339 300
158 710
61 87
283 81
22 728
395 452
457 447
223 59
422 646
131 711
436 188
660 118
772 449
784 699
605 426
473 83
437 640
937 922
472 227
16 175
264 834
33 573
536 305
539 899
601 541
650 677
248 27
116 738
823 306
449 455
962 728
646 108
73 480
325 666
754 229
194 903
930 120
853 381
807 421
241 339
800 842
143 655
960 608
120 143
343 527
727 307
677 421
883 776
430 306
803 152
954 29
298 302
163 978
268 233
864 994
278 157
405 174
60 263
437 647
849 861
443 324
528 717
291 194
799 60
250 44
592 568
369 298
853 42
615 892
403 767
990 565
491 475
718 599
910 208
657 145
121 118
878 223
246 943
332 386
210 587
223 968
437 320
510 720
39 757
645 746
900 60
940 703
309 951
888 980
480 204
501 961
492 513
284 16
815 447
946 555
429 789
669 818
774 476
194 45
498 593
240 719
873 870
824 791
25 934
559 679
650 293
187 596
62 999
912 383
218 986
781 689
320 710
69 8
994 278
837 769
685 666
499 314
386 772
397 458
344 629
292 378
17 553
138 40
869 496
268 592
609 851
127 361
376 92
612 403
531 761
467 543
105 388
95 188
739 549
832 686
12 659
753 754
139 899
155 976
948 536
490 23
614 128
96 24
14 183
508 595
70 551
612 759
437 138
928 525
843 194
384 217
754 706
66 263
642 292
38 333
699 492
319 15
598 192
949 134
632 102
520 969
155 162
663 376
244 426
860 822
410 707
598 763
767 971
63 149
277 170
392 913
253 27
665 577
33 202
54 99
940 885
239 29
960 12
380 448
434 167
114 914
85 912
506 263
116 689
664 806
727 206
234 275
670 790
229 463
980 588
519 631
511 346
855 861
830 973
271 156
250 445
355 895
750 911
508 642
943 358
356 100
728 995
922 457
359 887
802 982
874 845
860 727
274 330
913 860
877 289
231 77
906 347
709 524
41 4
292 397
334 376
406 638
45 83
799 513
601 664
961 216
44 654
781 492
910 713
869 437
281 393
34 584
715 734
306 763
685 473
516 736
70 540
558 339
242 751
787 908
509 104
510 279
555 71
720 250
478 560
834 8
15 752
264 77
721 888
49 166
36 385
806 12
694 199
946 611
118 807
201 490
187 709
50 870
641 512
257 107
979 109
15 590
250 955
368 279
367 144
76 346
234 950
373 402
992 122
475 483
634 286
703 163
551 702
839 43
610 758
343 339
854 492
928 405
926 612
383 448
279 272
796 579
787 253
892 264
353 141
629 251
858 550
219 653
572 500
12 129
178 331
654 28
394 359
896 924
696 862
374 168
716 601
468 248
849 104
833 382
440 811
800 300
445 974
83 217
986 491
882 139
89 650
332 158
362 427
39 708
366 938
782 132
276 998
415 664
170 666
478 847
484 850
224 874
357 542
458 374
738 800
359 246
515 29
865 756
777 479
920 88
281 76
626 176
877 918
781 250
281 351
488 751
941 104
538 168
683 435
425 828
251 585
597 978
978 142
270 977
83 6
590 978
531 787
879 917
845 121
380 798
871 640
570 482
132 609
379 339
627 938
647 431
263 84
143 883
299 856
471 112
299 753
438 958
910 287
598 951
462 935
134 859
275 307
454 33
573 424
380 225
211 820
538 474
299 805
406 35
907 647
481 711
726 47
257 216
250 649
332 558
466 820
690 708
498 349
496 149
893 40
146 364
361 434
322 573
976 552
385 126
318 175
756 644
70 779
791 22
467 636
894 17
20 296
458 439
69 269
616 686
326 951
219 458
974 686
854 679
900 168
853 409
100 768
160 564
650 90
551 204
803 315
495 132
732 156
67 830
128 432
472 112
902 60
983 315
233 730
81 405
843 894
404 736
586 850
311 896
299 42
397 560
857 720
883 537
957 725
293 784
605 470
991 879
158 194
154 315
500 401
368 21
316 418
961 544
728 603
96 557
836 291
466 998
677 920
331 299
452 209
188 297
290 836
112 770
19 312
898 519
367 786
104 859
782 640
438 880
309 289
497 102
827 87
551 541
964 304
256 572
425 748
704 237
866 133
717 29
747 948
529 377
474 851
825 851
157 127
967 364
800 798
972 221
855 796
704 126
832 914
40 149
501 699
636 480
104 182
708 723
949 571
453 305
585 955
915 591
602 179
388 246
253 303
920 766
436 106
626 156
875 145
552 520
382 277
495 433
524 683
356 955
847 984
131 792
458 531
225 506
960 390
340 263
785 15
677 631
212 416
608 765
74 822
34 730
136 570
499 172
770 890
187 463
708 887
115 113
91 946
436 866
343 318
509 143
383 639
351 26
363 708
404 711
486 443
616 858
246 608
256 596
62 885
398 596
603 447
493 116
579 934
498 593
183 315
405 114
912 810
724 329
904 124
559 395
211 431
42 832
917 61
452 872
985 232
474 823
295 788
930 963
724 2
746 422
411 365
291 244
81 283
948 318
371 619
369 130
177 581
148 870
551 410
29 81
130 825
42 733
296 138
998 383
577 890
833 962
52 967
441 66
173 586
371 578
70 396
301 244
943 559
605 387
689 341
759 4
373 493
234 982
91 837
521 312
104 301
648 44
44 925
780 435
19 41
406 156
850 911
128 240
547 402
951 457
295 831
514 600
448 217
963 185
779 75
786 768
19 477
534 24
98 416
361 544
247 734
78 994
723 182
532 532
274 154
201 718
847 427
539 253
152 179
377 597
862 503
873 967
724 223
699 974
1 262
792 342
652 531
407 472
963 895
350 636
499 191
192 991
20 166
343 873
710 566
634 37
640 614
824 88
159 164
469 731
270 66
743 936
362 866
92 900
841 449
292 449
826 793
200 354
658 726
609 471
701 629
601 472
594 99
244 724
75 875
632 388
643 97
365 77
846 136
98 906
383 485
521 646
272 159
33 710
821 190
614 610
8 960
353 463
548 810
262 892
545 266
270 634
408 151
536 376
160 778
697 479
533 714
234 928
918 101
948 368
884 675
799 346
638 624
763 182
300 976
90 35
233 290
222 142
370 347
905 440
667 954
402 892
362 370
880 342
650 84
638 827
126 917
937 887
44 702
902 88
35 929
335 354
536 270
810 495
698 955
470 503
56 706
209 135
69 585
24 46
739 217
336 725
745 769
470 935
885 117
479 798
877 168
857 463
254 819
209 659
870 393
605 521
443 80
909 680
458 257
275 556
975 379
612 127
434 757
748 803
565 368
167 789
158 976
103 296
10 796
595 648
785 729
982 363
141 714
789 398
229 558
470 167
379 965
617 409
767 147
84 547
181 748
727 5
598 815
443 421
527 967
195 22
467 319
304 944
681 924
964 414
768 816
895 394
157 365
566 697
743 378
634 425
388 524
253 378
845 502
140 545
928 445
506 715
664 396
367 193
373 790
244 702
398 440
135 809
327 917
801 15
575 320
167 479
104 88
228 646
654 781
117 207
552 31
803 318
232 687
769 358
262 119
141 96
859 572
531 503
821 503
884 313
292 261
740 766
368 921
742 707
840 527
29 64
648 694
237 97
863 643
590 241
698 910
881 282
867 739
860 708
797 78
267 307
170 173
190 734
847 227
314 642
812 741
228 578
655 877
415 572
415 828
920 423
796 187
624 737
661 340
981 571
875 184
519 102
8 914
174 671
381 983
678 765
8 424
197 451
711 841
490 108
581 526
314 756
928 324
26 579
395 513
621 449
249 318
804 714
796 34
176 472
487 921
26 772
571 587
638 68
232 214
625 679
345 916
235 883
389 236
974 126
529 474
24 287
83 232
450 274
347 938
437 404
584 368
213 812
857 595
65 877
880 968
124 425
13 261
901 271
609 576
239 279
689 617
263 662
232 191
638 54
842 728
141 653
48 698
342 752
180 22
393 863
27 769
689 367
222 276
512 237
894 232
623 432
651 38
330 696
806 184
115 149
935 888
518 911
188 968
98 99
931 513
37 717
670 897
237 918
557 814
277 936
411 212
672 952
595 598
75 855
811 408
283 866
979 282
315 682
996 388
517 812
64 695
311 158
838 508
717 437
942 1
725 346
264 449
61 40
302 249
590 255
493 768
754 637
251 613
311 14
314 391
917 299
565 6
248 37
747 873
617 271
617 846
297 987
333 934
851 724
198 105
90 329
825 109
920 673
608 626
90 778
840 182
452 61
307 632
878 171
510 260
615 154
606 582
112 609
206 502
879 759
948 14
40 882
378 419
21 771
396 851
156 251
869 884
772 796
259 251
819 245
618 264
323 433
969 60
307 547
436 284
132 810
851 459
214 937
53 735
860 89
205 444
156 776
137 458
522 756
836 644
464 541
861 566
1 572
351 91
30 534
826 36
618 851
990 851
611 323
894 733
416 222
13 199
107 487
570 351
492 498
213 232
821 908
268 995
867 649
43 332
196 147
730 281
872 603
706 498
838 15
690 734
689 80
576 321
850 579
993 286
460 636
679 680
540 369
182 610
788 486
588 253
167 114
637 123
356 460
257 410
923 270
188 45
594 965
191 490
555 236
53 698
594 63
853 103
522 795
540 288
856 148
770 859
694 747
898 382
247 189
512 124
410 368
504 658
119 760
385 116
889 801
691 570
401 83
652 511
642 366
523 881
470 59
61 344
628 646
942 844
597 469
892 260
13 583
923 538
201 387
600 324
982 662
742 150
594 367
930 137
567 8
416 356
957 464
23 189
841 843
771 438
971 958
519 549
914 661
945 818
864 414
852 757
64 412
273 494
633 475
867 148
668 726
625 581
868 180
53 831
262 90
297 934
542 58
526 739
357 871
660 75
845 778
406 303
43 551
439 986
426 174
622 474
247 586
875 274
842 595
325 422
28 650
632 976
263 475
68 640
4 427
728 997
964 128
251 911
774 240
554 440
146 831
538 868
598 429
80 922
816 767
405 715
141 769
66 940
185 907
736 682
9 554
194 369
551 836
632 372
876 3
572 430
792 740
189 826
136 196
891 436
794 881
699 593
279 938
672 543
268 436
530 183
392 112
694 970
732 427
427 447
243 87
728 99
595 889
361 279
420 165
680 836
362 195
761 615
62 123
721 505
123 778
191 37
424 597
425 282
664 551
792 956
179 640
661 854
270 114
124 12
45 420
419 620
941 241
985 565
558 273
66 623
989 978
661 392
503 878
452 863
979 866
957 592
330 400
962 331
373 668
994 281
136 592
212 13
327 460
748 477
529 723
665 835
68 999
648 474
202 630
41 58
561 375
309 750
899 456
897 645
187 942
860 67
622 25
275 383
198 916
110 643
851 410
231 572
446 13
914 497
646 425
835 35
573 209
790 702
218 736
60 159
657 755
171 296
732 23
208 812
632 375
641 161
512 226
632 333
159 946
507 674
322 395
701 735
375 782
793 75
913 172
271 83
654 233
280 694
688 291
477 895
469 353
860 971
987 707
76 886
87 808
70 464
442 42
738 276
876 505
437 606
667 927
456 747
249 599
685 611
343 239
836 951
264 21
285 334
394 172
860 304
898 616
890 322
700 182
367 741
75 804
328 351
812 12
854 66
681 820
407 139
524 483
67 444
667 135
109 373
146 126
239 926
550 871
347 966
953 553
648 809
323 508
982 751
717 498
669 143
547 659
885 629
768 888
594 204
307 671
367 872
505 79
344 633
975 409
480 26
201 798
426 68
874 664
997 604
546 878
860 229
792 546
341 102
105 265
201 42
336 146
166 921
119 22
512 502
848 199
412 427
158 464
562 200
351 28
677 578
165 560
799 635
611 310
356 330
489 961
796 110
313 238
794 913
865 304
160 715
432 942
258 469
690 834
596 150
83 794
582 134
359 437
896 315
629 143
842 636
326 205
52 202
308 181
841 905
657 562
133 872
912 969
323 429
342 738
938 154
497 191
109 901
934 252
358 433
910 4
942 529
849 456
647 60
796 377
604 400
57 474
878 358
313 603
968 751
856 618
299 891
136 50
186 338
506 866
988 990
366 387
755 27
119 778
137 824
726 555
494 507
440 816
132 536
491 257
39 800
676 131
416 423
168 527
867 651
223 591
94 802
360 659
136 693
958 422
78 558
238 865
195 400
207 716
589 228
806 535
940 400
324 443
486 150
751 80
466 539
695 703
940 494
593 365
253 68
138 86
418 112
594 698
121 223
357 115
799 232
39 319
572 407
135 995
129 935
687 1
975 396
826 900
95 200
649 101
88 969
62 72
622 5
668 470
656 183
585 348
133 423
126 341
341 93
631 519
976 276
468 351
336 345
832 223
745 745
352 927
495 630
43 952
394 644
542 58
714 782
795 56
248 109
898 935
487 607
428 812
640 917
551 59
951 16
589 855
689 490
284 352
377 640
548 561
791 568
666 130
539 332
601 688
15 14
232 140
647 542
531 549
605 840
743 913
583 623
429 499
588 778
839 772
468 886
684 489
252 800
135 263
854 328
548 310
435 302
528 878
437 695
110 215
615 965
747 965
484 269
533 681
298 963
929 640
773 716
526 169
978 34
68 263
335 406
282 791
474 563
897 456
531 341
366 631
955 264
626 560
793 23
291 655
509 577
258 788
924 464
336 317
797 113
648 556
20 893
591 742
80 441
562 836
632 41
408 153
135 50
459 595
298 801
929 429
920 165
237 45
489 472
961 406
964 885
903 426
227 286
225 257
895 24
926 537
759 929
125 408
774 152
5 702
244 282
512 82
696 347
655 401
876 228
431 162
921 787
985 567
585 798
939 274
230 758
716 73
864 337
321 748
819 610
389 834
343 410
554 209
652 820
551 71
822 257
43 442
738 181
535 904
757 337
401 453
600 65
493 332
470 41
539 840
59 13
234 464
230 608
915 984
469 852
419 580
932 764
873 150
398 123
937 866
615 974
479 139
95 72
446 445
485 303
825 205
218 534
905 83
886 151
84 791
609 99
164 98
72 5
468 547
306 465
613 754
659 402
830 89
381 44
721 14
416 211
443 450
638 122
202 634
696 627
663 957
100 612
452 958
545 410
125 808
178 17
472 653
211 427
868 948
496 665
822 626
114 461
577 254
526 80
203 418
630 761
259 143
212 822
411 386
267 589
863 253
659 450
528 955
919 68
574 596
21 520
310 116
245 381
656 6
240 684
82 982
59 359
328 373
858 477
78 10
425 37
153 488
817 205
728 276
998 575
736 660
642 938
145 492
900 576
10 583
761 507
812 170
835 79
345 284
626 749
780 59
928 251
572 710
35 289
446 759
861 1
83 625
767 901
931 292
210 95
596 403
239 559
194 980
375 134
340 867
445 63
40 941
71 794
603 183
793 381
129 753
294 988
146 768
267 108
116 288
612 524
997 665
117 104
764 701
434 425
289 351
265 100
187 686
517 402
155 811
642 69
566 105
48 281
416 182
794 185
21 425
858 142
977 230
613 819
347 91
650 335
168 968
260 514
980 470
661 531
233 321
114 642
595 477
160 249
130 886
776 332
859 845
248 395
757 784
748 624
378 508
537 668
660 224
662 877
264 979
748 142
967 346
398 264
649 977
787 154
628 664
752 165
603 74
219 672
402 149
284 56
35 670
908 862
311 735
168 485
400 34
624 490
703 318
31 652
795 238
682 545
367 409
405 30
269 758
295 363
195 468
484 23
936 611
756 649
726 866
996 755
489 188
671 587
987 687
135 849
691 239
712 799
660 17
831 140
385 273
213 326
659 163
927 426
780 298
563 596
114 234
120 65
225 715
326 314
119 383
229 519
708 114
230 926
92 486
66 835
341 26
219 290
553 156
535 281
938 693
779 838
202 50
96 42
368 361
343 91
281 826
595 32
490 53
263 437
539 502
637 552
189 263
194 140
881 711
712 722
500 927
426 969
53 392
344 949
685 975
745 489
309 500
89 522
344 10
662 536
683 693
180 904
605 721
795 219
47 416
815 741
955 28
882 798
353 524
66 813
220 499
367 41
280 124
643 868
136 479
509 358
620 551
25 515
5 829
476 643
380 152
43 689
637 381
431 752
200 115
460 492
256 857
243 837
829 14
152 412
618 896
638 704
84 381
792 743
636 155
436 832
406 329
777 234
450 325
290 492
415 316
911 594
861 786
