2500 7000
24 662
268 936
880 117
701 429
946 171
937 7
468 534
42 633
375 863
807 258
497 695
206 968
112 895
845 992
653 817
733 770
680 993
731 513
699 874
248 483
34 564
439 354
906 296
264 710
156 553
420 130
835 97
475 774
566 268
797 369
268 466
853 605
888 60
338 672
487 796
279 192
315 213
574 455
829 283
753 986
821 585
150 344
76 363
926 873
719 103
374 175
122 457
87 318
473 925
879 811
849 847
265 701
419 178
270 136
395 356
325 665
826 935
905 366
349 740
148 684
320 255
28 717
902 871
490 719
65 439
593 206
3 754
978 806
687 602
473 792
131 260
653 112
58 280
156 298
991 316
25 137
104 366
629 411
335 804
943 344
193 50
799 765
419 884
393 766
164 955
724 785
672 10
234 902
157 689
289 325
102 804
570 858
994 646
22 264
603 782
302 520
958 946
880 908
136 176
716 888
318 287
67 660
469 163
968 535
830 876
248 616
523 198
453 949
736 177
379 896
98 924
860 265
597 735
941 490
370 23
132 977
892 844
246 737
959 405
153 755
331 83
690 388
878 146
621 601
287 22
245 697
481 31
334 980
447 945
305 276
644 187
582 492
82 719
821 614
235 785
743 548
14 551
303 97
531 76
272 376
612 645
710 167
50 739
176 117
949 622
977 903
6 922
536 251
251 352
881 180
881 447
998 340
715 578
412 732
198 749
853 558
789 138
333 457
500 67
710 12
143 493
728 633
748 134
509 32
853 655
661 812
25 468
155 177
282 109
542 770
748 502
126 232
787 59
811 771
836 473
239 381
350 275
766 790
228 95
578 899
272 434
605 143
2 705
345 906
458 566
450 968
514 74
271 365
196 162
790 335
425 173
83 162
609 21
43 576
767 172
121 138
52 137
676 944
30 302
628 992
82 70
227 633
247 987
883 925
785 864
977 103
888 793
292 426
127 41
474 28
763 537
903 269
524 649
260 759
185 458
997 857
785 288
775 782
880 358
118 212
761 816
524 791
224 242
369 734
301 902
952 629
9 937
770 272
400 282
730 800
410 812
733 775
926 400
423 708
349 835
830 40
448 386
527 522
33 649
489 629
570 345
889 387
664 924
985 788
464 260
472 860
445 931
67 545
55 182
932 223
105 386
4 722
177 341
138 538
697 618
359 596
875 450
82 889
200 917
225 570
484 200
439 778
285 416
873 238
150 540
58 639
631 656
595 362
455 170
242 409
353 268
137 516
831 424
795 635
97 120
644 558
924 38
931 399
463 504
388 376
298 579
5 752
328 605
383 470
608 526
596 809
749 448
801 956
274 176
602 665
827 379
652 253
620 425
748 817
428 999
407 302
824 585
848 830
185 589
278 716
914 421
703 797
72 126
100 571
555 879
718 242
382 633
245 620
965 988
763 104
726 105
37 90
929 588
715 29
202 91
246 766
327 805
836 620
516 506
119 585
988 132
630 904
297 807
865 632
143 730
160 244
245 620
191 277
27 174
175 387
226 891
603 237
979 299
776 803
485 368
116 891
760 187
712 44
700 343
18 702
104 969
752 409
767 614
433 479
125 316
108 12
89 778
77 584
901 383
883 202
486 545
947 815
539 96
441 917
90 486
887 576
66 889
288 143
460 992
13 684
509 400
860 184
365 267
303 587
807 177
31 735
905 201
164 484
424 145
271 255
678 718
51 116
428 705
985 116
951 259
654 174
880 798
466 737
622 569
187 19
539 882
113 449
185 291
90 402
266 634
673 431
2 2
199 296
222 95
508 977
312 891
210 42
971 830
802 387
447 885
558 475
215 852
530 275
547 416
345 798
230 210
239 805
201 39
609 897
851 300
895 204
954 154
676 43
668 103
461 90
447 91
848 731
864 376
58 228
255 576
365 321
277 186
902 220
675 930
618 601
418 540
300 608
863 300
250 801
491 194
843 295
102 925
639 435
544 306
49 263
876 248
641 755
208 450
558 696
202 514
461 640
959 840
568 149
689 556
405 766
382 469
717 235
60 970
728 138
272 296
767 266
311 340
812 250
66 176
468 418
8 187
730 232
555 836
96 159
383 473
186 932
654 305
849 888
304 119
992 467
543 502
660 271
123 636
676 207
350 650
406 905
313 496
686 32
373 135
164 987
835 896
63 123
785 969
555 779
483 516
54 521
707 997
742 449
426 898
548 156
748 88
968 510
748 268
295 801
212 490
974 521
426 557
996 533
526 734
981 6
764 356
726 930
849 88
727 41
651 628
991 727
890 90
825 617
455 242
76 85
607 534
688 705
102 115
177 397
41 707
903 289
424 285
491 629
104 451
787 877
237 125
877 421
584 999
642 91
886 793
935 210
609 381
833 173
804 795
883 474
559 969
585 934
359 14
56 31
171 513
312 9
98 336
862 652
618 883
677 13
70 811
729 487
341 562
761 160
690 90
542 612
8 761
571 521
846 977
106 821
844 284
31 667
26 735
456 222
772 79
288 588
533 741
212 162
39 655
900 727
680 981
655 10
137 862
10 736
47 917
565 525
27 529
532 538
872 639
184 324
903 470
682 912
414 512
576 923
883 848
407 201
393 748
974 515
129 308
902 447
128 980
641 34
155 334
858 646
483 360
411 350
693 722
485 439
223 637
304 72
677 947
902 497
796 914
458 253
782 563
415 52
55 656
150 749
27 996
818 24
816 700
933 570
850 674
723 547
716 513
27 950
141 868
898 611
281 114
93 464
497 253
202 245
74 541
738 477
166 278
802 959
181 247
912 330
310 562
901 116
772 398
252 177
655 966
564 451
13 152
141 327
6 35
465 323
342 205
377 745
423 443
816 867
542 167
497 408
550 186
738 542
588 972
476 420
572 443
659 602
665 319
425 480
799 681
140 799
106 915
765 123
818 311
604 709
997 249
760 118
678 416
242 793
709 688
253 397
191 683
573 439
687 364
978 127
527 575
190 701
686 233
75 288
334 98
982 593
190 76
313 363
664 857
835 619
206 282
710 403
301 631
3 265
961 572
831 461
820 641
725 257
232 246
111 878
267 850
324 878
316 179
761 211
587 357
947 686
530 555
81 879
502 562
973 22
606 118
667 612
10 112
787 555
392 638
998 480
418 550
666 140
853 903
553 646
971 608
638 228
12 915
609 464
150 196
223 837
688 358
972 188
984 390
910 950
365 946
560 324
588 734
768 934
797 84
124 747
220 875
247 448
827 173
238 755
833 339
612 440
339 784
200 251
116 758
331 508
594 93
47 804
283 418
757 286
750 854
52 85
960 39
186 91
709 707
739 830
866 560
559 414
579 793
738 203
995 772
144 369
658 800
389 262
546 938
154 391
323 928
764 778
606 739
763 171
901 902
881 176
223 824
191 915
8 518
539 120
34 41
444 943
908 404
92 817
685 37
56 90
966 161
832 947
970 614
501 698
277 749
471 648
361 493
763 963
161 835
721 150
669 227
106 683
174 527
417 95
147 343
152 604
410 975
993 162
723 415
394 418
399 717
350 678
698 783
479 750
849 622
816 554
553 781
73 313
526 832
349 100
815 865
865 484
432 337
272 390
960 555
595 909
836 858
188 353
602 125
833 190
188 248
930 344
547 86
507 270
982 828
218 354
788 719
696 695
211 891
928 708
387 902
83 182
347 446
89 437
700 913
203 985
598 251
270 268
209 792
678 439
237 992
647 251
657 184
578 772
608 833
628 728
954 406
707 287
375 936
806 427
972 368
391 865
804 272
849 491
88 355
217 14
477 567
44 463
958 242
388 387
610 459
446 990
189 512
11 868
912 49
711 295
32 488
774 389
580 496
59 259
910 729
86 515
399 784
860 32
439 733
560 339
184 901
790 246
332 360
16 7
585 65
382 67
551 3
406 446
347 732
45 669
683 397
907 619
106 517
919 952
714 679
590 60
233 642
626 971
476 529
946 810
956 390
23 894
165 706
712 83
842 956
296 509
522 939
999 348
59 893
798 200
647 983
728 319
175 332
45 935
63 163
653 787
333 987
991 643
753 728
161 809
329 480
878 845
185 932
480 452
837 580
880 696
385 478
792 211
596 360
848 216
961 874
161 4
426 688
88 644
670 585
467 930
838 186
402 599
628 906
319 402
259 688
159 608
52 34
188 40
663 913
658 738
64 997
42 25
585 748
411 348
740 43
611 735
821 613
254 812
8 43
586 910
293 248
201 375
973 259
832 835
993 562
819 402
359 34
85 435
268 759
775 71
252 281
222 857
435 416
444 887
594 405
798 862
387 948
691 699
509 773
774 418
61 32
668 909
943 159
206 194
657 918
911 821
799 591
26 398
834 68
196 217
41 403
798 461
351 486
62 19
303 130
179 580
662 439
337 162
115 663
929 699
649 299
704 744
465 803
864 523
290 568
175 770
189 287
369 726
95 640
887 541
895 562
499 705
404 508
324 745
513 396
377 177
622 75
657 410
998 121
620 991
894 372
966 51
25 641
226 248
85 762
989 426
410 671
571 165
528 733
396 448
928 281
148 411
556 351
358 635
65 214
205 123
133 542
507 575
76 532
772 801
414 382
833 188
474 746
390 667
957 536
690 988
192 504
902 594
558 227
657 502
675 791
811 171
871 186
292 89
119 449
716 494
321 912
81 597
953 815
458 948
219 78
381 88
249 541
664 825
667 365
160 555
58 985
386 79
487 424
456 887
355 635
356 630
163 556
296 234
512 721
502 353
357 171
809 585
829 835
277 123
86 337
890 923
474 355
581 235
564 853
508 748
734 124
628 242
368 756
747 621
979 443
87 214
356 860
147 6
502 826
778 709
812 793
256 557
191 822
705 839
981 745
583 917
694 645
755 76
596 942
822 346
508 722
384 862
521 31
757 223
127 974
81 538
129 951
141 321
295 716
464 15
489 744
60 372
607 141
139 248
757 460
734 661
323 906
396 563
776 452
266 598
717 749
320 669
560 222
362 97
419 258
575 583
863 335
243 504
311 3
629 303
838 481
105 274
361 674
61 737
449 535
238 382
755 602
604 599
357 539
175 333
820 680
927 487
424 680
404 960
203 569
366 558
964 141
110 296
41 453
220 446
549 761
605 558
352 611
907 431
457 647
639 70
492 50
252 72
356 8
850 914
825 377
232 15
760 355
408 288
164 335
627 791
40 532
215 467
354 266
34 546
545 119
259 156
809 424
879 705
578 860
164 501
408 6
482 609
891 815
416 700
323 578
599 696
941 550
137 247
182 839
952 457
66 931
957 295
834 408
182 790
425 220
32 450
853 377
246 817
139 436
819 575
544 981
711 279
965 790
340 16
356 933
239 748
749 680
594 313
628 58
493 149
346 236
304 413
759 29
925 319
25 433
249 653
524 500
964 171
209 660
592 450
527 210
449 669
127 934
690 278
895 469
825 100
962 799
244 357
988 94
870 611
712 392
221 626
857 639
144 615
919 163
952 362
57 973
244 58
330 749
12 996
876 326
401 569
395 962
584 656
174 629
366 802
141 441
130 830
938 103
749 202
907 37
85 563
91 476
914 657
742 28
295 129
715 569
144 719
637 426
411 127
465 351
42 762
696 344
959 582
470 208
390 127
687 718
376 195
880 754
593 937
430 795
92 796
927 298
990 304
529 207
456 944
689 614
145 403
760 690
238 288
918 384
855 558
241 899
464 671
356 742
782 643
103 447
566 327
627 436
280 943
553 988
743 808
403 463
712 702
416 168
680 420
633 374
924 555
908 301
296 705
352 963
353 819
415 994
561 892
764 927
35 234
814 33
998 897
511 617
699 434
751 4
229 184
933 323
618 262
673 873
903 122
403 940
312 298
6 734
770 423
643 303
320 977
299 426
583 251
407 48
473 823
33 165
889 711
537 401
161 765
79 173
360 698
645 351
186 490
532 167
675 201
782 999
565 476
997 233
627 628
171 129
731 872
474 747
378 324
654 78
980 198
72 385
115 199
464 321
853 431
791 762
311 60
373 481
457 16
60 868
244 318
591 249
826 185
901 313
469 997
633 528
290 708
603 388
659 446
322 275
984 6
316 948
962 888
303 621
973 720
833 425
21 902
197 255
952 293
143 425
423 381
855 977
347 919
121 140
860 270
50 925
724 981
909 189
548 466
986 497
517 649
639 766
816 328
14 868
339 936
268 251
270 883
504 514
855 516
422 625
431 51
156 594
877 204
778 278
875 866
604 168
616 972
552 65
176 554
549 83
952 591
198 22
75 887
570 600
292 502
97 7
101 17
266 833
573 184
170 567
734 748
374 39
742 938
406 749
422 965
244 151
706 370
315 69
148 934
492 4
323 254
931 428
495 705
776 861
3 216
687 517
415 299
710 999
340 54
485 31
458 402
759 902
649 78
230 378
976 769
386 52
562 221
172 916
902 657
707 603
205 146
609 529
806 72
307 236
623 518
322 825
273 3
401 7
880 156
273 914
228 707
934 451
662 374
255 818
742 52
92 135
332 707
823 147
663 851
994 263
575 699
813 874
179 921
408 617
465 566
127 653
47 926
276 486
824 877
123 404
930 248
822 857
137 519
48 989
894 656
651 226
718 41
818 664
193 854
427 554
666 860
343 476
319 194
705 706
435 875
870 309
169 16
729 964
341 254
8 463
848 945
294 28
350 526
330 861
633 345
659 178
847 496
912 104
911 753
512 270
11 376
92 850
228 364
380 677
111 247
10 612
699 373
738 87
557 524
80 816
106 766
540 654
634 647
844 544
359 926
318 922
354 923
176 924
120 72
742 922
918 16
201 414
546 174
995 86
248 362
219 898
489 262
755 498
775 883
23 530
672 312
271 560
898 421
280 4
139 944
250 409
377 565
928 998
967 914
608 137
141 754
901 924
734 498
571 856
709 235
991 347
522 952
657 213
718 138
21 503
463 790
651 409
924 86
455 132
333 37
990 824
165 905
77 696
391 135
795 963
332 876
630 808
875 828
767 404
265 250
432 510
871 926
435 840
266 769
26 302
828 130
543 313
558 789
492 778
928 123
845 576
215 604
145 832
224 543
430 556
871 921
426 478
526 501
836 732
317 125
5 127
701 778
690 267
337 208
243 420
448 801
818 425
829 827
367 723
219 825
369 277
199 652
598 129
694 418
167 728
429 681
998 873
346 614
302 673
262 214
944 214
226 767
478 476
240 771
107 141
792 77
278 303
192 946
791 637
854 576
954 307
468 933
500 305
443 179
803 787
356 146
279 312
430 931
753 223
116 653
874 422
561 556
872 681
355 54
704 430
703 15
574 834
583 874
71 987
632 577
746 503
548 335
211 660
722 697
601 935
941 713
906 770
808 780
742 881
226 889
36 793
97 371
986 15
333 360
591 575
378 580
550 412
493 754
688 739
282 82
462 811
515 251
666 363
863 391
577 948
177 782
463 890
33 787
73 814
384 781
644 802
142 856
845 741
925 757
72 526
910 93
637 428
822 595
352 115
322 814
992 48
845 56
974 615
926 287
61 346
190 734
266 763
62 473
627 914
48 369
6 812
693 496
502 566
996 4
728 239
914 915
704 528
840 119
594 571
514 896
930 983
724 83
927 884
450 934
824 994
632 556
949 542
459 314
351 151
692 166
643 575
433 519
497 497
200 835
569 850
946 891
328 497
725 255
91 319
359 210
277 787
376 160
117 777
544 129
714 566
19 680
443 322
21 132
641 737
15 757
803 294
84 415
765 216
160 17
174 822
130 716
616 665
983 658
77 396
894 544
479 455
192 335
162 259
785 986
328 434
911 618
908 714
53 117
293 675
515 258
927 844
877 939
221 597
334 49
298 374
672 858
573 296
428 588
715 761
961 384
225 215
197 96
820 120
472 817
583 59
694 898
839 272
443 761
273 676
491 539
202 671
832 218
256 779
854 728
972 969
588 270
465 272
229 960
731 605
725 187
912 920
388 846
986 819
426 881
325 197
480 753
973 919
555 161
932 879
113 439
437 965
270 601
96 252
9 364
494 854
642 99
243 743
48 994
327 882
424 563
124 571
709 282
26 246
797 701
97 976
284 795
285 220
298 268
674 859
916 977
802 891
796 718
391 47
126 61
864 534
263 307
674 151
738 11
859 729
508 842
492 933
497 883
817 102
865 613
591 367
969 599
612 281
968 506
771 769
325 98
173 344
622 107
53 405
408 703
592 449
608 364
615 429
346 592
752 156
192 662
571 166
320 196
757 237
467 346
361 550
906 415
875 12
171 74
574 897
290 793
683 598
1 739
90 216
289 854
547 396
677 15
356 167
87 607
459 271
786 218
650 155
998 966
899 762
619 507
604 401
716 796
942 342
154 302
362 258
389 594
258 378
905 417
884 618
498 912
592 561
498 952
88 590
288 958
815 456
965 706
97 591
404 144
182 941
622 365
964 853
467 404
650 726
170 765
499 913
970 407
465 734
626 856
307 702
67 937
744 787
445 248
695 827
412 576
789 126
437 498
396 661
802 112
585 942
377 444
599 476
286 251
311 500
560 538
966 413
108 981
849 158
475 402
231 117
255 969
735 154
764 487
511 184
188 178
529 333
284 759
938 453
838 928
723 840
581 786
560 704
858 844
626 715
258 633
530 608
523 604
666 908
946 267
284 360
219 647
672 992
382 324
542 863
27 612
791 76
457 620
40 129
37 372
430 562
776 150
4 138
177 597
716 670
581 282
402 802
940 950
985 807
654 197
46 805
780 999
266 647
294 817
891 38
937 714
522 408
592 951
925 294
365 351
457 150
445 379
429 42
339 912
910 328
730 571
432 563
136 490
515 266
89 913
108 607
260 432
195 595
481 246
421 378
732 988
265 901
64 856
962 771
789 9
122 25
530 883
477 606
896 896
832 138
172 377
553 43
251 905
620 805
153 621
262 442
413 239
165 918
402 445
193 873
399 914
580 887
259 970
76 379
976 616
293 305
695 245
133 190
84 259
503 49
814 516
709 144
88 574
787 822
587 952
680 659
522 340
952 672
391 972
312 772
973 101
176 3
696 130
610 462
586 373
453 716
166 530
515 76
297 442
200 305
244 848
510 564
379 582
267 626
846 250
991 617
917 380
679 125
628 941
995 70
827 92
967 148
14 799
547 256
564 668
744 449
121 3
519 994
686 390
421 444
613 882
321 988
736 776
532 810
290 715
583 322
791 371
467 553
583 988
262 393
114 478
930 529
715 491
409 742
65 396
229 956
145 764
793 696
387 96
11 292
664 530
407 410
178 112
139 345
23 304
15 692
501 923
533 184
293 108
672 702
891 979
974 796
932 159
674 861
499 802
304 43
860 587
774 363
338 759
914 311
302 198
777 992
409 823
313 470
421 882
557 727
591 130
56 199
225 533
648 627
964 690
382 940
564 74
891 794
243 817
151 389
387 854
378 567
896 936
28 283
689 705
415 13
850 164
347 18
561 541
165 748
436 290
556 992
414 338
698 665
708 743
34 518
610 930
288 102
671 859
600 258
64 181
323 505
819 243
471 191
710 351
146 355
801 584
540 22
989 985
849 211
566 388
171 366
341 382
520 743
734 134
913 177
714 823
656 192
433 81
24 862
243 757
43 194
673 919
187 526
181 896
312 212
812 871
818 753
611 83
519 296
154 488
648 687
885 801
361 822
684 662
973 938
126 423
794 238
103 456
798 749
915 252
512 151
81 687
478 928
676 600
773 931
823 483
327 942
587 35
573 247
714 17
826 643
46 769
328 61
930 362
418 485
49 373
500 915
165 494
375 21
852 874
517 244
238 386
181 309
81 290
364 309
554 620
828 311
252 576
819 793
809 959
508 443
516 612
296 977
399 197
645 156
834 371
560 734
865 281
200 777
388 799
79 40
598 503
160 720
88 340
412 255
506 789
61 477
255 14
16 6
76 809
873 470
271 128
908 745
290 338
371 204
733 560
834 651
155 530
770 859
601 715
47 173
363 324
390 923
691 409
836 885
289 512
435 691
376 468
566 717
161 75
736 705
283 816
950 343
15 60
29 523
318 260
440 175
914 998
79 148
45 110
290 973
628 571
161 9
691 787
585 114
29 652
884 694
523 660
218 668
734 292
131 67
476 947
76 346
954 553
434 346
227 414
460 68
631 795
23 501
276 799
705 744
88 68
414 95
735 390
228 818
408 25
145 416
340 175
428 750
124 530
532 447
585 486
450 156
330 638
912 680
33 383
465 832
273 978
473 754
942 23
752 542
669 75
769 288
566 540
939 207
602 87
191 810
611 3
842 736
735 145
522 565
740 12
594 619
465 182
7 507
970 130
875 45
390 60
38 17
220 420
137 255
506 323
18 409
981 312
108 230
180 948
976 657
794 571
891 727
274 202
367 406
86 346
576 206
62 93
982 981
660 235
449 808
254 943
676 841
340 129
580 432
785 872
385 966
242 227
330 752
778 513
224 850
413 60
496 94
618 320
273 995
233 981
576 765
283 92
587 676
7 470
314 414
997 360
153 842
942 811
751 568
121 505
800 991
659 486
144 925
744 842
153 563
109 201
421 184
400 770
809 137
547 935
935 103
82 345
534 211
762 555
729 171
592 738
564 290
88 892
163 875
168 800
967 135
414 31
656 253
947 807
808 17
782 812
329 126
820 227
408 805
346 765
741 14
343 52
861 18
873 509
862 331
481 215
313 833
990 541
804 544
408 453
350 590
95 476
401 939
151 914
389 679
146 81
897 250
167 411
66 798
220 515
825 198
924 981
789 177
835 647
4 844
634 164
433 311
651 799
64 710
746 691
368 116
807 715
453 929
187 156
41 283
380 457
862 448
661 382
152 362
126 631
245 726
138 321
111 731
705 209
11 79
552 780
642 995
201 449
392 890
331 141
784 92
861 670
478 569
565 287
740 213
557 657
84 898
81 186
280 827
413 963
793 582
645 341
787 826
106 145
307 894
270 611
842 715
953 563
813 959
774 266
388 502
921 601
568 566
168 983
364 290
737 357
487 766
672 418
721 11
621 1
272 771
215 804
560 223
599 294
898 90
734 617
214 896
614 544
162 50
721 754
328 730
396 464
52 978
91 344
421 220
550 539
145 859
159 305
616 614
817 15
161 117
152 688
364 104
538 208
857 689
579 631
764 692
679 533
302 482
768 420
604 210
217 332
970 547
475 862
298 718
407 566
274 595
81 656
573 179
704 916
335 841
170 578
102 292
302 360
900 72
499 826
361 618
446 205
857 534
704 548
78 123
372 63
731 488
989 84
578 666
5 817
178 151
872 722
818 903
530 965
796 913
540 698
21 7
571 116
616 509
105 41
200 232
989 794
574 798
734 758
689 11
458 466
360 31
315 570
527 917
581 44
554 843
767 696
746 739
167 484
