2000 2000
509 359
127 373
857 103
567 747
837 247
644 585
458 67
166 689
570 878
237 794
52 638
674 67
626 841
33 586
132 197
539 262
738 149
110 922
121 447
585 279
464 133
28 645
136 307
830 838
142 648
217 610
622 864
537 21
86 482
783 97
2 266
57 164
66 277
482 589
400 700
452 15
172 20
310 277
534 14
487 781
96 423
455 947
561 195
954 184
786 310
909 72
900 973
374 665
281 354
655 455
683 167
996 542
919 842
871 758
680 322
738 379
386 881
390 511
954 456
346 381
459 938
776 958
783 67
619 385
512 40
565 590
40 640
426 326
101 316
485 818
723 492
640 505
346 805
926 814
19 252
179 417
514 448
71 382
104 564
66 456
934 351
932 583
827 776
927 221
413 968
463 21
643 146
395 95
538 123
319 321
485 654
941 3
222 167
485 715
584 139
214 749
797 145
398 935
765 608
943 639
857 440
906 677
32 477
599 833
339 198
975 631
876 257
365 314
600 847
905 112
654 321
954 496
181 310
472 995
947 533
786 276
231 219
44 603
168 506
249 533
459 62
738 206
612 692
658 160
748 545
139 758
880 167
688 300
209 685
359 74
960 997
601 237
491 116
161 655
10 840
96 186
935 713
290 275
351 758
369 141
446 35
15 835
413 21
661 119
47 281
509 158
8 492
437 385
99 693
257 51
163 195
699 434
178 217
711 116
516 471
356 706
673 610
732 260
965 417
143 304
577 635
917 192
818 605
771 903
595 997
838 965
408 676
256 726
637 682
217 731
889 915
279 649
224 87
761 326
473 171
276 348
985 937
907 898
823 554
883 585
307 568
449 707
159 337
457 824
433 603
53 846
288 514
206 233
577 349
814 575
933 581
739 79
944 841
147 614
233 69
10 939
265 282
62 512
710 855
181 44
278 167
309 631
972 983
618 291
58 818
756 815
636 304
733 224
178 637
5 582
110 718
19 300
183 441
579 898
538 91
479 357
640 713
992 452
28 193
386 886
776 684
444 125
662 399
768 881
3 910
119 824
222 74
835 945
310 220
333 851
605 266
36 295
130 974
293 695
921 734
242 338
118 321
748 862
378 139
978 179
496 502
923 100
621 10
367 52
440 657
498 919
530 43
200 615
241 722
587 349
687 442
603 716
358 353
505 647
567 273
305 480
586 408
106 247
641 693
422 796
956 192
99 606
92 973
225 358
503 753
655 239
648 609
960 50
634 878
752 866
130 492
837 373
563 937
987 796
555 196
732 644
606 323
957 901
683 974
86 753
826 760
966 540
130 373
359 711
53 211
260 268
480 556
310 432
608 804
47 670
714 236
283 902
892 42
102 617
986 633
149 300
113 347
364 241
978 422
232 648
615 971
68 459
62 896
287 980
715 662
573 927
586 367
272 121
985 53
156 222
562 6
880 592
353 468
194 242
38 15
720 669
615 57
477 86
96 143
57 947
151 9
106 65
532 274
345 446
792 72
409 742
961 903
634 770
476 646
376 480
518 318
732 909
318 719
942 595
341 770
450 317
977 546
849 979
374 584
785 997
27 530
289 950
842 673
345 453
50 588
403 751
213 460
320 275
80 458
878 803
45 368
72 947
721 353
102 303
321 78
316 806
697 755
330 82
158 423
528 935
294 216
365 369
564 307
279 33
57 420
175 78
132 33
137 715
544 708
210 139
177 96
108 263
693 227
156 413
172 932
795 339
285 215
457 804
453 577
523 794
799 785
670 883
950 31
289 744
913 40
449 864
420 192
222 389
661 692
975 879
981 534
877 66
958 8
642 316
982 136
761 552
117 535
296 703
143 65
142 469
599 451
978 918
434 241
410 589
378 605
458 486
516 982
936 289
654 858
961 56
316 327
398 92
866 869
866 961
90 152
324 90
617 170
744 317
289 788
316 599
744 888
954 378
307 714
977 206
246 633
247 61
19 881
602 811
55 447
986 166
480 321
849 763
819 831
809 464
901 780
139 62
82 686
532 232
102 778
506 214
493 59
366 581
393 24
922 77
73 662
439 74
22 395
573 998
526 170
927 472
955 245
750 444
898 758
569 785
132 323
225 391
374 295
871 564
456 25
610 510
683 609
958 299
748 374
786 866
511 892
690 83
793 887
147 824
23 845
491 880
959 227
421 472
943 746
395 934
276 435
59 578
131 350
393 508
499 658
873 740
52 874
578 307
539 222
139 647
799 626
48 515
438 305
879 607
519 819
428 71
661 699
51 811
900 631
458 741
590 664
411 29
649 308
628 696
941 420
409 983
790 534
333 251
375 746
820 164
571 659
536 517
205 857
929 544
24 84
731 894
629 243
755 431
595 559
132 399
368 443
355 531
854 465
313 500
446 611
873 898
140 919
584 26
446 502
29 590
903 370
649 362
650 125
953 673
921 829
960 351
450 16
616 86
150 717
471 700
521 216
268 268
582 670
267 168
653 400
513 518
199 218
102 951
636 379
921 422
882 583
849 93
606 294
922 264
751 693
162 54
325 613
599 413
787 976
600 852
992 972
798 720
432 241
657 802
849 31
613 734
726 182
783 544
271 835
244 804
706 168
406 237
511 758
764 340
357 829
853 293
13 771
782 611
716 580
68 90
86 573
827 211
160 186
474 701
63 860
912 641
518 980
384 291
401 53
976 615
285 276
791 399
491 497
433 912
282 255
130 922
981 484
622 161
615 867
539 50
511 311
947 431
344 513
171 429
434 610
772 221
624 162
417 760
313 162
158 600
987 735
75 54
568 512
637 799
118 550
680 918
621 338
680 750
520 350
693 340
231 719
280 668
850 241
396 989
619 871
227 151
782 706
331 316
175 328
896 25
186 72
568 218
874 785
382 730
374 625
334 204
116 994
20 193
784 432
402 50
63 944
370 557
719 634
489 52
487 236
438 667
224 212
912 842
586 36
708 236
607 135
508 54
369 909
960 137
189 722
322 393
284 658
741 721
64 522
832 731
810 355
307 908
224 681
782 333
642 278
945 118
910 23
926 199
434 556
966 947
292 964
363 731
368 57
967 905
71 837
760 513
451 29
66 770
905 436
848 660
460 979
489 914
831 104
271 943
39 791
410 632
977 309
740 233
299 57
206 295
462 820
397 172
105 20
868 716
991 769
458 223
760 309
474 564
393 148
883 751
329 204
99 886
721 381
131 167
3 542
932 816
815 834
304 863
29 176
346 691
540 386
931 447
263 339
141 277
811 544
639 48
486 436
25 287
581 348
801 618
379 284
672 151
915 104
183 589
898 864
895 911
563 12
970 206
849 392
438 79
886 124
878 551
826 789
44 511
861 182
24 656
885 852
45 940
887 380
141 545
251 645
174 752
997 401
810 731
671 148
864 991
778 470
729 31
536 802
372 8
767 403
872 619
981 883
68 235
418 766
641 256
913 53
442 104
495 174
690 297
161 579
408 207
356 968
694 4
418 690
226 822
915 43
496 227
507 60
328 292
594 664
443 52
108 662
927 231
917 81
614 999
2 878
614 773
196 382
50 835
963 383
947 887
907 983
89 829
426 957
22 754
536 891
320 833
787 890
400 180
338 310
132 321
914 348
223 211
493 856
293 620
992 533
681 598
652 79
324 707
645 170
569 880
391 915
126 229
799 10
64 649
681 727
798 382
773 749
358 23
354 547
370 927
951 320
85 526
850 122
65 297
173 332
360 219
907 659
176 111
967 197
966 331
291 554
75 50
614 685
926 536
595 167
305 374
247 724
232 736
179 93
241 824
313 725
685 966
196 306
816 527
147 932
689 712
950 533
28 814
664 321
784 826
13 657
142 854
492 604
795 675
290 632
892 249
346 513
66 854
224 634
114 273
83 388
838 558
383 689
324 220
849 903
660 323
740 341
121 703
331 893
625 228
717 63
914 227
385 954
81 304
853 121
53 470
618 487
736 715
960 889
964 921
40 802
394 463
18 211
771 229
365 716
390 977
754 813
325 437
417 489
695 207
620 184
629 350
77 971
380 911
156 223
712 213
122 258
148 73
544 864
996 642
48 349
890 283
478 470
712 468
266 820
657 247
933 419
676 55
9 627
711 273
501 840
655 55
908 257
340 785
918 700
979 575
835 543
744 170
346 135
338 470
504 52
965 740
660 185
258 235
273 511
497 309
882 756
392 5
509 878
108 848
576 153
18 206
3 936
387 381
15 191
818 792
872 621
631 787
896 264
219 956
83 290
705 948
356 894
653 485
712 209
773 371
611 16
875 489
542 58
130 464
583 791
480 909
574 263
748 877
383 260
902 27
479 201
870 256
94 700
869 625
186 940
349 623
940 144
664 34
957 467
968 613
879 773
95 674
871 923
631 6
307 298
500 718
676 306
954 251
480 313
82 809
12 916
359 779
589 920
858 795
517 217
445 112
57 430
957 94
12 947
72 964
832 586
625 581
278 328
982 832
999 789
429 857
67 556
143 329
751 700
984 717
788 40
696 347
28 360
951 286
53 597
658 91
486 268
355 610
529 904
477 992
650 916
678 558
200 486
905 280
560 17
929 42
530 959
144 636
777 130
428 182
659 717
398 486
132 594
223 955
713 235
805 145
830 171
115 437
904 917
984 120
169 776
257 534
530 972
718 831
605 38
403 906
374 522
12 30
253 453
658 145
674 40
489 440
406 685
360 575
209 505
40 844
644 2
724 523
11 915
893 239
174 776
143 192
677 10
77 204
959 35
468 343
818 14
384 314
283 649
248 742
721 867
368 660
52 775
110 366
331 153
802 505
380 95
390 910
840 725
595 729
947 288
881 871
345 515
53 340
657 288
145 392
781 306
930 672
569 997
827 577
368 851
441 309
725 6
311 810
548 414
151 568
300 647
431 257
219 531
504 119
746 955
509 889
541 236
990 159
961 230
95 931
92 278
349 842
434 736
496 166
626 863
968 54
655 371
465 971
827 178
597 251
856 885
217 810
768 564
820 63
654 46
397 101
774 706
351 581
801 762
989 566
283 244
335 578
476 828
914 195
457 831
777 816
924 609
644 887
973 20
386 927
986 309
909 790
411 325
615 138
45 785
318 47
486 669
29 679
749 746
833 526
839 177
975 944
420 653
910 807
578 665
106 77
712 460
939 395
842 624
747 414
855 963
527 693
779 161
2 678
483 890
260 212
707 738
855 605
331 392
417 324
611 115
116 744
532 189
480 315
458 989
700 327
217 712
75 100
179 317
729 711
37 332
801 750
880 75
373 330
518 745
465 427
673 196
763 719
316 82
764 763
963 537
160 467
89 835
4 231
83 284
424 363
930 879
496 679
473 48
818 416
391 423
709 231
104 974
954 352
650 307
938 469
752 608
946 781
817 333
74 341
380 19
413 655
341 761
684 612
754 573
164 671
834 673
125 257
881 890
144 193
98 65
325 283
692 599
569 403
17 914
352 562
787 16
703 578
221 492
367 284
259 711
923 699
540 510
746 645
507 368
213 958
803 893
755 796
32 70
899 743
427 253
783 384
808 439
609 945
269 539
575 516
654 410
816 38
125 844
178 700
602 77
50 49
36 188
568 494
463 651
204 271
420 391
943 989
188 963
848 809
788 401
348 922
643 739
724 36
985 770
550 748
611 17
868 681
377 158
840 484
144 208
515 863
366 353
216 392
741 300
377 669
507 263
476 203
402 551
129 392
788 551
235 191
982 919
951 515
762 67
128 188
458 959
709 397
583 74
387 271
342 819
776 925
26 228
584 432
329 495
302 326
846 838
680 308
207 227
248 677
34 816
212 230
822 892
709 313
900 800
753 253
972 205
829 268
415 587
64 308
97 196
130 406
494 59
440 925
333 895
27 180
154 761
825 834
278 260
519 952
865 610
669 438
22 902
747 297
316 261
494 521
41 314
560 99
217 167
923 213
727 418
192 4
341 731
401 104
718 36
490 42
16 34
909 620
61 861
481 925
568 996
51 1
311 408
442 783
288 755
349 291
359 911
607 202
599 602
58 340
705 504
207 839
14 333
557 462
405 528
866 454
267 795
981 547
131 697
268 979
631 77
402 325
409 46
375 499
214 526
587 979
775 312
859 98
954 138
611 620
620 523
833 105
928 542
888 690
366 242
906 196
134 36
139 888
581 650
629 835
305 262
517 461
766 925
768 292
938 106
565 452
409 673
166 770
492 653
630 402
630 277
492 538
399 727
246 792
156 532
374 506
688 224
14 513
212 578
68 17
84 913
818 228
506 883
858 749
224 387
280 329
801 463
647 919
351 908
465 139
134 481
864 983
705 770
785 579
953 800
999 291
152 512
665 726
726 190
775 633
206 371
989 160
195 803
849 514
353 156
80 390
62 322
667 567
137 692
835 691
593 330
585 40
972 490
345 681
476 391
595 819
286 704
272 357
225 613
967 164
703 755
460 979
117 80
853 727
495 214
510 315
286 236
281 675
977 962
263 955
474 380
222 588
113 960
761 201
816 429
466 81
18 180
771 967
88 601
834 301
140 989
344 350
478 998
184 874
345 398
70 572
51 628
618 484
829 705
777 988
682 215
232 331
24 858
623 285
165 335
808 281
315 26
130 698
269 946
799 744
971 751
545 660
648 815
200 543
394 442
653 121
646 448
311 758
757 779
835 295
46 324
366 633
928 519
746 173
464 137
840 440
753 929
413 927
495 659
388 695
400 881
699 152
70 519
784 493
523 731
697 444
354 925
255 35
442 461
46 166
839 650
104 766
301 846
58 314
650 795
236 676
365 539
732 996
26 844
100 279
632 467
788 72
432 288
782 802
135 287
809 224
832 974
876 211
379 450
897 709
933 920
746 893
91 347
236 87
231 495
847 1
531 508
206 635
662 260
52 669
169 851
3 297
529 926
532 629
338 954
544 267
276 861
741 312
794 499
260 801
452 999
717 917
642 906
491 871
137 890
379 160
707 975
689 47
562 745
871 55
147 255
779 348
946 973
751 824
917 110
747 536
731 502
756 188
660 9
667 763
291 976
516 235
878 927
835 40
262 11
469 70
414 665
830 719
66 153
243 38
556 842
456 766
269 960
604 86
907 507
783 212
616 694
92 626
573 753
694 308
518 698
698 47
533 702
235 695
76 739
985 982
661 420
856 277
105 203
267 523
486 630
234 469
900 383
102 225
911 523
66 230
211 326
544 720
586 116
708 183
65 763
148 993
941 285
998 283
504 119
93 428
652 786
772 431
959 883
270 733
205 895
845 740
788 164
180 617
144 105
764 211
374 582
778 12
546 262
116 767
419 86
749 613
860 80
165 574
555 573
953 242
901 49
565 138
351 725
458 233
595 515
863 456
737 483
506 204
629 420
167 133
346 18
316 173
205 834
561 278
49 371
792 313
59 670
858 967
647 420
777 204
293 231
489 817
709 859
781 290
139 618
556 701
218 877
132 820
339 443
762 706
640 295
663 992
910 274
367 76
201 385
329 720
314 933
765 526
945 824
491 154
706 445
115 318
744 247
484 247
87 922
368 599
927 619
585 815
379 220
76 785
714 1
178 739
411 259
204 907
262 522
898 549
513 601
645 157
978 132
528 438
243 236
986 684
991 62
812 307
392 862
859 582
857 820
548 835
721 886
673 616
166 596
146 799
724 237
93 480
640 844
398 384
341 266
831 349
290 956
838 262
488 93
898 39
734 442
169 562
891 982
538 702
2 155
752 619
778 942
316 426
801 61
255 103
749 98
285 683
534 280
37 19
785 765
957 982
549 330
950 8
203 23
342 614
214 828
386 463
574 563
149 850
59 206
899 71
517 22
484 955
781 929
952 760
152 78
249 528
618 30
957 54
917 681
436 504
185 874
845 462
3 956
164 43
632 417
554 258
775 943
160 992
411 251
907 620
90 921
363 771
274 24
909 513
533 881
478 827
860 155
162 494
389 984
406 89
812 38
859 807
194 105
589 735
501 599
657 536
487 814
477 527
309 740
964 442
614 731
696 333
994 257
34 108
993 251
94 125
679 771
750 843
446 426
490 81
244 722
945 736
712 24
507 140
338 670
598 414
734 797
106 243
874 349
637 185
317 143
807 148
630 763
552 674
320 195
176 152
809 887
54 937
730 809
540 730
534 693
534 612
253 622
194 568
132 901
866 964
321 253
785 450
902 715
974 314
935 938
409 793
897 433
458 230
385 939
617 991
490 676
905 806
192 869
641 798
593 276
702 252
498 202
32 933
407 385
850 299
553 564
52 477
239 736
987 776
965 537
183 262
312 668
210 751
600 755
79 958
866 58
560 335
815 133
537 486
690 513
989 664
625 418
540 779
739 44
926 404
993 723
825 499
737 603
841 759
856 646
648 359
632 654
612 605
323 704
646 737
796 121
536 108
730 295
452 592
881 106
820 792
579 644
279 172
803 900
663 438
785 484
383 505
457 59
210 40
954 534
46 188
24 169
795 133
39 992
876 388
124 186
533 260
256 513
976 155
66 657
247 202
675 928
699 223
924 760
706 606
260 990
307 445
509 519
881 987
582 357
5 810
767 402
49 281
342 317
27 608
455 755
241 129
54 393
354 326
341 668
128 413
465 144
524 934
174 335
915 248
613 168
283 728
389 623
845 540
117 31
325 398
814 971
885 144
309 407
251 188
511 621
619 300
293 582
103 831
115 367
241 287
114 414
841 376
527 410
656 367
65 148
162 891
773 825
181 992
988 470
496 102
111 482
491 155
573 700
925 452
176 855
916 818
433 770
738 150
360 103
938 205
423 831
640 23
876 770
241 990
143 479
897 619
798 978
117 99
235 923
547 125
629 998
210 952
43 260
22 399
506 186
222 752
17 108
421 201
918 688
201 795
784 742
938 71
960 288
69 984
389 902
156 470
471 207
80 814
469 704
427 453
251 759
205 276
390 548
712 562
933 300
6 573
264 705
786 327
338 685
688 461
193 565
357 99
56 843
851 604
320 201
316 47
249 191
573 589
769 837
57 972
648 874
583 733
293 748
809 295
863 707
760 285
518 202
819 577
34 964
31 730
712 927
569 881
467 686
376 224
977 770
297 331
462 832
512 781
445 34
441 504
538 809
918 618
291 408
896 696
863 134
849 507
