2500 4500
999 940
6 8
54 939
520 227
495 867
149 549
441 242
676 841
479 157
531 702
917 607
802 556
799 580
802 825
945 781
521 687
136 263
333 496
728 567
306 625
464 669
627 674
242 758
477 378
177 999
631 987
172 311
651 242
619 389
289 109
809 779
749 97
858 711
335 582
969 844
390 397
529 57
805 284
2 146
123 982
300 106
250 212
928 251
808 506
647 68
673 189
127 764
479 66
299 690
338 36
903 698
970 149
120 540
267 514
433 796
1 689
229 60
499 358
614 346
479 266
132 431
914 505
718 879
517 141
818 790
245 142
548 915
634 796
125 174
156 307
285 762
39 767
866 303
248 446
7 636
528 864
827 931
958 133
676 110
190 720
874 486
565 186
505 984
363 241
712 737
333 341
393 299
411 907
977 202
584 148
171 846
956 725
459 137
734 508
963 629
808 298
377 602
908 148
114 248
401 384
901 391
618 701
725 632
378 9
135 747
905 363
243 329
964 667
47 596
254 519
519 107
511 878
732 243
878 563
388 402
551 342
743 989
290 320
382 153
559 754
549 712
922 711
426 677
500 843
351 789
847 660
579 67
347 93
612 283
910 82
309 339
822 348
586 37
245 167
390 874
382 777
830 2
170 194
320 100
503 577
554 402
631 211
606 622
994 588
596 9
229 935
687 229
571 716
312 245
186 154
789 585
511 743
609 946
445 956
428 633
176 266
811 976
410 933
210 706
43 565
8 835
232 453
829 291
942 252
510 401
777 99
778 444
249 489
845 60
2 923
988 445
376 114
833 839
838 62
27 564
67 731
729 516
826 179
772 509
6 901
548 657
778 152
365 816
291 514
850 33
6 716
358 972
841 639
142 485
613 164
628 561
319 950
635 386
987 57
320 490
848 505
282 64
867 50
466 122
250 931
693 749
456 386
476 997
230 389
169 388
574 584
694 608
74 379
729 601
197 946
567 732
521 659
64 387
228 33
238 665
360 35
103 79
105 352
997 216
858 145
678 975
160 725
925 904
31 170
164 313
114 370
786 272
359 567
864 617
330 584
987 990
758 892
27 898
889 636
923 567
304 251
364 762
946 381
780 890
509 139
983 79
411 745
681 998
232 99
679 724
647 206
101 284
350 878
750 664
528 456
556 478
415 128
423 187
393 171
501 529
503 935
392 896
630 594
221 397
754 387
284 974
869 222
763 945
838 993
842 152
334 201
14 920
151 954
647 282
78 785
11 303
593 468
38 651
986 406
136 589
584 117
297 624
724 959
685 251
943 497
531 79
721 753
715 20
661 981
105 954
154 591
415 158
325 790
462 603
259 231
788 833
471 199
4 866
138 957
578 440
81 186
331 962
607 698
445 320
12 193
796 74
158 867
14 722
796 517
545 585
983 852
456 912
690 679
151 649
55 751
804 692
163 598
976 222
172 721
907 218
120 500
853 271
655 953
546 498
173 703
746 109
830 240
233 429
44 704
44 922
123 118
571 748
493 766
399 113
641 685
313 503
664 348
924 770
637 647
61 467
857 304
909 798
633 21
454 972
825 907
186 990
629 675
217 263
741 866
488 590
878 875
756 592
163 975
960 155
760 39
820 370
207 976
761 637
711 674
106 571
216 230
957 778
106 889
503 783
292 245
680 51
468 525
894 221
708 35
652 965
13 719
514 456
707 428
221 377
397 818
628 654
958 956
964 669
719 181
705 274
210 87
998 866
48 538
276 507
72 893
61 130
436 60
17 700
26 56
89 656
42 767
976 394
101 858
449 432
606 683
689 168
241 877
55 542
201 959
146 968
689 716
483 294
972 225
498 732
235 766
171 457
115 995
763 183
364 443
877 287
739 270
709 440
973 102
146 378
176 855
260 318
71 777
883 330
959 562
408 725
837 900
398 896
184 9
36 472
162 804
464 182
326 588
453 394
267 658
595 397
263 767
18 954
214 218
19 644
822 444
784 614
181 947
38 298
485 747
263 556
457 745
189 391
50 64
389 25
735 233
895 939
202 309
937 91
659 708
774 992
866 409
891 413
181 45
284 739
47 802
433 348
296 56
689 628
50 144
853 339
298 979
663 704
668 35
604 76
514 921
144 327
911 64
135 887
798 827
956 795
725 700
746 484
933 86
250 384
317 833
912 984
808 574
218 506
983 501
798 287
593 318
284 995
246 22
276 388
978 238
44 801
928 454
626 946
433 299
21 675
1 88
699 791
823 821
207 871
724 107
329 958
198 763
266 471
73 255
635 524
50 43
73 935
905 81
980 915
49 399
324 346
784 398
98 90
721 825
616 944
293 27
206 393
529 808
353 845
513 852
320 914
254 666
323 565
40 904
583 653
363 42
475 505
644 910
420 691
973 321
211 831
866 606
950 123
864 652
302 8
254 826
692 498
423 200
719 805
372 689
296 834
256 178
871 912
53 382
397 857
302 375
552 102
828 680
307 394
200 479
18 225
887 660
773 639
464 538
29 579
984 592
813 864
411 892
178 63
153 331
316 445
202 99
546 116
586 980
809 719
94 627
571 204
149 142
809 674
387 299
814 478
798 619
540 207
561 633
225 241
982 686
64 921
272 824
331 964
608 67
327 415
857 977
19 616
452 241
282 117
306 234
706 475
198 617
361 276
648 527
39 864
994 751
536 352
782 838
315 892
463 646
889 825
289 336
913 995
509 455
614 253
848 837
561 340
996 725
187 738
152 596
860 273
792 92
995 236
888 576
520 447
450 467
870 551
93 428
71 410
832 320
303 467
237 423
556 494
578 899
778 538
900 369
948 392
373 310
936 447
696 755
730 292
667 630
30 745
790 898
875 382
313 395
434 713
377 427
765 84
445 266
829 300
469 841
673 152
121 220
144 999
853 700
840 294
350 375
566 126
345 941
584 74
542 144
935 452
33 683
247 544
874 603
273 447
328 689
508 649
134 738
114 610
898 773
962 973
521 605
198 673
855 147
694 973
148 453
421 915
732 422
910 670
678 137
804 920
138 786
625 238
916 232
788 213
133 214
786 734
737 308
282 728
116 473
128 103
912 786
184 604
127 565
400 300
52 25
4 765
511 270
627 481
882 943
908 264
451 718
963 622
500 921
875 654
905 115
637 291
158 160
65 338
318 731
943 421
31 580
716 282
376 156
789 841
790 1
423 652
151 704
612 539
358 296
449 712
244 876
31 512
244 781
667 712
392 167
741 826
978 691
78 775
202 299
747 98
39 512
495 38
465 62
335 817
970 985
749 512
866 620
495 713
526 287
555 805
809 621
712 935
483 222
978 167
560 502
726 821
386 504
902 175
360 479
40 278
157 195
27 434
858 214
582 774
415 983
467 18
541 71
545 855
636 753
36 800
100 416
21 534
29 247
799 889
871 689
933 27
572 756
466 908
779 464
549 687
868 884
5 757
796 638
777 630
189 202
797 274
442 283
25 239
135 373
593 822
944 547
489 188
775 588
498 812
258 223
190 492
458 389
500 817
208 462
465 59
107 509
466 712
471 300
999 9
407 117
116 450
868 321
490 78
462 523
47 329
889 931
522 451
752 469
430 499
20 938
40 761
731 241
734 817
27 201
777 527
963 455
624 112
510 54
27 578
303 588
251 723
439 981
972 624
183 755
628 184
728 580
940 574
394 228
595 924
343 727
725 63
663 884
3 469
376 212
5 700
479 152
562 263
354 552
73 554
346 902
900 836
405 452
749 939
769 81
464 578
663 364
730 474
434 865
396 346
373 25
531 561
193 314
697 795
475 574
397 270
961 336
23 711
882 406
879 898
86 114
80 289
874 527
211 652
720 406
235 428
500 270
965 843
381 73
436 854
616 323
792 342
804 915
801 281
585 146
636 590
340 481
821 272
999 928
627 255
616 10
334 242
253 167
241 561
249 228
482 947
45 407
709 697
616 108
814 731
965 751
527 234
814 179
648 595
505 236
532 303
940 579
312 294
722 547
19 528
872 987
53 283
286 228
830 918
607 981
63 106
774 803
444 951
693 31
520 134
454 140
477 772
627 964
323 939
775 884
298 729
589 826
378 585
61 984
154 347
484 279
359 813
44 278
844 905
611 602
343 673
393 241
181 212
413 681
763 339
914 802
350 992
473 930
706 237
72 526
361 206
144 544
192 329
189 317
21 969
780 267
74 184
875 492
407 558
450 708
364 959
922 887
474 292
618 143
646 181
622 19
292 783
699 992
610 303
558 550
551 539
367 26
705 595
415 35
267 406
944 92
455 577
427 787
741 65
132 276
493 155
649 421
521 509
655 932
942 175
586 742
679 646
49 154
444 991
605 877
153 127
799 295
653 788
586 640
268 563
105 15
125 655
868 623
746 185
803 309
431 84
887 859
832 314
679 316
803 371
706 777
448 545
970 731
116 877
932 2
400 176
544 260
325 554
399 405
574 390
832 66
378 452
37 534
92 516
899 824
598 691
336 949
755 711
558 364
405 193
731 432
756 437
109 107
991 822
398 774
118 760
964 574
716 709
268 583
328 257
584 261
581 291
779 250
486 306
369 298
239 383
997 210
192 845
250 254
59 31
226 480
938 854
907 356
559 151
592 906
472 417
113 417
548 110
18 596
406 113
181 59
832 374
843 494
673 435
760 659
508 739
40 309
547 149
540 663
253 39
82 849
690 936
626 483
825 365
846 547
296 473
707 870
212 723
235 289
204 646
335 324
789 34
571 603
767 392
344 851
498 146
471 881
848 15
702 368
664 411
438 980
351 246
378 263
867 885
280 230
681 644
889 242
649 598
546 923
25 832
560 650
959 995
862 40
492 637
26 989
32 627
60 517
328 261
407 364
979 624
605 415
632 613
429 819
58 16
884 796
180 11
796 946
977 741
530 789
176 845
4 232
759 510
463 849
90 756
26 905
211 532
438 998
335 75
631 382
760 707
970 399
811 555
581 96
261 20
323 543
874 272
684 80
693 11
960 122
347 309
901 861
140 109
770 913
200 229
412 965
459 789
529 861
72 362
18 178
496 492
763 331
198 76
317 827
701 979
19 860
38 940
143 65
790 108
934 850
918 35
333 636
558 657
942 819
867 609
778 486
26 693
698 393
234 577
895 630
44 504
328 145
485 223
778 372
146 361
634 971
127 120
943 792
649 308
592 823
249 426
838 600
842 853
566 775
755 227
55 284
679 697
401 896
477 18
706 558
618 338
102 497
7 624
260 150
685 164
828 731
546 155
689 804
58 681
282 147
905 821
306 234
430 339
188 123
414 388
15 249
209 944
207 440
929 307
822 258
91 140
142 349
658 672
369 622
668 791
638 999
596 639
552 240
405 249
107 2
398 13
321 566
265 577
258 832
771 25
709 79
980 314
949 101
649 619
598 327
291 986
40 925
132 66
122 403
567 888
773 36
458 91
410 876
569 135
7 253
999 788
317 35
405 245
391 578
869 528
29 774
366 953
779 192
206 100
560 406
455 256
417 221
325 559
818 173
693 436
154 678
466 760
46 368
169 902
256 971
529 59
624 105
636 362
203 105
151 66
335 703
929 681
328 529
146 832
893 576
386 923
689 255
659 4
644 493
415 427
462 314
230 220
160 707
199 365
509 921
485 680
750 695
390 607
692 21
180 645
774 388
280 671
87 330
698 177
419 184
579 169
23 786
109 56
967 581
861 316
909 369
15 818
955 270
687 932
383 812
108 149
783 258
228 54
800 832
213 708
529 549
821 544
486 762
326 468
614 823
800 298
405 785
690 718
75 312
230 972
288 399
620 15
7 351
280 832
339 494
254 930
627 721
927 829
7 958
737 551
553 288
58 39
92 544
93 893
323 509
679 602
456 235
132 783
326 744
387 19
125 145
352 900
963 381
815 639
837 104
606 990
888 339
147 97
415 108
651 548
471 649
752 8
49 69
832 30
641 286
718 815
592 496
229 726
392 139
552 599
535 311
171 247
87 981
90 941
417 363
803 709
958 633
479 905
189 79
701 242
124 221
599 269
4 887
379 470
649 508
576 960
478 716
109 748
226 782
734 767
459 364
792 103
975 46
907 921
133 536
110 360
827 26
112 180
458 536
489 432
49 990
135 406
715 706
711 728
714 779
728 308
568 820
318 253
57 12
466 143
260 648
190 70
848 788
588 798
476 550
654 523
996 246
748 253
997 702
378 990
833 941
728 256
632 551
563 622
333 731
706 733
317 417
537 742
854 262
752 551
897 359
310 381
853 465
980 530
684 277
941 501
2 462
981 563
425 534
544 177
782 975
193 74
817 272
131 772
893 378
79 68
753 533
718 755
900 596
464 856
730 907
340 478
729 306
956 342
906 271
453 763
580 16
103 707
516 245
25 55
755 112
310 313
79 755
826 787
211 96
907 801
158 892
222 995
693 584
782 946
400 307
468 526
241 295
401 728
989 483
878 587
673 580
218 513
767 12
954 85
122 922
745 288
223 381
803 397
713 310
326 852
817 800
9 419
570 956
143 158
488 946
217 193
292 303
65 834
296 641
501 870
172 730
597 148
53 743
872 796
733 301
201 903
371 16
518 235
588 343
201 887
921 44
147 667
662 149
986 183
253 290
639 822
267 737
152 892
639 431
230 28
866 647
16 651
495 220
279 556
653 655
78 172
356 647
25 699
63 274
272 90
825 809
811 589
285 552
261 236
285 877
651 137
735 761
654 64
424 853
454 529
570 582
6 272
398 952
444 706
13 86
734 269
682 47
571 150
960 952
378 880
67 83
163 71
292 648
522 827
717 163
61 90
185 753
528 407
53 447
49 191
17 121
883 342
905 79
242 815
53 875
364 691
574 909
631 11
515 195
220 775
910 642
864 983
657 633
695 16
72 532
315 895
115 798
864 604
164 792
948 570
366 805
552 494
687 160
944 520
409 331
354 531
822 222
541 580
337 967
905 235
705 975
323 439
664 245
579 752
342 515
454 371
889 209
320 774
532 547
470 558
820 616
660 364
449 408
430 897
759 620
741 976
416 904
944 109
560 609
582 253
257 76
249 28
650 430
13 12
205 959
125 323
848 200
837 893
516 887
338 374
382 608
98 944
32 719
111 368
588 503
312 969
60 106
394 973
166 534
461 614
233 738
195 761
159 624
239 477
322 672
836 298
294 839
275 147
789 43
368 584
169 909
170 590
821 427
969 340
474 167
426 31
840 921
828 39
519 737
581 263
838 49
990 586
484 519
341 210
499 748
246 434
45 656
414 703
139 49
109 433
705 366
757 851
952 186
615 7
594 441
326 256
417 840
875 255
290 201
763 582
570 125
241 634
793 408
620 726
958 125
297 312
204 692
720 219
326 660
924 481
705 614
569 685
660 504
148 489
985 527
73 94
98 953
171 774
839 525
100 754
109 160
549 724
152 469
813 276
609 167
508 875
104 84
656 795
388 679
704 474
565 933
453 106
294 809
342 858
638 392
862 952
866 350
491 625
891 503
603 325
861 112
366 387
232 282
684 276
572 23
721 636
891 426
831 331
925 167
117 278
752 642
444 255
582 728
133 697
881 935
185 478
156 940
590 933
202 156
257 837
719 540
787 271
135 155
49 597
892 486
23 106
365 106
647 795
397 536
244 978
572 795
726 505
820 104
283 657
268 296
621 450
978 895
919 602
703 539
19 274
991 526
831 506
816 409
991 168
33 762
551 112
133 481
625 138
48 59
748 360
852 631
288 161
352 613
741 769
960 544
869 283
256 776
332 423
332 988
153 237
18 735
392 810
805 548
851 353
110 214
934 808
513 812
871 377
447 810
688 894
424 675
620 416
794 686
39 748
20 604
519 398
638 899
616 265
289 45
50 995
505 464
753 754
294 220
533 512
761 435
762 151
273 24
543 21
442 568
839 285
218 212
837 466
843 795
190 692
182 462
145 779
753 368
665 442
608 395
17 12
909 814
581 400
750 738
323 955
878 229
209 336
783 590
920 754
928 898
686 793
207 373
501 425
995 536
245 229
862 779
28 881
247 737
812 300
378 938
688 686
792 904
171 384
949 159
419 895
727 190
142 654
194 797
202 766
879 543
350 733
99 855
926 566
407 350
388 176
725 204
682 57
527 243
538 349
591 582
354 167
367 668
763 753
751 857
173 57
856 360
44 431
173 286
906 445
966 81
277 265
666 421
401 583
194 553
182 586
884 159
826 595
587 814
378 729
57 138
608 220
814 676
824 297
28 394
742 5
35 580
588 280
484 760
733 986
623 709
29 236
541 827
201 6
202 212
909 640
112 177
752 253
105 568
197 306
480 129
620 103
645 801
916 706
773 136
210 492
823 292
927 950
131 553
273 823
197 188
106 216
360 661
295 329
213 864
326 632
391 345
222 7
852 698
137 296
370 822
577 81
900 818
305 770
147 788
974 37
569 816
175 548
75 599
798 687
440 288
144 649
646 726
337 100
837 268
727 383
244 382
910 921
695 642
380 340
828 112
843 906
747 610
94 230
216 584
311 638
753 195
506 542
184 934
228 965
960 741
676 355
83 255
759 573
507 720
410 968
620 429
958 722
704 677
782 731
143 433
81 972
359 823
751 996
420 28
913 867
269 41
476 569
767 738
531 120
123 404
808 866
573 71
543 760
237 573
431 967
905 663
115 670
653 522
461 330
209 862
752 506
137 912
833 980
975 754
542 590
790 545
351 903
843 14
596 59
919 634
21 172
37 52
668 323
725 227
970 132
133 656
370 222
111 246
932 569
260 15
986 200
348 220
879 211
609 203
117 167
505 558
978 942
104 420
996 397
814 280
760 333
568 917
22 793
625 706
36 761
727 669
748 394
803 728
510 837
746 352
753 456
869 496
787 501
884 356
39 308
644 598
675 269
951 957
736 715
701 199
795 991
613 344
884 624
580 793
287 399
25 58
354 706
436 816
60 411
61 845
969 704
402 599
490 793
952 599
235 862
9 329
984 882
730 647
73 304
389 754
284 594
618 625
331 217
100 570
115 535
998 17
720 574
298 444
96 544
999 108
830 201
198 369
689 551
625 518
941 611
724 316
217 949
93 642
361 67
149 678
752 208
717 506
121 417
134 841
804 747
365 813
916 299
536 343
232 106
826 290
377 951
131 535
804 801
332 81
353 556
549 680
609 516
73 382
569 91
259 728
639 10
581 906
646 559
282 542
204 963
903 532
647 66
3 201
540 438
606 898
259 655
8 146
424 37
905 669
860 189
914 71
910 129
809 23
248 789
112 681
249 249
463 136
250 227
869 796
651 199
891 503
306 560
590 724
893 98
250 105
914 800
296 796
395 568
594 822
998 339
756 266
585 885
120 824
508 153
567 25
827 8
938 678
213 981
359 454
406 38
51 754
786 164
413 201
767 314
37 86
862 715
743 208
223 323
931 716
842 449
262 454
929 151
477 78
860 66
361 586
169 439
950 47
503 727
378 795
331 108
522 986
962 333
385 957
786 506
308 143
972 772
23 1
193 903
326 480
4 899
596 360
440 617
479 713
708 812
769 672
166 196
123 899
406 833
983 928
454 75
685 272
744 915
575 42
926 950
654 801
222 9
291 827
125 994
133 138
789 133
405 19
83 603
217 458
133 853
357 288
616 223
89 712
202 346
76 684
540 810
552 395
594 680
320 696
637 656
718 233
2 743
862 992
500 385
137 404
911 921
564 146
559 248
36 963
911 228
658 601
976 238
606 318
60 78
715 544
31 326
789 654
687 200
394 315
843 501
372 152
519 578
267 576
883 24
959 687
107 664
144 191
286 995
331 395
800 639
149 679
296 227
716 185
795 875
767 583
567 800
925 254
35 159
693 846
765 711
31 886
699 673
85 572
524 607
988 598
423 877
959 206
48 116
358 220
672 544
496 865
324 252
448 537
937 34
989 138
848 881
236 951
63 188
999 854
216 505
161 631
97 487
113 657
126 242
647 844
813 779
243 813
490 492
795 359
237 540
600 265
60 66
123 857
693 857
211 754
781 5
222 589
760 160
818 758
679 896
76 293
577 664
107 346
991 366
519 487
264 995
521 182
411 351
51 934
148 836
981 3
358 507
804 575
660 776
760 985
433 588
726 143
428 114
629 79
456 291
156 162
834 722
228 333
784 957
973 859
445 660
418 984
419 197
740 526
481 991
652 513
599 888
226 27
91 359
557 403
43 318
826 897
64 650
611 488
702 969
446 291
324 883
862 658
867 267
953 401
450 47
420 463
886 293
771 825
517 760
918 661
49 561
349 31
283 161
729 584
429 336
834 994
726 385
712 732
942 456
645 75
683 121
925 728
296 671
528 344
714 470
888 184
364 67
942 81
88 741
394 304
974 596
741 421
163 350
724 198
526 625
935 195
411 162
409 143
482 190
364 366
482 814
489 553
440 847
86 818
577 63
242 9
603 181
498 432
186 718
432 476
538 569
107 185
928 140
268 624
843 622
311 409
731 719
485 611
239 84
290 409
778 1
90 153
691 614
900 913
68 397
544 959
190 441
471 798
187 330
632 147
13 331
522 156
344 656
505 552
215 813
241 524
312 47
144 79
73 890
176 541
887 623
733 299
935 498
62 802
386 903
935 745
483 302
140 145
193 771
835 599
468 454
816 443
703 640
886 807
197 843
934 922
949 805
399 771
588 123
633 996
614 471
261 227
598 470
330 157
775 845
244 455
83 600
769 68
750 395
872 183
26 903
93 773
183 37
651 596
806 385
248 92
325 620
763 941
998 275
724 783
753 796
989 726
122 273
532 818
692 223
679 149
744 791
31 930
781 320
500 249
81 813
115 997
598 690
487 373
232 592
754 713
492 293
830 482
338 129
239 199
313 837
686 401
209 203
628 902
426 555
881 11
874 351
575 513
56 219
511 780
754 785
430 81
148 804
763 740
342 634
377 181
373 298
19 257
135 330
761 613
698 243
270 403
391 180
725 139
454 438
204 663
556 336
245 740
107 209
129 287
296 7
42 890
837 579
330 257
399 397
160 204
393 897
546 377
770 416
260 942
180 685
124 114
434 558
23 446
143 360
49 41
247 762
508 623
695 597
886 673
878 597
375 436
529 934
346 440
952 219
231 69
745 751
948 164
176 94
510 76
197 740
953 988
297 131
956 369
340 524
318 393
917 697
903 26
429 579
303 625
346 362
596 135
536 758
232 571
954 231
888 523
229 116
912 452
836 851
627 830
178 36
28 232
533 860
708 910
991 513
391 866
231 774
785 447
504 190
375 414
205 60
710 662
176 478
406 738
831 665
279 891
159 21
864 29
370 253
879 647
562 134
976 117
642 107
344 318
808 234
696 182
914 871
147 3
648 309
880 349
814 592
785 654
832 819
468 656
31 619
80 253
502 888
921 961
