3000 2000
681 19
566 564
669 703
524 164
538 169
923 389
919 601
734 581
812 284
66 20
377 460
208 792
961 187
272 731
355 811
701 578
215 116
913 346
896 124
696 339
791 104
918 477
734 61
343 178
625 845
753 620
675 647
35 226
239 794
374 20
26 176
369 837
879 663
381 82
640 497
327 255
176 356
16 860
167 618
574 635
196 621
205 359
249 341
785 162
797 843
763 209
407 870
677 507
437 97
750 249
685 187
406 299
932 797
324 719
396 811
848 977
527 444
453 675
77 917
844 461
478 632
686 786
869 208
746 878
716 499
24 551
541 507
567 138
23 821
898 808
769 609
957 320
892 214
687 716
912 13
76 894
179 752
196 690
600 955
881 149
588 385
59 650
937 205
377 767
910 871
971 731
541 653
669 246
873 684
190 843
942 550
968 743
769 937
634 840
18 670
436 603
770 54
835 537
928 13
872 22
714 814
906 62
102 316
733 888
113 569
938 691
82 49
989 246
857 776
944 868
15 753
936 134
404 572
182 148
279 84
512 53
135 374
4 263
745 867
878 396
759 414
197 588
606 587
765 822
857 539
826 426
719 537
631 111
927 937
771 45
626 936
803 670
893 676
728 766
861 653
461 568
37 497
260 681
46 934
24 765
36 909
529 974
883 368
840 183
14 996
970 510
74 516
721 157
14 901
959 874
147 240
175 632
150 469
714 303
554 590
631 863
206 417
990 450
772 579
697 991
594 773
375 908
266 472
638 219
457 938
875 615
125 53
109 531
119 388
508 537
780 917
195 932
821 879
543 809
575 906
360 877
570 456
257 424
800 14
57 474
969 797
300 341
802 569
733 383
410 445
204 601
208 453
66 625
440 386
552 541
575 912
887 76
920 382
755 21
501 278
950 422
888 866
383 170
999 869
931 355
597 889
152 597
167 381
706 964
382 860
719 897
66 918
256 798
749 735
681 832
575 451
998 20
805 632
162 749
228 335
294 94
696 505
771 640
534 531
620 51
628 417
11 139
533 177
275 359
282 16
204 158
489 268
319 726
822 330
841 301
240 84
575 707
205 66
483 966
738 398
736 312
29 944
271 383
90 141
967 832
893 460
71 317
347 952
734 227
384 569
556 351
576 611
150 323
98 836
47 648
576 588
662 638
608 677
46 186
847 154
726 201
150 428
996 651
948 762
365 539
642 855
961 324
962 377
545 171
657 486
982 934
567 67
426 647
679 177
275 622
429 639
287 575
324 642
39 889
662 681
722 63
427 406
521 809
912 882
506 422
964 120
131 800
670 905
585 492
298 607
835 43
18 66
835 210
539 811
750 366
714 623
791 885
83 526
341 636
962 738
788 16
494 371
401 75
808 256
174 271
323 219
60 681
888 314
224 173
958 364
310 868
349 239
850 225
125 889
755 78
945 765
922 391
967 61
127 489
563 904
359 929
43 427
84 161
666 996
257 273
102 971
55 22
111 53
471 26
180 174
973 774
294 933
26 273
713 888
374 836
511 570
30 106
965 593
140 247
715 947
699 623
875 440
680 71
136 404
226 281
927 340
969 970
621 36
765 697
848 612
861 718
294 43
330 804
926 77
587 813
570 272
82 621
818 113
143 930
498 878
538 917
689 374
233 246
196 362
689 503
299 873
836 466
84 174
228 493
293 780
159 426
131 875
843 438
420 310
56 919
543 968
192 880
120 685
148 640
427 485
436 204
687 285
104 962
867 818
402 74
288 799
212 920
709 418
824 616
666 903
160 650
569 705
93 107
207 579
152 457
980 131
759 158
618 647
566 419
330 834
247 557
406 701
195 648
442 961
204 78
939 327
127 581
151 890
449 563
62 370
118 119
461 138
968 754
407 130
660 682
370 971
714 976
113 342
758 310
566 803
705 793
354 314
126 850
176 228
305 327
988 528
765 161
140 453
506 592
559 131
581 817
998 435
54 124
945 865
997 497
845 728
506 979
374 109
445 813
80 69
408 933
36 154
889 184
658 76
216 809
896 95
104 837
592 708
58 432
716 139
693 575
808 693
33 64
616 993
708 344
501 153
683 400
643 731
526 374
632 479
251 300
580 605
216 519
902 562
159 213
879 201
488 215
252 427
142 843
952 847
172 708
670 631
659 713
55 459
797 759
824 404
455 243
205 308
118 685
330 579
129 233
571 784
621 328
714 997
310 96
542 940
90 988
641 579
942 791
392 781
300 204
709 771
296 752
796 458
369 801
258 698
445 49
818 860
958 356
885 443
424 204
312 840
307 862
148 627
905 810
168 253
721 350
519 942
931 834
353 919
398 790
509 817
379 835
213 576
889 844
713 424
507 276
548 913
736 605
967 250
740 256
586 459
401 119
980 217
108 815
272 213
449 254
448 433
673 404
782 2
854 672
433 188
3 147
865 504
424 522
272 309
207 589
898 307
299 683
394 46
292 652
537 728
223 172
403 696
986 952
805 469
271 368
632 537
602 314
493 714
887 640
745 88
752 495
91 707
817 9
186 348
8 776
908 867
149 930
298 628
976 666
44 574
579 249
48 678
61 792
802 970
54 65
690 997
125 566
770 652
363 985
795 929
32 480
652 324
113 893
791 748
550 489
156 55
254 120
773 552
123 731
266 717
164 527
425 411
145 488
960 666
451 816
528 525
457 898
629 231
434 51
162 27
296 464
863 271
389 698
960 651
958 58
492 447
387 905
241 171
337 595
182 729
543 947
666 46
761 567
792 442
364 766
183 346
506 637
879 262
71 747
832 509
464 27
471 511
443 313
846 607
861 651
467 493
278 520
487 567
62 66
519 590
722 802
490 199
586 339
458 702
915 665
373 141
55 343
479 682
263 234
325 974
551 985
314 520
114 601
532 932
418 514
212 355
803 188
935 950
261 553
940 214
566 811
136 637
989 468
216 628
266 455
20 167
565 437
957 536
499 559
170 509
868 36
687 202
761 390
672 650
521 567
785 893
181 537
922 673
151 786
179 726
281 284
785 331
923 144
650 74
773 829
620 600
456 320
95 938
932 413
341 713
940 227
264 287
54 585
502 818
348 444
890 581
81 549
911 892
286 553
426 807
115 881
977 643
427 475
823 436
244 538
441 143
870 268
274 76
193 362
276 530
269 181
521 777
334 247
692 742
884 241
423 727
7 951
365 804
778 720
172 488
325 271
136 592
93 672
842 810
602 167
494 929
218 21
965 48
322 173
426 668
7 361
13 912
255 530
380 410
526 337
943 97
325 651
733 252
686 912
670 919
831 419
722 316
761 718
649 501
967 59
678 619
442 344
557 730
957 962
785 972
435 722
538 295
366 59
284 15
380 250
171 28
302 689
98 237
207 214
442 56
619 671
325 141
53 79
853 157
960 537
339 561
502 316
219 522
473 931
302 655
472 404
949 886
24 384
166 247
710 251
15 577
654 33
56 9
519 239
428 716
341 223
668 985
842 315
252 121
235 467
283 969
992 498
867 716
95 285
729 164
696 508
854 990
509 803
346 434
674 425
447 296
831 675
180 603
797 898
59 625
762 204
931 624
87 589
958 222
35 669
728 744
770 411
324 55
467 336
742 82
627 806
728 555
482 807
486 389
413 417
233 182
322 769
523 817
280 172
11 808
812 485
726 604
722 497
177 613
832 791
989 603
76 813
203 40
182 518
745 142
189 141
35 436
633 673
629 475
85 980
623 397
136 157
916 742
925 105
419 606
530 782
959 251
93 790
845 862
735 3
193 281
832 310
172 275
198 870
998 132
401 37
349 901
898 822
332 565
867 25
730 820
463 194
334 706
65 311
158 926
672 445
513 372
397 765
564 941
776 894
938 361
870 663
933 819
803 564
157 233
59 443
547 430
115 151
937 630
483 186
805 330
957 11
657 693
522 595
220 491
31 772
629 607
597 294
474 188
968 71
16 141
588 103
369 59
806 707
430 263
314 260
715 838
655 833
487 797
274 101
877 91
181 603
904 739
278 399
404 933
728 70
990 535
740 578
45 687
28 673
486 465
304 299
20 455
79 555
832 332
941 747
589 331
289 222
405 934
190 824
411 320
8 267
275 283
260 701
427 71
406 964
402 668
531 741
316 792
925 155
117 588
337 540
622 363
270 841
220 755
480 520
987 303
242 560
323 254
669 689
446 229
114 663
25 180
753 765
301 572
989 392
895 741
656 347
192 835
412 380
743 168
628 715
277 769
145 912
8 71
328 992
112 103
824 484
580 803
322 323
349 463
685 587
437 214
724 979
507 7
636 37
925 727
559 72
170 287
183 867
939 614
51 328
132 194
661 735
686 455
254 643
220 363
699 468
97 411
618 749
859 674
532 167
305 167
628 234
310 783
771 739
989 645
216 945
480 595
648 588
778 245
233 947
270 500
981 367
493 262
640 589
577 50
80 90
734 15
794 605
168 724
430 653
392 122
849 438
74 366
279 819
788 682
490 249
59 648
470 720
458 342
675 295
107 28
186 255
398 92
978 609
502 97
199 868
683 24
754 542
903 768
244 638
87 450
453 571
616 69
135 916
144 406
123 780
788 413
594 250
346 833
623 600
231 948
856 164
411 654
821 964
180 349
243 242
995 624
225 893
672 901
363 558
956 478
501 619
356 135
413 885
846 459
970 594
905 25
96 761
825 112
104 914
803 462
216 534
284 463
628 794
124 181
936 300
793 429
134 62
575 561
474 332
760 381
353 639
161 596
351 463
206 916
434 591
828 204
500 70
484 677
853 668
822 106
409 810
488 395
985 613
742 409
642 626
937 9
360 758
604 626
521 807
689 193
279 716
757 631
379 927
844 72
643 255
300 164
946 486
345 656
837 72
512 805
803 504
527 751
562 171
72 930
37 142
214 465
719 363
730 168
419 194
181 455
179 872
837 694
760 712
830 614
469 284
651 705
245 68
740 792
130 82
639 238
696 893
632 453
130 580
951 584
343 597
447 813
881 264
257 666
856 743
208 144
758 60
411 535
186 178
500 572
296 628
502 319
802 243
299 918
948 163
761 516
485 326
509 199
256 105
681 248
932 628
617 87
175 112
627 276
812 437
49 831
849 730
306 472
116 43
977 798
357 699
466 658
94 825
962 758
403 508
195 325
23 88
664 840
571 911
436 834
389 924
680 488
794 562
806 342
28 854
414 295
919 279
850 47
122 6
761 783
840 352
46 140
422 437
53 343
748 348
793 836
471 864
599 124
371 945
202 852
575 349
681 771
611 154
525 966
606 692
687 154
180 325
818 512
19 507
419 25
939 937
358 50
481 950
277 528
904 849
986 913
780 776
886 70
645 951
21 645
219 675
318 693
800 136
926 968
158 401
363 310
525 841
835 394
971 576
881 682
122 358
340 424
974 292
81 23
411 247
762 42
722 280
467 703
193 684
258 159
407 517
146 719
440 285
760 33
856 492
671 104
402 205
133 960
904 414
402 803
79 720
378 10
69 45
397 428
497 638
577 711
139 129
506 122
680 154
390 157
200 482
851 416
618 505
868 708
701 794
142 856
968 523
661 496
802 407
978 496
455 689
509 3
387 544
818 181
754 642
36 300
201 454
528 877
943 376
999 932
84 307
549 918
317 951
188 343
545 668
286 719
164 563
938 542
739 939
930 257
458 289
699 364
641 767
380 459
856 498
625 372
115 450
55 407
66 73
127 877
358 108
358 170
490 330
983 613
2 463
15 897
982 653
360 333
715 15
280 978
768 984
700 214
79 143
234 519
193 168
868 500
872 656
742 901
306 115
240 129
681 606
723 849
788 596
979 259
981 109
761 343
84 539
342 777
634 170
154 450
518 712
972 927
396 141
139 422
973 293
503 948
502 377
286 755
636 943
926 8
467 827
143 811
531 644
41 127
130 292
456 107
456 137
896 502
112 679
369 274
611 948
382 293
185 687
736 869
186 863
967 230
182 180
44 581
166 354
40 633
831 856
139 585
698 706
790 175
931 794
680 354
763 856
590 95
320 506
177 545
665 218
990 822
481 486
276 461
320 772
945 863
369 85
812 358
531 536
907 394
765 82
695 710
909 978
574 676
536 543
802 164
520 886
393 778
42 617
979 391
909 252
918 287
895 369
668 188
619 350
447 385
117 866
187 539
442 303
293 860
776 551
289 729
933 732
192 986
99 359
923 478
653 538
308 301
27 250
895 240
858 210
533 71
215 921
137 903
104 986
70 712
713 522
95 351
259 704
206 45
887 440
209 530
287 967
389 15
757 791
375 387
621 715
302 977
727 903
796 925
563 932
334 4
928 551
209 882
425 116
179 337
666 473
417 883
356 193
872 283
86 674
202 732
597 392
618 763
145 714
713 750
387 994
384 550
280 148
788 861
717 996
831 457
566 659
648 865
840 125
930 570
7 471
906 722
870 943
437 891
136 584
353 349
513 336
821 469
75 85
874 530
527 857
569 557
262 335
797 116
635 884
383 927
161 378
729 183
114 966
688 802
234 48
838 256
473 536
920 195
269 433
452 803
648 771
414 744
30 840
837 21
248 521
527 313
66 824
685 926
269 312
309 860
766 882
827 990
130 606
538 585
199 422
201 917
120 488
981 923
540 374
675 264
895 672
786 586
692 898
716 668
729 137
246 361
285 306
63 50
797 886
623 286
687 893
405 71
81 460
560 668
265 72
295 189
893 867
379 28
873 990
598 360
822 367
102 206
885 65
792 175
704 428
111 92
200 723
443 307
497 732
121 815
294 801
136 335
484 235
748 45
262 10
461 390
661 409
702 768
444 348
133 6
29 377
874 641
10 550
250 273
955 626
428 135
14 678
441 337
382 34
714 302
241 521
654 779
752 172
285 156
826 688
563 507
23 501
498 32
272 973
798 742
259 499
176 892
468 138
875 351
78 410
744 583
317 833
515 738
166 447
641 993
419 419
270 239
245 390
532 718
865 955
298 401
538 956
595 542
850 363
37 902
355 53
181 693
249 565
298 178
567 306
777 386
123 298
39 678
715 765
692 595
220 932
97 860
225 18
22 785
339 741
284 268
947 657
807 336
486 391
376 511
646 592
287 533
301 897
987 363
712 516
487 715
884 789
574 336
850 697
654 484
470 409
458 937
676 163
285 123
522 663
72 110
39 215
88 533
808 847
442 984
326 520
628 977
51 688
700 381
467 83
414 358
584 538
714 825
68 472
126 23
715 959
256 241
643 945
496 219
595 477
477 760
815 186
545 621
211 546
24 528
835 942
530 512
63 319
484 619
103 962
313 663
944 691
124 216
770 688
313 286
568 314
379 557
962 479
407 935
97 25
209 247
86 399
209 518
357 464
9 435
403 739
868 676
282 843
193 434
874 13
611 10
908 519
487 204
653 494
349 70
638 70
232 73
499 54
978 444
844 188
168 681
402 891
492 9
429 348
526 73
29 952
485 264
739 230
470 679
698 293
935 426
657 794
78 442
673 903
448 449
143 77
165 489
410 940
245 323
421 39
191 617
767 860
244 145
433 17
409 941
832 693
594 129
250 657
913 100
553 926
906 447
85 713
472 116
584 354
328 563
1 838
821 759
344 247
342 809
454 692
393 887
380 367
660 688
128 209
869 338
269 697
588 742
919 228
518 778
874 868
386 226
881 572
490 307
621 489
266 857
53 777
238 543
233 765
675 935
68 280
594 660
750 289
969 653
7 828
198 490
118 318
467 70
219 309
722 795
911 184
117 313
602 840
458 260
778 861
773 890
667 687
4 579
856 899
143 87
837 397
127 150
712 810
579 705
855 862
947 239
191 283
866 70
468 835
75 840
683 139
161 533
279 974
899 857
519 710
255 879
254 673
539 75
615 66
803 799
575 664
336 521
327 781
475 946
478 277
185 609
936 134
115 424
321 723
300 698
532 829
202 583
788 688
198 559
145 757
725 118
109 167
110 610
407 128
638 921
648 686
197 731
159 821
526 430
403 964
691 578
119 704
153 360
874 186
831 619
920 339
135 619
90 353
112 991
397 860
962 68
945 862
712 973
729 675
707 435
436 234
648 190
285 270
102 499
314 14
828 661
589 64
860 233
248 183
436 139
305 732
172 356
933 99
507 490
530 562
686 560
497 468
620 822
797 10
836 596
830 85
640 774
925 278
931 71
95 161
291 642
662 985
543 847
494 549
893 772
746 329
44 467
637 871
245 483
484 588
983 444
584 82
851 288
826 721
7 193
337 737
462 399
235 732
952 984
946 878
337 173
295 392
198 284
682 695
75 937
260 977
751 817
579 185
132 783
839 883
899 464
105 102
897 979
509 228
185 2
357 677
983 614
766 310
151 590
390 967
952 679
508 567
991 78
34 455
635 281
147 117
697 601
848 249
516 254
447 576
676 599
985 539
790 78
736 259
363 383
977 633
132 426
504 568
804 976
172 444
860 683
281 764
42 783
719 959
53 154
710 673
782 298
150 582
640 437
505 854
589 545
517 352
321 662
673 482
417 142
125 459
946 698
642 619
596 67
444 897
668 101
750 145
179 557
812 882
239 93
321 686
578 564
147 642
132 461
997 920
757 776
640 982
851 777
77 111
574 504
144 828
743 954
138 413
95 273
71 165
409 657
604 71
320 853
173 562
289 356
245 316
732 402
764 708
719 928
463 760
92 778
866 980
902 859
15 569
303 521
626 896
649 691
903 499
50 189
659 393
299 66
397 845
696 492
705 184
259 264
20 427
347 98
497 826
839 259
677 598
731 109
597 6
490 367
662 26
279 123
639 753
67 195
770 144
683 954
448 791
735 131
813 244
272 279
272 477
20 132
384 693
560 708
361 712
898 394
136 412
414 378
779 754
526 205
298 590
380 999
397 96
518 125
641 729
960 219
251 761
296 175
359 360
192 128
432 183
215 780
398 495
215 349
454 60
92 352
341 924
12 893
236 238
604 180
327 237
507 675
299 519
443 994
988 78
60 108
215 955
73 643
842 85
148 331
414 508
552 57
101 126
614 267
874 110
279 632
670 230
514 615
715 183
661 478
922 64
30 724
776 998
277 704
500 893
230 767
321 6
918 844
888 978
417 369
649 629
702 258
858 962
455 121
390 333
673 27
360 379
508 14
706 59
369 261
569 773
541 5
574 851
335 792
875 113
281 402
771 735
630 408
290 762
243 713
610 231
766 232
212 971
441 526
768 761
909 309
73 447
84 224
142 549
785 623
169 7
496 945
983 2
508 295
446 214
410 429
465 245
908 855
166 200
455 769
215 556
370 848
425 241
921 534
988 565
433 367
357 87
118 697
862 847
351 858
375 37
210 61
893 723
585 502
321 891
788 513
387 130
157 654
818 649
103 994
319 63
713 533
859 130
906 860
709 433
875 527
689 567
542 669
336 368
770 298
579 149
166 549
435 168
520 186
56 503
775 167
313 923
543 163
111 274
22 671
733 438
422 764
786 985
248 443
696 34
477 599
24 598
113 996
928 924
795 425
588 29
310 471
53 817
467 418
475 842
395 84
696 225
32 686
399 557
405 293
398 792
926 508
609 145
793 23
579 399
110 898
659 725
842 86
789 705
503 512
298 399
576 799
80 857
26 454
794 775
79 138
907 295
791 247
385 357
405 470
704 372
931 530
435 644
671 316
669 293
517 74
740 183
887 894
255 76
548 4
753 92
871 290
905 998
331 264
638 632
900 668
666 680
827 975
31 140
601 526
407 4
623 552
94 420
679 811
380 525
487 346
896 461
398 587
32 612
610 926
651 857
485 398
419 718
661 786
618 875
355 634
502 732
346 488
499 898
591 731
383 251
824 633
358 442
147 582
600 504
142 994
185 928
155 24
520 74
132 233
562 694
774 18
739 80
513 664
49 86
786 629
217 620
515 890
278 545
844 836
208 833
797 439
402 991
560 943
970 113
392 755
246 71
915 911
845 863
706 992
812 179
196 928
654 738
806 646
806 732
856 318
566 501
927 625
581 178
305 896
671 650
544 761
843 879
249 424
356 182
284 957
361 108
416 805
99 121
558 435
388 829
816 453
620 223
235 758
693 986
193 313
591 192
976 805
592 328
919 885
530 75
742 925
855 328
85 214
580 669
868 803
173 97
290 255
48 27
970 516
677 2
290 434
189 555
895 374
428 598
958 103
759 255
121 619
660 701
243 51
313 904
738 589
948 596
260 799
280 69
931 603
451 138
66 662
354 98
327 409
261 785
939 284
239 356
421 496
88 542
93 84
282 413
404 476
276 399
658 157
672 123
37 299
566 108
31 988
55 464
999 301
979 64
197 300
64 467
47 934
900 800
546 411
891 174
241 143
890 878
724 125
641 43
583 430
498 722
702 741
21 989
655 784
683 798
560 848
825 310
520 269
456 184
815 147
105 4
614 389
44 660
299 376
148 776
192 388
780 554
679 76
309 507
364 630
922 478
137 908
229 438
134 593
134 681
121 467
661 853
118 53
395 952
851 530
233 747
191 808
827 762
448 5
568 609
875 955
604 475
557 596
517 287
88 574
207 796
733 419
863 756
394 456
626 326
610 590
256 458
187 503
13 58
618 95
608 875
723 772
780 896
411 691
962 24
150 981
856 930
74 782
238 880
140 359
81 960
573 568
198 57
63 813
909 167
840 280
869 945
11 836
500 531
747 240
394 799
551 932
151 381
927 493
947 493
593 441
83 633
97 263
264 543
900 837
388 260
476 202
70 942
576 678
575 175
554 589
148 528
952 729
414 961
358 281
779 126
551 340
492 750
745 816
264 595
387 642
672 427
322 226
563 549
504 297
200 897
665 666
407 973
847 986
983 685
357 991
53 452
640 83
742 641
883 563
647 620
215 479
642 259
139 86
385 974
139 541
3 565
127 704
856 976
627 708
440 761
553 902
852 454
596 991
996 504
597 548
123 82
161 704
716 261
142 325
812 281
597 247
802 947
5 955
879 163
605 914
917 932
872 451
199 427
577 45
398 155
833 880
345 333
53 703
513 283
278 816
848 875
805 736
324 834
844 634
169 712
110 748
976 401
796 283
955 401
583 592
677 625
418 231
252 692
518 43
190 516
230 325
790 605
940 960
542 285
988 609
777 710
649 325
217 85
943 439
218 655
486 935
411 420
508 482
167 696
440 721
368 855
884 759
487 740
144 594
252 365
663 572
343 156
121 728
701 424
959 546
449 869
949 164
796 179
795 856
448 888
56 129
866 875
271 733
223 695
301 587
274 961
162 856
937 933
591 112
121 723
995 257
733 140
917 219
345 245
888 683
401 549
879 282
962 328
788 108
897 935
970 445
26 602
929 964
118 455
858 81
906 955
455 148
592 656
520 508
338 604
572 80
601 482
198 826
471 424
810 730
333 970
357 639
51 466
622 695
115 238
222 254
200 674
901 248
507 600
967 632
632 892
548 67
232 787
472 796
891 140
403 807
362 719
780 786
303 622
72 654
440 636
640 294
144 80
235 282
875 186
435 875
426 695
54 262
697 910
483 928
333 460
894 373
841 434
189 243
82 999
354 181
234 637
848 735
798 284
142 60
453 199
679 381
19 537
491 804
651 372
94 672
61 278
93 145
207 765
539 920
28 323
906 845
359 941
838 511
336 200
729 699
244 458
668 380
120 910
516 391
170 914
943 667
892 352
552 902
162 241
642 26
864 454
487 647
432 728
406 348
500 705
790 839
379 556
11 988
946 896
948 486
92 145
881 319
984 958
436 136
373 989
967 702
19 425
832 478
957 49
310 247
364 289
706 460
830 806
570 994
963 126
590 706
23 629
251 769
506 747
744 528
389 242
610 208
170 580
285 572
947 75
190 618
119 916
89 910
497 295
878 332
405 514
7 440
573 297
875 281
449 988
696 56
508 309
686 827
184 674
806 588
353 293
156 767
671 8
955 378
366 174
903 412
167 987
924 621
788 818
404 388
908 117
951 706
195 160
501 60
388 532
828 346
339 240
536 830
371 417
594 669
247 659
528 275
249 774
560 609
595 798
730 909
664 38
152 195
856 361
55 495
661 854
85 197
271 429
896 169
284 395
914 253
934 68
623 580
719 152
62 133
297 529
756 92
980 541
729 656
476 935
400 515
811 518
134 343
39 150
52 690
718 731
666 440
27 569
105 315
574 394
509 910
860 189
508 58
33 775
556 915
928 873
999 340
364 499
375 556
654 71
958 737
831 52
271 762
352 166
734 329
169 578
917 761
102 642
268 303
69 177
226 900
972 857
794 612
785 492
101 137
255 417
691 544
115 770
136 240
783 634
421 822
526 197
62 402
462 534
442 407
725 971
165 804
798 530
334 835
792 238
885 229
724 140
513 900
43 708
231 334
871 288
236 571
732 749
306 885
579 677
283 230
520 382
141 157
209 896
438 177
803 460
962 471
927 223
80 537
515 34
852 158
151 355
363 960
463 440
714 677
807 589
999 74
980 518
182 776
751 138
488 449
17 998
348 188
100 783
515 85
409 405
935 898
693 692
51 824
13 266
933 850
101 219
547 178
202 527
745 359
19 466
666 599
373 452
931 996
88 465
25 123
672 205
46 359
759 428
914 255
285 834
106 140
521 187
883 529
184 552
104 778
199 269
644 465
874 668
45 711
388 143
245 864
641 613
84 3
850 833
919 232
428 434
320 58
36 162
673 867
731 446
58 991
500 527
675 212
668 32
95 125
168 10
281 76
891 203
152 557
208 700
560 808
220 650
535 788
505 714
472 671
888 919
79 455
197 655
778 59
82 622
920 380
165 411
3 60
371 652
329 637
394 865
354 249
706 333
238 732
204 162
75 529
11 137
72 894
4 103
687 663
599 747
33 984
381 650
204 692
909 232
898 927
683 649
761 516
292 809
193 489
513 127
736 718
254 744
979 40
332 385
779 567
384 593
770 405
907 682
653 303
384 66
751 860
791 299
34 414
312 788
840 534
368 916
359 78
107 593
723 515
229 560
954 663
828 680
495 106
220 295
468 252
587 621
555 785
211 666
173 813
25 355
316 953
97 47
984 534
114 53
891 861
504 585
147 600
152 113
883 964
27 279
792 830
546 854
314 920
531 322
857 991
423 155
660 454
379 945
946 257
987 962
438 852
718 58
86 447
359 957
576 337
506 110
926 958
579 841
228 107
507 710
476 144
666 271
665 533
976 499
807 198
593 48
683 600
309 85
535 969
536 999
571 384
386 245
112 101
839 823
892 811
474 823
129 250
322 223
701 786
56 6
57 185
575 185
40 671
678 817
234 574
227 418
712 952
881 806
489 461
959 820
768 185
315 306
466 950
600 300
104 744
972 16
395 320
20 880
821 154
569 930
28 243
136 724
590 106
686 141
207 307
183 773
444 263
245 400
679 781
846 509
333 66
44 553
319 714
776 920
383 10
525 851
754 251
62 601
310 141
349 837
485 977
513 965
528 526
115 170
491 367
497 224
734 513
810 436
245 484
629 392
577 420
971 761
405 99
562 498
595 128
910 198
953 431
208 951
164 444
713 862
164 811
477 879
692 880
590 876
131 739
70 727
88 269
836 3
284 714
836 295
94 673
813 872
97 490
753 794
4 417
242 223
591 226
635 305
508 428
109 179
672 160
409 651
732 941
456 652
236 706
637 105
839 535
597 995
592 503
708 880
