3500 2000
255 446
132 589
951 287
608 302
267 857
451 240
542 527
475 914
990 800
497 687
722 527
272 451
337 22
794 524
98 162
704 796
780 183
923 682
49 2
615 730
495 187
778 264
633 131
365 113
310 792
482 768
862 694
747 618
702 867
687 53
144 220
380 716
431 37
488 868
832 859
601 621
510 126
619 640
903 494
213 240
914 781
477 58
159 463
997 790
866 399
740 910
951 344
494 595
797 943
155 31
334 238
937 449
375 480
680 338
611 699
549 4
688 410
268 461
235 114
535 480
344 5
967 407
870 374
803 903
430 393
944 445
993 674
256 317
844 683
313 354
154 929
423 308
992 843
100 34
186 583
106 615
295 747
228 193
140 20
720 464
970 823
700 528
448 828
442 469
646 3
200 909
647 993
116 826
256 697
192 443
200 795
974 469
239 593
689 971
194 735
920 650
121 603
701 25
850 548
273 450
194 767
774 537
451 787
70 484
796 941
838 230
173 870
313 197
748 663
772 470
483 178
95 672
585 392
22 416
265 896
539 213
342 254
899 351
798 742
446 24
214 920
583 587
367 80
587 568
716 431
392 711
695 871
576 568
927 282
14 196
299 563
175 42
347 247
886 903
772 467
821 292
157 398
905 518
709 938
424 381
922 680
705 33
264 335
725 190
233 847
545 963
890 838
934 18
103 518
716 356
135 361
27 95
504 531
647 249
187 840
696 842
450 573
570 43
730 969
654 959
731 778
97 677
647 195
845 516
966 718
481 664
657 768
739 310
454 878
93 157
4 990
243 32
853 669
73 745
919 34
278 99
154 501
735 97
837 281
369 645
286 799
781 581
780 527
7 948
31 857
82 953
636 195
662 2
992 379
939 101
739 570
889 212
412 271
114 563
415 395
969 838
156 21
616 524
501 424
552 843
515 155
733 638
789 752
422 65
816 352
397 542
264 608
120 157
439 177
748 981
742 441
696 821
988 671
396 122
751 30
194 741
102 330
49 332
95 672
783 850
500 639
677 328
296 76
207 653
254 857
324 832
735 624
595 332
313 954
791 981
276 188
391 691
227 582
226 668
350 101
91 778
460 584
258 31
964 77
510 930
590 449
957 928
719 851
365 602
234 583
263 215
176 89
454 81
579 185
847 403
927 637
101 631
915 534
720 844
120 643
13 781
780 535
131 799
846 760
33 765
104 362
435 412
977 137
149 216
399 989
496 271
509 208
61 20
645 33
765 186
82 840
685 304
135 895
978 322
754 33
667 837
492 412
551 458
981 868
228 910
955 294
857 848
307 660
721 736
587 541
394 187
334 978
612 892
598 244
883 854
344 420
765 588
980 896
460 776
426 361
788 974
739 293
528 292
498 279
670 184
201 346
161 362
248 445
908 546
222 138
795 515
534 520
58 589
773 580
627 337
978 798
332 398
450 561
3 178
43 742
539 501
583 469
623 604
94 671
192 701
594 166
967 15
995 747
89 747
917 365
513 273
675 55
960 724
594 632
795 240
294 586
505 629
872 7
176 691
610 925
358 276
731 196
21 146
241 142
594 289
902 512
887 746
666 900
985 56
37 775
227 803
508 405
102 440
718 425
776 515
134 33
934 264
2 532
664 352
799 229
529 207
525 162
589 285
594 280
915 541
223 661
412 646
70 396
856 242
570 300
527 472
427 60
676 391
807 652
313 160
528 129
101 647
823 176
579 787
699 868
977 130
573 170
191 188
628 141
71 173
626 742
522 429
793 697
110 818
876 716
457 592
207 493
963 435
366 164
925 453
296 965
950 260
138 92
993 904
139 863
417 486
924 838
601 211
420 853
478 13
213 630
78 784
690 853
771 162
47 948
848 874
851 309
370 531
527 554
957 307
10 409
339 962
171 167
189 755
689 828
807 607
745 85
422 749
179 358
343 431
510 764
983 132
566 409
257 671
345 359
954 708
581 801
880 666
228 303
114 862
770 942
826 730
168 710
945 869
828 372
449 493
85 447
181 217
171 411
954 98
123 823
468 508
848 462
761 499
46 518
836 159
229 860
851 21
341 87
253 669
47 845
149 3
245 745
758 768
297 185
699 644
406 62
95 499
340 698
439 687
936 206
271 658
12 985
606 792
895 470
714 976
672 465
465 351
820 2
229 444
266 639
539 813
70 460
778 342
974 346
609 932
416 510
529 738
16 652
842 405
425 228
844 625
623 309
635 947
137 206
148 974
591 735
430 689
161 607
457 93
459 187
528 103
87 180
114 430
525 106
327 554
493 866
280 746
424 428
401 23
9 199
887 410
292 266
932 891
410 988
722 885
582 2
933 866
796 670
64 719
732 745
635 66
535 436
53 330
147 583
459 947
205 7
728 785
732 543
173 940
78 378
477 390
202 66
972 459
274 39
631 15
545 870
72 462
403 512
102 9
827 785
973 956
495 575
481 542
120 780
135 535
460 360
400 302
343 864
407 971
237 469
244 993
327 548
430 771
632 356
741 94
307 602
383 808
344 181
621 598
523 9
436 90
795 29
917 144
871 215
290 738
340 874
346 580
400 164
162 962
90 695
519 730
400 174
381 701
896 106
814 722
334 245
667 629
101 40
159 699
436 419
745 782
685 188
360 605
737 186
185 474
168 679
270 526
553 166
310 958
375 203
824 55
707 171
61 694
236 625
619 719
877 400
995 739
186 732
70 99
981 141
704 677
227 886
55 652
127 253
837 308
881 917
276 875
32 185
883 95
132 952
366 27
81 282
608 249
241 153
151 294
245 146
610 280
792 355
659 746
189 257
366 126
162 530
202 332
986 958
809 732
720 432
722 323
872 751
874 192
462 122
361 56
277 725
651 41
4 240
446 839
493 200
858 774
156 30
428 755
960 901
63 611
731 55
546 233
820 498
333 14
376 577
617 953
723 652
417 365
772 839
912 483
426 855
139 393
808 491
398 612
663 912
928 776
514 975
80 844
953 153
187 232
791 938
638 567
808 525
662 405
538 649
350 963
93 474
184 728
628 174
499 364
717 573
972 779
562 446
582 243
795 295
105 802
711 635
609 371
518 115
379 249
758 306
772 844
484 27
528 995
509 588
890 638
94 251
778 73
409 504
839 771
544 83
691 440
782 64
110 735
790 857
677 781
336 433
991 11
89 474
905 655
128 382
273 573
498 113
971 546
289 329
117 428
582 400
427 716
548 967
355 988
480 69
664 540
166 195
558 230
63 43
394 436
705 793
488 192
642 956
468 905
521 523
336 51
914 483
17 297
811 712
814 905
452 162
966 759
857 455
454 112
538 879
519 328
300 90
961 136
772 405
875 149
573 671
802 884
646 919
627 54
923 693
791 965
432 102
98 958
906 679
597 18
226 242
146 79
119 271
858 377
165 272
702 106
632 298
493 527
121 959
837 894
234 126
687 30
439 512
552 487
709 806
692 923
929 539
198 819
685 593
491 964
262 23
494 928
539 489
362 296
184 875
7 658
58 83
188 909
408 552
100 906
321 643
219 952
196 217
764 53
366 944
863 969
854 176
163 497
738 662
312 50
525 814
462 765
842 687
540 739
420 955
962 229
365 980
473 602
755 977
91 99
153 532
271 884
684 622
653 686
690 251
558 234
448 141
590 636
14 379
538 741
858 936
77 999
132 52
6 278
489 960
754 423
335 33
908 269
469 952
55 161
211 988
855 602
253 743
180 632
435 494
720 800
410 911
784 710
178 804
550 531
955 388
209 601
358 253
325 523
308 187
269 13
462 885
622 828
198 834
824 902
694 506
12 247
352 256
387 821
50 829
695 89
647 307
754 832
752 205
7 735
689 30
836 911
591 639
237 512
309 44
995 864
893 692
920 413
105 395
412 525
261 786
466 186
767 522
870 389
803 683
212 348
388 109
341 589
182 699
974 367
451 95
26 805
926 737
900 456
835 314
300 883
406 613
84 603
132 610
282 75
281 408
571 293
446 138
188 581
945 437
517 255
59 285
932 462
461 815
953 495
933 771
787 262
591 871
663 362
779 563
359 166
849 272
874 776
373 293
773 570
338 286
800 615
536 892
786 651
665 82
246 131
807 806
527 160
893 37
80 802
575 773
325 278
428 430
369 570
849 85
569 389
437 7
465 175
895 676
398 681
787 207
271 207
787 768
709 944
395 652
889 43
320 917
571 999
822 515
784 269
462 452
506 498
642 283
163 30
222 132
229 203
119 788
338 958
56 230
810 500
605 931
930 832
296 139
351 831
142 779
946 718
687 450
349 990
179 539
836 8
746 356
25 196
294 318
873 718
77 331
607 131
733 262
274 185
600 36
715 738
916 116
385 673
794 966
457 573
142 525
660 18
286 781
760 895
321 750
503 175
617 495
934 75
542 329
72 818
295 405
576 664
744 565
75 641
419 304
170 222
147 562
363 289
829 596
930 832
585 544
779 528
775 280
405 466
83 503
372 3
778 446
572 767
999 877
417 335
93 303
598 108
258 302
736 488
539 300
863 616
742 133
351 514
73 892
714 599
867 225
431 517
842 779
754 317
656 321
257 700
363 592
479 13
835 11
805 820
266 469
696 836
592 453
727 414
465 916
885 995
631 157
607 268
541 708
720 261
368 456
314 344
651 490
625 114
674 602
231 865
979 784
584 489
540 397
599 512
822 727
648 225
371 774
427 380
17 632
292 68
671 696
63 754
455 660
754 281
170 439
33 810
364 957
167 240
410 911
773 919
576 849
318 733
973 236
20 772
416 623
831 228
438 304
432 172
478 650
755 675
555 209
604 341
94 90
968 374
7 463
384 522
58 839
693 566
251 408
479 178
328 211
59 965
873 391
534 223
280 730
380 868
564 668
647 161
156 10
709 338
130 625
899 828
830 634
518 763
315 61
38 875
325 908
517 195
429 113
79 74
482 637
607 703
643 414
484 355
483 999
721 987
657 152
434 936
892 846
820 287
767 516
268 735
436 14
9 934
763 283
187 918
642 949
768 516
646 770
638 858
447 625
173 900
128 259
970 956
939 465
753 636
531 444
218 194
835 815
320 803
591 800
207 517
20 61
308 970
916 697
498 938
171 648
260 315
952 46
945 115
999 914
533 911
908 995
706 222
423 865
278 85
493 37
466 1
426 367
343 727
294 627
570 936
302 630
703 906
896 433
534 324
175 191
434 586
18 99
334 877
377 197
650 423
424 49
19 590
780 889
782 518
165 284
21 825
939 331
505 974
555 214
13 964
446 599
317 185
487 873
980 779
318 736
223 155
63 554
339 590
357 841
862 716
404 948
670 136
697 393
661 107
348 407
633 616
652 790
234 376
395 826
266 371
896 263
363 618
313 472
770 639
621 358
199 441
740 105
163 288
966 971
853 764
280 534
259 510
33 100
372 617
319 397
389 918
405 89
33 92
602 549
226 767
725 661
509 122
786 320
772 107
925 984
105 955
543 399
976 694
741 552
714 657
472 897
256 595
766 835
437 372
192 296
609 847
413 822
538 989
327 183
223 856
271 73
99 757
547 54
23 114
444 631
257 685
121 406
546 65
904 109
59 680
636 475
950 798
794 665
952 209
82 106
302 179
820 172
907 379
61 945
128 918
769 670
858 783
698 683
717 400
24 29
742 293
503 474
817 630
494 73
232 480
969 529
380 790
336 370
992 526
666 680
279 523
378 914
330 768
672 954
404 499
213 659
598 362
863 445
744 89
624 890
836 40
456 548
959 36
860 409
106 396
361 116
836 503
908 372
81 122
412 387
867 436
915 729
96 964
487 821
517 27
240 475
899 757
752 613
816 323
219 731
976 526
912 454
215 940
594 944
181 522
907 501
778 401
346 234
54 895
493 718
780 375
689 312
943 38
999 219
597 673
809 487
550 632
130 576
969 259
673 505
157 234
554 918
347 670
775 347
50 711
14 226
359 999
447 875
804 585
289 789
247 943
235 528
750 242
965 263
18 414
780 225
776 568
111 476
57 367
887 123
510 94
193 704
960 491
185 617
921 495
521 802
601 743
732 618
957 121
303 792
729 261
630 46
944 594
140 676
352 60
556 694
504 41
97 390
12 593
438 809
315 973
4 563
198 697
520 103
359 744
891 207
746 684
325 919
420 209
384 769
703 106
744 993
621 59
474 685
972 717
332 631
636 592
960 758
984 285
559 333
558 445
757 208
737 912
965 515
924 585
787 425
624 182
695 985
534 697
479 563
964 579
428 24
653 149
798 238
254 377
392 633
584 419
488 527
273 824
559 529
357 115
789 873
918 926
501 933
526 525
416 414
37 447
452 496
263 745
699 418
366 185
3 330
977 939
624 444
676 983
903 661
205 502
385 131
577 440
433 361
67 5
957 491
228 834
178 510
451 419
843 17
773 704
954 812
883 553
753 176
787 499
599 882
825 404
698 615
261 619
723 336
649 94
857 997
318 513
999 820
116 53
903 545
756 787
335 818
360 454
14 522
571 550
898 101
630 780
590 794
303 874
888 822
717 350
305 917
967 191
927 882
293 494
43 475
240 144
439 248
771 606
747 901
701 551
802 996
953 60
957 21
589 548
543 891
837 782
760 576
403 625
364 782
52 177
63 881
828 531
780 460
765 767
358 951
341 476
579 748
454 273
684 231
272 771
928 262
691 600
577 314
739 589
718 500
670 904
465 437
278 339
406 841
339 822
319 587
117 55
817 638
625 258
578 480
984 341
785 293
357 920
595 255
991 848
850 517
302 319
860 554
206 742
693 695
816 454
848 39
162 612
569 387
822 679
491 276
417 523
454 677
418 596
783 82
720 122
264 687
725 163
528 806
841 547
643 198
923 569
650 132
935 537
580 596
859 327
285 885
689 221
119 105
652 979
327 16
536 560
850 447
684 395
889 870
525 242
222 614
375 244
370 764
833 807
706 590
440 384
861 295
291 996
423 454
402 794
512 380
238 989
208 189
640 554
930 46
8 422
550 600
946 669
219 714
402 664
258 372
945 306
15 967
97 740
142 415
852 404
679 767
102 805
597 346
649 50
490 859
922 740
305 281
242 508
673 297
517 277
526 711
476 816
234 871
736 456
505 306
940 762
500 446
805 534
561 171
404 142
459 953
402 159
900 908
720 175
113 834
721 313
739 294
332 271
751 276
448 467
844 696
975 900
465 558
269 516
264 929
197 582
477 250
117 854
926 889
43 809
750 916
750 201
715 908
656 210
384 708
45 3
297 491
246 622
824 896
294 77
638 616
675 653
697 598
267 5
229 629
442 289
723 517
930 731
8 717
46 409
635 362
993 285
201 450
633 891
80 173
649 573
352 303
413 702
140 606
717 39
159 205
424 301
669 358
961 674
407 602
292 727
412 720
93 132
494 204
390 729
613 189
705 301
528 378
310 302
333 291
812 609
81 468
303 785
765 173
337 249
150 947
666 489
916 642
501 199
423 96
579 166
714 197
268 650
784 666
572 80
295 707
589 45
500 679
485 524
860 587
377 949
885 72
785 130
582 17
338 315
712 710
885 331
448 709
138 669
434 908
437 139
64 668
540 264
920 366
812 805
426 833
981 862
927 229
100 67
637 726
206 771
125 576
274 436
848 380
237 571
43 348
556 310
778 773
69 338
484 920
614 759
483 569
396 769
309 759
691 453
409 457
812 47
247 676
56 831
13 566
87 964
26 274
102 226
446 756
109 642
264 699
427 819
830 729
813 371
130 918
169 338
137 963
936 808
869 161
209 770
287 753
949 805
897 377
676 117
174 648
935 951
562 509
367 596
726 756
178 115
449 454
130 35
490 245
105 758
619 341
629 412
497 619
949 465
992 740
270 258
417 553
62 945
416 525
904 81
835 290
459 668
300 98
900 931
559 368
542 578
941 780
177 225
7 733
81 550
778 98
410 291
109 72
242 557
112 319
713 540
422 254
289 537
589 465
75 521
20 60
523 608
339 115
65 828
695 653
833 146
91 100
294 553
852 631
347 373
532 467
148 186
324 788
41 635
920 924
814 428
543 88
82 891
566 326
328 365
869 499
804 721
281 947
607 602
761 962
144 559
187 255
5 572
464 544
754 315
313 110
554 972
561 295
440 588
286 717
901 1
576 240
971 418
740 694
182 211
510 848
299 895
77 111
638 900
209 107
899 859
325 89
855 246
94 65
240 606
773 250
104 5
127 497
496 794
827 850
658 985
885 524
514 542
399 316
524 113
820 305
504 176
39 935
12 453
121 252
301 926
70 710
952 51
324 239
259 456
707 387
768 888
96 745
905 462
160 655
493 590
209 710
179 402
907 234
875 538
161 572
943 417
746 663
924 446
904 947
947 973
799 103
793 180
749 453
596 481
785 222
95 301
195 363
100 766
692 442
924 126
953 256
270 903
31 942
323 704
321 923
661 317
90 884
523 974
685 895
48 699
78 532
973 897
991 523
347 645
587 980
816 91
840 934
514 862
469 26
423 400
108 798
887 160
483 190
31 129
435 228
312 932
871 899
395 841
107 612
270 868
425 385
769 23
572 513
239 515
12 943
867 763
740 365
165 775
419 797
572 90
806 207
5 647
818 160
459 772
484 581
838 628
680 922
105 44
966 915
789 343
451 241
831 765
381 812
473 140
724 225
616 179
56 797
998 867
949 522
610 552
346 711
538 908
499 153
222 373
429 686
217 883
645 946
134 94
541 404
710 836
525 393
444 386
850 66
262 666
104 754
947 828
742 34
951 919
720 401
51 353
384 619
426 992
759 158
27 818
924 344
533 848
693 437
621 891
509 438
230 304
826 714
324 566
51 83
446 686
811 801
208 989
135 815
968 743
960 719
905 105
220 96
47 223
192 665
483 638
540 124
561 863
658 475
749 884
553 615
206 49
983 171
122 231
20 18
17 355
266 976
962 981
290 392
179 500
376 530
75 392
710 337
333 26
701 555
384 493
126 576
510 134
369 186
827 566
354 442
563 608
844 436
809 337
39 946
832 663
522 782
837 881
242 748
33 298
667 123
143 671
749 171
814 923
606 361
3 698
863 240
182 678
449 655
659 737
5 767
922 173
955 598
870 155
25 606
381 667
602 540
89 414
244 323
507 989
691 376
254 640
56 606
631 253
724 589
463 524
135 452
343 848
888 540
996 85
482 70
527 908
933 478
478 873
538 213
649 246
768 901
607 556
967 800
832 559
260 976
159 805
885 409
915 345
795 892
188 754
517 688
876 565
723 929
886 475
458 481
210 649
174 373
643 125
385 826
73 337
354 475
853 158
938 259
575 484
862 373
979 158
893 858
62 714
957 609
95 948
788 451
514 573
49 44
412 672
69 161
585 576
686 423
99 994
525 674
261 997
826 416
886 673
193 801
972 698
213 710
675 507
57 268
799 450
542 490
311 30
944 207
525 427
13 629
523 753
221 100
807 443
549 332
514 431
956 558
766 945
524 788
227 462
273 373
672 768
771 9
533 477
693 643
604 544
301 945
823 946
558 341
880 492
578 629
83 44
141 290
362 345
142 915
457 844
483 648
961 268
323 961
621 524
222 446
57 675
832 540
626 704
723 196
312 820
300 994
802 546
632 495
224 80
813 913
409 708
563 911
263 599
516 234
297 859
376 933
600 491
157 761
173 256
956 823
524 345
816 908
14 966
787 243
413 15
56 841
124 292
176 48
383 717
887 239
662 301
655 786
786 635
310 216
737 587
493 651
80 440
412 875
238 347
167 499
100 832
783 390
366 940
856 497
972 265
744 620
327 153
821 427
828 432
348 383
849 381
294 513
74 40
155 111
903 202
540 482
953 79
591 657
480 406
763 856
445 284
585 16
443 121
671 202
869 911
211 560
689 229
135 895
142 552
119 934
950 633
202 11
16 609
930 371
157 646
690 199
917 813
749 685
624 760
374 483
29 178
105 675
842 834
642 313
449 217
808 614
450 766
783 490
423 634
636 711
817 739
678 954
766 547
89 68
578 998
179 421
504 978
760 836
226 350
938 151
393 566
781 809
487 850
464 967
541 31
1 520
60 408
988 869
492 230
461 774
504 532
812 444
48 216
594 474
318 70
789 837
926 914
900 284
33 172
466 288
485 717
942 769
201 446
880 422
363 910
666 95
78 514
936 705
289 466
621 542
364 748
443 480
982 502
838 509
672 441
876 671
477 132
968 701
919 716
31 794
862 607
549 132
143 940
231 354
127 201
713 402
840 488
909 213
48 575
689 64
291 936
707 666
163 737
921 720
605 658
549 557
810 278
817 823
742 790
326 753
106 724
987 869
206 875
565 887
579 660
73 889
178 367
114 554
850 759
396 411
300 386
604 265
42 857
74 131
821 248
998 411
624 82
933 866
980 484
791 397
235 414
441 400
843 124
331 951
407 932
917 116
915 889
676 560
24 941
12 527
9 844
249 99
196 127
6 733
219 541
353 630
597 527
591 955
53 272
414 477
793 886
876 747
446 150
22 654
757 473
260 672
264 339
801 990
494 926
322 37
43 171
815 102
769 799
351 477
832 456
672 697
438 414
557 380
216 5
865 515
168 620
955 408
867 525
33 586
318 608
84 95
369 352
780 198
215 484
632 773
935 818
781 431
637 571
803 897
741 323
479 963
794 422
13 58
16 172
940 135
572 418
595 568
471 423
262 560
381 698
71 55
438 553
765 544
647 635
589 819
843 270
469 761
232 915
702 188
665 561
748 969
916 905
852 641
219 993
818 227
848 811
30 848
554 80
170 217
891 176
703 698
870 414
738 931
186 672
326 207
268 343
13 344
313 454
889 242
204 720
103 212
487 967
46 73
596 772
447 645
924 639
342 829
219 241
584 679
709 11
317 193
499 794
430 695
147 675
184 3
193 843
108 512
755 355
965 581
635 106
879 267
589 308
879 224
393 615
840 763
217 485
932 394
433 300
38 830
76 749
911 253
209 717
450 809
780 220
703 379
244 321
298 45
68 459
575 774
736 537
20 746
698 863
462 278
125 879
938 372
442 826
200 296
61 388
258 831
989 295
539 313
835 403
581 970
421 396
50 158
615 414
980 2
175 530
686 18
686 227
998 803
815 995
304 669
228 476
341 997
843 154
459 37
331 107
674 105
648 27
228 684
441 903
969 176
174 863
649 601
396 316
187 70
115 882
47 508
761 288
562 696
301 412
708 980
89 490
764 120
66 342
637 534
813 428
250 809
194 380
736 718
791 661
137 733
633 423
883 841
542 71
189 829
816 354
831 419
145 303
751 400
246 919
23 946
430 664
488 804
173 520
659 259
364 667
933 7
776 429
526 632
134 418
555 578
238 664
801 990
165 378
211 588
181 67
774 826
58 907
44 956
667 541
538 72
942 853
616 569
112 949
44 843
230 82
187 718
928 366
341 237
929 520
356 369
753 955
173 189
84 588
4 401
78 443
190 85
192 49
802 976
306 454
19 813
724 197
580 747
384 55
278 768
701 423
121 343
44 953
377 288
671 755
308 618
138 574
717 694
311 677
126 875
309 741
526 691
725 73
958 25
509 800
179 145
972 993
869 201
79 605
289 822
782 627
203 76
968 750
915 674
14 815
665 745
154 274
145 381
300 703
690 262
356 750
720 328
452 680
905 968
192 956
276 272
638 986
145 142
209 495
927 197
578 411
755 131
736 285
612 429
15 48
686 338
756 222
78 360
93 319
732 198
345 478
767 396
398 612
475 636
385 251
486 984
520 922
696 120
489 52
696 270
266 592
897 381
141 23
204 908
110 932
509 362
446 990
658 799
584 718
21 44
167 172
808 760
291 582
93 551
862 622
950 912
604 556
675 90
90 125
931 251
8 522
709 332
823 746
603 634
491 844
892 198
216 102
86 915
792 144
475 439
19 666
769 249
298 833
942 305
534 624
202 496
692 643
916 289
986 849
711 921
707 722
196 539
721 199
181 664
114 591
874 577
729 340
48 723
426 170
568 553
970 891
635 511
430 523
654 467
382 411
605 787
323 126
434 203
62 948
691 417
182 663
77 948
783 404
649 645
312 829
797 173
241 968
986 478
308 696
9 646
80 681
710 943
300 569
91 269
609 975
519 412
869 959
74 446
708 360
663 315
508 240
309 673
262 984
446 266
972 285
68 191
983 184
35 871
468 871
48 68
201 35
802 424
16 182
227 21
398 753
747 425
956 430
30 986
940 801
478 266
317 717
309 525
530 211
697 931
613 482
108 240
336 865
199 692
861 628
266 961
171 563
984 692
463 681
239 175
672 290
187 435
2 588
79 537
356 412
787 736
236 182
560 823
968 353
536 948
843 269
383 613
145 246
19 209
599 875
911 363
123 591
285 545
856 467
540 885
537 41
796 264
839 525
522 632
769 185
774 807
377 115
410 214
621 199
156 627
276 354
693 127
777 117
220 794
473 682
80 823
416 202
846 169
694 313
5 100
530 799
406 132
102 339
425 848
885 447
760 23
327 50
764 365
758 482
939 741
724 845
611 644
569 785
240 449
494 156
905 877
602 548
500 127
37 986
828 683
219 69
980 239
52 590
996 691
746 719
264 623
391 676
146 128
461 340
668 39
438 7
189 387
960 727
962 452
396 138
235 333
922 658
384 272
66 132
949 864
417 394
512 978
186 507
35 316
888 775
867 906
949 586
450 905
955 420
443 902
36 49
893 755
861 220
969 522
286 109
398 866
632 702
806 978
856 30
783 123
832 206
251 575
514 896
561 544
229 477
752 901
871 156
313 180
166 140
12 140
214 166
367 716
954 553
745 515
297 912
252 629
230 641
443 72
385 618
996 141
899 660
300 745
141 669
883 884
946 57
975 546
801 397
917 327
26 916
842 996
772 154
465 248
676 400
643 225
188 664
42 63
838 72
382 964
707 903
6 852
742 879
275 436
161 998
636 357
347 991
356 895
868 871
570 906
82 898
245 82
972 545
172 863
487 992
754 494
706 943
463 193
290 594
976 301
596 791
106 976
275 413
681 296
221 347
558 159
389 550
699 116
783 900
480 581
955 337
793 458
856 12
550 485
562 501
67 136
214 75
35 646
300 230
634 795
60 590
214 774
881 995
888 832
385 613
456 854
226 644
49 951
842 946
826 118
402 642
419 992
793 432
299 110
720 126
760 193
267 586
422 10
101 82
751 56
602 431
814 254
990 159
606 230
438 32
613 248
519 440
88 561
973 570
483 917
550 475
793 769
664 646
452 962
601 828
939 597
159 888
682 991
296 163
601 810
691 604
663 710
500 765
225 484
449 637
696 979
513 58
426 314
60 49
773 497
850 290
437 324
258 554
630 585
898 885
611 8
794 584
724 271
808 577
108 682
189 259
266 104
793 945
88 979
328 43
336 239
771 776
641 639
971 745
752 361
546 526
520 548
641 944
996 430
211 985
257 786
148 82
611 367
314 535
302 690
771 783
606 719
426 141
269 980
739 343
160 356
608 152
483 611
831 623
824 644
452 270
731 308
525 633
134 634
511 386
608 666
333 683
111 631
257 239
90 148
480 143
481 530
56 139
242 929
90 10
728 223
18 253
341 397
469 889
838 255
331 536
720 135
796 636
166 678
628 694
28 548
777 723
677 100
289 388
292 360
605 699
66 905
543 490
920 419
740 175
778 355
168 389
479 295
668 956
661 52
918 230
704 365
225 860
966 445
612 599
182 874
751 867
447 597
322 227
212 610
13 827
521 729
94 813
717 514
314 147
600 71
193 839
996 94
200 335
316 788
79 315
244 633
84 361
266 304
488 607
140 243
811 161
108 898
874 572
688 468
2 186
979 475
525 469
62 848
16 190
705 796
455 603
926 437
562 893
752 249
568 37
707 51
797 803
991 298
878 937
930 430
771 134
365 623
771 688
177 556
957 261
686 190
770 799
582 398
603 166
588 894
805 280
89 55
521 638
474 685
683 759
465 368
712 976
338 207
160 92
971 126
478 156
277 376
101 735
931 238
584 664
700 56
160 506
147 100
585 376
188 459
491 176
824 824
248 424
272 809
136 395
767 659
994 121
919 582
320 877
281 464
422 352
258 798
352 717
295 468
148 743
551 102
776 455
25 870
300 500
683 814
70 961
266 142
47 96
961 326
500 976
163 711
225 928
548 222
221 175
611 310
841 551
212 764
379 58
932 28
44 203
829 69
145 170
995 120
111 334
132 962
928 736
149 12
522 451
619 282
875 1
528 980
258 622
229 795
35 573
35 967
667 18
970 424
689 795
645 81
208 601
477 752
604 562
776 712
893 199
159 341
6 533
913 585
798 275
232 761
359 3
637 472
234 868
175 604
582 445
728 874
752 288
560 400
742 566
379 920
559 44
759 431
542 297
337 387
599 564
450 345
294 351
128 404
165 675
414 763
653 971
524 574
813 322
377 239
479 56
333 473
566 475
410 776
708 88
721 402
49 968
412 308
721 683
955 209
102 289
651 705
504 420
843 709
51 296
858 234
711 857
269 78
300 565
630 73
930 712
392 883
716 182
978 446
26 350
485 778
908 566
280 229
362 690
151 599
626 635
312 43
977 382
304 193
332 237
496 564
624 757
377 546
999 158
807 36
24 763
323 43
168 685
130 820
376 525
659 843
700 538
476 767
542 760
472 595
976 363
943 342
514 342
665 447
780 17
19 278
899 775
357 678
296 287
633 543
608 524
648 256
293 328
748 35
88 55
818 987
70 348
161 684
610 312
341 891
107 365
36 366
583 554
175 407
827 19
369 471
876 629
984 20
864 604
378 928
163 855
448 704
808 120
897 16
534 73
599 66
609 477
610 739
463 612
973 992
936 34
331 731
554 331
211 942
220 669
208 930
996 248
553 622
457 201
417 887
301 66
836 548
344 201
214 43
252 880
824 403
103 597
40 695
124 661
91 619
958 872
277 969
601 798
525 135
744 63
32 731
887 475
904 531
766 441
724 107
842 617
944 379
672 552
113 171
64 327
93 291
95 315
475 715
215 297
287 795
253 119
93 547
209 694
423 471
694 849
63 77
777 565
794 650
245 492
126 173
587 453
331 877
514 56
667 335
491 464
52 575
791 817
916 73
891 238
257 619
313 481
173 519
6 129
976 599
264 265
913 56
237 542
84 639
342 707
935 106
459 750
295 948
704 360
282 159
547 254
785 148
476 149
999 648
94 852
906 477
412 808
523 362
830 528
814 457
347 766
477 311
231 265
480 891
683 909
976 366
338 354
140 530
658 217
840 144
143 982
630 671
248 908
613 415
818 636
680 294
461 174
656 532
555 619
133 648
561 569
544 939
476 669
141 868
873 528
419 806
50 12
397 821
560 240
377 512
384 720
802 145
521 128
144 100
497 701
571 507
810 32
591 940
279 510
866 122
913 89
9 754
615 837
486 653
247 279
54 61
284 855
787 606
234 97
41 692
869 429
737 384
972 276
297 40
45 186
544 424
889 417
753 180
239 892
564 881
469 760
285 710
336 690
791 915
872 643
542 666
353 903
342 303
238 872
82 151
335 761
49 378
742 824
171 154
476 473
779 927
696 862
10 171
473 221
688 165
542 426
723 502
776 785
942 890
845 19
304 762
346 654
261 849
53 428
465 70
283 448
710 955
283 318
11 173
73 309
525 362
847 565
119 301
885 981
975 321
652 350
760 289
247 354
435 32
170 737
917 408
378 488
305 959
932 408
543 967
499 994
928 363
756 925
588 251
813 787
271 667
598 984
608 441
128 628
598 68
895 763
71 408
191 775
480 716
765 260
322 151
369 622
783 909
176 854
233 358
313 238
644 26
819 552
75 115
725 372
870 104
594 4
814 194
43 131
863 535
832 447
945 835
27 533
677 447
873 554
709 515
356 101
330 512
726 569
419 948
383 516
75 267
888 436
548 887
975 129
333 758
330 386
788 646
247 548
733 953
900 492
