3500 1000
392 570
748 249
538 328
184 94
713 371
298 253
216 744
58 872
678 457
309 419
608 351
232 745
398 873
733 895
790 720
251 34
73 81
811 459
577 290
275 66
294 849
841 651
254 792
61 307
757 156
215 204
670 317
109 691
401 221
637 121
240 248
332 776
197 166
484 475
758 523
789 828
295 56
250 75
351 973
926 207
896 246
336 421
393 795
174 695
838 442
949 297
138 979
927 2
330 608
915 606
866 913
243 412
143 555
558 227
636 728
676 235
507 388
444 847
797 169
857 132
704 249
717 740
719 725
663 42
551 332
527 602
77 258
215 930
543 513
780 85
951 713
501 822
563 820
512 252
645 679
140 160
317 970
245 900
65 716
495 66
902 399
531 598
530 970
749 271
389 489
189 18
819 505
524 780
325 111
397 358
426 352
766 106
517 21
995 424
754 172
452 504
449 740
346 540
169 658
597 658
651 272
83 225
390 177
220 858
339 819
80 633
128 57
632 924
10 624
263 995
436 536
542 116
906 514
970 934
933 375
182 75
413 296
115 995
560 808
944 280
110 384
600 542
985 519
639 225
841 392
537 351
181 828
356 500
26 347
404 802
698 256
314 415
890 868
276 410
428 121
568 29
574 21
93 892
524 984
999 81
242 79
858 593
928 355
867 988
539 763
65 366
550 686
123 631
311 914
914 474
903 503
135 634
164 279
927 256
974 522
633 404
874 196
877 333
392 392
339 806
737 729
61 437
991 615
37 809
386 167
629 124
371 989
123 159
561 385
300 240
80 844
788 31
255 662
158 242
870 158
967 105
982 255
872 604
750 567
505 727
27 984
604 945
219 165
610 333
308 684
566 14
384 514
565 281
521 768
24 772
944 1
16 304
84 43
4 768
595 558
287 745
93 81
948 841
172 489
931 374
150 372
873 357
94 649
368 329
39 740
773 451
934 66
560 915
609 102
130 588
322 422
781 250
298 356
170 886
74 492
483 913
670 901
732 748
806 995
340 852
211 778
987 743
335 385
281 531
829 63
792 404
200 786
277 197
721 561
467 617
746 126
769 170
756 88
747 928
539 431
505 825
524 86
225 715
645 787
710 235
115 598
140 136
936 820
278 619
714 183
826 216
203 983
156 82
348 475
541 637
457 853
479 625
637 523
511 231
521 138
617 806
311 880
189 795
69 557
430 829
33 79
346 953
313 490
454 743
764 388
996 617
152 206
1 743
129 933
947 878
418 240
381 81
24 193
713 654
298 380
817 214
172 73
943 687
659 691
326 4
594 715
473 605
757 17
210 536
859 996
650 46
876 802
263 19
686 366
452 492
234 63
972 797
213 868
571 615
747 266
668 512
897 403
985 866
291 57
545 401
765 943
721 254
199 977
397 338
719 242
996 922
449 232
560 313
62 718
219 1
967 477
767 930
767 613
353 180
150 2
958 942
806 206
523 885
657 23
837 977
180 431
248 723
883 351
611 371
372 899
31 252
318 387
118 754
397 799
750 698
50 618
47 360
925 980
110 241
314 470
838 247
262 238
154 992
404 358
321 895
197 87
656 614
984 5
138 686
903 902
525 7
419 72
662 194
400 17
524 740
931 875
166 655
423 654
553 381
677 794
178 872
524 149
633 145
851 710
775 374
308 42
250 857
826 936
683 712
528 25
738 169
497 538
127 303
975 672
271 705
12 389
503 301
871 107
634 455
375 80
385 191
421 904
16 728
841 287
455 784
729 788
877 480
23 628
956 363
81 25
181 393
635 317
612 603
53 904
998 909
423 985
775 412
324 825
965 911
706 364
47 285
126 197
635 913
36 997
645 673
451 115
741 411
151 603
205 293
77 133
674 989
356 40
67 522
135 515
758 405
111 711
324 509
526 648
906 535
776 514
25 272
914 699
180 679
474 223
663 916
389 322
467 78
838 928
749 355
722 371
734 123
986 78
246 349
754 212
366 677
238 628
884 706
219 50
923 969
669 693
870 122
985 617
213 479
797 208
298 809
811 902
957 950
577 223
254 655
591 353
161 809
831 832
990 207
587 293
888 32
974 80
438 109
435 860
190 425
547 698
964 889
290 476
883 505
481 490
30 526
833 999
806 963
973 9
908 437
558 965
892 110
521 522
923 513
784 848
838 836
791 707
46 54
677 466
364 253
654 779
128 520
463 434
822 170
449 178
330 420
21 253
106 284
487 476
775 18
706 810
766 408
669 866
484 484
670 202
149 219
282 966
628 122
115 316
310 576
250 379
15 905
726 755
953 485
567 316
351 592
499 80
936 592
795 896
643 948
345 346
87 133
999 733
913 582
38 305
825 511
262 46
579 923
368 931
168 691
170 957
820 303
90 323
983 979
638 266
122 411
546 123
113 504
364 499
870 466
824 764
864 609
565 212
702 823
31 100
678 816
459 382
475 993
138 808
416 115
315 160
504 569
109 740
601 300
456 915
788 201
125 665
518 935
741 748
466 905
499 133
155 718
147 38
446 644
304 478
466 476
147 6
31 937
500 161
882 402
549 932
38 853
383 70
708 165
952 430
449 919
185 366
731 567
571 57
239 364
569 738
86 132
176 106
625 966
440 418
52 425
563 582
193 505
817 682
910 933
995 862
485 991
96 895
430 991
317 837
439 534
861 889
202 864
776 713
680 935
470 78
393 65
212 410
922 272
187 68
431 567
554 526
579 639
32 398
741 464
931 508
135 109
853 583
321 342
494 297
708 762
656 110
328 897
101 478
69 763
181 55
573 654
116 622
400 691
729 155
744 665
683 357
745 329
616 104
784 454
2 371
450 508
534 898
736 919
18 931
665 744
821 405
401 582
277 396
5 944
471 824
839 841
813 50
519 17
83 556
912 197
567 326
791 141
608 653
714 120
756 391
279 785
289 897
837 614
574 404
856 83
917 84
591 177
839 776
549 127
764 982
402 964
798 218
218 24
586 322
421 894
929 175
402 673
15 204
835 535
220 389
447 819
42 17
37 229
461 7
215 645
946 51
295 567
45 432
177 310
577 301
134 330
639 425
68 254
729 343
785 116
429 228
368 511
88 516
750 537
276 667
300 360
540 562
403 264
284 639
712 680
267 268
987 371
183 629
539 656
408 668
684 632
363 115
988 163
64 596
121 501
815 181
442 415
189 805
50 767
173 575
138 355
420 368
965 254
316 268
535 610
460 505
79 694
128 743
629 27
282 527
474 774
765 876
562 111
444 815
137 700
610 321
19 260
585 188
864 382
771 229
372 280
97 834
737 472
506 774
269 63
698 381
556 801
748 597
959 582
13 720
384 239
153 148
905 874
452 17
433 56
7 991
94 550
661 289
369 566
841 214
290 223
522 930
973 178
888 737
635 184
227 236
656 858
258 737
994 523
566 633
605 256
265 913
436 991
128 53
50 389
17 428
866 242
696 471
769 937
980 625
970 403
514 20
696 545
121 890
974 124
693 37
601 377
997 840
282 744
620 583
269 151
48 810
121 468
558 355
275 555
133 977
387 146
576 8
458 508
827 818
971 980
805 28
502 180
31 934
68 964
224 751
295 976
827 591
537 443
450 204
321 283
743 414
287 632
735 857
200 855
394 886
233 147
11 55
278 526
271 741
899 156
182 975
594 794
432 144
106 719
863 753
840 524
308 675
260 987
335 736
221 24
720 860
725 897
383 177
493 211
755 951
464 361
71 34
385 601
243 497
397 979
209 535
753 193
7 106
595 474
964 423
994 357
768 119
518 313
526 74
944 480
690 805
327 585
10 233
316 78
252 65
938 758
927 153
501 85
203 663
313 77
754 405
88 532
481 642
46 528
311 653
863 257
436 356
599 993
677 790
28 769
477 342
436 412
305 158
308 934
627 290
694 673
243 988
770 224
365 499
171 34
728 402
333 375
9 747
610 702
917 414
756 885
149 465
352 259
717 14
755 357
359 560
182 855
732 235
389 728
905 991
258 865
627 864
865 258
966 795
565 343
138 250
688 66
610 225
510 540
354 602
519 733
347 266
177 394
270 220
93 7
701 674
988 901
779 64
562 144
120 267
154 188
780 328
765 905
851 536
160 307
348 667
647 714
436 82
14 859
458 4
252 118
243 547
71 241
891 286
907 901
702 140
666 462
549 370
894 220
173 651
25 688
930 482
667 916
633 372
57 34
927 332
326 521
926 424
914 956
517 355
284 284
964 819
705 109
370 12
471 978
480 923
240 233
870 773
255 854
859 148
631 494
294 237
998 889
257 306
156 659
451 57
467 816
473 294
82 915
447 701
665 828
953 34
514 410
530 15
328 374
955 855
244 108
288 567
145 880
636 32
709 383
597 640
141 561
163 244
191 82
659 906
482 961
198 142
654 649
314 571
499 123
249 219
681 498
341 119
113 133
277 112
135 602
498 677
813 212
38 864
648 971
693 995
971 496
384 116
179 696
161 954
724 174
681 291
569 196
359 755
787 642
789 26
888 309
514 159
114 699
762 553
70 918
876 575
206 590
780 981
509 733
224 702
891 508
56 944
97 923
638 552
415 81
649 999
57 379
589 981
607 417
939 535
731 155
110 91
35 743
840 799
420 36
284 424
659 840
964 263
86 843
149 127
123 575
584 536
464 162
986 490
559 664
14 545
287 340
12 962
495 630
827 476
465 508
72 266
130 582
422 935
109 789
924 64
647 121
459 957
518 104
130 5
693 618
843 373
949 853
299 510
856 211
931 261
722 656
45 43
13 655
79 64
247 559
13 81
371 506
499 82
413 492
125 922
394 799
879 292
861 545
462 291
682 629
640 852
918 257
490 146
476 763
829 368
736 770
770 271
337 700
762 291
133 997
709 531
450 4
505 855
94 131
2 802
859 699
145 702
941 200
965 135
131 505
227 354
599 464
629 663
948 816
1 630
822 465
972 430
441 273
533 83
920 937
670 15
951 274
731 287
285 268
984 42
619 288
961 449
391 90
410 103
165 891
102 932
847 836
814 984
495 310
351 152
429 173
518 631
775 150
768 576
824 489
202 155
304 345
670 892
784 306
558 472
36 729
366 911
113 643
844 543
118 257
32 330
455 145
728 41
244 905
873 144
941 594
484 366
725 666
99 612
343 75
520 918
189 712
960 847
86 818
373 136
850 440
261 482
490 687
489 723
944 646
696 116
594 920
591 735
173 168
924 990
233 441
487 305
129 948
951 129
264 626
652 566
430 395
397 654
936 129
667 294
902 714
646 919
909 969
127 150
218 976
919 840
521 87
315 725
160 881
687 574
193 252
77 790
500 341
136 737
162 649
927 941
136 768
591 512
500 647
784 777
94 438
802 56
229 293
433 802
224 222
535 610
302 155
880 896
606 743
731 675
693 395
343 787
447 610
641 733
670 854
536 189
165 757
663 861
439 646
39 380
589 116
778 98
448 521
576 102
76 859
730 264
988 277
945 571
916 791
813 714
822 336
265 613
693 819
454 501
282 736
368 250
643 520
875 75
825 454
442 234
21 356
768 787
124 870
86 742
549 278
850 208
761 475
305 787
173 142
363 441
154 721
131 858
685 276
592 951
883 74
182 571
969 756
99 963
731 886
530 781
257 109
442 677
694 747
548 69
765 371
55 756
262 337
523 535
794 105
793 378
790 846
180 722
653 26
10 651
261 8
619 658
508 888
222 995
295 292
955 323
951 347
356 363
591 332
332 588
734 254
523 509
621 142
244 105
172 205
417 938
949 919
634 539
43 120
781 21
460 3
945 907
675 966
896 592
467 852
609 376
718 418
198 977
860 349
809 683
119 18
322 277
522 788
937 442
842 753
169 244
273 899
161 43
769 579
876 566
813 201
414 263
234 136
404 657
136 647
387 321
619 252
582 982
216 467
672 30
190 609
71 534
283 430
385 381
879 61
299 974
290 79
215 893
317 234
11 191
247 339
914 33
809 174
768 242
103 601
736 159
488 122
997 702
436 22
548 338
639 551
547 49
157 657
785 311
385 308
277 154
834 77
714 477
427 828
314 385
161 676
858 987
540 847
487 122
644 462
165 379
978 798
755 115
495 715
534 873
992 897
182 586
885 654
195 68
582 683
39 956
680 34
969 48
712 766
682 830
550 550
877 412
938 207
889 451
617 376
431 584
723 553
29 640
643 38
927 806
378 79
653 996
150 602
377 781
34 651
579 132
846 542
19 312
407 901
390 927
880 506
406 742
450 768
904 828
694 224
88 878
897 734
794 904
794 472
71 663
485 366
117 887
316 483
217 986
630 588
418 101
742 284
234 382
427 101
490 211
975 104
529 668
315 270
854 112
477 701
854 327
432 887
808 939
849 598
300 692
563 557
755 381
774 272
541 555
721 101
386 955
61 509
567 81
287 302
271 291
202 57
33 799
123 745
317 969
604 458
326 145
684 488
120 175
83 66
302 955
306 230
844 440
229 650
597 98
343 273
637 463
315 521
839 237
415 834
847 537
710 634
945 777
937 977
678 719
584 895
216 849
655 131
23 523
958 210
443 929
947 762
951 462
75 278
558 105
59 405
680 544
551 957
889 39
205 936
992 635
533 438
594 150
766 889
765 730
716 987
439 252
733 745
343 53
235 700
826 924
402 520
750 815
570 786
498 224
246 995
981 887
207 72
833 364
876 784
29 923
832 452
566 918
537 352
897 871
299 51
549 613
84 281
675 668
118 161
511 822
516 880
310 298
824 526
245 646
577 81
898 477
40 716
151 918
727 579
753 892
566 5
940 476
534 842
466 773
807 296
231 474
73 236
811 669
771 105
32 585
745 762
52 167
928 404
357 483
267 751
579 85
965 167
202 68
105 441
974 756
157 496
937 866
314 415
995 437
44 240
484 906
582 88
285 205
4 778
636 657
89 364
793 90
906 459
214 677
99 972
825 462
208 902
37 844
609 985
301 149
658 435
451 530
928 98
899 77
396 963
718 745
728 102
591 270
758 76
499 670
179 560
387 603
65 355
548 675
592 373
540 999
467 383
183 1
524 432
745 198
516 690
702 711
190 491
237 849
760 720
562 299
702 933
266 251
228 133
323 590
981 581
924 916
224 730
473 796
808 939
62 568
511 39
806 926
930 138
837 785
884 716
982 992
610 994
934 119
964 180
630 587
914 804
585 778
308 746
685 727
342 138
842 927
873 746
466 579
806 609
886 882
189 638
436 853
11 464
489 207
904 430
202 607
526 62
228 66
155 342
614 423
821 86
531 794
614 850
136 640
189 449
222 620
532 562
713 592
125 552
327 645
519 784
884 168
906 109
967 785
733 438
463 928
553 162
96 636
128 738
557 478
882 525
403 895
623 842
239 892
665 104
959 175
55 413
249 672
261 598
772 252
119 648
34 226
945 964
223 164
853 688
176 516
966 239
439 184
945 399
903 826
537 670
862 647
112 137
39 30
629 869
883 849
662 60
250 890
762 11
869 520
104 546
902 582
972 234
804 466
611 322
174 287
305 621
584 919
297 331
351 544
997 885
407 616
576 376
484 440
769 480
227 623
928 30
324 47
578 763
175 303
299 361
650 578
391 669
216 886
808 322
946 784
169 864
381 383
941 688
826 966
501 421
911 118
276 3
806 954
342 918
810 335
24 385
571 930
795 684
531 638
228 185
971 917
157 143
727 643
990 535
441 296
162 376
521 717
182 722
231 146
775 46
968 468
906 181
846 761
174 38
836 783
262 644
629 336
899 782
447 5
73 376
63 948
310 723
988 404
885 714
143 776
736 528
903 473
320 41
152 168
957 216
366 995
768 884
19 879
819 902
118 436
488 807
314 300
326 404
347 901
105 233
576 720
906 140
931 452
109 650
316 37
595 447
678 238
493 356
605 102
626 310
26 151
80 505
898 970
273 602
287 734
86 540
588 120
79 998
347 222
530 79
955 344
457 962
946 691
359 680
114 103
231 947
140 935
890 217
57 173
564 686
98 729
797 396
907 379
229 774
678 242
704 194
10 991
996 678
730 597
704 221
305 98
901 716
302 857
102 253
244 383
216 407
45 680
231 488
500 930
368 344
190 696
666 73
981 366
304 56
448 13
427 145
700 603
638 699
114 388
619 129
803 527
171 245
785 930
800 89
801 816
855 994
562 962
735 190
53 380
117 475
964 257
343 988
509 413
934 768
417 869
700 126
383 341
791 230
624 307
954 158
744 366
47 757
275 208
118 851
638 101
751 667
757 931
620 920
160 68
149 120
480 330
265 874
958 277
463 654
616 813
425 4
120 838
417 897
401 186
158 222
929 970
216 980
135 83
795 707
332 976
459 625
155 529
872 558
608 164
289 169
843 847
522 119
276 5
196 108
15 506
680 316
160 572
21 696
926 636
372 498
473 15
21 988
706 442
723 695
84 805
29 701
142 505
414 188
516 635
695 147
437 778
12 672
916 588
261 35
280 778
184 151
78 746
741 314
330 749
723 733
510 395
501 7
150 149
758 447
484 705
627 358
835 76
611 420
573 90
967 631
600 993
334 147
414 279
642 343
144 50
2 614
348 470
217 155
334 169
524 616
50 656
659 272
60 407
726 819
803 946
74 982
411 962
70 782
79 519
206 702
296 883
543 672
555 890
43 95
55 134
645 972
923 969
350 703
492 148
117 82
421 184
836 234
630 937
925 454
13 465
224 860
813 365
265 568
465 504
692 333
33 807
227 87
921 237
420 615
634 801
804 265
422 206
931 674
736 555
819 47
114 298
329 511
162 581
737 237
210 381
731 442
205 794
14 534
549 947
915 797
437 246
312 894
915 281
681 726
613 932
91 456
81 523
434 858
659 525
18 999
843 948
33 206
686 98
324 305
499 503
701 954
660 597
538 242
512 616
171 713
70 724
84 762
816 547
594 615
409 985
607 90
405 556
707 625
193 434
244 856
148 4
295 670
215 143
182 35
578 511
224 235
654 710
662 517
347 88
927 842
992 87
76 567
538 296
579 602
721 740
554 703
87 186
272 991
700 507
84 971
824 566
569 898
317 255
907 576
586 267
876 413
163 197
324 284
850 688
187 812
828 166
551 646
697 670
645 989
498 47
727 140
809 781
180 207
154 132
910 566
787 513
784 356
413 27
351 374
391 741
850 595
553 624
103 256
984 402
407 241
885 813
170 769
669 243
290 366
996 10
233 797
965 658
795 172
762 908
905 578
786 648
948 222
790 360
495 202
292 844
773 146
906 86
944 979
50 667
891 799
277 278
673 752
22 534
703 21
880 454
466 563
318 838
226 317
208 543
308 609
640 882
486 176
796 481
920 62
107 4
363 291
397 457
499 511
594 804
602 223
134 45
901 578
510 543
227 486
306 137
375 933
713 385
913 752
778 982
220 646
562 985
728 681
558 32
230 905
591 12
643 66
370 936
747 422
145 745
871 827
323 812
763 752
129 185
160 361
108 610
336 643
730 224
999 661
372 244
265 772
68 981
264 264
66 594
383 197
657 645
583 61
298 108
658 849
702 26
158 399
65 50
326 789
675 174
504 285
19 976
269 199
221 724
576 132
157 868
106 810
96 870
480 790
607 885
294 743
800 598
163 244
312 675
804 256
666 601
665 193
195 543
111 399
865 968
147 971
255 599
610 211
902 543
289 200
889 322
782 532
269 348
187 293
802 97
176 698
788 879
554 133
214 267
186 758
720 658
552 90
418 394
205 742
998 910
617 932
898 699
736 387
619 493
506 853
50 13
98 627
579 899
835 557
470 662
769 231
191 909
961 107
751 210
202 131
424 728
230 632
172 598
201 551
911 75
348 757
701 427
649 733
474 565
777 288
946 401
243 362
912 2
900 167
126 727
939 720
839 905
983 756
784 366
686 210
822 179
654 204
845 98
205 196
525 134
106 145
492 506
394 880
118 528
728 30
221 588
171 449
159 506
354 557
387 429
562 203
776 976
828 592
191 184
536 823
34 403
237 202
235 794
894 451
176 415
862 551
194 199
94 382
619 86
721 448
879 355
607 978
713 422
603 854
334 239
89 549
704 90
315 277
339 531
30 285
436 853
949 798
417 660
918 500
598 11
513 114
271 167
813 837
977 989
774 305
182 584
256 242
550 369
788 493
898 132
857 298
992 274
178 977
122 396
318 501
615 356
163 172
611 28
780 874
112 39
502 165
541 243
422 550
329 44
194 950
181 614
701 243
472 468
763 209
748 979
76 705
879 247
621 389
500 418
25 435
755 910
527 54
358 292
573 100
373 868
870 878
373 650
53 538
778 443
321 132
50 832
722 111
720 432
149 273
326 973
688 296
840 102
578 738
223 773
386 232
511 683
886 863
596 25
618 186
18 497
578 170
413 118
706 832
29 219
518 16
374 384
820 39
90 84
780 753
829 859
629 19
249 273
211 395
485 674
507 333
317 323
399 212
949 224
561 711
911 390
856 162
706 213
697 294
873 474
892 251
453 146
26 952
361 531
650 652
489 78
696 991
589 494
503 203
985 241
923 432
839 875
844 629
149 661
42 51
184 909
743 109
720 661
993 223
705 17
281 388
229 227
672 284
287 734
163 138
108 689
654 304
786 27
453 369
484 947
302 117
498 992
226 428
139 625
635 212
812 174
799 558
785 203
414 24
375 140
389 809
406 525
488 866
169 109
856 832
42 830
382 800
293 6
803 908
110 480
764 352
79 877
466 135
112 811
791 354
27 806
285 695
487 927
39 608
24 807
459 650
350 131
591 776
463 20
659 931
967 682
546 53
60 346
282 513
642 914
746 141
327 916
779 190
489 522
808 33
932 353
387 411
851 878
33 578
95 915
951 948
220 553
704 98
898 682
321 489
986 147
195 488
941 166
642 569
981 165
838 575
712 304
382 737
375 177
942 42
824 81
928 821
839 799
42 261
542 791
544 968
239 310
955 523
659 388
693 126
715 6
60 825
159 65
943 332
601 689
64 559
606 613
619 883
845 500
788 830
245 83
609 129
600 230
501 510
485 688
952 211
193 144
844 519
834 918
883 275
94 737
308 655
725 663
496 663
317 21
226 959
187 547
859 437
197 188
722 529
132 622
152 991
735 952
221 125
448 301
504 283
431 713
132 837
380 457
381 170
99 845
132 295
64 72
551 802
123 322
264 682
368 458
741 811
973 443
446 500
648 872
123 772
813 517
925 921
215 452
725 351
187 108
337 843
593 169
747 508
329 674
428 884
84 902
664 396
828 237
571 471
466 624
620 705
108 130
346 757
134 425
891 258
905 124
453 456
805 651
349 316
51 940
416 462
508 811
247 611
599 103
292 129
208 601
188 853
147 695
846 192
202 206
586 87
363 639
152 327
6 481
495 99
960 738
367 402
165 10
141 304
73 579
699 334
219 895
768 834
964 560
382 545
66 40
586 29
281 34
536 249
945 538
294 187
118 705
878 403
329 830
620 515
186 985
50 860
472 752
986 932
92 152
640 361
239 815
389 180
558 390
452 673
907 479
319 630
196 760
51 505
146 735
731 8
908 77
533 322
465 827
775 567
466 92
82 455
236 558
260 104
868 706
945 474
944 243
621 242
307 129
398 88
102 416
815 992
13 838
438 429
628 406
446 348
345 520
539 711
658 811
975 874
239 49
527 882
776 336
72 766
573 77
392 912
740 155
233 2
873 358
701 365
221 309
723 595
826 74
664 950
682 336
722 572
742 615
718 384
962 12
811 299
936 542
558 712
836 808
248 42
611 737
923 414
343 444
663 692
67 896
264 430
948 554
600 12
455 201
271 453
339 676
736 520
878 924
129 86
35 267
244 353
107 895
528 3
657 418
243 195
212 352
314 119
768 932
370 12
434 987
186 477
556 104
878 58
475 489
424 834
143 949
758 650
280 967
388 784
79 256
477 547
542 417
313 413
243 678
958 468
521 948
701 771
885 86
611 762
8 95
331 172
71 281
105 667
961 218
21 101
655 883
557 271
352 432
738 147
597 392
240 627
802 585
304 237
799 54
70 670
750 249
537 48
988 879
509 356
956 158
688 592
616 150
828 76
716 179
955 822
593 795
14 779
118 223
90 883
642 308
376 424
475 259
955 320
499 872
86 656
897 160
731 596
307 232
485 951
894 498
875 164
329 657
900 586
460 755
17 759
949 799
177 267
984 112
930 148
952 577
790 644
942 903
335 217
408 877
620 627
25 241
283 864
853 10
792 523
720 714
459 391
328 457
863 31
431 71
112 913
129 224
666 128
625 684
969 980
736 861
510 896
888 268
650 872
334 410
4 628
392 158
904 59
474 865
122 390
625 776
492 948
795 134
846 19
156 73
356 768
832 265
856 727
932 664
739 597
526 907
120 213
318 980
713 459
783 302
218 306
926 741
712 467
992 686
309 824
151 675
664 67
624 501
776 873
162 232
482 161
636 606
635 259
733 929
258 110
65 166
794 767
688 603
228 32
75 65
352 173
684 74
372 434
311 777
121 121
465 411
80 457
838 740
714 939
181 595
481 566
941 688
611 279
790 822
871 840
968 643
38 604
693 261
669 974
685 270
394 549
237 250
591 310
669 290
217 203
478 773
86 253
485 673
762 516
320 931
363 965
632 702
831 632
690 937
659 452
128 849
86 481
995 672
122 46
273 549
55 446
205 628
425 515
5 121
585 999
589 266
796 113
135 81
544 226
810 312
177 934
842 1
19 921
654 292
360 803
370 879
399 110
471 667
510 611
112 859
998 718
911 523
836 132
435 256
347 914
679 761
343 65
790 175
412 286
843 125
696 419
365 880
61 636
786 699
904 204
949 116
496 5
329 846
891 654
913 422
220 274
863 526
245 52
569 262
782 116
889 674
750 389
416 765
84 815
534 663
504 561
519 668
148 363
901 472
426 89
18 538
56 755
195 906
409 194
752 384
436 338
650 600
510 637
534 843
766 449
211 492
943 500
669 785
176 910
919 185
104 635
359 221
498 947
827 291
630 49
879 925
717 425
667 843
499 294
402 281
122 218
528 141
213 403
669 132
630 771
727 711
421 769
815 815
70 857
2 355
529 198
50 66
834 615
734 526
656 921
266 196
157 221
941 692
130 321
528 818
86 294
568 186
226 280
297 381
403 600
586 83
148 593
46 532
198 696
455 849
318 829
240 6
64 819
466 385
507 711
169 490
955 465
96 114
333 350
568 926
277 404
489 749
854 404
395 222
62 202
274 853
406 64
138 514
515 816
722 518
259 52
142 615
703 118
359 263
85 965
118 904
344 909
306 65
461 964
287 641
508 583
7 18
616 884
370 891
645 930
37 823
685 301
805 337
702 23
15 798
46 663
529 927
935 540
491 989
464 899
75 114
325 582
970 919
630 903
947 412
59 58
239 794
717 28
824 57
729 855
114 384
851 392
72 431
23 230
121 65
218 944
914 553
511 511
184 48
958 290
853 534
554 445
238 153
868 348
367 507
359 365
323 363
318 773
234 902
393 29
383 533
674 986
937 935
530 100
963 117
144 261
492 53
258 315
208 43
177 718
356 976
910 297
722 998
734 162
9 741
104 228
294 418
62 371
694 865
916 927
373 390
734 556
767 59
1 224
268 458
803 217
826 76
468 996
50 910
610 778
953 833
354 184
786 534
184 784
421 882
524 834
749 920
997 408
240 922
308 132
647 10
911 69
404 65
940 989
821 91
743 871
449 566
398 729
133 794
997 189
765 573
736 336
174 174
534 48
396 29
925 128
144 696
374 614
530 316
92 137
26 600
93 849
586 121
689 517
585 220
878 68
612 433
274 459
430 107
732 111
871 864
871 202
121 118
923 247
803 148
572 230
317 152
846 192
756 524
188 24
173 345
581 147
450 494
633 311
81 158
427 749
294 836
841 267
67 611
564 934
659 107
484 259
352 90
627 759
176 71
334 294
581 220
850 120
434 76
988 606
371 132
512 440
153 954
560 243
674 987
889 907
55 449
622 865
214 571
20 117
482 116
614 151
360 708
489 621
269 645
785 377
297 217
353 653
697 811
609 158
503 677
532 814
735 814
531 175
121 872
287 224
896 417
695 920
322 938
149 896
13 522
418 585
356 361
427 918
915 608
171 182
485 204
606 983
504 554
529 75
386 280
853 884
898 521
81 557
332 134
207 105
923 96
498 377
180 556
538 374
116 433
274 700
58 57
999 135
734 245
118 413
829 63
706 9
592 662
776 714
625 129
833 615
39 171
547 422
431 115
469 849
633 271
164 154
902 981
278 195
498 676
564 735
746 190
786 824
387 324
936 495
14 702
204 126
529 346
236 806
175 181
949 7
447 605
657 718
613 550
663 76
75 227
544 354
905 833
875 38
357 803
833 54
734 333
277 821
367 406
761 834
233 847
452 425
220 131
603 370
797 41
798 931
947 965
336 198
363 970
305 685
106 424
217 57
750 522
941 42
515 884
743 695
778 364
798 565
83 810
357 500
467 212
963 236
148 412
423 278
744 222
408 863
345 22
99 559
23 671
182 524
199 394
103 601
174 473
2 368
72 937
354 475
353 43
835 443
551 517
585 4
705 94
700 195
231 874
431 795
841 19
876 621
42 107
172 135
44 925
686 920
260 766
529 978
378 126
546 76
555 140
789 697
367 433
581 318
971 713
773 946
243 705
423 245
185 270
364 989
172 653
569 317
409 657
729 878
686 538
381 842
379 806
947 292
994 788
59 126
583 270
171 981
180 582
46 48
675 870
233 671
4 996
982 118
527 794
944 529
136 858
591 15
35 338
446 301
879 160
323 773
559 351
595 976
170 167
707 312
444 191
939 326
937 332
195 114
128 749
225 563
385 761
984 255
713 713
681 443
611 191
945 601
435 860
76 477
522 808
458 55
510 90
366 104
521 435
918 573
165 450
648 286
538 261
151 83
735 979
873 356
226 659
70 381
922 299
537 621
796 740
325 464
498 541
30 210
824 187
603 763
742 277
237 323
278 95
955 985
655 792
747 354
843 961
782 519
875 616
704 486
969 369
334 619
154 506
117 861
551 724
750 409
114 491
351 846
182 297
411 797
848 481
550 679
956 154
896 857
225 673
944 742
569 97
103 504
341 601
566 408
472 313
330 917
707 70
121 231
312 104
96 664
555 629
77 898
413 931
274 783
928 671
828 995
288 905
201 647
977 749
342 75
316 325
709 950
334 660
806 718
34 919
557 732
545 245
929 661
729 560
375 408
810 377
635 217
366 135
400 421
72 977
452 843
470 120
738 717
237 335
475 129
90 745
309 38
911 188
239 263
753 831
148 924
283 191
138 233
89 801
981 137
696 235
385 488
225 779
66 761
405 667
724 359
333 703
888 718
95 594
896 387
116 583
68 343
633 872
702 304
760 873
202 92
431 158
775 331
367 785
526 670
642 110
70 981
672 100
437 805
955 323
520 676
289 821
530 673
572 862
310 860
496 685
808 611
896 226
308 356
649 409
756 460
40 329
358 507
928 59
91 244
417 55
971 391
729 812
668 806
861 502
148 671
776 783
449 309
382 231
941 71
647 440
41 54
111 791
201 313
805 757
677 576
204 400
869 73
517 967
521 811
650 353
118 487
86 280
196 833
89 19
872 131
860 38
347 987
417 341
530 164
142 743
491 123
843 39
215 224
655 21
952 604
838 523
742 635
522 694
103 677
198 93
118 791
857 18
116 117
865 198
885 841
78 803
914 233
631 974
508 644
569 234
271 39
853 959
764 388
802 80
394 190
790 532
875 667
441 423
184 483
840 50
869 994
735 685
355 655
636 963
350 268
505 848
551 308
30 100
285 359
611 59
588 499
887 924
345 372
913 565
132 201
894 675
225 79
887 195
460 190
672 678
747 416
840 693
362 465
983 414
174 349
279 194
616 571
161 633
744 494
690 869
313 531
726 109
123 452
55 180
729 867
