3500 3500
795 418
613 953
402 540
706 507
633 978
137 913
262 47
417 671
780 417
187 566
672 136
100 435
763 141
135 823
37 246
521 838
24 189
498 177
118 450
985 748
372 964
100 463
703 553
182 526
894 931
482 884
350 969
813 995
665 447
117 276
893 983
140 924
187 539
162 94
653 376
366 653
461 410
488 309
846 766
818 462
217 953
115 326
708 791
776 877
297 671
870 532
571 834
70 362
486 326
715 459
541 263
181 316
30 754
959 67
793 48
663 981
297 904
740 342
640 962
971 700
166 555
343 4
698 73
62 98
798 450
649 717
283 190
614 306
40 132
712 199
530 113
397 234
140 69
2 687
986 431
967 35
961 942
592 777
444 11
804 216
822 135
632 488
549 291
84 469
145 11
803 659
829 290
682 349
627 740
237 714
304 847
854 200
626 127
996 300
126 470
674 968
573 211
218 578
936 332
871 383
499 28
978 324
920 314
623 577
782 535
237 433
461 81
603 306
853 674
824 935
759 217
212 978
533 711
606 411
239 145
558 630
59 216
403 46
15 787
40 392
388 707
301 694
561 498
459 486
232 196
906 52
8 192
472 755
756 157
26 171
843 21
907 808
458 368
511 64
723 430
623 221
360 840
665 697
922 343
737 54
333 546
277 897
446 174
819 633
64 75
766 13
683 16
66 309
592 432
968 845
517 307
289 47
439 413
430 410
722 270
437 129
946 355
145 14
977 201
398 317
333 451
638 711
974 205
342 63
948 881
753 77
485 437
272 388
702 637
320 634
970 150
828 868
654 86
609 638
109 394
350 853
528 932
427 955
851 614
206 466
516 122
705 998
79 114
213 811
757 267
681 944
148 364
456 53
558 953
318 900
759 859
450 960
191 691
761 331
501 239
704 752
793 584
940 261
631 542
883 584
703 180
495 268
764 435
810 825
926 972
695 365
147 68
804 188
38 857
923 137
285 358
134 902
553 734
893 603
370 105
698 743
729 976
759 299
362 366
794 880
280 662
566 173
354 984
459 365
380 454
681 352
612 592
610 697
926 989
248 238
140 518
455 249
876 300
898 133
189 116
319 75
456 567
893 462
821 189
782 980
11 93
381 383
322 787
810 801
568 116
720 84
330 674
351 655
488 31
854 932
812 841
194 904
996 147
682 589
828 302
970 951
496 4
995 395
996 940
569 168
701 708
828 458
710 294
567 25
598 256
16 760
354 147
818 212
915 925
121 522
47 19
742 254
129 186
308 658
81 571
714 991
586 631
221 687
777 780
968 430
396 444
570 517
399 528
782 212
396 882
883 115
803 267
995 607
69 45
29 326
687 436
348 76
17 307
146 208
267 912
733 582
166 409
910 304
489 419
652 386
814 767
478 208
751 218
954 516
400 412
384 927
597 283
959 94
361 701
753 959
354 890
23 118
523 841
593 203
594 929
137 515
983 617
556 81
56 853
124 506
692 675
217 115
622 765
947 230
541 804
639 971
111 867
301 568
811 145
880 312
688 212
766 912
176 593
172 422
732 242
863 836
611 58
84 516
87 712
802 357
803 944
627 969
200 773
845 792
884 418
727 699
922 111
429 459
429 272
196 951
813 617
118 760
657 602
32 222
833 419
736 228
748 741
743 591
725 52
100 616
600 394
686 113
448 952
362 469
803 990
895 838
537 958
919 590
144 463
148 361
602 271
285 793
150 920
448 3
357 672
326 129
275 337
341 276
548 743
458 279
990 946
369 593
202 661
227 210
75 190
419 937
729 617
488 611
55 456
574 681
770 951
45 371
168 831
819 707
627 180
669 869
568 798
38 50
794 314
608 690
907 345
542 148
458 230
444 270
686 163
115 725
697 393
689 375
573 543
675 218
834 189
753 523
290 819
96 790
210 186
228 262
64 368
926 559
270 586
255 441
275 629
276 416
251 406
602 418
194 813
316 909
595 616
823 372
394 709
266 430
658 489
564 315
778 27
423 316
871 123
377 523
361 959
2 503
729 492
554 473
472 863
525 955
929 811
992 761
719 715
71 928
186 414
97 37
341 974
571 98
844 899
215 243
34 580
68 400
937 780
606 254
244 249
370 745
254 89
943 741
625 350
966 740
403 95
989 448
646 347
869 818
610 313
665 51
749 357
782 18
468 366
421 707
921 177
71 639
204 537
832 780
921 720
30 528
247 736
301 360
209 465
461 569
805 355
181 186
236 391
133 839
157 776
564 725
913 919
396 583
629 118
554 216
25 300
263 855
362 959
124 739
547 668
851 205
416 79
988 195
3 107
748 495
534 495
693 412
971 42
550 797
921 406
988 716
858 989
779 786
280 161
809 196
74 237
550 850
107 82
74 54
226 870
635 196
481 718
221 512
438 947
151 110
916 935
480 22
605 597
243 353
938 782
88 589
797 971
789 233
989 176
273 370
505 495
670 498
277 165
774 880
832 424
570 318
111 403
841 201
505 338
61 260
517 252
458 181
156 469
754 840
469 214
363 251
952 671
478 710
935 443
593 801
248 157
329 487
404 55
608 863
630 264
143 914
81 833
486 251
713 265
509 627
21 534
342 729
164 401
271 355
238 473
975 307
929 501
884 736
647 932
342 502
692 789
538 360
235 238
741 257
586 76
334 39
971 180
326 634
453 216
409 391
59 83
359 948
967 699
679 952
434 960
124 828
100 122
244 204
674 575
529 369
241 400
460 886
647 489
670 751
709 259
313 271
510 830
933 796
638 111
74 454
717 50
369 837
401 279
968 742
17 251
54 863
247 551
831 638
605 360
497 721
981 141
905 924
290 375
818 442
647 549
6 910
672 156
682 386
580 615
311 411
415 210
281 297
835 73
869 317
892 477
208 281
512 87
387 152
949 820
807 558
800 576
64 104
723 428
980 882
8 209
96 743
284 65
30 415
75 712
515 107
187 529
735 46
672 850
596 603
512 187
665 665
772 652
852 983
869 438
696 356
873 143
435 672
383 952
664 895
669 848
270 756
875 799
530 75
31 650
622 313
95 143
230 425
371 382
834 377
465 725
197 660
130 448
371 827
770 754
290 285
213 35
269 234
734 271
175 562
547 278
55 499
602 885
13 834
614 135
976 563
942 291
518 519
805 772
7 35
785 119
54 392
378 495
162 115
561 567
700 398
217 602
682 577
961 878
733 497
451 611
389 543
415 311
246 649
329 211
411 138
193 622
712 716
876 313
806 546
133 468
103 40
917 316
346 695
591 904
51 428
654 422
154 277
438 445
545 111
605 243
276 261
86 654
799 576
844 94
305 156
224 550
994 58
623 867
373 316
670 882
835 781
246 180
70 208
232 611
926 742
382 214
844 456
833 918
987 530
298 419
409 29
629 100
477 259
649 82
475 285
306 599
897 276
674 973
455 6
128 696
382 645
833 537
648 190
697 387
508 213
622 187
73 9
199 819
439 621
593 881
948 645
415 125
177 730
340 982
39 147
630 274
491 586
664 797
806 615
526 105
22 739
222 498
375 810
567 145
938 646
405 976
895 680
714 990
929 190
661 498
40 49
640 619
215 518
826 480
58 637
296 436
313 138
432 745
577 263
694 296
949 534
493 614
597 205
574 357
957 42
826 826
255 703
815 348
406 690
353 712
147 242
325 388
543 269
983 560
696 319
184 666
787 595
264 678
119 825
488 999
505 48
495 131
414 114
605 255
495 498
940 310
375 26
218 351
34 146
694 926
743 261
40 445
391 655
279 800
382 144
580 69
733 643
952 962
197 366
78 809
981 928
604 283
128 323
235 499
365 399
241 435
470 742
688 147
980 185
805 685
120 916
235 302
887 277
854 564
216 279
822 134
184 669
707 854
219 275
881 234
152 274
127 92
573 815
517 986
587 510
412 430
208 475
118 955
206 832
190 645
939 86
128 713
970 193
381 609
770 724
622 662
314 853
771 639
325 816
576 276
679 348
985 52
98 98
625 64
440 411
865 920
12 467
248 35
966 937
788 879
87 858
178 895
998 466
507 545
564 354
251 305
528 189
765 126
918 992
652 343
166 382
570 77
287 966
23 494
772 105
762 881
70 745
587 804
73 972
266 276
509 267
341 441
993 57
931 989
944 560
453 293
27 348
766 277
152 961
809 103
62 43
411 434
71 806
758 673
220 85
400 271
841 102
131 956
567 362
661 628
823 890
357 345
42 843
939 28
291 329
683 782
71 298
421 615
503 734
916 945
956 15
76 529
596 421
20 449
544 996
184 323
67 895
692 917
98 140
969 162
424 903
816 398
603 306
823 496
385 970
295 20
293 929
515 8
837 803
665 634
695 744
958 407
836 466
518 263
84 835
932 292
206 426
273 505
349 944
383 604
846 390
168 55
59 234
354 366
144 595
368 309
780 854
107 988
513 25
176 334
941 646
564 517
280 704
912 902
505 862
300 28
88 729
427 568
936 148
426 856
657 101
836 783
172 589
151 746
526 106
793 238
725 885
821 343
413 527
467 141
603 112
543 676
335 795
529 349
960 634
572 52
877 705
55 563
515 393
122 893
74 183
678 785
8 885
781 800
395 186
62 804
371 915
821 573
523 142
724 554
608 222
755 859
35 850
684 450
710 6
281 924
112 589
704 366
72 190
631 42
695 788
588 345
858 221
83 398
749 293
128 75
747 161
382 750
536 207
511 71
633 269
541 800
732 3
331 617
867 939
645 267
461 478
832 330
407 48
99 627
672 264
437 872
848 280
496 949
200 199
684 355
233 755
988 310
551 925
586 157
542 380
25 917
345 54
735 861
595 634
503 330
142 444
269 953
895 206
600 331
622 57
224 971
542 139
715 913
793 707
470 183
513 494
337 714
422 347
729 313
288 514
415 830
534 57
227 549
450 46
918 578
237 306
316 391
488 265
303 215
657 402
107 992
390 699
618 82
467 778
108 230
37 528
643 376
845 846
484 290
148 20
461 696
846 741
919 109
803 135
206 296
43 296
861 751
88 49
744 956
918 896
690 45
52 801
27 406
869 496
832 181
427 185
515 876
908 491
317 671
227 447
70 93
366 843
898 786
75 882
358 307
194 486
75 319
796 838
798 715
785 461
384 695
393 338
163 336
613 346
583 649
524 221
560 899
126 91
996 352
51 390
157 286
47 517
753 792
357 699
218 567
230 625
26 539
116 537
654 718
343 951
336 337
628 467
565 918
982 83
744 831
587 321
615 296
898 62
24 552
464 445
847 936
441 998
677 522
31 670
499 952
10 633
418 455
606 542
930 746
631 373
224 875
770 136
192 25
49 30
663 53
348 150
507 838
481 701
293 196
832 60
614 837
507 503
99 425
935 361
585 207
566 723
631 708
950 271
178 240
985 26
805 308
192 421
209 690
131 253
817 832
154 405
920 56
484 775
912 920
540 236
820 499
194 300
292 293
51 99
420 585
310 306
761 236
1 507
395 116
851 341
293 18
491 167
157 977
844 376
606 614
106 235
360 646
27 174
542 423
659 620
351 827
352 280
997 635
37 462
65 598
64 645
789 15
530 12
298 226
717 928
91 83
634 858
409 859
328 889
3 766
497 840
78 739
181 882
79 233
97 942
519 535
386 273
634 515
340 689
36 644
976 316
591 733
168 982
955 563
830 116
381 125
939 947
991 841
518 193
61 269
613 363
811 344
466 894
605 688
450 706
171 546
556 590
117 621
228 56
586 734
329 453
535 727
225 568
91 182
753 493
478 228
243 331
88 453
641 33
492 477
278 853
67 573
846 235
558 633
618 109
998 106
758 734
341 907
502 730
720 6
703 219
972 403
593 594
374 690
542 604
839 295
394 193
959 931
419 655
92 194
477 248
8 659
523 289
492 899
307 248
162 544
150 333
633 668
565 514
245 601
888 460
333 527
89 310
581 762
392 237
53 206
126 822
184 359
880 763
469 167
384 395
87 776
165 726
164 167
989 737
180 504
655 939
987 572
853 580
319 465
414 69
329 899
250 798
353 86
107 575
186 446
853 554
759 711
814 974
590 803
673 953
399 926
811 342
584 454
100 351
263 410
466 273
324 821
250 876
689 764
356 7
111 380
545 108
274 589
366 642
728 150
380 810
216 174
614 597
588 701
106 885
96 126
222 780
327 482
189 505
13 307
241 392
927 644
120 865
432 991
287 261
59 395
707 545
838 762
870 669
599 402
611 583
787 998
362 453
326 231
750 576
967 947
608 36
105 963
931 980
952 44
343 853
754 42
609 702
492 892
900 933
897 527
792 264
147 410
114 304
809 305
846 232
110 30
555 156
19 13
155 93
909 939
621 310
939 222
272 979
435 593
722 507
183 429
528 932
961 216
625 550
595 784
764 193
411 843
357 113
906 105
673 489
234 347
574 197
559 461
414 709
70 534
732 365
982 73
6 865
468 633
808 612
923 334
548 474
528 280
916 637
16 641
260 698
257 768
466 630
381 106
435 367
697 674
371 14
126 605
964 7
779 321
195 796
100 228
42 930
350 441
925 421
72 298
110 826
630 759
319 594
770 985
878 993
514 52
672 292
711 659
999 621
772 509
774 19
709 190
907 814
180 936
330 855
868 20
499 732
943 783
219 995
603 380
608 925
952 917
410 143
259 884
737 418
65 727
650 100
925 955
811 492
858 742
79 303
820 881
9 213
212 341
200 668
179 977
436 641
33 997
332 88
542 637
895 74
559 882
58 24
260 657
260 330
367 245
733 738
15 357
309 592
243 175
123 898
939 9
769 220
415 653
778 307
23 927
850 180
415 403
651 640
896 402
120 137
726 250
853 694
706 824
810 357
719 585
315 494
349 920
49 489
449 697
634 68
827 471
967 673
723 300
882 896
523 239
432 450
511 24
409 958
586 995
183 657
591 450
368 969
60 680
19 936
328 965
902 226
28 848
326 781
10 372
205 104
763 125
611 591
411 237
438 266
140 890
671 532
955 378
631 684
533 622
77 766
890 173
832 909
214 142
447 919
398 187
269 866
912 747
413 396
744 487
31 757
149 768
205 211
433 298
688 810
589 941
338 694
308 990
454 268
373 302
452 419
116 270
446 289
46 827
117 413
457 137
573 647
857 883
754 816
383 552
396 248
151 479
818 786
496 939
303 515
987 389
372 801
812 897
703 549
488 982
42 966
479 569
441 51
968 811
580 616
75 64
377 474
483 469
134 736
692 321
667 69
555 198
17 107
753 571
259 954
628 50
574 254
835 577
493 148
957 21
451 791
250 58
320 27
389 870
357 897
949 716
154 67
727 111
955 480
194 770
605 454
683 123
28 498
200 206
581 376
919 66
547 628
978 850
218 532
823 327
843 482
240 541
899 366
81 961
896 734
68 197
836 492
750 566
565 969
843 20
654 140
412 654
263 507
35 356
949 834
427 125
123 572
357 982
261 912
316 584
644 823
34 685
506 530
458 919
671 96
314 371
460 468
183 549
69 368
28 642
547 585
108 606
333 280
3 725
737 507
511 299
410 378
246 226
913 222
50 958
572 483
951 358
94 315
877 629
236 475
815 96
584 683
629 520
224 658
864 846
279 726
636 409
595 756
909 78
665 729
415 189
529 60
840 584
765 276
915 859
900 156
999 580
556 481
320 223
825 635
48 386
696 627
672 621
607 42
784 45
331 610
834 357
165 857
152 83
392 729
228 285
98 566
222 560
302 76
535 118
518 473
969 70
880 918
290 197
964 846
294 79
985 51
665 639
751 77
869 973
918 667
760 192
413 423
455 934
138 667
565 274
420 240
149 796
421 915
567 99
714 712
127 403
355 129
675 676
803 459
345 988
101 427
217 189
303 672
628 764
2 630
699 61
814 222
439 835
740 49
624 783
970 185
777 429
842 927
837 171
955 306
870 209
5 92
757 29
79 382
766 927
654 586
618 519
521 9
959 238
803 974
61 819
219 419
917 966
398 698
83 790
678 583
728 927
795 794
812 817
901 596
851 898
403 549
872 377
954 535
453 495
791 686
859 176
378 693
287 175
52 150
803 187
611 250
761 508
565 446
665 827
248 76
619 92
853 574
80 878
604 91
597 900
202 446
98 963
712 548
456 378
405 535
55 391
953 910
429 42
683 647
144 848
327 32
680 11
258 2
456 731
797 237
568 630
385 763
694 681
317 832
511 560
163 791
812 895
708 408
904 186
252 979
757 476
184 487
3 867
335 620
704 411
827 545
289 467
225 327
473 808
222 484
511 669
521 810
696 589
326 858
311 513
535 383
369 9
312 900
507 920
266 474
401 951
303 649
488 359
457 987
389 8
155 454
497 581
228 392
802 908
72 135
684 692
898 521
843 520
792 252
891 285
569 759
912 892
143 286
371 38
371 504
576 828
727 573
933 259
48 658
700 862
100 332
78 995
328 842
346 476
54 802
268 2
482 633
201 522
557 603
171 389
718 695
670 977
232 303
194 371
801 550
935 45
305 577
502 57
43 392
815 660
764 285
318 26
358 927
317 357
65 758
451 501
317 400
227 253
386 43
337 310
260 951
779 814
181 717
550 806
741 48
261 714
882 30
556 885
70 111
496 249
630 626
461 273
101 551
314 862
460 275
737 634
573 751
321 325
14 551
376 709
171 703
437 129
888 777
403 550
746 287
323 732
402 228
557 249
129 960
182 335
589 636
896 50
423 481
592 1
656 275
941 452
153 867
52 615
117 215
4 924
230 431
322 549
742 898
295 268
892 227
824 246
126 964
394 288
71 527
147 797
289 832
735 653
980 424
308 699
530 757
717 364
457 465
712 586
766 498
220 609
705 879
647 223
404 982
131 613
108 130
716 163
334 991
361 70
832 65
10 174
438 670
147 772
386 829
830 52
46 418
831 494
471 519
211 5
569 206
837 414
549 460
86 687
104 751
782 929
497 978
460 267
517 44
145 828
191 783
823 290
219 674
771 542
506 286
835 967
255 723
55 25
73 689
234 427
469 725
716 545
929 914
345 795
171 403
673 473
115 683
378 99
211 227
796 999
726 791
213 964
225 190
630 3
242 712
507 261
961 338
693 314
936 456
205 684
43 863
620 273
481 402
894 756
795 86
427 731
529 378
372 131
485 469
180 669
725 427
144 562
562 107
678 186
421 699
93 474
483 266
855 448
255 171
199 635
897 373
921 1
204 339
233 623
532 703
781 382
927 144
936 700
864 784
437 122
792 236
144 564
363 525
584 144
563 287
566 754
803 412
551 822
412 723
147 733
792 372
685 870
852 951
811 498
91 236
722 446
465 598
744 177
230 813
671 374
58 162
577 501
29 32
787 940
900 736
448 767
549 161
599 212
246 985
733 320
139 651
182 284
121 379
857 467
20 815
629 140
594 253
995 670
148 339
441 315
785 167
668 784
999 420
194 780
766 135
875 559
52 746
335 844
323 966
94 224
4 9
225 2
915 421
271 112
687 167
188 187
5 885
462 867
872 776
391 479
329 187
444 812
207 963
214 76
84 179
913 253
489 82
767 176
413 22
557 233
105 639
760 510
521 463
7 911
427 190
930 607
940 998
519 777
574 624
424 999
454 845
78 649
905 744
203 820
245 864
206 143
818 995
99 322
921 262
831 10
583 534
540 586
778 46
301 428
201 675
646 862
633 992
810 851
810 513
954 161
209 422
464 662
341 747
960 81
413 786
364 46
532 26
318 896
950 432
824 440
877 982
776 967
870 423
259 632
165 482
816 912
952 305
946 890
287 501
883 151
809 608
730 485
30 618
605 671
322 824
920 121
747 936
390 834
490 868
285 732
859 300
375 880
858 439
3 193
409 611
501 502
637 798
947 458
768 472
968 766
46 424
999 67
573 317
773 859
121 535
841 244
864 439
784 757
59 433
621 159
229 647
426 931
706 394
46 641
834 500
858 561
606 273
945 144
299 903
53 828
320 68
317 601
884 397
613 420
843 309
166 245
65 272
416 433
267 429
885 778
112 582
727 342
582 126
195 105
61 435
993 460
843 330
100 360
276 119
129 853
848 618
159 857
160 696
984 105
428 405
114 927
870 438
919 803
640 607
345 907
646 574
969 660
813 387
456 235
927 552
67 175
516 977
905 672
333 334
792 34
657 295
552 192
171 142
422 374
475 130
439 956
515 336
699 314
715 627
599 42
442 195
760 120
115 495
138 358
714 953
609 458
554 325
52 829
158 879
666 26
361 485
610 773
216 867
287 728
178 348
37 38
514 796
948 28
292 465
875 244
513 40
546 501
428 923
443 532
486 205
852 652
567 987
805 64
828 602
225 731
938 128
829 794
521 456
263 437
721 812
762 960
394 160
12 550
94 124
108 588
195 757
44 788
523 980
86 58
479 343
415 740
65 593
522 452
662 705
372 582
592 341
80 233
589 935
463 563
116 795
24 726
540 244
649 480
238 392
546 728
898 80
468 393
548 472
495 724
443 266
34 781
254 755
237 594
870 774
312 989
864 659
447 256
225 343
98 603
18 24
887 368
160 340
687 662
986 857
872 743
931 239
617 158
465 263
971 854
981 308
978 10
360 748
171 658
753 5
636 167
314 859
238 748
43 483
162 324
490 519
564 508
46 368
963 767
612 788
116 205
177 122
799 237
517 838
925 31
643 227
282 517
578 88
653 500
22 61
542 779
37 306
904 917
689 978
817 281
550 247
232 442
383 75
901 792
571 910
539 912
552 792
833 983
190 54
468 765
393 782
131 947
451 109
82 351
301 832
312 980
220 791
472 525
993 81
318 566
15 840
33 614
707 767
13 925
264 434
383 827
235 639
667 986
780 147
698 373
874 393
752 626
348 244
938 781
504 17
888 746
558 156
186 395
639 38
623 233
997 229
979 376
813 314
999 365
430 24
533 851
580 381
75 476
27 864
81 203
350 996
425 496
843 603
678 432
624 73
970 313
748 847
233 827
79 162
698 133
678 583
375 839
186 872
979 74
859 715
169 986
529 440
997 943
539 771
422 523
179 213
948 78
987 889
793 700
292 332
470 998
395 773
525 776
197 226
529 372
165 784
221 452
258 58
796 914
697 594
682 907
804 861
244 788
226 837
908 391
816 133
626 56
903 872
832 947
91 983
576 123
258 857
246 159
143 378
936 91
261 582
212 31
850 379
833 554
461 334
217 262
591 179
647 881
328 23
667 587
520 820
604 758
976 627
460 543
680 905
584 93
136 302
601 894
136 35
900 903
88 538
782 134
266 201
989 664
308 305
374 767
824 580
656 879
375 54
957 464
897 608
865 3
40 45
500 555
670 771
220 875
364 366
828 836
34 77
918 502
140 315
192 374
185 973
96 796
366 990
14 372
72 963
832 210
541 108
966 659
604 244
360 587
1 663
236 614
968 573
542 643
793 721
688 146
12 612
777 761
850 486
728 298
452 171
359 495
520 391
889 174
312 678
389 260
679 286
386 981
311 150
673 504
690 761
804 853
348 799
489 961
469 164
699 741
356 283
685 133
183 941
661 697
11 327
203 107
234 238
864 317
152 756
583 442
312 949
261 276
616 170
349 337
602 539
649 325
929 193
673 434
755 458
276 833
816 172
606 956
744 927
471 173
789 279
162 601
650 13
388 441
695 173
489 722
964 716
715 578
743 24
383 57
460 686
166 171
294 410
932 140
241 596
694 329
465 720
854 728
723 593
203 53
142 17
373 66
750 346
980 741
611 210
384 100
177 594
884 84
992 956
416 747
553 792
107 424
722 864
568 357
843 441
505 303
819 326
613 551
606 606
404 341
451 864
230 427
361 125
807 191
542 585
922 219
993 621
674 277
623 430
381 65
724 402
20 389
708 504
521 292
231 950
64 490
281 964
395 742
436 236
450 507
340 257
617 763
406 643
415 53
506 674
371 452
657 305
803 526
953 402
438 721
882 414
3 608
83 149
702 694
129 53
955 96
531 655
137 233
547 416
544 992
363 636
41 972
831 944
795 959
403 225
839 744
779 464
250 134
705 457
731 971
896 454
762 420
408 158
190 5
947 704
727 212
293 154
429 363
468 707
426 778
92 986
901 717
422 42
471 165
807 884
257 156
307 165
608 749
354 751
693 586
117 177
669 978
734 183
994 749
764 256
820 756
399 997
756 691
981 710
837 206
347 451
454 610
322 642
272 720
511 47
797 571
569 782
217 297
388 867
194 135
802 397
970 746
760 581
189 163
228 162
391 462
82 980
775 912
824 420
157 239
935 834
349 989
60 551
259 231
725 193
454 845
102 881
199 528
714 351
693 21
582 418
271 666
419 973
406 563
988 473
161 608
167 724
740 717
486 227
922 58
735 520
732 933
576 533
50 410
270 222
205 723
343 717
46 598
76 854
833 73
223 190
572 991
859 356
371 150
690 32
364 345
363 692
156 771
270 726
454 172
176 528
485 534
5 495
413 893
682 699
40 187
727 845
414 945
980 937
275 691
1 261
432 170
624 750
475 307
433 891
806 527
412 94
682 147
45 911
700 595
161 564
77 696
301 819
364 861
158 86
79 493
422 247
152 423
297 287
533 212
702 595
75 349
390 287
849 389
929 582
456 997
653 653
636 274
653 973
663 755
995 924
425 302
537 113
312 17
30 163
963 608
89 8
350 257
476 43
109 236
98 757
819 212
438 36
262 53
214 409
9 884
712 298
193 663
427 100
983 305
517 230
545 967
994 902
1 754
676 834
334 891
359 312
686 25
358 186
377 851
347 49
124 920
568 799
72 420
463 30
79 812
510 743
708 453
817 977
664 836
954 692
642 970
921 662
547 510
171 840
213 115
126 891
501 230
337 352
703 268
276 783
5 308
696 339
700 323
63 460
187 277
451 262
942 160
185 746
585 272
447 659
181 166
861 78
261 690
682 18
130 910
562 576
732 57
631 691
627 101
600 491
385 133
32 222
592 432
144 280
735 302
326 374
482 265
955 884
447 905
732 785
393 374
438 256
468 284
565 623
702 448
980 460
170 483
379 675
52 944
899 917
862 559
573 101
628 629
882 147
4 372
884 341
32 846
218 309
814 766
130 784
918 157
825 728
406 205
998 476
250 717
576 264
115 61
546 679
621 468
295 858
970 809
516 162
253 799
643 289
464 27
465 720
666 219
407 318
613 946
759 602
918 651
597 787
621 217
452 337
591 151
429 579
114 834
705 322
502 50
542 163
633 999
695 592
935 844
714 404
349 695
406 598
472 363
463 990
903 527
704 170
252 107
714 768
998 277
616 739
124 597
486 782
299 483
625 746
750 481
964 670
716 546
940 972
65 59
248 480
438 810
457 390
46 400
895 370
577 794
944 274
351 81
227 326
659 362
129 324
74 812
401 38
994 49
248 958
707 84
816 366
43 677
863 900
433 609
268 407
56 408
74 404
563 728
130 501
847 92
520 308
498 583
248 892
683 549
160 514
401 261
107 884
535 854
90 222
493 178
383 502
172 941
780 126
568 886
988 270
39 533
492 665
648 47
570 487
737 232
574 160
503 107
453 105
787 541
312 112
815 789
783 218
126 857
157 825
181 940
938 561
891 789
264 988
870 896
792 925
994 611
837 59
756 8
743 703
110 136
972 792
229 343
649 751
668 941
478 629
721 417
730 669
443 59
618 663
53 71
779 408
244 955
732 861
471 458
247 531
920 826
328 583
998 661
631 75
638 648
294 506
920 917
895 768
13 140
89 716
776 642
234 352
902 605
33 695
246 281
908 172
27 712
540 91
721 624
612 883
725 20
288 223
656 7
150 70
620 140
682 490
991 201
457 989
873 814
364 595
366 604
535 93
409 521
320 123
414 705
122 420
124 984
872 48
608 791
103 115
99 352
808 552
892 548
49 303
672 492
908 739
409 156
709 549
200 348
626 279
161 632
783 5
484 977
221 710
346 914
997 749
363 952
104 317
925 113
994 494
980 76
400 841
179 75
237 855
985 72
315 295
695 886
224 601
39 60
688 858
440 528
259 915
35 344
685 195
580 752
552 538
519 795
450 400
556 761
896 355
981 849
609 57
634 447
664 475
267 550
363 651
976 682
147 285
956 298
418 833
4 409
313 266
541 782
729 89
426 3
50 987
350 29
115 61
80 792
838 942
102 965
525 105
338 387
506 418
167 31
434 47
334 958
314 183
620 649
162 241
80 465
792 869
320 735
26 461
204 937
136 16
853 897
109 490
110 349
656 656
156 521
466 857
125 91
109 489
185 540
322 799
224 665
105 936
819 492
965 872
503 206
277 851
503 134
157 301
196 760
245 74
862 988
368 602
190 949
334 940
988 253
557 622
46 698
874 557
517 155
522 404
955 367
736 936
608 630
982 662
733 132
501 500
172 330
724 422
909 954
205 551
183 284
404 911
448 845
859 965
427 104
146 61
914 652
266 215
156 441
748 416
974 51
344 339
43 381
946 315
507 263
234 186
541 621
505 583
532 343
443 791
632 297
225 612
438 558
831 433
670 975
700 127
782 403
149 62
940 78
578 924
897 789
118 628
879 84
343 865
522 215
960 220
246 90
250 544
689 102
527 254
294 20
159 835
518 784
417 89
474 314
211 411
482 866
486 211
437 520
788 89
619 17
500 676
813 88
255 612
673 363
769 247
662 500
937 548
392 721
632 883
421 148
223 319
840 773
992 600
846 30
819 956
966 17
493 849
383 367
680 899
367 90
586 476
274 519
888 730
450 321
338 570
86 755
448 928
988 68
634 230
162 260
711 317
765 875
183 891
498 112
65 4
546 733
384 437
172 485
152 6
797 492
511 423
617 606
565 268
584 545
370 699
387 488
773 49
84 247
26 398
658 664
382 840
523 987
746 187
198 347
577 594
39 874
24 988
442 105
227 617
96 391
539 462
952 506
970 586
406 477
927 932
640 163
319 239
751 671
317 452
735 383
881 28
249 935
40 229
591 218
704 631
744 702
129 578
232 663
404 782
62 895
540 305
572 49
562 219
277 817
279 937
610 984
271 657
635 90
15 402
591 634
659 225
797 819
152 407
542 357
258 879
280 710
69 906
358 442
979 221
215 725
94 598
472 652
432 969
602 264
973 578
52 769
696 940
533 116
6 629
387 925
20 329
137 917
769 956
662 803
507 363
791 667
124 892
937 353
306 500
384 822
389 576
80 312
757 609
767 196
295 384
908 787
806 810
213 34
941 994
619 803
623 164
532 349
682 320
48 749
529 990
681 947
931 254
48 313
703 498
888 182
143 136
910 695
674 11
777 951
979 214
930 923
337 181
167 254
132 598
176 234
262 690
103 830
101 530
272 417
625 58
244 614
101 797
444 809
300 563
304 903
181 691
211 712
604 521
622 528
407 618
816 619
374 109
675 802
278 751
874 781
904 250
710 591
404 797
487 701
121 251
127 310
568 735
182 102
160 747
252 555
54 328
183 129
349 240
490 532
175 469
217 86
56 295
333 797
489 447
88 323
727 551
450 278
572 902
524 418
981 945
840 104
378 978
81 176
260 609
547 477
220 850
509 345
211 911
188 399
297 738
748 441
156 887
145 599
585 194
651 579
288 716
161 433
566 481
246 592
981 364
429 506
513 476
902 62
61 156
11 521
584 164
527 799
356 914
842 914
601 691
701 954
729 923
268 145
287 254
277 337
319 211
623 805
952 575
720 418
457 256
963 26
109 828
464 439
598 221
287 564
1 988
485 456
447 106
796 608
849 614
110 761
841 487
280 183
430 66
422 916
603 104
550 833
718 89
507 898
872 727
159 360
207 633
686 491
674 777
588 244
578 499
949 278
290 318
616 498
13 175
275 620
496 972
261 347
627 827
457 30
585 739
760 576
215 815
97 908
166 562
571 29
631 627
828 116
193 96
557 652
99 191
104 344
475 378
155 938
84 36
124 901
293 55
196 276
573 154
86 561
22 344
