3500 97209
247 91
985 393
614 687
920 713
966 679
735 852
915 953
362 582
44 966
802 545
113 927
802 219
277 605
273 844
673 979
488 570
22 905
632 560
982 309
981 397
918 249
173 629
316 136
589 571
426 59
470 936
686 880
774 962
773 780
171 45
888 184
751 10
252 830
394 492
307 307
732 772
924 327
945 310
599 512
522 901
749 496
554 387
60 545
707 596
696 424
621 102
962 202
860 65
970 145
448 357
946 61
293 644
819 93
756 599
76 876
812 465
373 611
558 469
716 525
172 508
207 806
256 787
692 542
610 221
876 54
637 309
835 74
590 944
207 832
526 226
404 118
34 752
623 512
993 258
183 131
264 133
18 393
87 857
58 649
528 529
413 880
132 955
611 63
627 61
146 251
617 895
187 142
266 469
82 920
431 85
324 614
633 843
187 407
543 456
926 31
765 387
782 237
355 949
729 487
524 292
579 705
217 375
727 867
147 607
776 524
158 684
907 905
945 853
356 573
530 815
748 210
885 589
509 620
432 692
884 358
124 849
354 508
365 712
129 509
626 530
651 570
396 340
899 780
345 561
599 959
528 667
894 68
519 305
230 560
161 976
901 374
615 591
934 131
359 134
429 326
507 826
183 379
605 687
275 874
804 519
463 997
381 558
924 140
26 376
613 316
335 429
991 12
452 628
291 517
772 293
137 969
605 724
661 596
602 108
285 790
75 873
423 603
948 59
824 653
293 494
610 620
412 421
792 830
634 218
782 923
101 878
112 550
872 366
292 738
889 936
232 833
105 145
445 680
399 583
983 447
710 509
788 469
311 861
803 691
253 378
588 313
843 823
771 204
711 607
280 431
105 19
67 153
537 112
654 226
831 121
299 238
277 308
435 622
286 46
88 535
769 906
486 900
767 498
187 686
763 265
777 740
129 470
385 43
292 624
563 520
612 848
314 166
543 400
635 470
945 578
146 562
289 313
731 733
804 655
66 235
951 892
931 337
859 103
712 193
99 366
295 926
217 897
738 308
634 704
682 921
670 9
967 591
333 693
619 572
105 178
353 713
76 463
300 910
355 76
525 99
747 551
103 932
432 953
717 75
641 717
967 824
486 258
771 152
274 460
999 194
184 601
99 562
548 906
781 202
119 513
189 488
733 36
819 530
440 416
64 48
982 784
272 770
785 169
780 90
416 330
25 207
571 595
952 331
607 981
726 772
89 331
962 351
668 427
455 393
917 773
969 27
390 239
676 322
59 468
761 170
38 64
106 842
317 857
741 174
971 218
71 916
591 945
482 662
938 663
903 660
399 953
229 886
43 396
905 852
808 102
964 85
918 510
450 343
671 593
765 836
815 383
493 657
66 235
286 714
222 676
486 426
999 313
258 116
545 194
917 822
376 305
519 269
470 816
24 81
206 268
702 963
805 585
336 557
891 452
795 974
486 919
112 402
479 828
722 53
12 817
613 922
789 679
867 186
614 400
225 651
910 773
894 476
436 931
923 672
263 472
536 780
53 732
200 504
93 597
29 939
864 46
706 815
138 578
256 416
524 918
597 109
67 931
561 811
981 85
526 738
225 646
487 205
24 87
717 352
536 958
69 563
22 566
293 154
528 784
664 464
148 739
915 796
245 913
850 852
593 633
723 793
728 431
29 424
994 367
627 219
424 745
495 521
164 812
196 466
49 642
843 120
741 200
547 196
933 539
613 814
515 226
905 648
28 242
657 963
271 478
617 607
977 564
613 801
618 27
367 382
614 457
872 666
242 127
326 242
697 850
267 659
91 293
688 686
987 715
45 900
158 975
55 287
241 598
842 303
169 138
268 79
463 833
812 226
903 631
772 962
25 800
300 217
55 975
886 165
819 143
177 319
912 837
706 316
928 614
225 919
249 364
492 824
734 583
663 650
892 110
461 828
201 721
632 887
214 57
973 813
595 107
528 36
678 446
423 823
513 457
706 530
895 722
133 539
505 77
468 643
880 709
846 675
687 817
148 509
204 206
173 632
271 261
96 664
173 589
231 729
750 266
408 903
294 683
286 188
453 517
540 991
833 358
105 979
620 129
582 621
616 189
231 516
180 990
290 946
252 330
943 511
115 171
610 806
211 238
342 630
988 451
982 461
363 163
981 597
540 688
303 620
377 417
615 3
279 341
79 258
802 604
345 440
680 532
678 958
696 196
619 490
930 140
82 176
427 933
336 437
531 11
214 456
355 838
306 536
840 792
137 772
617 541
601 470
350 302
441 318
372 609
231 244
208 344
116 692
948 662
151 186
574 616
489 531
886 955
163 669
257 120
246 572
288 756
63 4
654 365
203 735
481 535
919 391
696 434
998 286
955 474
187 204
156 415
770 968
63 339
393 96
632 253
39 795
646 835
775 496
783 600
869 105
166 683
452 373
466 527
559 377
987 305
555 398
23 883
454 544
16 995
518 141
151 205
996 485
176 389
448 497
501 177
431 202
735 3
864 121
570 520
142 501
124 230
977 83
646 418
486 580
561 655
985 868
857 234
548 828
53 113
266 263
5 770
616 140
787 73
531 704
785 590
358 739
468 4
744 926
934 423
718 136
241 334
510 816
532 736
753 398
197 464
976 254
443 991
626 64
510 128
690 792
145 963
162 588
228 834
405 879
486 923
24 731
750 701
341 163
100 822
726 394
22 225
476 67
397 837
182 240
804 624
649 608
564 673
468 871
622 493
984 261
223 155
866 566
211 91
480 972
630 671
906 581
211 756
632 460
997 125
565 293
228 112
664 448
938 95
193 948
964 468
309 935
81 587
925 33
340 241
432 775
430 3
116 669
520 501
418 753
976 830
133 74
169 440
719 118
810 540
172 909
876 174
582 169
813 219
84 141
645 508
571 845
374 923
219 803
634 868
576 381
222 356
41 973
506 949
451 347
666 73
773 415
568 675
90 681
283 652
85 902
95 407
149 159
188 750
591 721
537 866
118 837
629 99
411 528
786 807
567 115
67 893
760 896
159 426
491 36
45 781
293 732
14 879
127 348
535 808
170 318
392 96
576 785
176 85
679 487
163 363
450 390
462 256
809 715
151 994
867 544
741 615
750 376
935 944
363 830
252 847
332 829
208 211
853 271
591 318
501 331
589 258
684 552
460 128
125 175
419 916
495 207
852 523
873 764
353 974
910 412
461 269
377 609
989 117
189 139
585 872
754 764
53 899
398 258
886 430
740 615
51 775
952 500
533 806
411 36
635 413
326 71
85 943
678 249
382 671
647 257
197 473
557 145
500 139
436 854
823 285
689 589
861 741
952 231
193 778
705 949
472 170
460 496
535 178
654 674
813 712
623 157
97 268
172 528
571 565
651 465
193 238
696 993
663 259
99 802
13 353
587 887
769 479
696 284
125 731
734 406
491 124
978 255
601 363
202 377
936 931
697 304
443 922
717 930
380 677
981 334
239 734
963 634
800 314
215 690
661 761
292 976
359 525
891 998
18 618
457 451
891 174
63 281
909 875
704 508
356 107
547 319
240 161
533 896
761 858
230 964
750 601
783 139
832 212
69 391
320 746
793 541
402 455
117 318
747 789
142 997
798 442
47 35
822 285
878 881
999 3
164 65
296 616
377 112
304 905
514 211
824 608
989 562
299 203
564 988
659 423
620 653
235 154
651 931
303 359
798 525
403 174
232 42
324 668
600 113
602 846
414 746
139 684
364 298
819 277
656 905
493 186
946 783
110 117
677 430
935 799
812 70
198 812
639 802
367 317
934 582
509 64
82 694
900 150
341 120
149 411
579 911
968 442
340 449
716 893
947 325
692 669
11 611
514 752
177 108
372 855
150 655
507 414
329 771
943 691
897 861
224 498
154 313
835 703
810 440
955 791
320 644
620 25
351 5
115 868
249 90
60 50
715 846
416 900
362 1
258 13
269 626
364 651
429 513
228 573
322 742
70 283
675 335
17 741
24 356
571 517
217 759
209 564
992 680
350 17
674 518
807 379
103 597
994 666
232 190
523 691
418 904
368 609
7 345
829 232
103 665
789 468
223 395
475 768
777 904
754 332
188 176
219 45
405 151
538 163
71 795
608 431
458 16
550 415
119 365
926 354
474 821
400 332
752 661
425 114
228 487
865 266
278 983
750 716
716 886
889 283
31 348
797 210
344 867
747 136
716 841
42 604
340 514
364 356
805 498
499 996
978 36
903 160
880 436
547 7
943 204
635 466
758 754
594 674
490 931
2 313
138 417
100 282
355 436
467 740
533 759
635 46
821 875
232 336
94 357
996 667
318 343
261 456
777 590
887 63
924 762
165 331
960 47
409 800
36 465
338 154
997 525
976 339
218 166
945 231
544 621
892 348
948 48
163 566
361 323
330 42
296 312
288 721
927 480
410 704
322 447
197 625
93 509
198 196
395 537
628 387
150 425
244 588
823 948
928 781
796 915
467 3
867 502
425 614
855 505
813 956
168 514
991 490
944 518
227 842
512 714
220 289
261 360
411 269
18 508
402 113
271 289
503 285
631 319
230 230
419 692
657 364
258 887
150 682
833 652
651 96
528 757
734 899
238 809
445 681
612 487
211 937
71 268
156 940
722 456
307 230
171 488
670 276
374 592
675 117
368 686
255 671
434 766
51 403
886 646
149 24
617 233
526 854
93 230
942 959
208 923
714 744
503 216
855 610
775 847
529 490
836 588
552 799
828 123
240 469
733 917
972 452
320 86
289 621
257 698
196 548
663 990
858 461
910 423
420 655
23 381
534 849
78 70
89 133
942 959
696 36
251 288
434 679
349 496
808 405
520 104
379 428
621 778
48 659
780 689
173 26
471 147
536 373
573 209
387 987
741 735
400 959
369 11
182 328
960 656
488 540
178 118
794 713
304 92
447 626
212 531
246 944
820 980
673 648
845 430
215 942
650 442
277 722
43 338
730 110
633 73
896 594
839 430
567 14
474 563
128 365
294 850
248 711
452 530
370 503
341 807
486 925
148 880
547 811
348 804
423 717
711 8
259 93
170 147
428 841
406 511
832 260
259 904
670 567
170 146
491 463
30 674
567 799
369 56
629 732
916 522
894 182
858 257
179 791
608 100
708 177
890 278
191 403
877 748
809 940
467 33
309 418
573 587
309 936
811 175
486 246
673 807
197 968
256 923
304 202
384 730
224 613
557 166
56 521
287 292
346 522
129 298
207 795
581 327
685 99
202 637
396 800
128 563
408 565
129 45
639 999
112 675
235 473
884 537
834 363
379 974
3 734
171 600
432 574
369 634
709 653
540 734
909 844
263 52
429 682
15 179
861 691
619 272
373 578
325 793
713 356
126 845
469 611
212 213
807 292
470 90
335 329
712 202
330 794
902 208
804 528
832 556
422 144
67 122
243 790
545 290
933 927
459 258
337 747
622 847
505 354
837 703
208 312
982 648
128 798
808 71
357 496
129 305
778 69
396 747
308 881
971 394
431 450
828 12
589 2
863 154
896 411
775 72
547 426
990 126
161 85
559 292
678 145
830 14
53 948
803 837
866 913
410 251
581 970
196 155
595 921
478 711
204 527
34 679
9 603
136 644
157 522
553 227
804 274
937 291
211 561
647 598
410 517
955 638
153 156
874 362
569 888
750 267
134 448
163 432
469 936
730 557
342 95
926 851
666 374
590 954
339 697
19 926
527 486
272 62
150 127
866 589
263 698
190 132
509 181
821 874
293 507
823 130
665 443
532 991
227 680
463 753
735 73
582 786
155 58
131 215
136 532
204 350
442 563
173 491
284 375
638 131
800 781
717 508
216 816
595 275
97 171
1 502
448 698
132 425
400 498
326 247
326 444
809 102
757 224
527 63
460 922
91 622
134 439
94 812
123 995
757 677
182 575
398 535
895 851
244 311
151 165
576 6
342 87
502 461
18 982
180 398
93 911
629 597
529 218
95 768
332 651
782 72
574 159
327 337
485 515
364 212
781 986
591 562
71 681
777 764
152 874
97 287
536 805
677 585
69 465
647 104
464 814
951 934
927 32
17 796
536 133
896 613
566 29
419 241
279 376
19 505
689 675
934 124
153 587
840 365
411 117
501 644
652 503
460 547
597 79
220 543
641 564
883 771
146 3
25 901
11 318
422 55
22 351
757 506
267 724
670 808
514 299
178 316
672 440
479 487
981 188
281 35
283 332
535 55
700 192
677 822
270 441
853 847
861 687
268 213
372 343
668 862
218 859
509 104
633 319
794 449
662 910
33 47
414 789
789 318
422 290
220 438
215 274
844 547
118 565
94 282
89 325
838 969
34 692
261 344
260 929
257 613
990 656
13 697
680 641
582 307
17 68
485 105
45 154
472 817
10 735
435 312
266 974
576 636
480 103
299 386
23 761
596 490
213 422
462 95
395 821
637 585
137 541
657 894
723 721
182 994
265 183
928 946
321 308
964 402
740 222
291 137
290 82
661 809
92 69
996 148
110 490
155 87
402 742
227 433
38 760
482 707
838 420
233 94
675 695
185 67
395 835
835 581
949 785
181 99
262 977
672 500
231 181
119 933
234 186
987 927
627 137
393 336
875 15
953 919
60 17
519 715
670 757
634 341
765 999
178 625
118 841
559 961
737 104
774 310
966 4
508 691
438 486
164 672
798 408
396 942
968 983
864 123
603 573
161 434
28 728
234 403
590 47
157 436
134 917
173 953
772 108
830 828
814 281
230 275
22 294
977 550
95 998
961 137
785 377
771 852
258 172
727 500
657 522
976 644
91 791
639 819
520 895
911 167
131 569
204 287
784 420
842 569
650 823
506 967
480 556
358 970
784 877
318 682
480 922
973 115
168 657
293 478
6 771
982 377
50 53
895 53
630 278
332 139
697 656
306 7
975 733
397 130
806 156
859 488
163 938
972 976
798 266
961 906
717 69
647 619
700 161
666 244
607 565
571 525
96 706
241 735
912 744
430 697
332 657
191 181
127 420
812 663
931 210
366 529
679 527
906 417
888 520
493 888
949 837
793 823
979 405
741 781
842 803
250 180
819 56
274 276
81 28
600 468
130 253
95 297
822 287
250 672
855 190
679 925
302 661
735 76
303 371
371 906
462 159
590 430
680 711
989 809
16 662
535 586
811 420
182 761
379 577
522 158
333 536
360 535
515 612
761 538
182 271
757 240
350 959
216 22
122 315
499 226
773 477
786 607
526 175
950 226
267 531
192 607
643 762
771 935
994 480
574 810
576 102
661 942
445 244
199 37
709 756
717 328
837 67
373 598
338 83
668 378
758 584
302 871
308 691
282 121
241 589
863 861
888 126
711 64
358 458
210 554
49 89
73 779
574 853
740 997
37 38
254 117
134 692
21 709
757 187
637 294
807 192
484 550
394 865
10 144
891 768
28 739
281 261
731 269
894 579
732 222
77 727
899 957
232 162
500 901
293 539
368 632
529 303
462 422
283 683
833 353
510 602
797 778
433 482
393 963
107 81
530 178
848 245
172 451
34 781
843 542
232 174
153 789
3 385
521 887
861 457
748 181
820 526
923 684
923 705
284 444
129 424
807 179
615 582
406 817
655 316
959 343
995 728
895 322
197 387
918 797
312 768
797 888
747 726
451 505
141 523
211 288
229 878
34 883
692 610
879 608
297 30
618 317
310 669
573 178
822 781
508 242
470 349
212 857
543 150
131 663
245 696
623 421
793 119
87 394
542 872
419 247
449 506
883 206
865 824
236 677
292 679
671 999
502 26
212 734
5 734
27 24
337 947
499 214
575 914
106 472
471 379
936 65
107 14
917 812
891 169
308 768
433 703
274 476
56 579
843 46
355 827
271 257
172 914
172 33
669 625
145 298
878 825
270 621
9 140
896 260
655 419
674 414
781 524
663 966
505 221
647 389
681 609
776 904
185 149
680 661
950 763
146 413
601 266
911 399
527 125
851 668
673 675
642 611
361 747
984 243
722 730
445 256
444 242
383 334
964 559
167 457
672 230
671 787
641 33
945 738
54 928
948 793
544 153
459 704
480 343
303 723
316 697
572 849
464 513
77 156
532 290
595 951
851 482
233 273
564 276
201 768
189 426
58 933
438 130
980 124
890 309
419 805
214 813
587 472
598 930
935 925
785 618
445 45
257 239
562 232
117 607
487 427
397 478
535 835
442 510
235 778
655 121
735 817
884 740
959 931
730 948
230 202
578 361
437 888
448 406
199 91
671 207
330 294
919 284
975 872
588 912
147 104
654 926
94 145
825 238
166 250
817 350
434 992
653 561
717 147
66 639
346 536
287 393
64 218
788 75
269 362
808 873
277 923
610 92
915 657
639 429
109 271
772 236
707 894
86 412
140 244
308 791
893 890
437 805
86 477
857 603
390 376
160 370
311 98
166 575
866 636
703 324
549 713
573 338
229 576
965 872
150 857
5 424
129 179
76 190
221 658
212 438
171 48
473 801
672 253
711 167
520 656
346 968
450 169
780 819
194 762
533 366
322 251
948 643
253 626
618 451
249 577
572 877
490 501
814 798
641 25
653 903
493 976
546 318
839 814
715 699
434 313
422 412
722 78
272 556
495 64
508 477
819 272
18 816
160 284
843 898
431 303
220 949
61 598
206 748
750 140
771 968
878 231
255 102
856 281
34 286
222 419
309 197
692 654
907 906
475 782
369 556
339 110
169 863
284 827
713 299
891 584
1 455
794 693
642 505
250 421
436 115
537 414
677 951
69 719
691 820
473 101
145 140
514 788
974 573
352 499
598 438
299 342
758 304
671 57
505 1
659 679
43 981
555 894
542 521
438 645
394 744
948 588
790 714
75 948
577 275
857 617
950 487
315 854
249 507
501 747
614 311
367 874
37 951
508 525
826 766
779 105
612 413
281 936
179 349
746 944
896 909
687 320
883 123
231 907
321 819
745 994
919 74
961 208
503 493
215 748
463 98
712 226
521 980
457 685
739 233
890 957
240 624
59 311
296 867
864 451
78 56
990 90
418 858
380 75
176 885
211 938
929 663
991 122
506 868
190 966
261 53
673 22
326 758
359 139
766 318
333 604
92 567
79 992
44 570
108 823
413 817
979 363
517 726
744 574
815 693
578 660
603 38
895 258
966 909
362 783
875 889
312 739
573 376
78 556
905 998
190 440
642 598
102 923
286 619
657 63
327 507
776 320
660 632
18 43
19 773
769 704
891 11
457 641
249 627
604 916
614 167
747 16
898 733
758 112
120 936
431 160
55 872
913 4
627 367
4 899
971 982
76 841
25 438
296 520
730 987
611 463
655 385
547 718
788 628
725 557
677 209
692 87
105 183
361 661
302 746
361 767
675 585
130 696
662 16
360 664
844 84
709 628
231 145
692 267
868 209
337 194
706 578
749 47
90 438
650 943
242 945
670 541
879 937
201 386
441 346
705 859
139 388
502 465
209 442
684 383
350 145
452 14
238 233
391 989
607 396
317 571
59 767
16 236
923 295
451 983
118 132
742 518
291 358
475 194
62 48
595 896
585 38
500 354
193 818
890 941
150 37
190 603
579 795
669 355
402 961
278 870
872 847
648 45
81 940
849 769
694 695
600 299
868 253
589 859
883 507
140 30
673 118
730 187
328 116
469 642
507 275
96 307
576 891
751 660
4 651
737 921
804 138
855 654
879 227
933 688
571 341
477 292
16 732
774 997
776 598
420 309
525 120
592 515
638 807
688 384
993 920
972 188
195 255
999 792
978 280
413 785
206 449
808 131
804 298
241 287
176 553
687 690
489 542
354 145
298 822
838 822
588 276
752 290
707 266
813 469
722 310
160 149
426 854
302 879
359 330
780 647
909 130
643 305
719 412
231 819
144 462
667 2
29 276
878 591
209 424
928 246
126 494
432 516
596 915
920 373
424 198
997 5
12 618
299 102
671 457
259 274
992 755
529 135
258 521
448 242
738 930
234 502
572 728
234 527
311 827
533 13
198 520
168 352
692 42
571 834
156 261
23 36
554 725
681 330
539 749
440 714
776 297
476 955
38 632
385 589
663 788
868 991
854 624
828 416
432 599
313 905
645 290
727 660
582 395
796 332
396 750
446 162
725 791
670 740
343 449
493 531
888 83
4 699
392 473
242 969
568 733
567 188
578 948
898 828
70 333
430 645
566 768
380 228
867 739
820 140
35 963
244 947
300 484
634 836
742 616
896 936
250 79
873 336
575 227
963 301
824 287
610 598
760 174
683 323
445 181
851 825
46 440
150 678
654 340
621 249
411 409
915 767
787 205
657 285
968 495
343 401
709 19
683 462
738 918
704 200
285 316
562 798
646 111
539 804
641 378
340 370
517 701
340 381
541 133
799 669
775 99
857 888
976 253
907 485
41 968
980 104
78 63
855 722
66 988
693 884
324 492
479 740
647 57
731 462
861 806
125 255
860 935
212 799
404 825
920 641
682 139
449 412
292 526
152 905
990 666
915 595
625 426
675 729
846 617
884 60
668 234
885 813
540 832
824 261
845 779
868 895
544 866
608 489
229 604
650 311
112 754
18 796
42 22
969 225
735 636
785 954
409 961
127 493
164 683
157 494
599 798
712 160
696 515
316 401
661 534
480 962
971 529
432 483
144 329
933 528
682 124
368 26
414 203
579 942
88 37
196 322
893 222
473 841
976 172
972 646
100 831
717 547
495 760
153 167
403 125
173 756
76 951
773 967
494 558
477 277
178 592
659 827
437 437
526 638
737 75
666 367
440 748
369 682
532 946
437 390
302 457
491 541
855 429
459 606
896 895
603 2
677 87
799 473
987 223
25 864
724 638
385 124
857 420
958 200
650 707
684 425
551 83
225 703
129 135
669 490
592 81
102 414
767 348
778 228
600 775
154 507
89 722
407 423
735 221
8 448
783 794
266 374
217 812
390 937
107 35
370 779
992 828
557 935
825 592
76 802
619 349
412 906
358 111
390 7
991 157
80 288
807 675
520 174
318 797
57 334
314 376
554 261
240 387
98 442
672 690
589 278
774 993
218 503
473 600
184 729
826 830
597 452
513 577
755 577
1 188
286 240
321 909
499 783
640 48
688 92
62 825
761 392
232 482
896 504
432 892
891 474
848 718
440 407
233 547
121 940
881 470
657 721
812 909
364 68
982 158
928 592
364 37
441 530
508 495
396 751
616 875
762 221
224 264
306 337
18 14
135 548
956 83
115 342
642 993
666 589
73 610
369 162
705 265
110 327
699 915
970 710
216 444
216 224
191 122
630 946
28 75
407 661
504 775
467 799
553 617
469 235
862 61
711 637
730 192
808 423
868 704
227 167
905 340
498 977
621 939
552 408
834 94
886 450
727 141
625 752
180 999
213 357
556 69
411 951
618 179
472 443
658 756
370 311
747 88
934 790
204 805
151 280
794 274
970 795
451 747
985 353
663 392
137 702
563 988
407 679
881 281
253 399
513 382
402 748
108 609
506 764
442 252
184 740
611 377
958 962
258 871
194 940
365 24
981 540
93 976
75 943
512 487
320 646
832 645
765 676
869 306
551 852
562 269
296 691
640 684
682 587
865 137
234 828
94 825
323 930
145 244
697 509
340 491
492 880
704 850
419 356
271 365
664 428
706 835
31 928
100 170
176 77
137 294
394 442
671 487
301 814
849 916
589 177
604 141
213 99
630 538
9 66
431 43
432 699
657 965
993 517
221 350
934 45
433 419
317 171
471 825
575 299
837 970
589 620
161 99
629 879
104 739
258 108
716 732
984 750
181 967
879 396
989 394
700 727
723 415
326 950
816 542
606 191
770 397
415 482
792 272
31 265
992 506
829 720
118 296
462 521
250 615
601 905
214 936
366 814
519 811
535 153
720 179
977 206
994 184
550 139
601 238
392 12
869 619
795 933
352 315
948 259
122 164
295 759
117 168
793 97
988 883
291 691
839 779
141 758
761 333
435 118
494 913
955 381
360 466
586 719
687 937
100 151
376 528
327 976
993 715
655 263
366 312
518 169
371 891
219 723
350 337
867 12
107 12
331 377
101 433
664 828
898 1
207 950
691 839
115 959
624 97
136 263
797 832
347 796
239 974
121 879
226 958
291 54
26 51
764 840
549 84
806 103
782 161
304 782
426 938
977 500
761 237
123 789
345 674
846 335
60 552
7 3
201 289
571 772
967 425
653 34
28 114
617 618
589 737
449 481
109 240
66 84
677 105
37 315
251 491
851 962
579 356
175 535
68 990
825 852
524 113
934 144
787 735
815 785
887 848
817 944
594 48
569 536
885 411
996 660
875 638
848 953
820 222
56 30
771 177
153 271
549 404
680 456
662 283
958 714
102 603
9 698
906 903
757 423
454 280
362 126
5 287
236 214
535 907
565 84
803 191
536 122
442 340
515 840
407 96
265 216
321 44
75 835
446 763
580 735
944 4
934 108
727 303
224 764
985 666
389 76
947 883
101 12
972 864
48 412
130 593
966 318
987 61
342 806
540 394
545 925
241 335
633 324
675 169
444 199
55 407
251 161
455 893
498 405
57 6
137 655
144 997
663 492
777 94
777 374
199 443
388 468
949 734
950 783
903 186
356 163
190 551
581 980
273 798
782 309
439 151
651 948
282 23
659 988
865 17
785 835
14 384
558 289
176 731
191 250
844 998
91 281
200 411
694 861
554 897
361 32
877 783
550 464
957 160
400 852
630 930
583 791
83 954
255 689
315 289
756 873
234 320
55 383
137 745
951 705
63 747
900 335
579 501
743 140
245 666
320 940
110 727
69 276
887 560
32 177
996 272
699 134
171 781
888 776
76 542
77 109
532 91
671 464
298 650
449 877
445 682
877 206
54 439
510 818
4 617
870 553
323 813
239 141
910 748
433 412
744 486
302 535
211 856
801 813
342 972
492 829
588 306
39 164
915 155
22 403
925 32
571 890
859 693
923 790
127 930
376 584
436 230
803 227
46 997
794 669
499 754
999 831
72 820
281 278
331 834
243 351
591 194
654 288
15 414
412 335
833 267
855 988
751 845
595 769
716 81
223 125
640 33
298 733
653 356
708 161
798 535
967 885
674 276
197 743
214 496
179 943
485 803
959 73
731 23
197 376
360 528
182 992
561 924
778 692
983 387
432 987
125 537
536 374
75 350
680 384
201 455
318 788
619 321
773 29
381 77
311 398
546 523
999 994
788 769
320 4
76 839
130 927
385 382
615 972
979 871
281 154
365 399
338 902
992 796
900 538
743 620
872 827
878 860
468 540
260 349
628 863
923 543
297 181
646 781
676 230
547 470
538 574
337 58
803 957
8 344
186 798
504 136
556 219
787 122
481 296
394 216
307 872
110 77
759 706
568 117
940 436
574 696
899 981
416 954
120 887
570 118
729 122
382 452
404 753
668 959
65 664
779 656
748 261
268 633
475 11
422 632
323 890
538 824
204 556
688 266
930 665
573 283
753 363
120 997
697 493
304 617
945 242
52 375
830 336
267 751
15 465
229 672
8 271
818 446
948 160
743 653
394 873
669 101
480 986
378 572
95 373
137 476
405 770
83 954
617 25
768 998
151 42
179 367
548 240
683 268
271 918
146 351
177 24
70 303
770 882
702 572
153 434
719 752
819 520
484 215
544 718
287 978
317 141
919 570
663 819
103 767
646 535
88 478
324 283
63 530
871 533
826 337
113 147
129 99
110 820
10 571
683 687
491 921
422 199
366 917
561 196
963 358
842 933
561 325
201 307
946 313
20 429
772 445
502 537
45 963
606 501
461 343
361 625
864 289
992 534
36 912
435 835
713 706
191 629
587 794
840 60
620 994
164 235
30 109
254 712
313 747
116 244
29 913
679 277
925 657
38 659
933 107
196 959
501 956
312 343
458 876
527 753
990 822
273 284
609 436
170 902
485 567
179 286
112 766
11 296
471 121
920 91
739 997
266 797
245 275
303 589
433 507
401 380
331 129
282 165
980 390
24 526
752 90
382 561
87 243
385 880
446 148
538 179
812 426
961 978
41 957
745 146
496 502
747 293
504 474
343 99
61 582
709 424
909 378
742 827
863 835
405 928
286 218
976 861
484 801
14 80
811 868
507 666
615 997
515 206
85 508
482 876
609 782
401 734
145 428
468 664
766 221
244 49
466 610
234 458
408 589
444 12
555 494
177 536
544 426
825 693
654 425
125 658
37 429
424 234
214 699
917 171
757 631
714 74
679 463
816 463
94 219
936 115
313 841
484 844
482 737
778 519
83 262
167 197
619 884
768 558
609 253
281 627
807 480
726 931
193 862
234 770
600 34
44 493
400 429
774 642
126 363
428 537
998 374
783 137
610 822
517 647
36 18
486 988
398 856
19 365
688 980
72 96
34 399
282 771
475 653
149 390
518 801
458 478
176 276
102 781
716 854
92 970
370 203
240 187
883 98
342 695
102 343
970 718
208 355
573 335
694 861
576 793
872 395
751 596
701 958
259 974
819 323
401 716
183 677
660 571
809 449
553 300
58 190
571 970
253 703
63 646
90 620
324 120
193 212
939 142
975 700
866 785
670 356
440 189
378 239
163 757
548 633
985 333
336 774
602 32
86 71
450 666
968 44
656 596
934 224
736 528
961 220
980 482
410 913
542 275
680 943
531 757
336 333
183 113
345 350
946 434
946 617
15 254
150 654
638 139
152 549
916 647
791 549
811 726
705 705
109 720
813 938
221 44
575 560
629 998
339 518
764 504
352 721
905 922
143 574
223 495
402 535
486 516
763 794
660 948
928 767
686 136
49 882
462 725
529 512
415 824
610 238
990 399
365 809
95 286
897 140
528 912
179 824
120 776
357 679
833 203
133 548
49 395
10 716
441 113
477 914
256 506
336 431
311 905
57 504
655 875
636 862
695 145
140 294
519 605
345 574
718 25
257 714
737 459
477 840
778 77
24 817
21 333
556 629
127 233
393 329
296 377
300 379
674 554
330 702
790 358
50 942
962 703
441 7
670 948
819 993
785 502
354 523
633 14
187 361
746 636
449 980
891 503
23 66
840 459
659 590
887 848
185 176
13 36
838 256
489 46
718 680
6 955
344 233
584 900
938 982
385 467
459 215
987 62
478 334
956 578
658 581
357 774
557 191
444 43
444 809
387 37
357 147
593 496
650 146
327 692
699 284
205 845
832 487
785 806
186 744
648 426
156 131
888 680
27 8
953 888
266 761
552 114
193 514
324 365
507 483
914 718
237 993
673 263
976 282
945 209
334 94
417 707
190 126
767 963
514 874
3 787
234 693
73 17
676 310
202 454
284 342
718 469
705 331
175 257
184 910
536 409
187 706
884 174
209 42
857 780
894 754
900 517
284 916
716 205
389 367
497 109
693 327
489 851
974 502
851 578
315 552
197 850
597 85
676 461
913 244
763 644
129 835
554 628
11 21
166 420
903 842
302 434
197 896
687 951
190 990
854 574
858 222
150 1
804 705
780 704
317 226
302 777
517 821
652 795
51 68
971 139
726 657
246 171
12 612
352 631
502 808
573 568
316 955
562 983
468 241
335 336
159 520
681 514
839 849
362 792
114 254
600 994
236 197
469 516
439 448
777 836
968 842
254 476
565 620
75 942
12 992
21 512
456 317
323 636
203 309
442 906
211 721
54 87
535 901
978 748
835 314
369 674
214 151
275 754
478 860
361 315
371 850
852 513
440 211
30 872
974 909
425 882
960 477
892 730
469 195
793 325
30 208
633 996
881 521
673 647
52 824
348 195
158 111
178 235
355 278
23 219
147 52
232 232
289 575
639 761
103 955
830 714
252 410
642 957
486 504
65 298
558 209
850 402
610 258
174 929
410 152
715 588
174 709
37 429
515 465
520 686
516 757
9 976
815 737
153 999
828 735
271 771
633 19
325 93
115 132
