3500 5000
573 566
437 28
777 163
731 671
307 352
24 290
818 959
578 4
150 599
853 977
122 595
457 419
293 773
494 690
336 260
719 596
584 182
739 636
854 489
678 266
469 475
992 19
387 792
258 377
507 581
740 728
528 461
36 405
313 104
767 983
420 613
668 824
728 683
644 563
441 289
915 307
667 614
84 493
898 719
575 925
158 156
381 816
498 566
820 224
877 918
213 920
864 279
792 492
962 187
949 664
832 845
389 89
325 458
423 627
2 725
473 106
339 389
308 299
866 662
267 677
95 600
917 885
237 59
362 868
584 743
914 299
531 83
371 207
695 246
721 839
994 352
115 312
886 845
382 945
382 624
494 247
465 944
50 118
728 789
240 10
601 815
822 957
66 996
790 869
74 332
582 407
289 310
997 519
27 220
112 541
348 17
239 843
192 836
533 578
342 578
73 327
497 403
436 532
813 210
997 138
639 54
169 299
161 220
345 292
798 901
20 845
106 678
626 175
172 537
228 395
142 785
946 382
693 125
37 708
891 463
218 34
885 832
30 142
139 583
890 828
14 641
329 993
508 643
511 844
832 571
702 324
696 876
972 567
385 219
298 983
873 463
545 857
916 843
501 885
746 256
831 746
324 456
401 866
37 351
75 115
752 565
358 605
28 523
980 410
315 117
806 789
878 62
921 81
778 513
355 459
442 105
466 160
769 612
832 449
292 921
214 767
370 640
693 95
121 649
581 457
990 975
617 134
247 284
400 906
953 307
653 336
910 508
22 527
596 736
201 784
234 696
765 978
825 622
962 151
698 372
481 461
905 965
359 729
452 608
818 285
252 989
161 236
981 672
642 294
649 317
111 109
626 658
364 14
131 613
816 43
660 149
211 889
735 588
125 378
848 951
269 336
454 144
88 451
305 270
327 791
579 684
661 206
101 873
470 102
351 143
132 24
352 883
475 904
226 381
687 738
379 958
710 485
92 233
635 933
444 926
688 430
222 195
988 410
433 403
64 672
26 868
180 780
157 898
806 399
703 802
596 779
924 905
251 850
525 771
813 375
217 576
708 139
755 361
803 728
505 552
693 128
126 796
243 637
525 681
582 888
991 581
13 744
520 68
292 55
837 537
842 90
41 623
377 577
954 213
577 145
357 979
220 297
606 792
204 258
321 652
426 880
427 679
282 866
786 391
860 918
972 202
521 340
587 188
518 54
383 978
806 375
360 35
743 870
941 907
219 569
411 140
526 352
779 58
93 763
298 776
836 169
801 311
288 113
319 835
889 656
252 251
848 46
281 979
626 454
131 572
224 60
960 784
951 334
651 809
171 383
112 649
960 273
15 245
134 893
173 241
596 920
951 557
988 595
883 394
385 796
442 927
481 110
40 798
670 496
665 435
914 842
437 129
317 649
516 350
264 37
988 381
166 422
49 485
880 214
428 71
10 783
209 216
581 917
345 739
223 601
56 884
905 12
996 496
690 826
178 616
353 223
688 141
289 973
951 585
739 186
127 849
16 636
161 567
545 730
627 993
901 415
212 534
393 723
375 824
783 384
285 762
95 85
707 386
920 282
166 12
608 636
817 732
447 984
380 466
613 49
934 492
915 3
580 231
944 923
82 774
343 43
943 474
64 235
388 722
277 109
398 303
384 557
508 981
935 696
145 708
510 230
875 248
623 922
581 534
193 915
190 105
247 242
380 294
662 637
459 608
158 965
263 108
150 965
608 758
667 677
8 733
69 478
473 426
440 345
887 775
371 106
683 721
531 948
311 419
480 915
716 226
521 736
864 522
504 355
869 718
88 902
266 501
521 971
590 788
44 699
778 115
30 64
634 761
232 540
949 666
364 740
317 882
741 881
939 404
470 285
695 861
439 802
555 3
885 577
70 529
349 346
176 673
193 681
42 838
18 972
944 301
798 715
625 613
546 247
134 146
434 844
689 105
128 475
591 750
242 694
621 450
133 212
73 415
977 781
291 60
608 549
147 604
338 174
691 15
565 673
401 613
872 315
570 181
205 652
24 587
599 999
862 602
181 106
720 302
613 714
997 44
599 972
594 889
756 676
933 321
352 438
683 579
399 703
360 645
795 390
180 826
578 468
652 386
860 886
14 474
636 291
561 977
959 124
672 820
996 497
844 471
52 65
815 322
357 785
63 934
360 309
634 875
362 388
842 559
840 750
312 838
991 529
826 260
256 559
294 386
610 739
113 817
626 751
801 530
36 382
888 448
701 787
133 102
580 287
248 508
241 493
634 520
938 181
533 139
408 173
312 698
829 40
568 784
469 883
414 160
130 644
86 183
280 952
411 249
772 322
814 164
77 70
450 802
237 125
398 502
525 326
161 989
15 12
824 638
565 884
1 917
345 963
166 61
767 401
294 31
797 698
49 171
944 282
815 780
406 322
537 838
179 550
563 946
386 474
725 534
346 821
823 608
39 197
724 97
50 634
736 589
601 942
746 802
575 840
977 867
722 907
608 860
268 849
188 27
864 697
441 812
512 241
686 41
823 670
617 289
710 392
474 554
310 186
23 293
921 156
286 835
840 237
736 359
856 534
156 622
555 606
896 643
954 386
909 596
282 595
470 95
604 956
775 20
21 740
338 304
899 668
332 14
42 459
113 304
685 12
521 621
118 19
829 246
269 886
899 188
156 451
547 962
765 89
773 90
512 239
859 195
122 822
374 534
83 871
436 839
85 938
227 869
446 883
985 857
99 757
416 102
292 264
70 565
121 793
465 85
914 62
413 174
391 311
302 207
800 23
398 888
727 386
863 169
8 210
226 635
16 363
65 432
250 447
558 412
159 277
218 926
426 777
378 521
244 986
857 95
655 331
448 540
945 116
738 178
511 817
239 488
755 116
332 139
260 672
589 335
645 110
524 662
125 85
125 332
666 968
426 111
366 761
355 741
51 80
531 592
807 898
708 230
886 522
817 104
75 444
992 632
710 747
404 553
710 298
579 434
695 124
677 227
537 475
524 699
572 849
485 763
211 746
727 953
116 230
909 119
510 503
284 946
71 81
408 634
33 18
817 824
735 255
669 714
425 953
598 629
24 590
360 172
189 51
743 480
943 654
786 997
634 20
862 171
204 911
641 617
205 240
606 389
417 770
572 85
657 694
260 175
468 630
75 978
769 424
295 833
897 237
905 500
395 85
130 348
156 354
7 706
713 869
362 631
837 816
245 373
403 344
469 781
723 495
107 110
301 138
453 613
781 378
491 857
794 345
459 396
543 896
259 78
169 829
975 328
28 865
54 37
969 965
170 557
807 971
194 402
904 54
873 338
279 10
944 652
453 563
546 742
173 262
827 612
684 348
424 145
256 14
224 393
382 607
393 140
690 534
845 726
152 680
801 105
496 225
255 583
784 550
474 748
659 771
381 379
767 333
115 562
416 836
258 728
75 928
749 85
596 441
813 767
157 152
311 646
299 792
196 554
97 12
941 463
651 751
136 352
28 572
424 717
920 728
87 471
964 757
120 43
238 838
642 550
400 279
64 803
10 413
307 544
551 483
419 788
675 477
925 104
545 39
933 355
524 972
472 860
54 761
666 480
158 667
876 592
195 505
475 2
701 969
472 107
168 680
823 155
115 480
332 89
705 324
344 393
963 205
919 993
563 241
974 175
256 805
296 41
497 400
259 837
673 366
230 166
685 327
144 582
910 406
103 41
283 905
510 827
876 457
972 630
674 152
412 604
157 486
830 467
432 42
520 246
500 516
128 321
181 801
906 900
615 994
333 662
753 594
925 681
566 929
956 222
361 814
890 221
622 139
483 605
862 267
941 675
305 969
46 55
937 412
400 188
354 455
130 883
635 128
286 672
971 871
928 240
102 978
719 519
190 422
459 462
887 147
701 491
290 972
933 426
998 416
477 549
338 805
579 521
525 857
255 45
268 329
323 93
958 327
206 115
295 274
759 578
316 148
470 562
558 298
908 370
267 516
137 352
639 423
347 346
861 753
579 198
369 698
761 213
268 161
236 254
502 940
395 356
295 820
531 891
520 57
207 571
676 438
611 724
253 84
665 87
571 864
122 500
627 495
189 459
646 747
613 315
967 332
14 6
128 138
150 812
786 490
906 544
695 234
622 215
558 864
450 875
307 56
604 512
7 749
462 912
866 668
21 728
173 173
544 203
452 630
837 215
847 663
598 531
595 800
48 941
557 887
367 484
777 249
506 71
448 504
389 656
62 372
174 256
57 962
92 221
142 169
76 568
420 816
86 872
109 675
980 496
713 848
232 876
160 767
74 712
824 30
956 365
954 791
664 518
42 870
796 16
69 517
923 20
327 736
191 628
235 856
663 363
332 932
938 802
372 98
772 532
972 230
131 394
75 295
964 758
803 524
297 746
483 776
419 702
997 659
146 118
990 12
823 326
964 227
608 816
488 325
401 436
451 105
105 117
315 342
573 616
655 746
358 912
628 321
448 134
128 174
883 44
835 900
399 33
520 379
360 260
238 498
421 813
354 983
123 334
318 578
777 745
815 362
23 569
693 265
953 523
389 350
673 430
959 591
886 62
48 506
215 508
109 297
495 903
739 799
516 320
6 180
337 815
613 390
411 831
88 296
693 477
601 929
216 238
832 213
583 210
243 372
943 240
736 120
571 856
897 892
733 995
52 40
509 826
470 169
829 6
147 523
904 780
430 448
851 763
457 11
727 414
308 350
585 129
893 91
174 203
293 813
193 843
967 20
647 154
596 208
280 370
660 202
621 919
640 270
127 755
201 698
419 879
997 94
548 569
28 786
778 970
442 294
311 384
35 383
808 652
620 494
708 282
246 950
912 46
928 759
13 942
676 746
889 849
40 547
116 654
769 250
719 423
945 640
61 569
585 751
564 490
296 241
915 273
952 424
330 916
735 612
832 793
173 517
80 758
370 355
90 650
876 780
161 1
131 316
960 269
436 755
9 722
886 500
398 537
993 126
910 790
319 623
630 560
802 759
93 361
635 584
542 579
281 457
244 921
535 63
581 10
857 659
843 687
865 604
244 112
367 199
990 471
814 696
812 367
465 664
179 879
675 505
637 324
465 483
533 413
505 997
151 179
527 855
179 792
242 683
168 422
105 319
578 818
974 309
50 952
301 386
850 43
258 631
155 340
734 989
859 436
830 698
12 452
192 678
877 244
593 747
79 653
47 862
738 513
474 255
846 910
674 285
602 486
498 313
513 114
613 592
432 887
730 157
322 97
167 608
148 950
175 61
908 970
1 184
200 501
845 120
965 144
404 214
75 998
76 501
117 949
503 680
807 115
518 583
847 539
204 64
210 68
647 108
904 88
839 346
530 563
48 155
868 681
346 159
919 154
356 451
780 158
124 307
431 322
520 8
577 940
584 7
293 337
392 872
32 414
874 216
7 547
223 897
836 787
113 760
287 748
767 685
954 711
320 347
411 763
655 885
745 873
806 606
27 344
528 608
946 86
98 853
442 979
741 556
911 230
59 979
497 558
543 803
410 33
246 314
467 524
936 949
140 712
133 620
798 468
803 811
4 604
685 654
142 167
997 959
452 809
675 436
692 633
293 464
684 515
998 809
610 929
296 101
969 815
824 254
455 567
482 665
664 862
527 869
236 145
817 452
255 880
573 174
467 351
940 395
184 271
571 892
483 841
909 435
256 722
79 477
33 572
732 337
854 430
794 48
836 588
426 268
594 374
347 788
822 212
116 302
880 202
110 905
379 304
165 769
893 849
783 862
141 856
555 257
137 140
395 740
462 331
820 143
384 892
44 484
333 1
461 501
922 915
545 321
573 165
578 119
820 490
836 283
645 872
648 29
830 28
408 402
393 784
213 409
942 696
556 22
143 122
636 262
75 86
194 950
999 397
440 631
177 580
363 972
55 116
381 136
759 431
475 789
271 711
730 86
540 206
144 989
206 169
428 269
390 36
419 953
909 928
177 455
540 336
761 181
554 894
489 104
789 365
768 711
717 921
609 504
121 990
368 519
837 750
924 24
622 802
335 909
77 345
48 667
203 82
849 364
200 45
687 243
311 329
233 659
981 238
878 159
976 133
216 714
89 139
513 394
592 811
851 188
674 225
295 53
661 448
585 2
569 303
372 658
532 452
961 435
363 598
393 380
122 741
418 2
108 935
553 827
700 915
199 54
331 467
908 353
723 619
676 476
599 550
602 689
511 859
918 668
886 299
650 53
829 696
960 845
684 76
90 214
196 52
415 860
351 285
332 277
712 682
63 164
224 698
224 408
70 579
263 709
488 896
728 964
421 624
946 501
378 870
615 294
845 758
934 100
702 499
287 642
128 124
226 949
225 204
667 839
492 753
781 968
849 778
147 491
384 993
129 485
869 334
22 665
440 391
711 957
571 623
701 623
622 13
876 924
425 155
157 456
329 182
643 693
795 299
787 483
680 711
482 537
857 466
668 180
288 659
726 834
88 894
224 702
389 871
47 11
471 905
932 133
782 397
121 387
266 978
395 804
736 528
606 655
29 126
123 994
291 121
462 735
884 256
694 291
454 858
69 88
71 905
922 773
192 168
615 687
772 506
822 252
115 253
460 313
343 977
971 524
910 232
510 478
402 461
52 518
311 838
485 290
88 379
785 755
629 495
182 664
72 348
937 695
483 801
595 448
599 282
941 139
13 369
899 330
551 7
220 309
331 848
467 806
294 854
845 859
249 278
457 577
891 736
439 143
209 657
262 228
505 542
828 827
462 634
681 905
823 41
161 592
691 155
913 555
768 643
270 954
21 384
898 598
831 511
566 747
741 765
228 30
986 56
17 736
979 789
934 465
531 241
742 657
924 405
116 504
439 585
620 887
466 421
827 983
680 88
476 981
908 553
434 983
643 690
9 399
544 579
575 121
532 667
288 831
711 274
222 287
401 829
156 784
702 241
697 783
634 157
960 298
180 716
166 763
250 961
56 52
234 240
587 734
632 670
102 192
268 530
503 523
18 303
803 556
562 359
557 84
338 944
194 549
531 395
42 653
400 265
542 807
303 287
842 6
30 4
316 640
675 389
962 687
900 224
562 12
12 379
73 152
238 686
556 734
756 987
532 319
264 46
494 560
788 361
923 728
524 126
3 411
450 367
535 292
136 25
813 106
906 316
157 883
687 272
830 407
474 124
61 245
581 647
29 591
552 673
953 272
102 754
202 35
131 289
970 716
296 55
396 109
346 26
533 959
888 860
73 722
88 763
716 574
234 933
215 867
696 855
404 164
891 920
388 489
643 414
615 413
534 856
429 444
768 300
702 563
681 458
689 496
289 240
934 431
950 444
816 963
116 1
483 268
925 233
209 168
744 588
253 409
961 930
474 521
153 307
701 980
900 745
156 539
102 825
2 984
414 752
449 413
117 142
38 234
220 796
87 104
964 851
903 882
875 135
992 903
429 68
306 462
5 388
477 93
6 546
442 593
398 43
339 618
782 29
840 793
929 417
608 621
625 176
851 397
441 144
966 11
447 376
826 317
69 737
151 168
502 804
879 3
87 856
736 214
32 127
394 424
664 859
623 972
321 689
970 696
420 425
248 36
136 871
6 833
942 851
662 956
195 931
358 84
655 489
639 561
563 648
299 99
522 523
815 259
507 433
264 887
582 721
869 335
546 574
384 469
466 185
858 49
488 594
622 110
624 736
671 407
472 88
409 212
263 696
68 602
386 721
346 560
184 884
110 402
534 240
946 385
723 231
322 984
724 337
470 991
659 802
513 96
559 525
462 814
871 120
543 674
641 871
629 220
706 600
939 613
471 236
28 66
545 28
654 317
401 957
950 165
379 652
95 807
464 828
675 440
529 255
585 216
859 107
396 986
777 621
295 340
967 610
614 455
233 116
660 819
509 344
233 547
254 43
350 655
269 936
213 234
170 364
30 956
239 80
334 745
911 990
51 730
587 156
976 825
957 46
382 886
108 235
785 221
435 521
372 621
512 272
205 249
224 458
97 217
588 755
969 936
733 289
405 688
836 1
438 322
5 937
967 416
6 780
953 457
300 521
258 416
186 255
952 132
730 769
420 255
262 889
252 118
378 442
500 672
899 291
432 442
257 781
344 78
672 53
478 948
858 606
100 924
903 785
756 497
108 484
546 819
45 535
200 800
102 364
909 930
890 792
917 867
7 154
54 334
115 320
499 710
222 526
474 51
955 727
680 206
768 336
276 627
824 234
615 450
648 992
454 352
378 626
224 520
145 14
65 347
851 881
318 802
917 727
474 284
823 961
128 438
40 935
612 410
40 449
689 763
66 21
777 186
671 412
936 802
921 104
641 767
971 726
503 37
467 846
558 280
261 848
566 61
286 296
285 384
654 752
461 592
841 939
435 839
296 615
132 443
182 179
584 30
989 294
214 246
742 669
488 839
593 660
464 334
399 275
862 549
995 964
12 923
27 399
304 399
178 564
997 353
169 280
29 361
431 275
41 773
418 637
218 389
912 605
13 886
491 824
573 523
155 516
74 441
23 235
737 437
112 835
407 420
375 637
619 336
378 812
214 660
374 614
797 990
135 712
735 102
378 740
178 419
597 589
56 716
616 146
467 814
592 72
532 809
826 330
356 907
605 269
48 603
331 367
704 227
760 757
374 878
39 344
48 770
845 284
634 26
70 292
71 981
712 209
412 258
69 770
809 157
571 611
984 228
942 787
290 468
903 152
273 817
207 179
619 172
252 870
553 353
154 32
186 242
330 940
728 204
828 863
132 932
680 426
477 673
497 494
676 49
79 886
738 396
954 469
414 479
906 132
821 433
946 483
60 91
319 507
478 281
786 15
938 890
687 988
133 732
426 429
211 417
817 231
609 624
833 819
736 718
59 146
854 553
349 475
432 301
237 448
100 777
542 204
568 724
421 670
185 421
76 750
670 456
930 341
888 548
231 991
327 607
535 353
401 735
772 363
35 737
303 656
666 103
30 624
10 458
351 502
372 139
607 155
374 973
626 501
676 484
476 827
232 831
508 691
114 92
270 436
120 968
855 49
641 888
361 128
995 31
200 70
514 169
984 123
572 839
200 632
477 964
236 338
531 351
506 102
673 324
763 321
431 602
593 788
544 4
201 395
615 842
215 996
145 82
59 280
696 943
866 407
615 200
585 503
346 205
179 349
495 632
361 180
560 780
284 9
869 275
155 437
711 445
907 909
839 806
294 868
433 652
845 76
369 28
241 629
658 261
765 375
35 933
948 12
258 251
888 270
366 313
97 83
640 570
657 559
990 472
888 612
834 973
79 890
200 699
240 441
689 835
811 988
139 111
342 631
166 805
487 192
135 554
978 798
525 424
281 965
410 870
32 689
712 310
521 320
70 553
211 634
128 27
182 762
705 678
597 158
923 422
505 280
638 767
588 370
338 965
692 417
784 432
167 102
590 770
736 109
962 561
697 241
865 148
947 493
645 344
848 461
39 482
898 88
708 98
219 496
763 897
818 429
150 960
735 623
260 50
349 784
2 75
545 3
656 161
313 430
436 948
923 843
634 589
863 396
230 979
558 215
43 407
756 113
74 215
278 384
880 161
542 158
335 329
229 799
905 701
622 408
883 648
643 178
779 462
578 666
264 914
413 142
501 217
829 323
143 920
621 795
432 711
224 941
945 340
507 974
224 710
95 648
301 91
346 272
704 861
494 172
214 42
400 110
911 16
448 439
766 927
712 63
487 39
506 457
289 433
445 212
591 205
773 834
323 615
452 864
605 26
595 966
627 739
151 883
23 664
15 253
445 590
923 663
649 462
478 144
865 319
299 855
786 680
69 781
317 864
672 144
414 856
97 930
543 642
266 358
454 713
959 273
90 465
398 933
475 510
776 193
537 477
572 516
280 943
78 1
734 201
453 208
359 496
635 414
579 706
586 627
525 82
855 977
594 448
400 987
566 6
25 805
413 806
186 433
359 347
159 353
821 260
702 825
46 133
526 712
370 832
218 146
22 349
257 798
709 338
245 162
201 580
735 385
499 491
12 703
355 325
451 4
345 625
425 9
490 881
167 530
805 298
455 278
57 890
917 914
356 250
537 884
4 143
261 302
944 685
74 746
538 150
571 657
522 521
12 964
524 77
687 276
253 611
838 70
292 130
38 591
993 934
265 776
336 904
111 194
737 389
534 401
157 497
464 983
513 775
345 714
80 434
200 554
290 476
364 953
217 357
469 603
759 838
619 561
730 188
274 67
798 707
464 160
478 846
730 134
375 695
587 750
973 71
954 930
78 124
2 223
770 427
795 890
516 619
197 299
225 896
712 36
24 413
939 383
591 16
65 908
21 256
480 834
666 332
612 697
288 844
537 602
710 614
514 559
619 659
634 236
997 212
413 544
163 491
504 857
958 979
498 265
100 117
39 630
362 161
825 791
632 363
700 5
205 757
457 783
360 603
518 278
715 748
202 68
372 356
872 936
276 913
183 50
885 790
15 818
288 961
610 486
303 980
906 40
114 565
371 255
733 13
344 800
766 287
185 175
466 918
904 67
633 664
525 980
336 285
668 479
637 798
507 483
623 486
424 131
771 117
715 4
650 732
16 178
45 570
187 562
685 233
745 145
301 33
554 168
651 410
554 146
613 348
861 500
6 367
29 476
855 836
268 613
648 217
756 208
778 530
569 420
327 992
156 884
871 492
108 878
893 236
713 798
477 204
106 608
834 190
338 880
971 476
55 447
665 657
873 285
814 808
354 148
335 533
520 415
50 570
855 866
175 324
900 18
12 111
996 556
577 682
192 705
908 378
528 763
377 622
375 515
181 950
989 608
890 776
90 546
284 617
656 800
663 22
779 453
98 236
300 118
672 503
967 979
925 901
135 241
177 631
815 938
467 660
213 162
31 60
14 635
986 652
317 654
559 372
83 495
677 471
577 148
284 497
616 577
299 977
563 274
772 96
249 749
247 413
621 194
671 526
689 197
997 231
765 399
979 453
668 19
700 988
107 583
79 85
559 159
508 521
256 401
206 955
270 980
173 166
615 7
506 363
422 94
496 886
27 552
386 628
42 868
971 123
150 915
882 438
277 380
700 715
209 457
703 155
857 389
973 52
623 282
178 785
813 947
461 185
335 310
822 29
853 766
463 50
394 590
308 183
177 40
482 934
395 573
937 219
91 554
94 772
726 798
503 673
774 298
994 349
162 14
54 755
96 2
395 671
682 19
748 652
68 28
155 167
465 781
570 156
211 397
67 209
702 702
82 995
486 513
594 683
931 139
292 263
494 184
807 480
726 459
922 651
820 571
337 909
556 735
618 929
220 356
396 98
498 988
628 950
386 438
450 980
612 539
430 77
958 122
288 739
869 19
475 325
237 211
76 172
913 116
683 504
782 386
364 560
340 380
974 820
970 71
198 185
58 234
627 979
80 261
567 260
437 450
453 131
777 498
549 337
746 534
416 611
441 52
239 581
25 307
261 629
919 511
454 238
812 889
886 517
914 192
939 773
951 593
2 988
299 683
119 120
259 828
712 640
949 839
817 126
70 350
50 257
3 376
599 65
248 477
174 960
546 493
26 793
506 514
836 999
722 208
970 796
956 659
4 158
746 105
790 796
431 808
394 726
685 828
17 705
997 709
487 94
715 843
179 354
781 598
452 668
836 907
973 464
757 909
717 461
742 417
979 128
507 448
734 90
100 299
260 612
347 920
749 986
553 875
451 175
618 651
338 868
382 524
394 467
77 866
627 787
295 179
608 779
454 965
126 183
62 150
241 569
262 612
580 376
666 342
591 964
734 4
808 667
180 119
430 832
980 846
20 936
443 189
590 217
578 566
396 234
732 282
934 785
647 782
488 959
686 655
887 302
522 324
541 934
453 270
813 834
57 906
282 828
748 966
778 112
71 914
866 103
210 517
949 170
629 665
845 267
973 442
543 679
184 872
252 46
407 81
326 254
309 406
24 399
304 293
489 96
180 486
798 493
35 567
50 565
491 721
791 340
833 548
966 628
814 10
198 267
505 449
460 572
183 306
812 799
389 237
696 613
200 665
404 76
903 290
35 71
223 4
393 983
967 830
376 835
759 774
165 419
64 551
951 116
350 57
131 549
292 795
688 434
873 176
559 549
439 221
913 52
834 43
460 880
798 850
661 820
369 383
26 550
113 889
953 243
350 741
568 643
367 714
719 614
877 304
342 847
996 65
346 490
874 330
492 24
845 521
652 241
381 598
663 1
116 572
989 922
946 839
904 323
380 641
847 324
68 254
839 364
991 358
835 408
434 699
934 470
558 312
750 569
916 949
971 985
604 587
26 149
163 855
765 632
705 313
966 265
355 345
722 377
391 20
41 824
503 728
710 844
345 433
422 809
443 858
809 817
481 316
275 144
440 24
118 579
633 261
459 552
211 752
72 926
540 287
868 945
462 991
939 702
971 232
609 644
168 697
834 78
533 835
419 510
101 665
688 501
191 566
930 539
319 631
445 121
486 457
543 568
266 436
790 304
711 711
536 318
775 484
622 882
459 616
7 766
540 899
846 89
200 373
549 819
99 386
223 641
83 762
937 812
866 829
114 137
164 960
110 500
168 579
445 900
350 657
488 727
731 467
141 319
318 297
897 104
783 626
805 337
146 439
28 853
726 410
67 285
791 10
247 333
184 488
69 356
50 905
782 728
985 306
943 974
607 713
60 957
481 958
692 869
209 29
200 891
193 885
986 618
30 851
183 825
134 922
441 216
102 479
171 662
438 143
40 331
108 963
896 908
201 15
967 715
487 395
982 776
163 120
471 917
298 936
641 837
257 837
190 171
894 968
312 363
212 551
442 318
639 47
359 721
385 582
876 917
243 438
923 364
587 358
593 207
207 234
742 561
191 717
237 383
238 98
854 362
822 114
743 4
956 313
286 771
315 905
203 103
168 648
595 963
856 240
818 372
944 357
732 276
896 402
520 931
380 56
994 608
874 626
538 174
342 72
512 925
506 297
618 765
749 321
555 11
567 661
742 335
731 275
209 488
418 69
98 500
96 735
581 476
691 340
123 821
308 159
123 525
703 652
264 881
778 796
166 77
996 455
948 233
96 343
933 395
775 610
701 122
635 728
448 167
667 726
113 354
41 606
581 991
565 808
289 852
974 123
727 347
266 87
182 706
529 830
513 303
850 898
40 350
338 595
556 244
91 584
461 872
354 940
692 385
162 695
256 759
285 544
711 581
608 228
101 153
233 315
845 492
359 344
257 400
269 299
366 254
654 723
873 194
496 288
829 307
877 331
725 596
952 443
299 329
465 120
118 593
647 129
372 135
169 578
629 103
188 3
191 957
587 725
518 52
636 682
979 131
926 555
864 753
325 870
800 114
812 490
667 124
342 881
502 106
669 868
871 537
410 649
301 794
787 819
835 241
648 424
121 164
639 943
855 261
185 656
721 443
922 143
661 789
714 630
422 956
377 716
649 276
768 394
149 49
642 269
891 23
702 63
749 450
997 575
508 793
602 478
676 255
779 103
635 833
198 519
835 648
429 295
641 572
315 400
748 946
769 946
731 172
264 693
378 705
790 125
183 473
627 876
123 226
485 259
357 884
103 121
193 369
102 226
365 901
84 352
623 241
209 999
385 535
474 666
988 199
33 881
832 482
234 839
53 96
988 797
146 870
491 394
606 623
621 218
5 888
269 12
685 355
403 764
296 598
351 145
677 728
826 245
607 423
528 221
146 311
103 24
25 695
765 139
840 58
107 807
525 707
871 870
139 222
924 141
140 230
879 780
859 88
519 161
677 293
470 90
230 566
337 151
625 963
980 586
138 594
730 697
673 386
569 916
182 205
670 478
979 981
25 895
668 549
314 673
671 444
29 434
842 436
188 695
66 108
630 378
885 994
623 269
461 705
956 461
218 850
744 730
18 20
871 687
13 307
817 242
794 939
883 936
637 265
123 618
258 14
881 195
829 519
480 339
954 746
971 981
110 478
630 217
878 309
111 305
12 790
235 177
862 660
318 449
363 252
747 477
876 477
743 870
608 32
681 535
831 917
523 666
183 792
149 845
750 586
773 869
420 427
186 113
530 854
409 463
43 80
688 235
715 666
140 782
996 325
889 682
600 231
986 734
799 40
290 712
467 481
125 919
136 874
344 253
788 32
268 875
395 467
137 190
560 792
78 484
547 128
49 471
881 122
205 535
470 44
838 266
465 53
12 457
931 628
280 490
937 509
366 411
191 206
313 104
178 208
478 297
455 853
171 324
153 713
559 10
718 741
874 841
831 951
42 948
484 875
806 901
77 782
621 347
184 884
569 536
423 300
430 833
365 488
853 75
338 741
260 13
344 864
124 271
685 678
533 13
472 169
370 222
989 693
241 239
762 309
150 491
444 389
339 586
697 879
659 79
624 455
233 435
418 93
825 847
244 628
282 435
408 763
449 365
574 605
789 354
457 68
255 979
166 596
923 537
282 70
266 593
828 904
888 738
307 464
370 902
248 89
672 697
472 376
83 702
690 618
756 501
438 511
363 362
96 99
109 134
550 735
436 170
409 252
471 537
233 257
81 676
437 444
923 570
642 190
620 153
68 117
382 516
262 593
391 656
303 315
149 304
294 647
335 417
186 97
473 775
118 239
302 940
889 505
140 390
253 164
528 239
664 370
561 959
44 831
224 726
146 76
2 892
416 573
242 525
31 13
487 98
261 761
977 344
525 423
268 601
333 310
270 63
955 975
289 535
328 626
430 582
601 578
866 310
377 893
820 578
326 255
630 346
176 99
455 37
372 969
898 863
970 914
691 109
505 176
488 533
477 894
558 29
883 48
96 143
272 429
309 488
211 633
757 254
922 304
759 658
725 900
246 95
893 785
994 661
521 281
911 272
461 694
526 768
175 853
64 438
43 379
454 255
992 242
745 100
775 189
973 538
113 172
733 25
65 345
217 702
921 387
573 804
982 872
522 341
659 570
821 344
607 913
494 324
147 543
416 334
14 530
646 540
117 173
72 553
909 777
776 548
764 713
544 228
565 133
149 420
294 988
862 85
336 673
368 93
176 977
532 756
482 147
833 338
674 901
615 556
433 708
147 640
467 267
2 347
326 274
54 922
682 395
503 613
631 484
561 840
833 624
538 726
591 201
448 154
262 320
788 633
981 274
500 617
187 792
408 142
947 816
385 871
224 361
584 645
733 619
905 100
433 652
729 856
311 241
996 670
978 462
496 175
869 957
413 9
574 985
398 849
113 307
638 888
958 217
261 125
260 970
377 544
379 559
615 740
775 217
495 626
283 18
282 715
571 289
631 61
775 168
120 877
191 420
603 91
755 280
223 429
789 825
458 668
923 615
99 399
216 748
311 180
4 805
372 21
261 621
529 895
885 119
931 897
159 931
845 475
379 193
868 301
522 614
277 338
395 151
530 256
125 152
644 772
444 12
695 835
501 117
471 79
549 63
440 10
471 376
218 483
706 41
873 643
450 968
893 783
567 92
967 219
161 777
669 639
838 862
767 789
120 76
761 621
754 754
755 345
605 992
903 483
347 676
913 773
361 265
477 950
818 928
725 466
735 379
431 816
380 108
303 775
689 773
56 173
534 588
962 107
97 634
293 394
483 428
524 522
213 901
618 676
817 195
507 884
278 500
192 65
683 217
369 565
362 728
854 339
231 790
448 171
891 558
951 725
318 241
103 350
72 605
839 931
513 194
500 79
605 918
465 657
644 36
346 187
219 278
367 470
672 607
979 557
170 738
30 767
677 103
742 138
522 32
443 405
812 137
287 238
136 314
495 162
520 157
190 218
95 375
897 21
408 417
785 601
241 494
448 172
269 24
234 495
639 185
32 266
217 312
700 143
822 426
471 346
262 750
839 910
699 538
