3000 4000
263 762
474 263
804 895
294 186
158 387
364 465
373 313
497 315
844 551
196 483
201 625
462 527
272 467
201 495
749 323
471 585
610 534
977 576
497 682
537 838
652 925
833 174
209 934
452 487
530 741
241 190
727 983
810 251
372 505
33 384
219 106
249 758
297 369
513 644
195 340
144 508
297 653
754 746
173 524
973 777
14 981
595 269
619 614
935 742
766 379
656 518
324 98
838 907
99 492
975 330
923 483
490 757
931 488
946 187
864 792
224 796
921 989
864 349
713 379
152 959
430 523
803 978
118 415
582 435
714 193
101 196
845 19
309 845
687 906
716 153
532 789
792 96
36 82
442 900
80 225
727 145
89 127
473 388
23 54
496 270
220 777
56 719
185 128
426 948
492 887
41 930
41 96
803 119
722 60
679 269
917 557
743 847
200 405
8 379
381 916
844 700
773 472
841 332
88 949
463 82
7 277
141 555
889 83
677 440
382 268
613 17
736 863
775 803
602 728
259 504
918 389
101 298
577 533
512 845
133 983
276 310
447 960
89 107
849 492
302 537
399 361
830 491
194 626
250 317
474 568
346 61
459 858
273 684
264 864
716 442
171 899
272 818
655 59
738 210
963 618
726 329
940 383
613 959
187 334
207 474
195 227
99 199
874 445
342 292
145 168
546 384
678 224
87 997
239 620
658 890
434 759
140 238
311 388
283 64
736 904
316 898
442 964
720 682
80 899
496 970
546 545
738 968
267 784
634 631
292 162
320 836
985 982
2 89
444 31
363 198
940 702
345 578
939 630
627 313
416 282
238 838
495 452
705 970
952 715
319 171
278 767
184 404
358 245
65 542
149 399
654 355
840 18
693 863
940 886
343 661
571 41
190 271
159 33
53 407
791 584
852 96
919 677
663 445
364 928
390 27
939 599
711 914
21 998
948 267
856 885
227 126
206 889
842 656
847 376
75 555
460 576
331 615
173 44
596 141
997 841
259 187
282 150
866 126
631 457
153 961
397 21
142 470
306 666
410 849
872 793
341 944
252 960
894 898
461 687
204 600
505 809
752 601
894 430
424 922
526 935
495 367
661 971
236 558
913 725
980 489
941 179
179 531
541 914
280 78
597 72
481 606
43 554
440 649
113 114
380 545
557 942
63 283
678 349
445 376
441 934
644 43
326 892
115 390
241 443
958 251
651 796
929 154
769 427
122 600
926 612
251 213
327 210
259 677
635 193
755 701
591 578
729 218
75 640
832 1
597 887
291 243
748 862
36 411
231 918
335 935
77 862
515 938
918 445
40 865
813 766
145 398
335 398
642 939
841 370
383 469
415 936
886 977
407 533
622 709
599 905
848 767
734 160
319 135
498 197
93 983
750 262
954 563
723 408
423 20
165 654
683 971
786 209
341 378
306 318
164 691
542 421
558 324
139 542
557 189
245 211
972 194
528 232
584 519
70 524
882 839
776 836
859 703
675 474
966 325
514 684
816 370
921 738
45 958
949 94
199 959
220 954
547 12
539 147
751 418
95 696
172 200
543 391
224 899
866 261
91 782
912 626
927 1
910 874
272 276
129 722
135 966
580 67
492 167
660 945
155 630
411 703
566 183
735 94
838 708
927 234
576 912
760 702
853 110
984 597
401 159
100 581
944 526
792 136
427 100
412 968
462 495
616 697
614 990
900 696
775 895
173 313
206 875
363 790
894 716
317 227
608 557
366 733
642 453
29 675
206 395
972 254
602 129
51 462
929 179
845 603
36 568
119 869
158 661
215 902
723 919
512 291
900 285
721 524
312 390
170 791
630 30
18 404
209 56
117 528
173 986
598 691
844 315
203 100
649 410
549 430
592 22
518 331
419 563
725 55
475 112
922 754
767 180
749 252
288 787
185 673
727 93
354 657
25 784
499 102
692 166
387 36
775 679
69 304
859 286
945 428
392 293
618 877
702 556
289 17
486 966
853 998
908 954
755 670
778 298
833 516
36 742
652 91
897 682
680 359
940 248
8 645
939 614
776 449
686 410
773 914
574 555
337 727
496 67
256 11
248 50
883 481
131 834
301 269
57 192
189 732
272 780
215 734
194 213
17 486
344 574
85 242
150 366
666 759
30 394
379 525
666 974
119 141
34 179
238 405
886 517
430 792
752 311
459 411
556 983
977 581
508 893
989 749
384 746
779 228
55 775
890 552
808 708
53 986
175 602
809 82
859 574
862 280
199 955
590 969
925 829
256 686
330 867
99 807
503 36
696 220
634 372
393 80
727 153
246 11
667 570
787 878
841 503
558 758
626 217
428 60
115 619
553 67
395 821
984 842
403 619
475 357
904 1
200 206
326 282
643 402
93 586
70 604
237 201
148 470
448 918
312 187
280 944
148 225
942 921
845 236
198 715
803 282
989 221
895 499
325 773
821 758
424 707
535 37
232 32
970 535
24 538
501 827
378 50
835 166
974 773
214 838
746 852
548 777
297 106
515 238
411 351
618 36
946 875
965 99
853 205
413 772
880 311
751 519
574 456
842 188
537 499
916 901
609 92
632 276
219 539
491 864
460 347
738 919
805 630
779 53
417 657
712 329
636 847
790 776
383 864
94 604
733 631
713 657
879 119
100 191
823 826
610 547
456 257
968 699
747 218
191 102
905 529
332 35
238 845
616 699
322 955
705 677
767 739
157 307
757 498
923 960
165 185
81 260
954 443
204 359
402 160
678 742
931 879
38 573
146 529
563 358
193 3
786 782
475 248
636 586
997 49
661 201
621 113
573 162
801 60
296 736
29 564
767 275
54 741
771 826
707 998
817 992
813 850
361 712
771 475
273 468
414 98
330 137
670 620
474 214
240 209
166 497
218 892
696 760
978 52
155 38
740 369
668 916
812 938
411 265
354 225
87 114
963 594
939 717
353 784
905 756
608 149
335 324
660 107
962 448
835 730
126 681
882 477
441 234
593 417
3 415
997 264
140 842
215 356
579 497
717 724
998 373
231 947
99 631
708 731
798 849
893 374
360 407
320 175
3 572
1 359
752 7
946 114
11 424
403 336
239 888
946 753
815 264
14 534
897 943
22 70
262 240
922 34
979 957
727 751
690 347
79 793
310 24
929 790
793 413
591 655
401 542
323 488
337 299
191 873
419 170
650 763
234 106
864 278
109 796
914 495
225 835
53 603
198 588
433 846
217 397
659 657
994 435
170 164
529 63
617 693
97 366
373 686
363 695
456 988
458 373
304 776
407 841
210 212
759 263
478 728
439 381
220 735
737 765
411 397
365 620
632 64
279 134
835 725
254 681
303 540
918 183
761 877
714 379
642 225
907 583
798 394
586 420
88 756
83 228
76 434
104 297
257 170
964 4
143 554
368 747
510 765
861 261
858 368
87 37
306 377
763 830
594 482
324 13
354 712
676 79
405 836
93 201
718 959
808 380
177 627
595 241
892 54
596 138
349 188
782 221
53 735
170 693
90 978
77 73
117 877
112 225
591 812
870 46
894 147
347 985
716 564
232 310
259 329
21 246
956 94
660 287
225 157
373 77
402 370
458 743
950 837
603 758
524 692
990 778
224 420
169 968
520 772
222 510
322 691
429 859
4 572
861 655
961 315
869 295
907 392
144 528
987 672
833 513
38 405
486 627
693 833
945 235
274 371
311 964
999 930
754 185
802 687
887 516
452 362
46 690
30 923
361 132
994 417
643 211
671 704
949 572
428 772
737 143
554 952
503 432
833 569
209 354
91 1
711 71
945 883
64 412
670 674
706 608
999 35
737 189
812 182
162 747
390 25
131 832
739 131
536 197
32 901
141 490
185 168
162 728
348 922
293 796
819 457
771 728
638 166
886 401
873 524
327 261
415 984
654 330
524 924
174 801
878 909
133 106
81 400
950 445
665 407
831 820
679 899
659 455
319 278
527 82
584 464
16 887
552 220
939 149
357 288
954 581
532 271
561 918
199 375
610 125
508 964
657 344
832 234
161 895
923 435
410 561
375 263
429 368
392 302
45 710
834 242
654 53
154 961
355 640
801 482
504 87
189 537
254 482
624 60
588 473
203 345
771 919
638 108
616 869
341 220
10 463
261 664
559 822
330 71
546 375
539 971
483 407
673 449
997 35
813 304
374 127
400 424
518 429
75 458
262 409
157 333
420 638
906 166
717 586
935 540
647 382
72 886
340 203
263 51
972 905
444 706
481 666
886 309
229 910
339 950
156 934
599 201
704 986
734 60
344 64
570 6
992 833
831 704
290 415
558 673
716 609
539 946
553 557
134 525
348 667
688 618
515 321
385 714
927 82
235 125
846 277
122 298
987 162
83 617
537 374
773 76
756 998
358 96
294 616
534 492
693 861
428 670
368 496
762 692
291 2
677 987
591 963
712 981
892 978
830 695
549 599
84 285
951 560
493 924
53 556
719 515
155 270
940 24
566 839
628 708
912 943
731 319
657 171
528 23
336 452
87 818
846 904
262 405
959 305
22 769
141 263
313 110
65 853
892 989
895 707
98 256
142 822
828 713
553 460
809 294
579 29
871 467
399 876
246 383
384 694
296 99
959 322
393 164
305 896
1 62
718 451
369 454
970 791
965 206
409 919
724 939
639 460
737 542
431 547
921 444
668 777
292 393
823 821
69 520
583 523
390 63
895 194
362 531
444 799
899 324
673 757
141 809
382 802
515 541
346 729
724 237
995 10
496 538
753 681
541 669
269 998
202 901
789 214
58 81
743 666
157 121
811 634
232 748
47 10
196 360
859 679
49 249
767 165
331 359
711 10
173 916
275 68
519 273
545 974
936 801
437 296
383 711
195 854
345 459
666 575
406 119
211 75
325 909
456 780
34 193
323 176
105 313
728 205
691 517
99 945
650 64
246 215
4 614
971 183
835 589
894 164
418 849
109 168
752 481
874 947
964 938
707 119
868 792
986 195
395 329
802 488
800 609
667 545
377 840
606 87
698 400
420 128
630 827
70 105
155 565
958 265
647 938
319 411
474 407
363 725
271 957
99 978
514 751
580 683
135 999
896 671
452 294
497 892
837 428
305 662
537 283
150 572
270 88
238 38
353 196
2 464
138 923
293 411
719 145
593 337
629 764
483 173
156 276
442 833
17 494
973 353
713 77
500 93
338 154
527 54
372 486
569 621
936 12
120 5
950 526
556 473
481 340
933 845
699 504
69 122
605 654
883 658
232 111
798 495
578 409
421 128
319 543
377 119
698 19
396 993
536 165
543 787
918 129
956 70
941 914
553 682
661 6
245 31
375 50
957 455
777 977
132 76
14 210
423 59
866 574
832 521
101 610
114 585
406 865
626 389
118 837
259 358
588 960
14 623
478 438
810 949
344 379
403 302
819 497
942 156
964 923
975 376
379 868
114 915
564 398
13 120
505 348
950 132
623 173
484 833
68 135
991 275
771 132
290 687
992 63
259 20
317 538
96 37
155 348
401 473
268 679
284 55
207 293
707 147
912 215
188 110
102 225
356 830
904 645
26 552
9 684
34 69
804 253
279 427
405 314
431 490
237 948
74 820
511 883
619 492
696 588
534 858
406 929
642 466
96 226
771 794
127 505
298 631
51 233
183 144
421 905
273 136
577 513
888 430
822 675
146 77
640 643
998 908
503 152
529 892
259 486
950 439
174 191
376 911
39 969
123 920
9 76
263 948
725 770
574 118
555 409
509 795
800 926
585 524
342 50
968 292
332 137
34 244
215 488
920 373
758 163
896 292
542 910
951 385
594 696
690 131
943 508
873 337
396 731
109 154
491 270
783 152
27 740
34 818
404 491
666 775
567 913
461 198
783 214
880 84
348 195
63 31
493 552
888 186
958 301
973 275
378 836
140 705
537 854
958 611
141 350
571 714
824 717
588 788
303 272
185 297
360 751
331 248
561 794
772 387
982 20
156 186
702 719
371 459
348 329
85 205
841 319
514 223
585 896
360 846
329 206
697 290
808 887
632 990
816 137
377 155
229 741
912 381
898 485
676 285
124 774
972 873
831 424
976 343
114 515
273 901
198 102
273 535
288 874
4 240
573 101
457 491
497 511
926 219
601 278
333 498
419 896
106 506
259 831
921 20
979 238
586 227
506 374
251 927
155 647
735 40
832 891
577 73
934 867
942 164
825 260
346 659
274 525
259 199
113 215
149 400
985 837
126 423
48 427
86 559
952 819
573 817
231 693
316 661
467 262
318 167
628 973
411 636
57 420
389 647
440 944
14 509
785 924
193 458
654 151
3 878
311 117
293 989
614 453
126 448
868 541
263 20
888 703
370 107
679 334
982 903
332 712
920 625
875 455
541 645
181 913
920 362
517 33
864 411
768 246
778 462
117 363
293 339
171 945
485 147
416 112
217 451
369 307
533 280
301 475
360 614
578 755
76 787
138 463
939 382
941 917
4 128
5 760
351 629
201 148
461 770
346 212
657 418
693 392
292 529
418 635
761 910
924 248
594 18
832 606
598 889
399 651
146 442
532 335
283 343
389 792
803 217
329 235
264 449
452 275
246 334
296 753
417 47
480 556
346 406
531 434
813 80
877 239
216 94
565 385
818 462
847 586
62 500
537 310
735 459
87 537
895 169
414 705
783 222
383 453
582 656
665 133
944 121
657 158
657 164
992 171
47 490
344 975
843 38
247 800
972 111
202 234
18 141
564 719
384 692
480 702
877 814
694 694
345 352
862 999
176 791
918 428
431 435
999 148
612 976
24 164
891 389
691 538
325 794
815 199
673 304
691 458
326 132
388 418
572 359
772 130
236 367
165 606
230 666
505 926
925 105
152 474
577 772
346 871
951 24
466 925
492 995
729 495
860 302
650 293
790 885
335 159
345 132
227 512
351 853
635 649
905 178
151 894
428 454
905 956
942 16
204 153
39 224
747 540
115 987
588 702
868 562
439 770
182 495
300 319
298 285
922 548
728 657
205 562
585 299
22 273
915 417
130 162
598 397
174 62
168 479
907 809
868 172
723 677
182 782
863 128
183 969
73 574
603 844
980 780
486 790
641 937
370 760
345 799
422 980
536 985
327 577
213 104
73 537
777 603
240 397
618 230
745 137
506 240
835 994
459 319
964 419
752 28
506 966
351 370
516 854
491 275
222 132
767 481
245 912
617 290
630 638
221 64
628 56
638 819
167 705
677 727
395 495
369 624
617 65
706 85
460 297
426 965
898 894
380 351
649 814
542 51
116 45
963 454
959 234
368 543
244 89
102 943
867 635
140 677
14 966
97 979
716 525
577 682
826 104
219 48
49 383
872 935
801 821
806 657
471 470
182 575
589 52
608 844
493 56
211 570
682 33
224 854
747 558
614 380
570 791
251 196
655 704
439 877
362 185
605 97
465 823
631 943
796 660
581 758
317 463
453 870
886 384
616 162
794 234
240 188
642 50
241 944
630 108
702 135
541 423
25 958
236 3
436 771
832 607
821 131
32 225
409 90
102 80
224 230
668 714
486 621
821 315
475 49
429 324
132 84
597 511
518 705
21 459
350 428
852 555
360 390
779 763
247 903
910 75
714 531
722 200
330 293
872 921
416 796
593 612
79 215
572 153
65 37
121 306
571 651
932 67
139 360
318 73
641 478
476 377
648 239
82 860
973 57
337 789
223 119
648 303
623 166
833 187
298 184
277 526
865 835
756 898
376 63
648 31
679 985
960 273
788 976
15 795
18 872
766 847
911 470
326 612
579 689
976 324
206 908
858 44
988 623
416 420
875 34
3 552
656 719
733 78
630 428
751 291
473 274
84 293
617 873
375 907
109 985
514 695
602 276
939 678
858 901
493 35
569 244
569 538
925 692
466 780
306 660
156 277
895 822
855 385
72 372
555 416
939 813
911 126
279 634
939 981
169 124
710 469
311 976
681 875
495 457
321 325
589 486
180 154
870 673
740 529
789 372
33 852
914 286
535 828
890 798
739 628
859 450
431 783
683 410
448 761
975 66
583 245
562 156
383 567
432 925
351 781
119 626
860 728
875 523
836 257
494 820
548 784
31 362
551 257
47 92
515 176
155 823
770 988
218 784
280 982
765 778
732 922
521 164
92 671
424 349
615 31
806 627
417 542
162 771
923 364
757 412
1 123
760 997
835 356
621 262
710 674
76 847
475 954
247 631
911 98
827 837
428 744
491 713
630 48
241 85
777 297
367 578
76 964
800 220
469 444
995 657
429 501
575 90
779 714
599 260
619 917
980 460
761 223
272 578
65 463
173 564
460 225
613 604
281 439
560 469
84 751
394 19
103 413
641 970
750 39
513 323
345 987
418 153
924 129
587 531
458 537
676 116
810 56
631 662
659 303
375 369
337 115
547 841
99 887
777 455
297 530
387 39
5 142
393 271
501 760
224 210
390 565
969 344
819 879
109 857
521 8
964 265
870 755
652 530
745 48
451 321
512 645
544 348
666 821
208 854
166 433
413 357
680 715
534 322
520 302
589 642
644 687
16 954
388 264
187 39
71 915
887 861
287 210
328 886
337 889
185 852
610 780
48 311
438 895
363 979
119 947
90 134
614 705
554 948
388 557
487 231
185 16
282 368
853 882
42 825
823 623
227 182
608 447
444 961
958 709
35 951
197 800
631 672
946 850
337 419
515 685
190 217
197 510
970 64
774 235
878 701
217 619
71 681
620 365
981 444
75 944
655 744
177 519
657 957
980 123
796 151
453 656
780 126
945 77
244 843
819 200
480 377
389 705
15 577
855 5
530 263
464 447
269 250
211 173
395 770
160 277
325 108
515 848
536 950
672 137
699 100
283 986
354 303
166 575
31 412
571 122
290 569
465 139
939 19
638 944
809 724
803 667
69 45
624 727
589 323
502 644
757 946
700 535
190 978
176 187
994 270
515 778
554 487
411 716
230 988
129 811
670 557
903 301
356 856
80 548
785 474
447 136
600 905
546 354
7 563
121 163
955 817
340 794
776 944
755 535
421 258
934 764
899 321
520 651
596 728
633 423
945 730
966 835
890 261
295 267
804 217
359 888
165 62
206 203
353 352
860 248
420 616
379 55
830 756
907 939
1 376
873 173
815 45
268 103
574 899
624 118
623 53
953 179
96 404
200 606
451 168
944 711
823 5
457 986
297 880
304 95
945 998
616 875
69 214
445 456
699 98
469 804
83 479
996 581
704 56
573 542
494 414
388 650
90 629
149 163
446 646
578 592
338 167
935 576
88 609
260 38
170 212
577 814
218 837
187 859
287 832
485 237
392 544
719 147
367 352
743 324
946 691
435 234
401 681
206 177
899 991
524 981
600 91
208 428
660 442
985 123
463 276
7 545
864 995
266 563
943 767
304 237
145 978
793 275
593 866
357 532
511 420
604 92
465 531
95 494
738 500
909 323
280 786
598 501
628 241
4 925
697 719
262 109
497 918
833 713
290 478
878 380
823 499
278 648
223 747
665 126
155 748
540 473
515 311
147 457
199 904
782 232
275 465
916 220
848 385
498 979
188 503
721 137
968 661
994 481
666 782
545 911
878 991
127 540
733 88
958 180
952 581
357 516
71 717
100 67
209 482
209 961
954 128
615 652
344 650
569 50
160 404
966 584
768 625
523 679
753 924
601 249
102 673
832 528
131 838
551 478
775 994
78 256
189 172
886 230
606 30
461 494
383 959
101 356
25 515
327 252
466 374
809 204
213 974
111 774
165 56
646 219
475 288
432 350
380 284
275 196
539 489
480 73
579 413
906 334
258 3
602 995
424 587
685 300
500 441
884 431
8 843
1 81
280 917
347 208
128 655
232 896
585 467
485 747
279 796
262 909
731 616
814 843
318 85
42 959
473 490
760 243
881 768
376 84
887 250
366 66
398 455
57 785
626 36
767 953
366 136
809 209
590 772
215 512
995 690
74 363
143 348
468 250
936 123
666 505
543 427
13 729
482 191
457 214
782 889
650 673
627 412
394 789
577 628
507 223
368 793
23 639
228 570
317 413
2 336
522 714
807 453
109 864
759 947
499 862
900 277
864 313
594 306
117 907
289 2
140 379
161 138
562 434
464 972
79 469
907 238
489 468
779 588
695 620
718 582
529 311
924 35
628 188
252 327
229 119
258 143
436 159
533 383
92 357
84 423
880 445
995 752
556 462
745 856
710 120
900 485
632 977
50 154
137 944
254 899
715 329
940 439
934 77
486 172
121 374
707 494
164 480
661 815
648 722
132 929
698 940
939 210
228 880
186 752
711 189
874 919
771 420
818 379
833 601
120 131
69 762
46 958
36 496
952 74
144 991
554 419
578 452
931 865
299 658
294 713
353 268
124 956
425 20
446 387
96 825
385 648
684 833
757 869
992 370
51 280
89 850
535 832
607 31
281 233
178 497
648 70
819 808
285 54
811 625
318 553
553 145
435 7
362 269
884 787
764 498
126 974
475 165
138 87
649 390
53 630
918 257
65 288
525 152
840 84
41 134
924 835
487 404
508 515
550 165
88 26
454 526
201 665
373 425
794 836
487 694
505 128
797 264
53 362
262 537
307 117
464 326
904 839
683 220
781 535
328 421
806 357
387 220
744 894
638 794
670 62
768 82
316 309
840 703
890 130
49 448
880 221
77 344
902 963
952 704
965 78
755 687
193 171
606 180
557 909
752 457
391 895
878 29
837 467
73 613
109 438
16 559
3 574
431 967
904 68
392 159
854 811
705 302
917 726
678 503
626 709
378 566
697 418
601 688
314 466
294 583
70 105
947 389
7 83
863 17
987 15
316 660
117 348
238 110
630 564
710 170
986 10
18 406
870 151
147 117
291 377
441 99
226 803
733 586
226 40
612 358
785 251
897 459
186 957
185 138
809 274
122 14
528 414
530 483
69 647
964 205
888 29
993 381
664 71
694 599
273 647
195 2
432 29
935 732
283 841
97 840
863 586
129 631
876 515
952 746
257 695
253 607
402 96
225 221
126 121
353 685
968 682
116 587
419 438
359 612
594 166
919 757
601 166
957 56
853 422
620 382
449 487
854 282
419 543
45 547
480 129
77 538
724 640
447 73
655 807
717 291
659 465
344 427
112 577
460 305
913 369
286 374
710 229
120 155
750 203
337 717
130 160
102 923
803 510
938 816
179 272
800 294
31 57
872 760
793 876
806 531
266 45
584 654
99 237
151 34
693 451
12 974
612 764
293 634
156 257
545 33
81 98
767 21
707 902
679 68
721 571
772 506
289 4
169 556
431 615
95 518
535 662
917 352
835 870
548 685
579 215
894 623
713 483
359 225
505 865
999 249
246 32
81 710
518 289
450 283
243 987
359 972
633 801
294 263
7 956
264 918
841 149
165 128
344 562
492 338
746 461
657 177
812 730
421 841
289 59
594 179
248 717
243 580
339 696
581 98
355 883
444 888
871 343
370 610
7 260
394 638
875 830
955 855
435 993
906 525
938 786
878 818
80 318
769 443
288 288
685 168
370 998
226 388
720 179
340 39
652 117
922 159
47 648
676 550
889 129
580 418
921 327
737 986
872 293
279 535
718 430
814 94
335 420
810 219
627 476
904 414
76 535
264 446
90 141
767 847
344 295
77 313
300 612
3 449
633 177
448 389
61 569
339 437
652 112
541 804
240 323
980 291
266 826
466 652
824 300
825 537
722 635
159 367
569 912
192 936
541 236
898 379
824 235
295 840
122 413
924 892
317 362
810 914
844 265
990 190
553 577
13 536
455 207
326 320
749 402
71 167
460 567
574 597
884 104
215 794
157 674
625 231
128 384
367 392
233 416
490 186
265 905
436 707
217 227
835 899
588 214
153 320
833 329
18 410
173 67
65 480
812 837
322 789
396 952
926 472
175 77
417 913
174 818
110 767
355 118
689 153
117 815
537 611
381 784
168 865
744 471
285 667
409 170
784 256
728 355
143 652
274 654
74 271
812 464
32 839
776 947
481 485
943 569
275 558
868 191
159 74
133 894
567 630
108 467
496 365
657 560
679 366
426 165
503 132
827 64
520 667
337 874
580 251
60 418
193 320
499 702
892 507
196 560
318 125
431 297
654 115
894 243
140 152
909 793
331 347
612 673
357 891
133 892
977 6
435 147
942 686
191 589
622 940
124 907
198 349
75 102
986 847
927 652
615 170
700 332
979 987
359 694
324 889
902 873
542 397
448 302
383 840
801 923
749 210
879 85
752 68
176 742
285 262
347 283
54 589
579 242
979 340
420 915
447 193
816 452
485 616
655 8
183 309
405 208
603 485
693 620
801 570
296 27
785 528
219 457
269 644
795 708
715 371
863 437
305 353
239 994
576 586
380 283
657 297
862 864
389 347
525 966
591 621
941 342
597 97
85 585
964 207
9 9
123 873
816 926
909 883
963 915
587 967
156 741
240 881
34 298
518 981
985 302
228 678
891 858
630 458
348 230
108 273
569 714
673 77
838 473
176 483
73 173
965 936
95 66
842 518
250 291
370 346
92 555
802 917
635 675
43 389
171 984
677 850
715 677
645 82
88 822
581 82
746 616
411 826
619 767
493 907
81 352
933 631
191 735
933 583
540 857
150 300
632 586
565 591
84 383
102 873
592 803
524 457
857 532
437 839
658 126
152 678
269 725
85 486
271 975
479 337
490 808
248 816
19 2
829 832
222 358
673 23
52 122
397 213
277 855
508 400
771 254
309 769
730 945
192 332
683 749
354 626
856 661
310 437
718 662
936 60
571 308
222 356
815 287
684 992
179 345
53 900
102 302
607 658
797 821
219 762
920 196
570 750
782 599
127 910
545 873
361 200
821 311
671 623
497 368
174 709
316 894
276 290
780 656
645 74
259 517
404 406
974 962
283 188
903 502
216 487
595 960
437 585
428 264
142 272
450 7
375 540
94 938
678 35
507 634
71 511
298 879
213 948
410 950
117 863
194 64
274 161
486 352
682 134
830 47
654 577
958 526
261 539
180 21
211 282
664 414
350 342
183 638
395 678
846 965
595 444
46 815
175 629
802 419
250 165
38 251
73 860
968 375
602 631
106 668
58 634
479 287
562 201
960 57
667 566
225 330
973 736
659 505
874 900
589 13
881 297
185 299
126 65
662 577
647 388
528 262
663 757
188 239
956 633
169 585
828 520
102 454
878 426
692 615
349 508
135 617
538 304
39 623
708 537
80 21
135 912
641 52
111 139
556 118
871 212
965 654
141 17
709 728
49 268
584 272
627 625
55 336
860 237
113 678
267 681
732 842
245 940
979 65
320 355
160 926
245 327
122 513
378 675
276 512
443 651
657 970
577 610
398 27
994 796
978 25
140 402
636 853
107 163
64 490
665 996
841 354
656 247
882 786
527 456
599 563
273 283
803 337
27 233
166 84
923 390
336 166
589 948
189 460
262 148
997 801
315 41
608 967
704 924
410 917
59 807
502 964
451 199
21 184
947 341
43 52
154 375
983 20
200 375
319 484
156 901
89 963
662 453
370 822
423 759
211 370
745 148
490 720
235 186
125 601
89 288
409 464
958 666
130 283
804 949
212 852
285 738
466 916
873 590
555 167
410 916
361 431
320 102
629 936
164 572
329 732
814 343
318 871
366 228
757 706
969 447
698 5
709 801
257 636
