3000 3000
48 76
757 526
597 418
427 961
452 892
555 30
298 381
647 480
511 664
686 451
671 745
408 810
672 914
288 808
527 476
301 730
542 826
782 312
223 474
36 288
621 875
418 306
502 896
194 519
355 516
823 918
42 14
562 853
828 686
723 5
496 671
986 302
490 81
631 200
501 203
84 852
145 632
749 166
308 71
977 966
689 902
48 258
596 717
184 162
295 541
965 603
164 553
160 938
186 878
430 858
687 354
773 224
826 767
240 877
135 682
159 773
402 768
434 327
251 54
614 584
256 163
840 380
517 158
200 251
201 145
255 496
818 359
619 826
242 529
908 25
391 844
332 895
612 991
154 129
746 939
109 754
541 100
210 452
755 727
493 655
433 557
995 653
480 879
816 618
408 476
870 849
509 300
314 413
96 793
365 339
603 890
18 323
20 760
874 75
255 477
182 850
999 871
810 674
777 626
583 118
921 671
77 73
285 853
627 384
52 467
197 987
467 640
57 784
962 511
902 32
605 851
715 841
23 649
14 259
342 430
346 486
797 679
448 473
724 305
80 392
943 144
769 443
442 256
647 44
311 975
208 356
308 176
967 235
68 430
119 778
875 714
469 736
327 353
846 410
799 755
957 831
707 207
954 710
10 961
36 792
284 195
866 218
894 674
792 491
830 332
529 862
314 321
70 559
594 92
319 914
990 797
169 555
571 552
569 516
246 884
96 632
644 643
912 42
711 111
448 298
728 949
773 494
358 401
607 152
119 332
383 28
430 921
531 842
382 936
813 121
36 996
880 243
463 58
612 798
968 557
385 397
972 840
122 357
729 39
623 316
540 14
491 289
145 876
880 891
88 521
246 863
264 735
470 265
192 996
197 561
478 242
910 227
533 848
88 524
601 966
417 783
575 647
415 627
357 896
320 875
86 911
543 159
613 242
112 383
525 326
432 527
625 961
818 458
957 571
48 257
203 364
917 305
462 473
731 88
582 811
628 658
718 809
178 111
64 970
277 99
854 787
28 111
922 92
280 659
873 313
468 482
175 330
445 837
551 798
598 687
549 257
860 411
213 233
537 636
679 100
949 128
758 561
64 73
555 211
318 444
4 684
210 249
873 717
62 565
664 443
295 956
905 591
896 276
708 931
965 287
308 424
232 69
104 499
477 797
970 855
724 656
464 697
512 69
794 359
920 579
700 515
975 418
654 928
801 445
62 955
347 140
236 684
320 334
246 892
153 864
429 405
944 714
481 444
833 628
893 92
586 927
809 290
571 628
68 316
437 623
194 506
761 678
26 274
512 117
220 675
601 947
645 849
691 213
741 765
393 486
49 414
501 11
875 636
104 801
549 974
52 209
53 672
187 902
25 608
197 673
136 143
446 547
195 341
177 478
227 799
36 679
874 967
279 36
893 137
857 326
467 80
260 143
517 625
321 51
599 941
543 67
576 380
998 372
263 223
846 416
322 515
610 582
424 256
166 651
254 12
948 205
454 316
560 141
467 104
674 938
644 713
276 888
632 278
791 338
9 242
946 93
531 810
399 122
656 917
459 930
667 909
283 770
269 548
292 56
711 202
377 630
997 311
816 732
232 580
789 230
127 946
670 120
970 998
181 472
698 714
308 732
192 666
401 124
109 282
745 9
419 102
279 426
176 459
260 714
715 408
60 227
851 587
394 488
98 615
600 440
573 232
820 527
154 423
33 375
678 766
783 530
485 305
499 695
262 364
423 936
780 714
969 971
194 617
224 296
36 941
963 868
853 961
108 336
843 312
556 601
978 693
318 582
925 623
573 430
81 597
33 722
959 574
202 560
70 414
891 473
734 126
607 214
293 561
308 949
267 412
687 790
288 658
172 389
121 284
805 598
355 386
640 902
213 611
651 796
182 431
608 985
729 495
372 593
52 476
111 116
497 674
30 835
451 762
566 433
63 190
692 809
172 286
383 319
773 91
995 727
256 678
633 761
730 938
792 760
429 342
192 745
252 77
41 948
79 471
180 662
121 349
860 702
745 652
793 650
380 167
586 268
184 838
526 483
831 759
420 471
145 124
693 39
153 909
19 221
742 810
208 928
492 873
944 823
755 569
959 684
689 8
655 3
421 718
878 848
516 795
297 917
90 471
325 324
139 17
6 420
553 498
321 350
653 547
330 481
545 650
696 756
491 237
549 232
476 957
637 397
459 743
364 490
479 925
889 573
315 686
244 934
644 235
724 131
626 701
760 353
283 827
119 23
66 332
771 939
918 994
604 857
269 435
773 130
662 986
285 765
266 213
847 254
797 208
70 917
670 444
580 752
715 502
975 552
555 806
318 485
177 191
704 394
199 675
343 985
507 15
471 183
734 442
701 699
244 782
905 208
249 764
812 420
34 87
385 819
485 564
900 887
944 647
158 899
111 393
312 808
525 343
930 368
405 54
157 439
462 326
809 459
796 664
768 22
688 541
215 899
809 739
246 339
663 430
120 389
202 824
420 744
632 951
774 468
737 820
304 38
797 521
235 30
824 466
972 964
214 617
291 225
445 659
293 739
513 598
474 935
809 737
72 960
523 680
792 339
519 689
636 987
220 257
10 728
241 508
1 755
140 23
5 317
92 341
822 692
399 673
926 579
263 64
96 590
739 80
896 80
213 593
753 67
760 141
937 168
515 746
403 804
602 791
234 534
969 137
997 303
621 358
638 638
601 457
389 468
310 793
335 760
506 50
770 367
72 413
512 687
718 228
321 347
877 561
939 151
687 228
176 731
86 576
211 610
963 369
225 969
979 894
520 185
736 139
56 414
845 420
328 710
528 579
297 918
369 108
906 581
617 441
800 827
257 653
820 549
145 77
285 360
829 565
818 700
450 749
212 930
928 26
673 816
710 606
526 389
984 657
643 771
359 389
260 809
853 6
603 448
189 358
426 66
848 880
919 73
608 331
707 800
948 629
541 324
654 523
621 940
310 784
836 355
337 878
885 578
540 282
833 319
597 128
867 637
422 524
555 631
802 569
330 181
241 250
162 691
553 459
923 802
955 914
993 913
641 406
37 970
333 430
496 536
383 893
639 439
9 428
925 675
969 421
94 754
782 179
84 121
446 204
133 641
327 745
119 880
567 584
519 374
932 761
552 35
602 240
623 985
254 120
594 238
624 510
692 693
432 357
862 864
953 662
692 672
238 697
20 710
255 197
502 274
443 470
509 4
72 322
18 125
295 447
979 618
422 649
248 858
793 83
233 716
312 881
522 444
544 67
745 424
357 558
317 612
406 150
598 574
438 584
927 179
675 143
13 343
140 418
773 108
509 930
886 399
742 820
919 902
778 923
589 824
729 371
510 126
513 140
305 618
387 762
701 84
966 495
504 169
166 412
963 217
184 228
78 155
691 859
192 99
899 801
986 715
820 669
177 312
77 257
419 567
705 823
708 10
662 546
378 510
735 287
595 146
158 725
73 220
719 203
649 396
98 124
197 411
931 292
706 549
692 955
434 555
361 40
756 22
796 416
574 659
263 664
331 202
663 885
351 130
268 722
776 530
884 786
690 562
776 172
328 630
916 412
323 25
372 885
843 996
11 429
203 857
843 890
842 967
600 36
228 202
224 178
295 235
726 736
134 24
551 997
505 732
29 350
242 41
898 854
503 694
461 415
643 387
829 963
226 404
722 364
109 980
226 377
820 166
761 974
267 580
817 567
664 751
127 930
637 921
173 487
287 578
801 127
744 388
28 136
291 766
560 52
677 714
806 397
863 899
770 481
926 74
856 243
67 965
364 895
884 108
239 526
418 880
508 850
358 999
422 674
926 194
701 750
890 194
627 630
800 657
138 423
423 382
733 171
904 350
233 20
718 508
290 469
364 361
541 150
385 599
880 995
440 519
217 77
108 324
239 495
286 126
523 392
878 489
489 874
784 184
679 643
208 10
649 327
329 81
256 325
600 28
230 433
38 935
701 779
644 540
696 57
434 912
778 758
972 168
585 277
811 24
297 556
903 756
590 318
17 242
970 602
192 478
796 538
3 323
450 349
55 644
152 603
85 568
858 565
905 884
785 881
595 255
879 122
888 681
933 618
925 597
754 718
677 233
875 398
607 391
641 952
406 452
261 599
902 984
110 118
579 997
682 424
634 120
349 368
75 893
337 149
209 935
332 897
970 767
602 10
40 309
816 31
660 506
368 918
229 346
130 223
12 512
47 374
267 298
369 742
304 478
987 919
196 152
943 745
441 528
710 126
165 203
96 92
477 564
920 260
688 516
270 8
902 462
65 816
431 928
364 155
370 954
475 113
624 939
697 218
825 444
858 773
599 849
413 28
515 886
218 50
808 143
568 305
86 399
982 614
910 4
839 184
324 944
125 293
326 911
629 305
234 546
69 809
487 810
62 304
233 219
708 6
541 386
602 334
193 916
74 726
98 144
39 604
390 586
366 924
918 348
576 788
914 935
575 638
924 848
999 909
752 601
525 197
307 330
35 538
733 948
172 176
876 888
444 658
140 260
238 355
818 77
573 31
110 839
583 677
30 675
884 93
965 784
638 7
28 776
85 461
898 847
854 670
682 238
501 231
648 740
628 373
300 497
726 866
843 19
670 679
553 480
476 80
527 700
614 760
332 845
396 884
735 244
19 386
546 586
888 875
216 981
451 525
927 732
782 736
139 90
774 665
943 863
428 477
999 490
722 216
255 280
517 178
754 679
312 235
39 631
754 921
532 370
514 136
376 8
494 43
94 484
926 284
421 326
528 462
984 835
311 58
757 793
997 264
668 173
524 54
699 934
557 627
485 999
723 869
573 977
253 342
756 679
117 477
961 35
459 52
570 301
652 94
18 837
138 259
85 919
364 318
677 523
88 593
81 900
369 498
968 448
262 265
109 592
662 715
791 865
111 847
451 650
253 382
719 376
473 480
648 355
123 562
392 363
866 499
147 688
165 816
893 412
256 586
464 184
924 856
312 128
305 33
138 227
186 584
495 719
423 704
474 714
219 550
327 968
779 198
708 562
404 360
742 143
313 754
104 413
344 669
145 762
454 299
801 951
581 645
316 68
768 493
827 341
864 512
481 707
188 478
406 37
822 643
53 830
756 560
416 610
846 196
709 359
896 793
279 627
34 12
590 753
408 594
879 723
87 69
682 605
263 27
476 186
84 964
582 890
773 466
108 251
203 291
616 329
298 995
949 899
480 166
501 646
405 335
151 656
798 490
758 568
462 93
190 668
412 911
325 187
128 484
281 146
50 68
911 261
605 537
757 992
313 593
749 832
584 4
462 977
135 395
879 393
986 394
178 450
596 577
113 548
154 845
527 98
594 593
935 623
130 650
971 73
125 177
436 312
24 602
746 340
80 768
403 35
477 241
473 866
241 642
424 999
82 560
466 18
118 412
569 277
292 456
57 810
183 518
540 224
560 188
161 181
682 502
268 975
299 714
396 184
575 381
71 872
985 45
275 313
580 850
549 791
330 680
266 86
349 565
433 812
703 966
155 323
54 415
732 581
9 492
924 171
609 453
109 567
589 918
489 710
26 379
697 766
621 768
596 566
308 23
941 479
817 158
10 398
570 453
860 402
612 988
572 170
163 42
158 801
930 604
174 906
59 805
488 780
165 405
301 449
110 20
863 565
113 533
633 597
349 831
290 533
884 154
766 986
330 798
662 121
788 463
7 601
829 454
325 685
747 9
860 238
759 109
725 183
56 250
530 867
633 223
247 291
208 31
910 751
31 470
785 668
162 785
933 80
859 951
238 799
686 887
915 19
182 264
859 123
735 275
173 224
359 488
199 653
66 313
657 726
235 840
949 379
408 989
928 124
642 139
800 414
104 592
303 948
639 222
827 338
756 868
883 265
886 726
115 494
939 37
69 455
560 114
736 23
128 955
934 957
862 490
922 823
941 65
793 510
741 871
803 478
457 449
166 869
45 145
343 723
780 581
231 969
931 35
948 61
994 724
471 212
855 476
682 547
708 258
173 961
45 844
919 522
746 616
932 646
397 667
980 53
269 529
757 451
992 246
119 229
178 464
716 773
416 17
927 594
861 606
655 991
684 748
862 795
673 129
88 700
678 695
783 595
171 657
392 872
295 130
63 974
22 720
102 207
333 56
674 261
583 815
158 909
840 401
346 998
447 281
339 454
763 118
856 839
368 96
180 215
903 512
154 351
907 222
228 89
160 596
787 689
602 515
596 398
153 249
291 584
242 966
652 817
423 948
645 883
952 675
721 328
283 983
631 752
354 633
55 631
354 255
8 138
810 757
689 111
799 915
246 738
618 273
152 843
756 647
545 355
139 101
574 86
133 246
752 87
670 84
650 518
377 887
190 918
590 46
832 840
171 771
372 467
102 95
13 518
497 476
427 477
937 958
54 147
292 416
390 334
850 978
531 257
91 133
198 797
14 588
866 181
359 206
603 601
910 562
81 75
210 81
493 17
635 509
277 85
27 952
228 372
574 284
336 9
80 715
809 495
600 35
972 161
326 594
142 24
637 851
28 783
326 515
97 758
525 730
342 31
766 588
733 311
95 27
461 826
511 704
271 196
506 534
435 266
718 321
584 408
693 764
651 262
879 148
638 497
235 814
171 402
186 467
792 149
364 61
448 348
942 745
470 194
168 662
128 569
579 639
805 238
285 314
592 492
637 499
462 763
121 239
123 673
270 214
596 736
713 635
203 916
980 815
614 383
661 257
43 966
465 878
485 343
122 712
710 624
569 468
250 914
724 768
127 543
584 230
190 598
183 407
996 274
357 813
300 679
437 683
256 805
817 52
294 580
659 108
308 641
92 942
544 762
664 191
571 140
243 679
174 914
20 78
280 561
562 79
640 553
516 884
594 174
450 85
243 957
710 944
606 598
925 473
802 468
555 445
193 899
632 920
341 176
124 227
702 977
377 74
901 918
971 216
3 258
499 518
75 81
99 830
895 58
490 931
78 318
970 246
20 86
644 208
519 560
591 765
893 604
636 166
298 860
238 806
472 669
942 42
283 180
205 751
771 959
343 106
758 24
968 856
422 315
627 615
885 284
437 198
195 351
407 747
907 348
184 578
626 476
755 940
62 376
878 552
503 315
664 706
267 371
459 986
489 998
736 322
722 639
161 413
248 29
592 253
954 780
314 767
327 120
593 921
193 299
32 213
416 772
383 56
275 102
646 685
793 408
470 488
334 686
788 518
697 953
249 532
309 563
356 54
576 215
106 15
28 987
120 80
433 707
347 647
427 425
790 685
855 991
345 368
80 159
311 339
623 19
802 171
515 952
524 524
780 667
812 23
224 26
280 339
237 235
528 985
962 666
299 595
735 511
358 141
576 560
518 279
744 850
100 983
834 773
469 311
655 97
932 337
214 929
168 38
343 532
402 847
276 588
597 689
353 824
140 472
576 967
576 536
271 861
121 554
846 682
372 391
846 233
996 548
979 892
176 328
972 918
883 39
915 302
548 877
787 179
579 60
128 912
438 393
304 127
990 837
82 850
498 813
494 953
268 451
758 996
6 265
499 805
238 507
932 348
988 110
750 954
96 287
669 613
727 842
951 423
716 685
530 495
340 85
59 136
762 695
302 325
640 417
14 187
950 815
577 127
787 902
942 218
649 626
479 47
612 885
171 364
850 545
59 8
484 753
828 111
515 215
738 658
577 259
736 21
977 947
986 576
867 593
928 379
567 22
296 818
777 498
686 108
496 945
774 698
848 902
860 628
102 89
918 545
987 144
797 255
793 929
969 663
700 756
281 411
564 51
259 599
531 756
349 490
976 271
475 435
2 502
573 233
471 368
265 985
419 168
355 237
180 547
761 837
584 91
702 886
551 811
994 624
847 720
826 172
626 747
428 309
389 481
695 651
703 895
232 970
69 632
745 50
474 93
57 712
866 214
40 628
111 656
773 360
584 90
169 62
138 675
288 483
417 939
138 498
503 257
323 357
298 423
727 98
530 47
210 274
676 619
120 589
384 960
346 727
883 664
549 678
331 777
884 555
403 23
334 748
181 505
661 171
448 913
562 981
625 601
628 530
858 34
209 769
718 988
694 17
979 940
805 866
704 562
607 582
827 945
663 927
238 925
680 231
520 616
773 517
423 241
396 371
35 872
164 829
799 778
706 52
424 178
225 320
596 141
326 753
435 797
728 432
563 926
995 242
820 190
736 980
782 683
80 696
46 642
991 284
636 486
367 775
574 503
680 699
790 719
996 672
925 287
572 985
7 660
855 545
704 976
696 480
910 119
900 852
520 765
892 572
762 208
945 275
785 987
901 647
11 172
905 557
432 627
654 351
48 820
680 356
381 969
949 737
867 600
576 560
207 760
827 4
585 268
878 295
563 615
167 670
656 598
943 205
988 520
389 558
679 628
538 212
563 420
305 678
89 822
580 770
751 135
452 381
427 44
753 48
327 322
323 900
186 687
128 396
78 484
851 730
241 430
476 308
940 925
348 633
935 322
814 476
300 935
471 328
426 690
723 741
80 726
511 437
440 612
817 495
528 364
963 191
828 49
771 860
744 380
376 568
774 815
453 668
842 493
213 300
483 16
368 993
593 71
674 516
470 233
850 764
731 697
169 377
176 718
602 141
905 728
989 834
547 416
492 684
329 461
202 770
772 788
52 248
55 312
891 962
57 676
503 930
807 995
781 51
240 6
327 806
792 145
95 691
618 705
806 725
673 854
614 276
415 319
352 951
392 13
462 883
145 911
113 278
264 211
868 38
684 482
67 207
415 65
175 47
621 717
666 188
314 144
340 301
314 743
32 763
319 764
606 197
739 583
766 218
718 741
511 389
992 768
966 640
54 484
982 328
107 62
469 516
65 14
955 250
159 292
876 516
822 364
235 323
89 224
658 189
844 647
642 888
469 697
354 905
671 998
769 193
459 223
903 806
863 410
323 923
482 731
52 193
740 331
80 514
129 699
66 860
141 252
447 630
300 336
470 703
209 810
493 777
493 574
714 516
878 283
496 536
244 407
367 242
627 601
554 91
912 891
629 65
437 751
951 783
778 900
211 633
508 565
852 942
691 146
346 343
275 605
620 643
770 501
53 236
838 218
516 546
907 554
624 603
487 5
698 780
177 5
252 279
297 142
12 327
443 620
540 683
451 163
798 478
518 197
611 138
40 901
505 917
71 642
591 93
177 461
726 474
948 534
451 235
908 288
746 931
950 214
674 279
118 36
618 993
699 438
282 936
562 329
455 596
55 934
881 329
381 891
341 461
698 516
121 683
625 437
635 716
741 59
938 200
709 856
850 144
263 119
172 613
290 894
13 301
421 431
459 469
349 799
933 779
295 321
861 300
285 700
298 324
995 84
40 560
485 525
586 118
686 873
158 118
826 779
269 467
941 210
498 194
428 761
811 786
543 376
909 532
374 303
562 898
300 89
310 646
482 518
295 828
825 59
756 710
184 227
323 904
15 158
717 247
34 789
716 435
850 3
87 660
76 589
952 860
236 53
154 497
817 892
155 67
561 728
840 553
808 436
310 985
243 413
464 277
244 879
657 722
8 648
668 202
325 565
12 193
669 347
718 196
271 273
944 998
88 909
303 130
398 509
341 984
527 265
388 189
566 475
329 235
847 850
329 690
743 3
861 243
378 286
800 348
844 140
63 109
616 579
339 829
913 252
383 908
461 395
11 39
97 774
207 266
343 506
726 795
672 199
983 594
729 54
188 50
90 895
216 387
151 715
854 703
745 263
100 721
750 435
890 746
480 547
705 490
375 819
501 41
304 498
251 66
215 115
51 776
135 672
433 650
538 290
728 932
978 992
140 109
586 403
625 764
443 234
777 966
211 66
327 690
811 30
280 518
358 472
413 150
555 134
878 597
605 329
335 359
503 881
221 975
439 389
286 437
944 462
674 769
330 13
886 542
28 368
548 844
964 206
461 397
731 690
26 968
457 316
593 137
71 196
266 736
113 827
853 383
997 555
3 281
803 65
573 559
609 741
421 536
844 258
515 628
227 857
843 975
90 101
373 289
715 240
842 572
245 149
949 188
33 641
786 453
570 339
920 660
473 20
432 653
208 594
516 527
553 940
29 281
67 925
963 214
323 640
391 372
757 95
420 285
318 564
177 556
478 851
513 369
229 629
869 111
673 172
888 446
389 33
777 374
670 728
390 657
683 448
95 652
580 226
209 369
220 670
392 606
339 183
523 841
609 128
522 159
115 342
193 130
419 746
189 294
11 666
18 304
664 181
293 49
718 57
16 604
248 42
707 590
908 508
877 470
518 123
56 522
515 849
410 575
138 41
189 486
143 390
479 900
640 388
58 731
539 972
351 10
381 970
52 233
478 634
293 521
402 206
863 456
176 312
601 377
374 284
488 165
684 787
287 240
661 421
699 625
803 739
576 450
927 939
453 456
531 801
565 855
480 501
996 563
544 893
555 987
471 967
16 205
751 168
5 739
84 242
954 152
191 638
694 72
916 781
952 768
809 105
380 144
571 154
4 1
597 89
884 412
565 17
720 977
522 307
225 822
913 658
484 896
706 637
630 876
706 170
788 245
460 447
825 107
219 888
466 602
838 506
498 960
358 583
285 820
979 641
911 262
209 501
865 353
930 624
229 102
907 933
121 847
687 708
658 779
592 228
731 105
347 488
723 641
612 380
561 420
509 144
764 592
949 225
400 230
38 341
9 992
462 336
986 799
880 402
483 267
925 527
959 931
311 690
227 782
838 655
496 14
287 137
655 140
307 161
645 323
845 114
333 320
169 444
338 518
475 938
623 194
803 740
876 518
13 847
427 232
356 234
349 355
209 49
313 967
550 673
757 520
590 65
324 725
709 272
856 892
213 464
884 415
710 561
317 808
346 691
252 375
246 942
32 85
623 696
955 471
791 392
223 338
640 93
318 424
955 88
456 335
528 329
941 303
88 99
659 937
296 651
796 771
149 970
237 715
431 136
560 288
155 460
188 772
711 189
109 604
898 948
335 163
977 130
540 646
5 524
192 608
701 253
352 529
456 655
345 384
236 447
411 621
4 393
793 167
481 684
189 210
272 899
459 151
253 149
684 204
455 726
508 368
849 319
167 12
12 322
895 17
806 596
593 297
196 776
633 334
108 673
781 487
405 481
484 346
460 273
604 395
50 397
945 240
601 446
713 508
437 111
162 848
325 682
316 612
680 8
475 100
152 216
974 817
30 484
385 928
856 353
839 510
115 269
648 961
945 499
812 41
971 101
24 49
322 996
31 909
545 474
82 832
320 793
106 433
203 327
922 860
675 912
533 88
962 777
510 931
700 343
285 186
283 980
616 795
112 34
303 659
670 978
690 945
289 56
31 673
824 829
509 406
507 424
297 144
953 53
357 56
387 904
514 103
99 906
672 539
169 346
594 243
720 587
91 659
693 830
134 368
782 418
401 884
368 927
712 605
916 948
928 89
243 169
934 467
531 351
373 799
160 628
920 933
948 127
97 49
193 12
233 26
99 599
673 968
320 282
697 669
724 822
227 89
756 325
15 155
783 272
718 596
397 598
791 787
173 2
573 230
305 359
945 987
500 166
99 736
589 393
773 629
371 718
596 466
857 125
806 218
251 629
36 198
60 370
823 672
641 110
578 272
575 924
980 886
752 931
594 716
819 675
716 117
732 162
118 285
163 359
285 60
745 447
589 36
59 905
920 87
988 272
568 507
94 954
181 274
767 837
312 519
981 385
421 213
353 941
394 675
90 721
183 671
108 360
756 409
630 159
467 393
969 45
467 145
468 309
895 809
511 516
349 578
318 481
292 333
412 536
557 501
882 729
150 287
125 90
686 54
749 925
86 221
253 526
974 984
965 623
239 699
155 185
137 589
340 245
408 171
553 16
75 733
759 635
147 394
881 213
816 800
797 387
248 650
967 183
882 541
28 126
697 87
952 405
343 100
182 979
857 324
906 447
280 964
926 960
538 634
497 189
656 199
947 868
764 238
77 700
978 971
578 302
255 356
850 647
681 411
72 898
968 408
141 534
928 467
705 242
361 208
162 238
252 842
796 298
207 886
729 46
154 842
490 801
891 776
269 897
848 714
196 585
316 137
762 919
737 995
453 435
76 836
563 171
173 919
922 504
569 781
391 728
912 557
748 166
600 346
666 864
121 453
566 723
574 801
980 137
736 58
193 147
733 910
604 311
302 750
269 843
817 842
377 965
694 262
342 637
86 532
129 506
747 997
621 495
296 946
952 276
912 697
856 464
61 446
308 190
722 391
806 117
855 578
187 536
783 839
952 440
460 12
849 156
939 340
927 526
144 952
137 514
782 266
105 702
801 460
328 957
424 951
765 651
516 311
613 970
977 427
535 50
450 717
556 346
22 918
511 499
128 810
769 586
125 639
224 669
348 858
455 739
401 568
226 921
805 371
286 792
710 578
173 457
382 738
669 939
884 966
377 141
770 61
656 251
463 163
200 821
67 597
478 260
135 520
431 724
55 277
164 930
401 907
76 608
602 552
282 894
61 636
343 953
552 809
572 121
84 770
911 514
654 72
895 27
226 664
531 588
301 801
29 366
209 911
786 739
916 312
587 631
204 193
246 895
343 998
17 247
979 433
814 13
866 660
801 919
333 261
458 524
159 231
564 22
316 169
547 251
373 515
648 997
25 125
452 109
116 791
486 346
676 754
717 451
519 433
244 241
413 295
194 961
944 311
125 1
753 86
286 945
111 613
625 604
832 129
531 118
766 602
98 540
641 833
652 927
158 103
464 42
637 946
231 1
125 915
631 893
992 714
376 702
566 136
641 107
558 611
318 257
205 958
817 619
54 84
797 582
139 881
598 619
2 305
611 487
543 836
208 857
729 585
354 434
939 531
544 446
724 606
186 217
994 336
115 671
248 677
869 435
653 557
539 886
600 665
959 324
286 752
387 800
862 900
139 570
531 670
10 453
230 397
135 995
373 108
617 865
919 848
159 851
98 572
589 411
177 391
169 387
419 644
822 326
384 390
197 955
974 13
87 795
859 288
575 491
294 593
527 292
980 81
155 652
936 665
707 992
812 778
328 441
305 490
39 535
365 935
658 136
449 294
285 42
779 73
705 294
384 405
527 109
972 533
378 945
932 293
215 495
313 801
592 809
302 270
867 35
386 581
598 665
506 217
431 883
535 871
584 143
381 957
494 316
195 989
591 939
344 422
744 255
658 182
348 705
446 195
528 287
545 123
365 140
976 799
299 386
410 505
319 794
771 899
659 288
905 887
878 979
587 469
152 594
927 793
395 476
276 600
918 821
924 330
679 245
421 190
437 404
886 171
494 309
852 170
52 178
69 226
987 870
990 23
973 972
628 388
968 160
200 151
192 671
991 54
968 58
891 157
196 748
405 233
183 995
355 557
161 141
994 578
145 603
70 649
500 482
954 240
146 967
804 674
840 871
371 324
284 709
885 51
138 630
483 408
743 268
989 112
482 890
963 822
615 424
150 463
291 247
637 396
124 19
928 790
25 992
543 358
156 407
583 568
672 835
291 257
332 632
853 266
47 5
397 672
895 303
211 837
458 411
116 563
764 634
366 198
440 381
541 866
753 235
811 679
858 934
642 422
