3500 3000
201 178
946 365
540 396
288 282
739 23
337 199
251 662
997 51
667 889
492 248
838 414
773 435
302 297
755 585
877 143
364 634
739 735
499 651
711 235
687 728
800 460
421 82
16 957
836 875
153 796
96 261
161 161
38 151
218 468
443 13
431 636
850 861
405 706
882 886
90 741
911 914
227 297
715 232
997 565
201 722
845 783
594 141
975 969
822 854
153 715
224 395
914 759
603 814
268 62
620 373
86 283
890 435
989 164
518 483
958 916
785 37
641 782
118 354
295 898
974 173
592 492
858 134
369 764
302 539
695 928
859 120
817 650
817 192
850 824
213 350
557 720
872 400
944 870
423 25
362 762
593 692
977 451
78 518
1 887
656 896
851 949
163 586
380 112
578 846
450 951
678 6
232 228
512 286
836 362
462 933
494 824
158 905
245 636
568 107
921 118
633 372
531 792
286 327
846 193
693 67
326 858
509 479
51 753
737 529
60 34
105 270
847 302
324 275
894 908
772 147
696 682
52 79
642 892
671 705
463 4
247 778
542 895
212 701
866 229
363 183
282 73
342 335
923 55
892 258
534 616
515 952
839 763
477 492
181 562
471 309
115 24
8 252
89 10
391 543
334 142
756 77
683 658
271 24
4 26
193 140
845 146
173 253
29 300
276 615
297 343
184 761
775 3
269 764
765 869
425 437
615 435
967 244
759 889
361 565
313 577
619 665
595 558
249 929
349 47
147 398
164 400
619 117
370 785
166 358
817 315
613 630
56 71
614 30
345 110
327 257
538 610
805 800
26 40
471 464
30 949
495 726
174 608
477 620
658 550
858 179
913 329
627 354
176 4
900 568
404 221
537 630
831 715
616 668
542 693
240 613
553 667
538 11
208 747
121 106
855 283
749 601
58 287
99 637
638 513
174 158
288 684
340 151
458 128
752 850
946 911
910 853
147 167
272 8
251 43
587 92
849 668
682 511
849 821
941 853
150 196
918 936
875 122
388 896
719 121
317 861
549 61
313 128
733 312
47 197
979 487
841 855
979 452
344 611
938 841
625 839
691 109
834 883
951 423
88 674
393 639
937 194
307 484
728 755
614 229
237 132
839 160
200 485
82 595
678 524
17 908
826 338
916 159
679 121
654 516
95 687
420 189
781 814
428 603
38 615
17 443
775 227
472 981
533 345
321 308
311 49
7 595
830 469
913 763
894 156
183 758
377 734
911 754
188 615
302 390
288 819
755 620
442 490
970 292
820 442
49 416
326 253
855 676
158 633
218 594
769 703
359 193
678 582
574 63
205 570
644 905
135 687
823 859
445 222
446 987
60 859
825 484
316 468
974 795
941 723
732 997
71 206
67 983
225 331
299 484
286 354
972 584
296 710
43 499
577 371
968 543
699 300
64 521
275 824
737 381
770 156
244 268
935 715
411 561
316 854
215 973
414 512
523 751
79 708
563 425
371 41
185 27
554 120
710 574
573 633
398 822
556 513
928 746
133 144
73 819
71 293
895 672
271 120
121 662
804 245
779 280
73 747
359 843
253 897
435 960
449 436
200 379
729 433
713 619
556 887
43 792
978 902
36 586
531 998
336 91
169 788
595 822
668 93
946 849
863 67
48 624
800 910
991 367
625 428
222 495
237 239
492 89
944 921
871 769
104 315
921 934
105 640
818 137
754 474
202 608
894 105
731 908
431 271
832 15
356 710
975 278
656 392
775 652
651 794
42 833
194 478
281 613
73 723
400 500
41 427
381 805
17 510
474 827
205 630
868 512
119 782
787 112
928 823
600 289
553 682
978 773
175 108
352 322
382 363
83 461
396 922
476 492
56 347
88 684
138 270
930 217
421 120
224 222
620 622
758 223
115 3
82 796
865 841
742 196
660 396
670 162
246 835
720 824
631 584
960 677
568 759
895 870
732 678
846 947
984 270
51 669
188 158
283 970
789 862
991 677
540 913
86 184
971 440
968 756
449 262
35 170
737 310
465 757
763 465
557 473
496 42
319 867
889 939
208 132
294 353
935 514
841 32
567 446
95 972
997 326
200 758
823 665
897 33
714 493
453 273
288 447
652 330
387 739
729 54
302 463
37 537
439 349
582 182
498 26
139 886
18 528
398 404
150 96
735 482
677 628
272 632
340 69
904 572
303 540
551 751
765 997
472 506
274 222
484 398
260 46
706 13
984 377
286 567
777 152
792 683
274 219
981 628
998 757
145 731
996 307
50 99
462 413
171 492
579 410
709 424
400 36
76 323
741 288
689 393
8 169
510 216
571 471
126 459
866 965
324 992
239 614
466 915
221 243
178 664
578 97
424 528
129 495
673 278
969 882
990 768
915 310
152 782
833 257
698 183
951 325
720 477
131 596
725 254
548 897
816 714
52 268
509 326
483 824
577 802
477 37
258 289
218 512
143 436
346 743
270 406
766 489
841 550
168 553
501 745
647 870
311 581
524 296
687 348
225 654
898 283
856 531
857 736
611 175
605 245
615 273
271 684
223 610
388 689
214 307
577 896
415 102
94 757
433 854
596 420
275 671
987 367
160 763
52 985
751 745
52 313
508 317
4 384
213 350
393 611
567 460
1 23
827 322
804 479
630 668
912 465
702 443
328 208
485 489
9 739
375 433
116 197
343 584
972 851
53 138
728 686
332 420
233 249
145 458
581 804
867 272
913 420
910 128
480 24
676 937
47 782
535 885
741 645
908 522
59 954
704 265
27 150
406 849
892 33
776 940
532 145
359 745
272 376
543 509
837 63
547 475
320 347
164 764
214 72
106 264
931 996
976 895
352 746
241 772
255 161
853 194
833 284
51 809
955 270
945 188
6 289
936 401
15 464
166 932
631 688
246 988
916 588
523 87
720 660
668 249
491 122
44 74
783 778
988 937
827 703
103 867
577 624
209 348
219 12
122 247
860 37
103 83
735 311
480 193
886 139
999 381
41 449
413 983
300 211
231 11
73 757
365 397
100 370
654 242
328 838
688 293
78 368
906 75
32 518
193 172
66 355
420 859
159 846
185 414
921 603
855 373
343 649
281 412
281 633
685 468
513 692
670 747
17 842
316 978
340 520
699 883
910 725
244 633
292 331
528 846
228 32
470 841
302 402
876 35
769 372
607 777
329 658
531 914
172 763
305 172
310 967
887 818
602 423
529 934
168 523
309 658
746 26
652 309
619 211
727 581
284 659
353 989
696 552
304 592
869 305
611 696
445 693
644 294
165 71
16 328
688 22
581 311
635 925
743 76
167 679
448 542
319 224
667 316
473 752
219 137
563 774
746 476
97 653
651 314
646 973
906 705
609 864
678 959
226 820
313 968
596 23
676 498
852 191
397 748
373 865
364 13
833 3
282 135
327 897
709 659
230 825
26 760
600 774
102 482
175 51
50 977
474 780
362 535
841 778
236 299
955 247
15 524
769 412
101 191
833 773
158 261
963 321
763 851
234 897
981 49
373 207
109 16
96 735
68 480
521 206
254 639
615 537
700 504
884 241
939 789
764 669
403 736
498 498
30 286
543 721
239 221
28 63
589 125
211 112
575 185
888 718
212 391
932 642
160 835
844 356
132 165
425 708
324 157
963 371
901 711
592 458
706 791
67 550
14 472
892 658
787 63
832 74
472 408
757 657
266 513
705 819
493 119
769 166
273 908
370 991
890 184
430 80
896 971
534 39
298 553
676 745
84 163
135 928
757 795
578 619
144 75
292 316
688 294
581 960
444 783
808 760
413 703
362 933
443 553
544 359
861 350
757 908
272 42
960 492
276 495
154 463
898 10
880 33
763 553
285 642
828 728
778 105
489 474
786 97
892 71
735 821
255 708
728 134
428 343
506 88
457 374
192 14
910 901
735 632
259 652
4 268
113 504
422 993
403 569
356 527
456 465
666 994
530 498
265 446
368 22
506 181
864 35
30 817
813 513
188 243
891 228
847 85
919 831
94 567
70 307
887 677
451 117
989 512
335 931
998 46
668 828
416 729
305 89
455 449
798 968
962 629
263 597
278 710
863 501
447 952
233 29
229 789
759 651
722 915
339 844
988 845
702 529
145 580
216 852
377 961
282 308
958 900
578 413
471 953
249 565
597 23
265 20
882 893
962 969
873 200
555 694
442 47
759 535
266 376
207 694
168 148
187 918
577 628
243 310
341 83
616 856
135 676
156 300
444 399
413 927
83 25
739 114
883 341
749 84
137 165
260 551
601 238
876 693
289 664
85 198
948 867
774 291
612 669
870 249
694 5
388 726
794 327
298 221
651 496
673 785
317 956
912 250
234 801
551 360
253 529
730 857
299 32
216 933
84 903
70 20
285 635
763 506
58 293
762 471
385 488
660 193
88 255
528 282
415 306
113 945
599 636
52 263
562 47
497 389
370 428
349 407
441 875
7 956
380 428
458 211
249 600
673 413
523 503
555 332
638 636
331 922
277 747
7 17
892 724
513 796
305 556
727 773
538 864
472 36
6 475
596 456
409 869
722 367
20 28
321 645
145 575
31 117
983 538
72 203
760 695
11 517
20 699
143 311
597 238
553 574
419 805
749 772
861 762
826 77
818 853
258 815
571 138
644 668
809 515
573 128
358 105
728 786
810 242
878 436
429 21
301 70
417 307
876 748
277 597
27 903
666 411
935 642
592 573
219 410
52 33
633 703
632 148
952 979
160 433
656 973
204 185
105 557
224 973
871 57
917 991
573 734
340 587
912 429
975 930
782 589
240 216
916 666
940 568
196 900
36 398
317 514
500 909
462 433
906 352
550 170
419 829
55 269
439 653
10 809
339 683
137 64
755 305
550 72
10 205
930 317
496 529
538 654
855 332
237 52
127 128
837 61
968 544
424 488
127 922
405 190
152 201
254 523
884 509
642 1
717 838
47 147
162 774
775 208
485 565
228 895
363 831
332 88
608 552
245 667
348 143
503 864
746 734
917 28
958 409
819 818
795 635
259 666
790 278
345 485
945 977
637 870
383 49
888 774
778 898
824 804
265 969
192 698
124 346
397 169
470 356
355 862
948 672
751 425
851 20
680 8
930 379
676 122
549 757
893 964
909 952
428 834
229 117
384 83
242 883
601 867
40 829
49 274
369 745
890 181
712 503
196 645
681 664
428 238
750 64
353 237
954 251
997 918
828 747
955 68
217 485
538 821
320 530
582 439
317 991
690 137
200 608
790 766
201 855
100 349
518 930
586 394
955 179
598 645
103 70
766 886
198 773
84 96
628 586
924 508
207 251
1 28
206 466
416 374
22 848
809 748
6 825
988 221
226 657
93 588
726 628
905 585
641 323
25 118
911 127
378 321
126 851
556 923
299 303
792 503
721 325
761 79
263 128
812 493
835 948
541 823
160 58
452 994
525 874
436 68
204 47
597 216
716 694
857 193
211 190
322 424
416 813
660 667
915 753
978 121
637 866
793 890
432 501
741 225
172 802
171 818
301 637
505 768
501 628
136 305
577 827
20 918
103 96
751 69
658 294
921 79
402 588
844 683
798 927
980 870
799 822
458 233
549 941
949 664
562 593
550 291
483 575
823 528
77 455
984 249
180 511
757 302
22 81
679 813
179 417
172 705
216 332
246 284
524 651
208 650
106 116
338 948
358 289
278 603
857 29
658 502
890 821
695 841
468 774
63 578
80 125
940 452
597 583
480 868
392 114
233 230
466 767
332 524
127 826
214 472
565 638
897 809
237 537
800 162
411 471
566 551
180 996
842 280
692 109
650 996
874 137
133 262
507 204
190 883
158 138
561 825
740 83
218 174
340 456
562 422
912 195
551 757
989 880
255 785
498 87
502 464
454 169
625 199
377 891
155 165
896 146
963 492
155 663
948 422
864 397
128 436
738 223
622 809
512 338
245 256
88 37
976 713
36 992
849 676
478 735
959 990
887 512
826 579
91 126
568 307
224 822
84 391
261 114
899 834
111 542
373 378
268 69
90 831
732 802
793 427
229 26
345 45
838 135
417 649
138 41
879 47
760 752
716 964
336 485
940 201
78 13
112 458
160 927
315 796
994 504
567 938
797 207
689 542
742 584
91 48
483 591
602 79
32 445
234 168
594 500
689 676
77 554
163 242
221 833
791 958
944 986
536 324
598 489
190 655
302 79
643 524
120 100
846 585
638 477
737 967
172 308
538 764
270 744
121 826
673 592
262 911
967 39
280 4
751 830
617 509
441 695
435 9
397 197
934 487
638 116
685 606
607 690
570 883
920 483
312 366
223 207
88 497
110 266
282 704
577 418
182 304
542 336
769 765
579 920
671 754
268 979
912 300
625 648
779 923
116 778
100 172
78 798
556 626
70 275
718 343
365 474
71 40
29 330
525 41
464 980
916 630
635 935
474 922
740 596
319 743
825 113
659 527
899 724
359 415
620 455
917 601
39 87
580 524
519 138
798 188
947 592
277 553
656 407
858 904
569 705
545 488
929 658
580 588
80 808
489 645
515 112
501 521
914 781
562 360
431 137
482 476
903 295
253 838
54 319
658 50
386 730
756 240
627 320
54 355
48 814
798 600
949 194
148 159
936 803
71 217
28 561
536 908
80 695
244 321
456 839
349 89
568 154
488 56
60 982
27 860
714 768
75 420
938 977
903 796
459 627
826 803
240 952
67 733
871 325
471 973
942 173
696 274
388 435
807 954
384 63
14 651
385 390
5 898
131 550
658 125
928 718
662 473
561 521
953 781
366 716
106 670
121 934
437 651
41 934
379 754
238 901
473 781
56 904
646 62
178 274
462 644
574 198
396 435
311 783
240 266
951 149
975 214
44 711
596 984
881 394
55 355
676 981
228 872
373 630
456 665
530 288
185 291
543 165
582 480
744 224
949 781
421 538
299 231
47 543
636 117
560 646
634 520
959 154
580 176
426 683
840 402
582 704
416 852
265 458
428 196
578 109
844 687
842 480
347 48
613 46
158 630
117 192
736 590
818 856
586 757
728 494
830 613
482 259
305 746
439 711
275 598
235 63
434 585
143 326
448 148
489 469
11 407
94 71
537 611
776 947
433 97
239 860
283 848
41 427
753 36
741 935
752 595
982 955
988 142
480 701
841 979
526 208
249 474
167 3
222 979
887 632
149 487
486 291
6 748
711 269
511 847
873 63
861 201
590 197
892 181
163 971
152 533
755 373
797 289
921 730
905 585
32 815
920 439
368 292
765 837
144 109
968 393
853 823
112 753
50 826
968 925
944 50
742 436
282 373
996 120
991 852
58 491
737 803
430 64
643 908
817 785
949 459
807 230
323 537
831 87
678 132
701 32
948 361
522 295
329 104
741 514
254 461
213 650
880 61
207 425
883 692
360 654
674 832
391 576
640 304
719 562
741 970
305 601
618 924
276 423
567 613
158 289
678 273
708 53
870 267
754 411
295 934
172 912
995 601
226 883
839 908
230 819
258 479
588 918
899 606
927 514
322 882
764 522
396 851
372 283
498 148
269 557
359 153
450 645
877 919
587 352
655 363
966 662
752 332
520 370
829 651
871 743
923 872
617 56
671 727
44 262
653 577
158 623
813 346
402 328
129 329
233 412
898 536
410 987
251 257
703 74
949 790
280 29
919 875
899 714
157 377
536 289
579 681
762 278
904 226
6 833
718 764
254 522
464 202
962 566
113 52
120 127
983 166
292 419
700 942
325 974
340 591
7 413
280 538
947 855
39 424
169 757
9 125
166 173
961 74
816 55
451 734
589 160
492 531
816 327
265 778
909 705
51 684
232 497
228 476
679 96
309 863
410 614
256 510
49 936
714 400
44 419
757 813
247 974
557 762
332 416
338 962
44 873
64 745
952 638
375 89
1 968
907 750
441 683
424 154
887 565
196 731
963 400
40 553
65 171
181 709
443 792
732 201
241 423
176 954
340 164
593 384
72 697
777 157
785 228
330 977
365 346
393 711
851 831
843 980
732 707
14 222
908 307
240 810
193 191
931 978
340 630
490 247
369 874
427 120
814 868
376 19
155 882
488 486
318 730
94 450
949 407
401 216
657 872
181 898
132 579
690 387
28 358
844 999
63 130
780 603
804 33
293 45
401 746
704 520
124 418
361 267
817 437
672 60
416 772
303 27
491 478
969 851
211 848
815 756
740 813
413 757
427 670
910 298
921 801
881 683
17 199
280 955
653 16
329 39
562 624
968 341
558 704
462 577
143 914
672 829
292 437
980 160
539 427
450 320
253 232
442 830
215 688
268 133
337 975
839 262
553 592
119 188
410 613
767 456
763 916
881 335
905 286
820 245
156 232
154 717
836 701
933 185
361 57
724 306
159 502
91 940
896 721
384 912
875 923
535 88
497 837
229 976
431 896
235 67
65 659
918 97
511 138
806 9
444 400
66 687
43 503
805 545
720 313
727 265
932 532
839 548
83 449
393 81
925 295
682 761
811 111
283 958
34 149
107 784
444 872
460 308
946 246
648 913
227 352
136 617
303 932
321 581
25 40
218 773
100 238
158 254
717 532
396 445
604 552
171 310
195 504
994 696
783 473
44 316
279 728
252 358
636 309
719 848
755 820
467 435
587 797
600 5
340 369
444 446
636 219
218 675
87 931
339 644
628 401
482 952
551 506
35 9
619 657
581 578
622 275
112 981
645 850
239 51
554 153
996 503
485 840
995 802
723 957
312 278
114 741
645 912
401 658
377 613
821 376
299 843
807 944
346 449
813 423
162 762
453 781
585 389
531 212
675 376
374 725
424 324
599 489
538 587
51 947
657 233
920 891
92 23
986 32
838 504
852 214
609 407
602 614
577 702
325 554
383 348
844 441
573 261
29 925
609 711
232 591
700 817
809 594
833 180
952 218
168 688
233 525
734 497
386 588
141 481
934 690
18 317
710 372
6 669
21 215
593 593
61 184
952 188
37 362
160 193
573 686
340 630
400 677
952 274
119 770
86 863
353 499
180 913
736 167
941 732
266 797
931 974
316 611
405 771
542 306
602 424
554 198
170 117
342 479
851 742
162 653
256 365
684 505
447 300
790 850
682 632
271 580
891 192
793 652
769 57
619 674
593 524
796 842
187 916
812 493
544 649
35 162
84 375
795 329
504 512
595 29
807 761
796 715
256 900
476 314
527 706
135 266
162 228
822 442
337 61
929 296
159 356
100 495
38 272
952 253
398 494
266 158
969 10
778 649
949 848
31 521
852 505
851 290
197 96
659 451
68 590
256 344
83 297
9 216
258 429
347 603
103 835
928 960
837 761
893 963
565 603
808 880
17 917
893 540
407 573
326 595
429 187
127 225
161 184
974 45
264 242
723 428
90 880
960 356
388 520
620 657
948 710
71 739
90 985
742 429
417 125
482 395
414 316
490 889
349 550
206 404
133 747
131 548
238 497
258 663
236 781
896 378
468 878
298 864
122 945
404 554
697 198
248 934
271 363
258 855
540 312
147 655
670 308
837 507
768 943
253 971
587 400
701 821
156 15
166 61
52 213
670 193
119 48
876 520
999 907
928 38
916 839
117 575
276 401
415 135
101 81
439 702
771 670
470 679
638 329
166 180
922 406
962 100
716 629
928 727
348 447
706 58
553 996
505 378
685 407
628 80
391 329
966 214
851 345
583 263
286 793
222 557
326 805
369 674
45 339
716 778
294 667
443 881
110 720
988 224
252 584
386 996
713 49
215 845
700 926
959 915
746 857
134 934
18 375
708 745
79 143
256 461
416 196
579 633
948 131
313 315
6 413
106 411
596 712
205 197
33 104
398 969
785 847
854 945
611 749
120 388
239 961
790 546
152 962
456 801
367 840
686 872
766 123
421 68
491 276
391 790
162 194
731 201
62 19
573 964
555 637
125 283
642 657
802 109
236 54
214 107
808 650
778 768
255 849
214 974
996 86
886 374
52 425
707 395
346 127
165 1
517 849
23 177
756 111
110 271
557 857
978 939
214 139
785 638
842 129
439 253
357 597
11 104
732 659
797 799
85 30
659 648
611 6
723 784
952 309
898 318
705 477
892 918
687 206
200 694
472 508
574 857
480 301
744 902
240 403
908 748
701 824
13 358
285 413
903 383
965 990
959 118
808 984
398 657
399 48
47 585
642 627
676 294
373 350
811 224
806 587
502 192
860 254
865 17
186 795
762 803
934 890
849 145
374 96
380 993
878 340
420 557
355 471
472 184
869 946
796 403
456 228
984 28
654 457
208 216
886 509
952 519
464 381
207 675
552 93
317 471
200 403
188 678
895 199
87 490
180 216
886 694
944 638
490 337
919 131
188 675
109 586
381 974
501 252
141 997
895 109
174 196
469 165
51 94
972 853
928 964
383 404
247 955
231 589
666 405
687 508
482 980
262 81
350 476
622 382
97 276
511 671
762 9
1 863
744 271
298 915
70 173
372 835
614 793
790 575
284 24
548 112
163 572
269 571
682 550
781 5
69 88
594 329
888 109
528 291
234 24
60 575
154 128
351 674
422 422
640 10
903 645
436 526
812 439
101 50
602 253
895 675
225 919
17 46
129 782
37 357
201 549
300 337
982 206
1 478
68 416
732 93
570 302
23 122
639 83
676 93
500 221
918 661
213 899
253 305
330 920
100 963
542 733
19 238
622 273
315 364
361 195
601 72
529 482
986 670
528 245
408 377
304 242
146 370
77 421
35 493
637 95
415 3
251 745
572 304
968 694
735 747
842 903
56 592
121 921
148 741
99 799
231 295
642 658
658 775
563 15
534 564
660 223
420 561
443 562
14 605
988 792
489 154
274 863
131 342
527 261
537 546
937 446
120 516
150 913
964 245
606 871
417 112
501 335
193 525
719 386
668 108
699 31
639 763
75 6
282 534
121 77
366 401
913 873
435 856
36 77
200 969
920 166
325 812
742 461
889 854
17 3
845 184
149 5
863 552
182 668
401 370
985 600
400 340
490 706
360 560
254 109
512 720
628 319
619 585
653 860
219 580
91 344
603 991
184 989
807 90
845 413
506 984
886 759
971 620
396 562
876 128
685 137
451 520
389 83
472 174
540 205
952 362
345 728
404 414
678 648
60 428
805 420
992 621
872 122
179 387
415 971
461 752
760 494
690 535
453 341
246 853
810 575
85 74
918 184
518 518
895 964
562 92
725 696
951 985
185 328
811 901
586 231
690 585
359 75
802 919
386 650
628 655
553 67
598 528
979 752
220 454
793 878
974 869
332 804
566 575
447 576
56 885
829 747
882 58
567 697
683 44
882 278
705 343
242 242
198 511
504 183
132 686
107 913
474 350
280 480
431 524
811 150
238 89
978 928
579 397
946 592
915 191
780 521
352 77
589 407
114 477
690 718
599 841
414 197
966 61
290 62
695 948
973 411
474 369
971 9
419 145
618 430
939 747
584 608
541 888
514 649
762 568
406 454
73 160
111 920
889 652
162 996
678 349
923 368
308 203
30 939
145 843
345 654
49 247
240 442
468 80
644 896
146 392
256 562
462 284
623 709
389 217
24 716
585 579
735 84
506 837
668 390
712 85
455 363
331 882
728 565
465 754
784 811
438 356
309 851
809 12
98 661
748 391
351 697
959 123
630 958
151 44
285 781
386 646
531 895
361 56
635 603
294 435
218 745
123 440
568 454
621 424
87 94
127 209
109 226
961 955
605 167
168 214
762 61
23 828
517 378
63 995
343 149
386 691
315 169
267 654
95 754
221 568
611 712
634 390
314 651
384 900
896 159
426 636
905 853
907 316
181 271
840 980
541 155
766 666
939 273
448 691
946 468
525 280
952 757
77 504
694 36
155 369
985 301
378 773
115 330
392 288
866 473
727 360
445 90
892 858
344 727
510 771
142 998
90 36
231 237
628 2
562 367
215 976
262 200
857 878
927 260
733 855
101 573
6 488
72 375
432 503
905 663
249 274
136 817
959 668
5 35
734 948
815 456
626 752
177 639
786 33
659 184
614 760
266 531
982 413
362 289
339 348
504 143
894 266
633 615
307 641
481 706
517 103
304 207
787 376
82 678
321 872
830 47
890 613
217 875
680 188
148 205
840 706
688 366
742 445
218 57
394 877
284 286
860 382
249 509
185 699
618 214
995 123
751 538
591 407
245 34
595 742
162 249
228 608
344 735
730 572
35 814
145 423
761 945
994 170
126 719
277 579
416 629
487 645
645 300
204 413
288 206
237 372
728 255
820 57
134 385
135 215
570 572
604 588
162 342
183 160
556 797
3 178
542 732
73 523
94 26
241 163
698 235
844 274
174 290
43 273
62 764
306 14
572 590
976 953
179 870
578 85
459 20
875 475
653 960
342 826
499 237
900 568
210 481
380 165
747 604
277 490
474 425
30 639
865 606
530 706
15 821
591 630
864 160
812 904
563 146
710 787
860 2
525 874
109 239
387 227
357 112
1 849
115 926
450 580
798 280
574 974
169 623
491 159
532 115
649 403
109 931
530 898
637 722
658 992
745 347
315 769
735 396
539 932
886 857
63 927
247 160
448 343
290 974
30 180
595 243
656 414
206 328
377 662
303 820
298 994
307 951
395 222
823 496
25 319
947 447
497 844
235 993
49 338
245 582
25 316
274 986
364 568
319 950
312 230
573 576
258 85
62 844
405 135
478 600
887 385
930 982
341 79
823 940
627 475
783 216
332 370
261 678
443 26
237 46
529 217
347 851
483 913
431 320
110 592
596 456
114 748
369 712
17 411
771 641
811 844
527 376
988 102
426 808
596 540
395 488
743 654
550 703
196 556
115 538
716 415
536 349
224 2
14 402
977 64
663 282
319 922
729 829
674 226
732 349
743 699
96 48
637 290
167 384
245 200
106 836
346 936
364 53
365 509
129 974
279 542
208 323
518 523
388 662
913 119
213 59
433 689
693 258
568 225
81 813
572 593
904 675
308 423
797 414
456 384
443 473
853 774
737 957
173 569
808 813
369 273
165 650
92 393
393 751
654 312
404 250
265 412
220 456
816 148
407 497
342 525
533 161
545 388
516 853
975 956
733 826
131 741
585 784
471 769
311 58
129 451
894 746
183 618
486 414
688 383
129 845
446 671
887 891
875 533
457 671
366 717
790 418
938 186
244 884
984 712
636 196
767 73
168 755
240 408
445 652
273 140
575 562
845 33
506 610
298 747
154 863
150 694
770 102
989 54
614 340
909 905
950 301
203 41
922 801
575 60
221 334
838 845
789 765
17 372
768 784
338 815
819 147
405 443
743 774
222 762
694 172
232 403
111 189
845 604
105 84
487 232
583 95
464 660
496 583
677 943
751 953
311 630
161 718
396 921
400 384
605 361
389 447
947 382
278 8
692 952
716 772
387 619
797 400
733 899
133 941
945 222
616 783
321 750
396 65
494 574
359 483
485 43
587 141
84 519
535 697
519 511
588 449
178 342
207 255
966 73
136 317
172 179
251 552
2 127
979 329
267 894
75 79
235 344
816 688
276 141
475 197
437 16
687 692
949 417
756 725
789 508
214 521
907 266
53 552
523 842
604 676
64 275
821 469
803 497
209 229
834 464
342 281
96 776
737 879
502 766
799 158
533 348
444 688
314 187
257 904
573 807
47 557
612 497
747 774
820 737
135 486
582 162
403 993
919 46
947 472
128 207
770 618
94 977
207 602
743 807
908 551
869 170
5 389
447 425
613 752
705 490
95 372
288 908
236 302
496 785
195 516
492 408
429 507
387 149
603 699
485 577
947 939
47 421
277 941
13 585
806 434
1 694
816 164
266 175
10 710
266 710
546 279
374 608
897 180
427 119
954 355
264 87
253 257
71 421
883 720
190 198
985 37
852 290
607 342
719 879
768 428
681 950
604 332
676 925
446 575
757 48
54 10
374 26
793 200
904 486
407 765
678 501
72 590
841 660
282 437
371 833
142 823
576 490
78 312
150 817
352 824
507 36
217 586
684 70
113 102
236 370
623 608
583 270
560 491
14 120
40 444
496 773
904 730
473 236
872 306
287 891
322 401
251 303
671 552
988 524
51 13
20 454
440 849
476 223
997 902
87 460
822 730
17 887
73 840
134 67
431 297
413 205
656 668
581 638
330 573
820 62
680 612
41 140
161 722
339 9
240 827
823 880
958 912
186 323
854 541
113 823
979 677
879 710
641 522
201 884
433 550
834 323
272 537
750 497
740 598
698 880
487 13
449 994
537 753
331 27
617 400
912 491
919 674
986 88
818 673
137 809
60 137
912 262
40 653
961 833
1 238
364 581
461 186
936 537
419 394
521 196
365 764
452 857
108 193
739 770
89 818
911 655
952 286
203 12
797 787
810 588
581 262
127 933
36 781
25 328
854 712
959 755
247 687
420 425
658 314
820 864
553 288
939 255
317 91
537 752
928 391
538 230
325 243
160 136
436 146
554 954
806 136
264 23
968 889
419 641
34 152
407 319
5 245
443 194
21 764
480 523
70 59
934 688
956 300
399 15
455 523
657 79
131 428
748 11
605 937
466 47
949 958
313 629
892 382
741 525
180 442
162 240
403 99
885 132
23 666
188 566
465 774
226 801
518 452
177 18
842 843
432 199
356 486
199 875
139 454
180 171
961 89
545 686
884 336
332 14
168 410
389 523
15 908
757 34
546 108
618 465
77 638
673 291
680 710
92 417
327 548
229 282
809 918
570 90
760 423
912 117
527 654
982 202
916 284
183 117
98 844
62 18
119 187
159 176
705 978
44 248
713 647
437 429
507 410
714 986
698 994
166 811
992 479
782 892
307 808
238 612
746 349
751 912
764 820
858 497
97 696
393 134
510 662
768 39
728 459
16 463
958 325
275 704
367 723
44 362
846 609
981 232
33 276
950 490
819 212
265 901
220 835
261 450
573 82
352 849
210 828
138 473
116 850
646 626
513 76
460 497
857 660
94 405
910 141
348 692
979 166
379 261
804 589
716 743
999 60
697 308
782 719
442 644
789 365
551 133
912 838
977 916
647 252
525 562
283 727
691 418
461 191
164 123
860 137
44 417
54 979
753 824
283 946
955 895
6 237
144 253
229 420
629 185
87 144
111 304
778 166
862 200
348 163
316 198
503 662
724 7
257 30
619 433
570 834
511 593
94 177
465 85
824 658
448 600
885 452
952 284
939 366
965 684
65 640
691 539
662 109
840 75
449 799
507 352
231 478
744 449
82 884
843 102
200 809
138 578
73 526
388 804
336 966
219 592
475 315
395 248
854 825
656 864
291 68
523 135
639 1
770 82
421 899
251 495
967 92
846 985
712 103
598 109
675 50
71 767
673 146
199 573
605 777
941 413
67 857
680 422
364 574
16 25
110 171
229 996
565 954
549 690
428 450
221 344
947 398
475 196
466 318
135 86
973 980
96 545
861 739
378 622
742 644
595 325
550 636
699 487
97 802
307 986
119 646
300 865
811 652
484 510
330 633
305 755
261 922
220 169
570 318
777 278
975 391
119 13
898 102
222 161
269 209
444 571
285 655
315 483
222 929
539 226
811 946
710 841
403 187
964 61
236 964
418 862
525 530
560 45
78 592
814 249
425 781
860 395
430 248
714 667
585 521
844 373
982 877
333 136
560 377
816 814
664 417
668 649
72 156
38 94
354 243
806 583
228 822
76 374
971 511
716 236
349 616
23 106
23 435
876 464
894 246
561 730
743 923
642 922
103 217
936 464
487 207
473 128
767 10
636 576
299 152
496 76
312 154
296 316
121 179
431 968
690 541
499 314
408 970
936 458
329 982
301 243
436 972
820 833
702 975
794 884
986 418
128 531
187 14
947 774
915 131
773 148
457 778
561 874
924 226
752 394
772 111
100 91
741 689
77 519
868 618
837 249
977 244
719 52
104 945
565 541
928 143
385 502
893 279
855 729
