3000 6500
181 944
815 753
312 208
421 936
772 271
822 375
752 689
128 249
466 177
161 709
913 290
161 291
195 609
777 727
308 513
668 120
801 179
629 557
121 448
132 839
310 602
819 887
27 693
11 82
385 507
847 734
468 352
441 80
691 136
964 101
816 367
403 505
927 998
558 747
351 941
785 150
91 872
459 617
716 130
33 958
249 250
830 866
598 979
822 995
688 768
15 821
853 355
985 880
184 923
439 124
854 502
430 804
67 823
384 935
617 86
914 761
959 901
814 148
369 916
513 487
132 314
320 716
445 950
626 209
310 883
627 416
440 411
453 650
67 161
393 822
900 920
629 191
33 712
323 485
649 813
961 746
520 325
539 512
132 18
676 40
131 789
995 910
462 401
230 584
341 726
157 975
213 985
881 356
978 96
568 150
131 229
367 663
644 133
138 641
395 772
554 784
627 254
202 170
464 63
698 651
476 420
601 585
991 698
391 166
585 430
21 623
606 106
56 398
890 639
894 188
829 213
74 498
730 452
748 224
671 873
547 389
223 493
366 61
742 754
22 279
134 57
542 232
846 731
71 959
655 309
691 508
891 603
203 112
265 584
128 314
287 769
315 572
620 467
252 39
962 186
697 695
365 100
993 173
339 273
492 146
967 715
965 247
213 226
160 577
261 737
342 251
668 387
68 908
638 588
229 380
351 810
652 609
403 964
938 579
833 301
675 133
392 793
520 97
972 803
472 104
115 238
232 384
512 725
269 629
891 458
167 428
237 583
295 303
635 408
331 866
497 290
364 426
499 969
959 479
636 185
401 765
772 818
27 552
794 701
552 130
492 563
372 928
763 790
780 977
324 988
760 115
470 722
69 633
54 850
604 742
98 90
239 165
186 899
549 166
741 603
572 504
894 120
652 92
81 764
489 564
163 640
574 762
341 743
407 84
615 67
388 989
812 64
301 743
162 987
599 297
230 120
313 306
108 805
448 395
179 531
677 760
868 83
420 131
642 771
859 615
284 951
246 75
828 634
974 313
841 239
671 489
480 790
584 613
102 745
141 127
419 567
120 82
852 451
617 243
774 831
71 400
969 125
99 506
794 515
304 329
441 571
548 14
836 824
943 322
145 728
905 568
334 57
861 196
201 525
258 893
983 866
583 122
455 658
116 581
547 218
851 32
558 688
562 155
836 590
195 512
739 517
937 362
411 488
50 802
437 349
274 335
537 760
440 755
46 651
198 219
214 829
42 638
964 425
934 66
10 489
149 37
94 968
459 563
234 213
258 656
741 971
20 231
141 418
534 621
804 613
887 899
142 931
500 886
142 64
646 631
599 700
595 98
257 55
269 421
790 437
410 696
316 987
18 140
583 294
697 297
65 402
599 975
30 126
157 326
744 584
704 463
982 195
573 962
899 136
721 973
312 220
620 664
801 248
109 811
461 647
702 606
305 2
140 619
527 667
7 543
594 123
304 575
929 988
300 828
723 987
836 992
667 518
384 137
252 460
657 784
786 131
436 43
443 400
602 792
118 784
146 18
493 886
708 741
483 208
623 465
443 741
911 998
237 556
838 998
360 999
921 613
897 552
616 544
234 234
368 602
849 957
658 180
96 508
109 962
704 895
351 194
484 928
676 916
227 974
667 325
835 906
373 614
409 509
582 476
566 562
480 569
971 24
837 393
361 147
791 577
586 852
195 792
594 534
307 722
603 276
747 188
365 990
296 494
514 351
785 501
663 969
322 772
145 234
430 741
828 852
157 8
668 808
98 760
263 394
683 991
233 882
479 639
920 434
563 278
728 507
693 51
772 119
876 893
696 168
699 775
39 608
398 32
343 213
571 677
329 719
842 459
301 726
120 776
14 876
737 596
406 940
547 760
86 366
93 327
568 998
614 379
107 676
173 94
969 220
711 169
690 446
623 395
185 594
635 792
842 365
302 559
449 645
556 255
97 506
550 861
736 765
186 288
769 806
138 632
896 582
835 847
422 276
266 272
737 130
384 606
757 499
625 716
542 618
76 671
216 180
618 131
282 451
546 912
647 193
690 316
964 841
477 327
358 996
451 943
993 117
889 553
164 702
411 804
370 659
156 673
908 441
9 210
106 337
894 420
357 912
901 757
294 107
36 195
426 761
295 851
305 256
784 144
46 667
911 379
109 285
520 842
154 677
634 801
457 922
951 800
505 947
77 379
165 391
112 12
922 309
344 558
643 154
241 902
301 406
968 781
667 954
500 687
771 60
940 421
128 56
21 168
113 596
83 701
489 560
236 366
92 417
132 908
260 56
227 868
395 624
300 7
129 648
229 701
661 694
389 719
484 544
457 822
467 125
396 727
39 428
129 431
23 534
812 542
868 66
616 752
521 60
442 38
583 984
755 905
370 813
843 279
320 856
242 346
264 14
248 548
427 76
482 956
140 107
106 921
109 179
317 418
718 372
837 820
812 452
292 247
279 373
893 695
17 914
191 6
529 296
285 272
905 896
363 429
748 39
796 46
975 683
617 954
943 286
428 91
997 288
962 299
360 916
89 179
856 280
979 420
105 276
768 828
954 24
340 606
658 991
418 318
181 446
656 489
176 474
190 595
491 511
62 43
151 99
846 517
125 374
775 337
532 484
24 279
126 810
789 111
208 505
438 857
763 192
755 280
356 882
863 755
261 182
15 611
991 243
586 735
495 470
821 732
814 128
325 519
80 86
735 853
515 194
213 51
915 870
359 697
117 376
487 781
767 195
14 381
342 367
656 224
147 949
138 49
65 323
805 46
270 639
512 838
403 975
236 1
701 668
826 423
865 217
86 652
766 882
923 229
337 940
841 254
627 218
732 974
340 178
863 163
140 647
938 92
343 427
309 151
270 884
360 408
556 953
92 452
352 743
110 673
57 542
66 875
342 782
410 90
767 251
223 483
255 471
673 648
340 594
760 872
481 885
216 18
425 539
989 134
570 861
828 872
417 693
714 517
24 754
474 629
361 782
64 476
252 995
225 175
698 678
778 954
804 813
628 878
395 822
247 446
552 445
262 721
334 22
101 174
350 693
34 960
970 152
870 266
730 850
216 340
697 761
876 214
563 541
607 474
179 804
900 484
143 412
961 524
859 178
816 724
419 265
352 252
662 328
151 665
277 560
851 284
949 122
577 397
128 630
888 799
19 956
622 583
163 616
361 300
716 340
886 463
560 727
233 669
593 415
56 413
806 654
689 343
552 658
624 13
393 595
303 676
972 221
157 27
878 247
662 579
703 834
4 458
267 227
759 120
707 569
818 288
197 572
393 242
493 456
496 425
412 84
301 377
336 907
409 373
73 523
962 245
13 924
744 258
124 848
459 595
796 640
626 546
472 74
769 850
358 353
147 834
943 932
43 676
680 43
27 355
556 163
555 649
545 200
381 105
60 161
773 601
817 668
185 271
769 420
190 707
387 611
983 633
713 297
917 161
174 209
942 277
115 107
506 956
869 131
65 99
980 305
673 632
844 61
310 718
213 706
295 121
420 991
367 232
357 911
259 668
859 908
787 22
903 778
966 563
740 158
658 31
102 992
856 173
911 530
537 741
233 637
263 288
688 855
163 324
554 215
628 823
414 470
938 817
122 510
571 939
252 620
498 791
446 38
369 468
416 426
596 480
99 626
63 378
614 180
143 967
752 983
289 753
686 890
462 451
71 595
603 102
31 20
682 315
130 555
927 90
854 989
948 548
270 871
995 954
920 457
9 527
582 629
535 730
395 842
343 7
128 260
510 912
95 922
91 527
173 177
531 265
217 449
500 608
165 606
338 369
481 385
461 778
38 289
799 635
61 209
171 470
797 463
743 939
884 769
949 216
423 226
360 868
602 903
386 847
603 383
555 487
408 222
835 99
261 738
529 811
372 340
511 667
618 990
928 269
437 800
835 414
245 531
207 619
820 235
100 230
375 656
873 724
730 8
555 591
376 775
158 985
991 575
323 255
262 98
12 258
720 92
399 482
827 752
498 209
488 728
600 502
900 556
230 97
204 830
397 806
593 789
876 728
787 394
527 734
851 735
455 452
299 483
732 383
311 200
983 89
31 431
887 945
127 897
10 162
495 956
25 696
967 164
679 730
564 110
929 626
935 154
987 364
609 840
324 38
499 792
64 375
299 886
378 487
825 470
735 198
680 733
832 252
343 345
128 164
286 555
142 953
306 258
87 407
503 684
376 661
554 561
278 214
887 773
208 146
242 603
844 998
61 143
646 958
608 521
94 645
702 87
210 915
763 914
244 411
74 954
234 319
263 418
678 967
337 248
403 275
283 751
111 832
49 350
237 732
125 26
652 191
777 891
15 320
913 9
724 11
52 934
179 535
75 19
31 29
221 588
688 135
596 127
659 552
279 914
517 304
114 375
288 688
321 765
407 459
987 864
662 684
478 695
697 413
348 497
879 261
712 178
724 137
446 963
564 376
415 678
150 204
871 666
796 446
6 389
346 753
465 611
68 159
533 127
624 172
638 243
627 723
783 643
343 921
193 310
62 352
236 610
650 989
452 35
59 487
878 250
579 951
200 276
681 658
569 974
951 849
295 579
915 838
497 824
927 943
366 985
930 494
327 601
47 128
48 997
925 783
746 659
108 487
407 496
710 16
485 162
918 548
551 421
380 549
734 399
946 853
229 458
594 222
179 204
160 237
611 134
244 564
251 417
518 721
996 685
7 180
992 656
710 709
70 173
823 728
146 2
76 739
682 863
212 232
135 68
96 663
800 12
712 8
153 610
132 399
131 889
482 127
527 445
36 541
859 354
410 986
826 182
343 520
744 52
20 709
615 840
516 89
280 66
798 311
545 580
477 339
817 265
973 283
509 873
262 472
897 9
555 818
941 357
609 699
140 757
944 727
850 43
493 867
826 460
157 200
507 758
516 366
535 408
740 889
392 119
804 544
579 359
968 119
897 486
578 710
789 282
97 130
650 700
991 739
777 390
794 997
492 641
997 303
667 518
59 474
104 273
572 312
27 495
253 673
804 868
610 460
553 961
399 127
459 152
266 892
697 56
985 130
712 485
280 877
116 251
92 366
31 95
739 478
87 119
190 514
32 386
634 628
219 920
160 951
241 733
356 449
11 339
709 581
323 164
642 592
546 38
371 697
851 533
382 241
725 685
989 887
354 83
227 366
550 703
740 316
25 317
514 307
286 642
166 802
734 521
673 897
539 864
83 807
539 864
306 271
778 187
858 344
359 122
471 776
909 966
377 287
927 573
811 44
539 49
250 67
670 459
982 70
523 340
516 44
587 435
479 832
215 976
802 531
137 394
490 24
983 232
304 691
817 921
34 363
460 837
6 545
688 535
277 261
126 66
768 864
107 206
256 234
564 466
549 795
380 525
850 810
986 166
496 590
524 347
340 942
784 552
997 116
210 256
254 283
5 81
803 862
964 528
741 873
759 755
648 905
142 51
741 915
785 120
177 347
215 696
991 168
625 534
964 817
321 404
257 694
607 518
704 123
615 385
557 882
980 733
296 370
73 809
688 817
628 843
213 787
730 999
549 534
111 787
54 921
479 42
258 540
565 806
267 690
396 215
26 930
539 813
290 744
927 408
29 836
536 540
58 25
664 646
841 121
255 581
500 531
817 389
184 546
233 275
771 967
192 778
150 209
280 346
768 659
549 557
927 462
377 583
669 128
766 892
163 947
507 479
186 306
984 533
732 952
790 918
342 202
110 854
895 615
354 408
179 482
653 163
933 386
118 246
518 168
951 837
160 602
383 184
754 111
756 16
786 812
871 636
639 650
38 824
588 800
735 483
608 794
718 528
144 237
117 561
307 682
298 697
103 488
150 123
344 669
389 305
474 701
879 26
978 8
180 679
451 429
916 836
229 167
349 199
721 17
129 199
114 105
269 772
519 755
844 210
312 411
815 863
285 885
724 15
282 107
741 338
360 349
869 89
602 941
501 330
378 256
296 388
736 108
472 502
823 663
888 312
63 940
316 301
280 381
373 902
183 172
207 167
797 146
210 463
162 446
205 503
744 777
209 713
742 91
917 445
523 376
939 939
890 780
85 262
599 259
750 115
613 186
151 550
258 230
824 199
582 663
418 661
418 522
442 158
661 358
751 650
470 745
981 89
379 70
502 902
73 48
765 452
427 884
216 328
774 586
786 447
397 254
177 437
539 526
210 195
683 973
32 665
943 949
812 216
332 122
690 407
945 224
13 430
114 526
693 821
749 349
955 239
498 116
63 499
324 461
547 750
999 283
647 304
700 951
821 793
279 257
27 676
665 157
611 293
778 962
962 85
730 108
939 659
485 975
514 339
441 316
448 965
780 735
832 578
698 177
117 906
280 170
507 188
798 319
439 668
902 196
605 775
139 216
295 275
173 936
831 231
396 213
335 269
203 757
861 678
45 428
508 854
948 101
742 55
192 926
856 180
746 579
892 148
900 705
400 3
423 556
39 371
970 315
191 214
356 239
42 604
552 547
141 518
886 96
524 151
211 190
54 635
71 491
788 684
854 15
839 403
946 784
418 775
68 525
751 322
550 542
178 147
629 616
247 482
613 946
278 838
298 905
829 781
829 338
951 530
307 829
836 665
620 927
322 738
926 183
773 157
696 172
911 562
655 123
122 181
321 756
800 501
86 968
8 275
154 254
49 122
690 389
803 867
622 808
614 161
668 847
67 210
332 85
329 61
996 38
587 241
294 104
131 313
415 607
407 538
555 519
32 992
739 348
99 667
843 506
891 616
298 504
864 290
837 477
889 934
849 220
658 724
720 610
409 151
979 884
404 904
798 782
494 351
166 271
709 136
482 964
109 279
151 580
837 600
78 887
145 854
145 914
834 621
670 989
509 597
112 911
615 260
556 501
251 190
559 992
876 717
96 410
788 120
355 595
418 900
470 775
793 222
43 175
92 462
565 83
446 465
659 972
501 269
487 900
458 351
491 513
808 287
378 932
195 524
825 954
392 69
263 570
849 243
484 522
188 677
549 313
564 788
895 550
916 521
543 542
842 403
444 55
944 840
335 723
495 938
825 686
291 858
765 437
407 193
405 86
929 736
105 600
931 656
263 543
566 256
778 46
25 386
434 562
600 944
849 425
826 738
303 860
936 27
19 237
579 622
249 644
762 246
761 386
591 135
59 867
744 195
205 916
579 412
268 482
722 416
618 968
369 386
159 445
274 111
644 967
386 799
223 775
785 545
14 67
308 868
842 569
772 49
480 805
47 29
375 297
410 306
498 213
262 16
961 475
571 259
216 324
223 366
700 478
116 797
729 885
286 923
751 882
170 129
670 127
205 869
853 779
557 970
184 279
711 8
876 437
485 856
503 738
100 545
729 928
571 219
17 169
293 665
393 658
670 832
497 478
151 849
611 752
626 712
107 984
803 560
483 782
306 30
360 65
759 933
402 391
856 183
178 256
995 806
131 462
218 268
30 552
667 386
171 390
510 399
363 233
594 136
902 975
533 660
291 482
977 621
356 271
52 327
189 200
783 91
500 333
392 522
531 861
842 938
264 65
943 27
341 903
613 301
909 687
465 480
907 93
630 914
5 811
262 980
528 935
146 861
226 882
114 429
300 182
716 956
982 885
828 505
402 867
507 298
313 623
682 370
485 549
850 475
64 675
358 938
231 348
625 556
852 57
263 495
537 42
359 929
665 693
566 866
408 775
561 481
751 826
763 897
599 784
140 888
586 443
822 674
65 332
325 674
305 294
557 17
406 377
644 801
422 766
868 515
223 834
792 829
428 448
786 172
953 431
903 646
810 309
520 542
962 780
151 459
401 684
827 660
502 337
755 2
560 338
9 338
967 147
975 489
826 170
298 384
879 964
568 562
952 311
357 392
549 682
288 470
998 781
664 770
389 1
34 78
345 384
206 969
63 24
559 354
40 413
492 422
688 784
100 471
849 102
677 966
306 433
947 724
202 524
20 72
343 131
75 522
237 352
745 975
187 749
496 480
927 380
89 174
690 602
388 326
913 403
233 645
554 82
67 492
617 595
80 468
134 417
175 472
211 320
544 477
211 335
322 959
950 747
301 370
966 616
630 8
449 644
281 250
635 587
731 578
384 826
417 733
93 234
15 29
173 553
707 937
232 682
19 737
603 856
49 447
220 537
804 941
278 546
298 298
80 495
850 479
87 381
631 215
34 533
566 867
537 846
76 911
963 149
695 588
421 731
87 130
699 873
927 582
998 297
562 159
45 289
438 206
401 90
151 316
509 715
861 621
592 755
53 795
478 17
56 831
791 846
560 517
643 351
561 577
346 978
810 779
512 100
540 254
37 516
120 486
794 650
108 296
13 77
114 542
946 634
947 1
262 208
866 925
208 345
708 621
909 915
320 60
952 719
309 135
848 71
16 233
773 268
50 550
692 789
952 78
501 908
205 577
80 347
199 251
997 488
44 668
697 409
931 879
249 135
366 737
958 301
66 384
292 872
652 209
579 863
154 34
520 506
139 253
314 720
160 354
30 124
450 262
34 678
793 561
74 114
379 732
425 352
408 918
328 507
844 71
895 80
132 617
329 512
999 773
838 95
386 748
617 93
326 688
372 695
172 746
694 520
366 517
93 845
868 135
425 613
998 250
84 630
626 51
362 801
644 726
914 693
623 445
410 501
5 703
238 959
514 970
609 768
417 676
945 245
708 996
938 137
546 92
347 277
354 883
157 536
743 991
579 658
606 57
738 258
12 996
47 649
415 930
795 331
78 963
325 958
862 475
755 720
214 345
715 616
10 891
434 625
731 720
435 722
656 198
160 290
451 635
895 807
767 294
418 340
801 645
58 758
156 223
12 75
531 456
814 767
381 166
196 33
96 536
780 351
475 34
965 130
693 194
185 51
315 665
219 729
108 933
249 372
398 201
882 571
271 37
954 26
531 190
734 353
452 121
772 530
506 318
317 133
562 206
552 368
882 218
458 181
700 614
63 650
187 779
353 373
890 318
225 882
46 545
909 185
911 946
618 222
718 16
174 96
683 78
652 8
706 159
343 226
142 879
349 893
25 110
234 750
663 828
66 721
794 779
695 793
815 634
461 676
329 937
314 245
40 41
248 910
696 763
26 48
35 54
119 251
391 127
278 692
378 347
964 403
739 664
643 262
270 700
219 123
548 912
107 185
774 550
786 810
236 547
886 571
239 315
518 799
824 332
707 480
235 368
266 485
955 722
817 40
605 741
355 779
963 593
780 863
804 970
921 933
174 483
71 331
564 326
935 757
904 198
562 437
827 333
782 235
191 888
124 717
808 733
853 868
247 743
263 59
538 904
610 33
935 297
799 712
315 580
838 51
654 826
300 497
263 685
7 234
237 286
285 441
715 531
47 320
852 124
459 853
608 568
482 581
494 912
952 198
686 958
691 859
185 690
147 992
237 637
770 143
489 694
265 182
730 220
251 17
343 466
785 626
735 310
455 418
261 886
703 884
959 439
351 869
833 151
214 395
85 781
721 890
608 700
14 457
571 600
956 941
857 895
565 1
66 477
467 193
766 826
701 526
612 133
670 157
249 883
283 750
540 686
518 537
732 979
695 288
398 204
259 46
10 897
335 220
17 745
831 41
117 46
504 450
925 139
386 401
711 620
261 532
429 760
810 117
572 596
669 229
351 473
207 303
97 773
340 861
798 796
102 429
554 166
605 475
799 400
529 880
129 473
706 144
332 593
323 568
84 639
340 585
112 993
531 943
501 244
332 627
868 804
772 178
520 763
837 449
327 563
46 793
776 660
107 93
352 702
420 706
791 982
598 550
779 36
988 901
242 832
17 945
269 750
518 5
167 382
466 273
631 446
436 431
712 35
671 121
728 663
665 662
954 24
940 744
123 276
982 611
577 60
959 367
232 388
818 101
25 642
42 303
383 174
117 941
903 74
540 354
673 45
553 483
201 364
547 344
992 613
220 449
915 770
919 105
714 852
341 967
941 227
113 118
805 549
195 531
703 771
181 226
12 184
216 599
778 370
888 845
32 897
268 159
351 157
712 815
830 424
861 279
649 673
558 519
512 216
47 898
606 27
100 55
685 299
482 777
650 976
472 442
126 929
266 273
753 678
660 562
975 23
396 31
135 64
910 328
251 197
202 139
717 264
254 938
384 73
311 824
920 334
455 86
84 497
265 458
841 97
750 342
454 814
436 645
339 236
583 870
847 884
761 67
176 363
696 210
326 106
989 720
728 981
645 762
530 177
673 634
507 979
738 807
449 592
988 217
731 921
28 167
483 73
276 351
655 443
716 980
822 330
990 331
608 859
357 920
803 44
527 964
152 33
393 301
203 319
361 721
265 522
205 564
86 666
36 504
308 266
74 636
481 613
442 968
154 828
432 537
321 516
722 751
137 235
527 219
655 559
257 623
708 118
171 835
819 940
340 845
908 972
130 83
368 30
362 124
588 46
930 302
44 265
623 984
9 85
608 677
348 140
453 480
266 139
688 653
950 634
260 421
941 695
875 824
995 787
448 629
158 779
178 323
134 324
376 583
921 647
747 288
83 978
112 579
258 751
928 389
943 907
682 636
320 448
17 265
282 221
80 162
91 560
697 369
607 87
421 617
885 995
171 785
871 424
859 174
327 417
957 493
443 576
796 873
434 509
304 927
976 383
81 997
251 586
579 39
191 967
486 425
329 797
849 656
779 680
486 769
945 401
310 167
396 641
885 244
912 262
948 485
282 633
738 359
445 214
206 530
340 708
125 562
764 5
682 435
806 984
531 701
411 516
918 997
650 348
348 285
123 236
458 180
258 900
784 903
835 645
555 803
654 244
663 490
517 442
963 7
638 900
319 316
585 935
521 26
790 55
73 302
783 814
623 207
161 327
334 933
235 356
714 570
553 670
110 849
237 233
483 410
392 879
307 83
470 551
815 310
926 572
585 694
312 564
32 136
75 918
458 198
536 288
449 8
113 930
513 704
975 63
135 464
444 806
533 895
219 315
940 733
522 145
853 326
467 934
660 282
389 882
922 14
713 617
764 604
77 495
914 275
685 727
796 536
806 755
184 675
742 902
415 426
765 813
572 179
636 388
852 468
413 912
883 586
808 660
911 823
216 196
139 431
52 728
138 580
247 609
548 675
528 218
123 54
191 103
818 951
796 181
817 610
323 28
124 694
902 377
442 328
717 870
46 553
560 101
169 488
684 738
36 951
318 151
444 359
380 258
774 527
924 572
83 743
771 26
885 58
721 575
20 926
113 184
106 872
240 219
590 694
232 75
423 443
988 766
240 812
535 740
768 331
579 772
230 499
795 815
305 443
480 430
523 291
46 565
258 628
747 94
98 173
279 513
461 859
843 159
111 513
318 824
206 309
635 574
894 111
542 441
591 465
403 286
106 930
173 911
784 12
454 214
516 715
36 770
888 862
801 69
320 741
204 434
749 223
21 919
109 148
870 468
87 837
376 575
734 896
421 357
713 400
988 750
726 880
950 717
387 540
999 908
283 435
716 994
824 605
705 407
147 127
710 484
855 699
949 237
283 872
999 79
573 194
857 621
966 668
512 711
453 530
586 820
382 259
221 180
119 465
192 879
627 157
101 818
137 200
523 9
137 623
633 989
480 464
137 212
8 621
853 811
644 372
690 796
892 541
65 590
201 166
81 106
459 278
790 205
686 977
69 574
276 985
578 993
238 763
424 944
698 64
557 672
993 716
52 457
158 278
260 224
108 54
151 277
26 436
497 362
957 421
730 393
285 635
202 649
809 627
706 563
249 436
965 992
393 857
473 226
881 430
346 377
405 351
315 396
530 512
892 802
329 112
881 437
350 403
569 495
782 382
590 350
548 727
618 787
512 819
876 612
63 969
980 246
838 536
229 275
237 147
450 159
633 60
287 429
83 248
91 421
2 757
183 565
438 70
329 38
94 713
645 789
948 53
707 673
940 707
916 425
292 684
742 840
634 403
133 768
517 485
156 900
151 304
669 896
501 595
588 186
545 178
171 783
179 510
915 490
776 607
281 492
776 654
878 877
418 318
422 263
927 716
942 2
51 852
136 282
840 128
372 481
578 164
481 54
603 314
88 977
508 492
935 909
951 759
99 870
901 225
241 379
219 576
644 389
421 710
704 977
745 343
695 617
156 661
744 879
653 928
718 92
529 210
747 829
201 370
781 745
476 982
489 236
900 696
745 691
892 203
469 438
329 574
351 86
68 350
220 948
695 806
989 902
430 202
402 283
108 93
276 937
1 1
231 866
819 576
790 279
5 989
227 439
646 894
857 689
365 890
464 357
714 794
839 572
778 839
878 331
843 560
249 597
238 168
482 880
381 44
234 759
319 303
595 408
390 60
889 850
720 175
816 553
640 301
180 239
794 136
747 661
419 730
749 411
734 65
700 712
684 522
490 929
601 263
871 559
885 158
30 719
823 290
601 481
332 228
592 315
777 654
873 467
2 747
570 209
400 159
737 504
832 952
531 808
655 358
911 809
578 671
576 891
433 451
351 353
384 426
321 761
827 288
85 174
745 152
291 202
993 967
381 569
59 901
481 31
851 431
857 156
569 391
612 926
229 632
747 432
418 391
808 172
967 390
231 857
118 633
966 402
52 675
151 776
217 25
60 652
933 673
18 42
994 570
861 498
720 147
920 728
551 84
298 881
353 612
417 204
986 895
381 704
190 783
252 650
460 78
857 195
961 637
25 617
322 548
788 701
962 760
185 437
818 290
556 334
468 560
975 485
668 839
676 375
19 616
245 35
688 34
448 306
630 879
725 273
650 474
924 925
995 418
496 484
643 317
122 705
174 194
430 561
10 69
389 247
211 546
616 679
33 10
745 741
658 675
552 228
661 58
821 417
826 663
747 729
786 926
20 783
118 349
53 568
4 388
707 460
827 406
503 608
306 411
864 884
185 344
833 203
503 575
531 571
536 533
733 567
49 98
660 333
7 683
892 873
953 561
848 336
857 323
983 818
588 253
753 109
867 95
242 826
539 820
730 758
898 207
643 48
456 116
222 887
725 547
966 989
883 762
625 773
345 99
507 56
961 937
114 739
614 628
263 935
385 615
913 455
192 262
911 346
704 496
356 551
82 97
412 497
615 519
577 21
928 310
908 592
622 298
987 840
757 456
629 71
293 971
644 410
73 929
562 604
244 585
363 835
951 2
426 343
447 486
24 493
682 743
650 886
66 15
468 651
915 288
484 797
493 209
238 492
912 539
679 450
767 311
126 300
384 701
517 600
326 142
107 29
985 570
890 729
649 776
612 569
122 694
716 504
668 479
61 77
898 530
919 4
150 74
573 174
168 968
755 152
309 412
366 496
164 256
453 918
960 361
25 797
366 68
187 822
738 325
523 682
558 145
484 161
450 260
433 239
44 62
68 981
598 307
830 631
939 678
38 126
471 418
4 317
91 878
887 326
977 398
633 492
534 990
681 522
626 584
452 157
35 610
811 759
395 284
30 101
93 131
638 709
894 828
652 540
196 349
467 875
70 4
418 738
911 617
490 703
647 611
396 398
489 227
897 108
362 806
528 456
158 103
237 345
520 866
691 156
23 995
763 380
282 399
8 547
28 802
602 992
131 562
