3000 5000
394 929
687 321
97 869
629 853
892 462
983 741
140 432
244 782
454 486
606 858
171 433
898 702
959 661
360 240
663 150
975 719
661 929
118 633
834 85
711 417
173 32
601 426
869 628
59 225
223 387
380 8
844 640
534 88
634 42
735 313
628 432
558 577
327 135
744 472
613 494
868 83
592 991
170 386
6 590
17 45
191 890
539 35
921 751
430 90
552 401
936 908
703 856
495 121
753 702
831 909
32 275
486 82
504 193
925 947
588 506
448 772
652 834
801 666
276 936
753 895
916 257
767 236
569 905
877 79
11 311
894 993
628 341
1 552
675 775
118 578
391 797
2 606
646 616
964 357
367 298
83 772
801 210
522 522
290 46
18 369
714 18
735 550
637 409
885 809
176 722
156 811
853 279
821 71
469 128
572 35
484 30
871 456
565 80
91 830
274 499
508 865
625 879
682 32
415 540
463 679
795 121
925 87
550 498
753 765
30 507
763 736
97 206
575 871
918 152
461 50
722 679
520 223
569 951
829 164
286 118
904 418
743 585
862 603
779 227
381 766
610 27
318 788
749 35
52 865
765 957
729 207
974 251
849 568
491 618
990 507
4 678
47 962
598 759
304 245
403 734
832 889
342 974
762 190
157 781
316 899
56 519
881 845
939 320
200 451
458 258
521 596
715 233
603 388
375 70
425 249
59 339
357 393
831 265
932 734
546 733
279 605
863 612
865 751
282 949
883 300
15 125
717 244
315 72
563 687
433 197
523 192
135 950
254 961
525 982
972 722
758 787
455 858
143 523
363 138
148 65
797 140
67 319
359 176
626 275
376 78
593 599
455 566
83 702
173 136
943 136
921 770
801 702
198 448
974 642
640 452
760 710
924 437
456 783
793 969
112 66
582 661
348 427
407 757
594 883
608 874
406 876
664 487
991 319
324 6
408 615
565 866
41 40
581 863
51 940
14 987
392 184
428 419
255 919
611 185
230 115
424 339
347 98
358 884
211 242
824 922
835 440
841 396
252 382
777 731
56 826
749 391
541 622
474 650
519 741
1 26
103 140
476 847
657 534
630 606
699 438
56 853
838 2
63 408
172 494
635 728
271 654
234 910
568 349
536 239
83 529
268 766
602 298
526 689
495 68
418 215
141 571
689 418
930 713
500 501
870 423
659 660
539 175
537 164
333 557
667 751
505 17
90 866
745 222
36 559
875 565
882 680
347 178
596 638
133 250
37 281
912 335
279 198
73 95
161 658
185 218
990 327
299 232
168 637
136 181
411 379
974 188
984 789
775 28
253 151
320 247
510 156
928 117
486 428
871 80
655 134
929 311
32 136
995 309
830 984
19 629
402 163
209 549
896 566
925 935
191 647
228 991
120 277
429 610
448 540
125 858
582 545
866 153
863 938
975 53
31 470
54 467
255 320
948 731
144 467
921 806
398 299
48 719
444 350
815 928
804 70
933 916
367 781
365 961
840 288
383 804
642 359
813 75
742 910
60 239
889 903
165 667
612 338
482 264
932 369
935 678
940 843
802 977
86 526
531 11
379 262
40 653
195 854
269 239
799 143
178 821
550 474
447 241
512 258
97 388
33 187
480 397
225 655
916 201
744 46
895 176
413 473
749 373
215 981
337 86
119 507
571 140
920 368
833 859
726 63
183 967
739 28
441 236
336 973
82 425
612 791
77 396
645 8
223 761
573 950
49 716
18 335
194 508
698 771
554 567
488 892
60 593
711 714
178 307
511 749
635 305
97 976
237 823
899 71
306 955
305 289
439 274
93 438
341 302
940 861
972 90
796 464
951 447
264 890
58 627
447 530
483 326
581 938
615 892
345 90
278 99
33 783
5 558
812 458
218 236
446 639
952 551
85 566
628 398
369 314
307 864
444 568
733 299
34 160
786 670
751 955
655 297
27 884
828 229
891 339
429 385
29 718
483 676
886 265
598 335
274 355
622 299
945 447
62 737
445 686
711 464
184 874
235 629
723 68
564 342
704 655
331 578
184 176
192 822
720 114
398 742
833 771
915 219
809 749
798 129
635 439
284 708
641 629
562 215
411 647
196 416
27 200
135 381
308 462
911 914
179 399
618 717
257 612
305 242
932 905
473 903
586 886
332 233
203 247
456 316
2 61
601 642
638 108
178 176
461 146
793 351
536 364
680 461
403 408
548 451
540 680
745 237
904 778
351 281
245 808
937 111
623 731
260 506
90 473
924 312
338 700
802 966
222 683
237 979
747 667
19 140
299 550
418 53
322 235
643 176
73 724
601 696
275 489
134 903
356 313
134 792
358 141
887 455
586 637
38 881
40 410
933 192
833 301
954 665
470 28
235 371
466 436
776 828
502 454
23 334
817 754
787 94
220 731
58 276
399 448
318 199
22 28
818 250
981 755
36 96
832 180
92 170
854 849
297 174
573 217
627 449
783 532
327 540
828 622
686 470
171 596
42 853
590 788
919 41
852 969
378 539
93 665
72 925
458 211
982 554
581 832
7 667
426 458
242 358
335 633
403 227
581 586
372 343
468 402
597 849
344 920
423 976
469 3
468 736
759 605
943 985
83 893
255 974
783 523
597 463
276 771
244 443
354 455
782 900
798 338
944 547
541 98
656 483
30 243
485 997
101 779
592 971
674 252
211 542
528 738
931 477
860 631
428 338
170 406
901 696
707 637
784 796
765 877
223 613
909 704
423 345
31 414
400 637
536 893
123 451
731 230
141 77
882 830
711 357
776 104
453 40
136 652
945 157
987 451
90 820
963 3
30 907
442 943
841 38
822 522
459 414
504 874
970 167
188 943
802 526
608 246
352 532
231 593
832 485
931 2
190 409
804 121
798 422
291 329
397 252
517 892
20 875
348 596
589 400
336 780
603 958
967 427
468 958
752 7
620 188
730 620
212 827
590 380
515 696
648 796
122 380
885 173
694 32
197 94
977 62
176 549
928 783
891 209
433 163
635 497
275 96
765 856
478 107
221 126
338 91
753 36
339 787
744 656
287 320
528 304
664 625
210 775
434 152
860 624
240 697
764 796
41 459
56 942
125 497
928 413
618 995
744 745
280 306
363 199
620 932
191 356
746 123
902 57
215 796
725 699
354 843
411 403
474 722
767 928
764 524
408 131
785 166
348 884
101 468
390 702
423 488
4 634
86 6
573 450
290 396
712 185
97 488
896 70
994 281
28 972
281 36
900 289
744 350
491 298
54 352
226 646
493 780
933 663
509 857
223 936
854 282
785 4
101 20
512 208
769 432
37 834
37 181
751 623
579 496
332 307
440 476
749 531
378 453
346 756
503 742
759 619
221 127
254 72
784 238
326 84
611 593
106 261
647 633
1 263
38 834
213 445
32 50
122 730
174 9
301 365
221 513
164 376
421 977
135 266
371 511
841 438
848 36
261 662
651 140
864 326
110 335
496 579
115 119
319 866
468 136
331 676
353 742
335 311
24 532
846 910
3 691
316 805
732 950
541 788
267 665
844 316
14 999
389 865
824 943
241 236
726 971
244 324
957 669
786 889
49 207
31 531
917 133
376 84
27 257
408 908
779 705
880 19
543 273
456 172
922 928
759 510
384 134
829 995
952 701
91 676
832 814
935 16
608 175
255 639
920 601
2 803
100 462
188 403
756 453
737 562
164 307
914 601
74 602
58 862
764 384
259 317
842 585
930 150
52 141
637 110
224 789
701 582
963 218
640 860
971 895
876 144
265 61
129 618
766 851
261 167
90 572
596 460
572 242
982 370
222 677
763 364
997 169
880 497
356 540
999 789
347 398
245 246
932 990
685 35
59 233
349 68
763 54
116 557
27 779
395 124
444 610
258 850
228 350
937 712
127 24
947 198
104 248
347 693
890 566
462 856
151 254
553 948
7 480
209 660
554 567
906 985
555 751
737 140
993 725
977 646
146 909
796 560
45 152
809 316
896 750
844 98
520 455
793 326
851 790
79 420
198 278
95 126
361 366
534 743
521 823
284 461
534 286
281 204
353 728
353 172
527 111
226 219
224 17
80 525
250 728
703 445
156 61
567 161
521 969
298 562
149 534
459 677
532 479
621 419
376 861
226 714
631 890
942 555
138 999
896 152
325 989
705 913
457 480
40 466
22 338
498 271
497 779
920 532
836 865
320 493
149 844
840 164
976 644
367 962
679 57
415 591
164 197
592 507
170 154
40 47
804 577
544 463
558 458
212 327
368 166
484 532
562 921
563 543
53 610
810 981
971 950
6 296
835 561
850 743
921 869
918 559
137 96
21 76
129 314
734 811
126 842
29 601
929 38
891 677
67 827
55 730
323 424
170 581
943 343
64 359
356 142
836 395
556 99
476 961
546 545
926 475
9 180
918 154
695 568
584 389
233 254
643 869
122 807
973 504
606 127
520 663
166 553
178 65
809 314
565 75
718 861
811 152
597 915
615 340
661 801
761 663
169 727
982 327
654 45
857 628
281 802
719 55
479 975
29 851
743 315
963 735
822 16
333 332
492 472
171 432
485 251
201 51
26 359
333 269
819 914
186 221
712 125
946 998
816 357
987 605
177 579
938 505
908 340
195 950
507 782
976 347
207 609
36 211
728 809
813 805
619 586
870 994
895 127
805 217
109 558
674 388
761 87
381 790
418 726
835 887
645 425
800 561
797 783
109 500
829 581
44 463
257 775
673 575
708 77
975 15
393 464
213 3
56 714
987 285
823 718
566 864
892 276
563 716
193 580
985 661
449 983
852 479
701 843
166 903
224 490
563 922
777 391
798 374
741 671
903 844
152 553
86 988
921 822
49 165
414 204
246 597
35 947
447 299
982 924
779 907
69 155
432 805
329 149
193 78
153 759
144 979
410 340
818 985
264 592
830 460
82 539
541 333
221 525
195 380
642 237
40 293
816 386
887 388
687 980
819 253
35 648
52 774
191 788
765 138
122 524
557 982
839 45
129 582
106 678
901 265
604 234
443 115
667 506
749 980
121 410
639 810
142 280
141 456
643 645
602 99
773 896
171 705
783 712
939 770
785 145
608 728
142 994
83 575
952 167
256 795
152 179
632 828
863 735
589 914
129 387
728 260
693 608
745 49
603 581
476 103
46 199
932 800
566 386
755 20
412 427
714 420
547 434
562 297
571 118
600 666
634 594
362 269
577 698
154 214
975 61
249 947
176 625
945 748
335 969
599 679
254 392
254 992
56 245
942 315
572 158
361 797
489 998
130 62
290 170
519 753
916 79
549 448
143 127
808 63
33 604
728 165
368 652
874 926
533 673
544 818
292 9
38 557
36 373
192 523
675 249
376 60
937 460
566 999
731 200
4 454
991 245
89 649
93 991
455 783
113 72
511 374
464 283
394 279
250 405
137 138
252 981
791 580
349 282
254 131
673 17
748 421
32 423
766 812
514 696
926 760
500 975
879 29
173 143
733 812
845 918
842 323
436 590
786 792
263 891
53 925
38 297
639 648
323 591
567 87
530 944
395 844
190 556
878 812
835 278
773 430
321 438
481 633
768 437
28 506
296 173
407 78
499 942
538 242
572 369
929 472
583 963
693 75
514 320
460 387
129 227
878 864
770 710
210 813
779 629
365 158
933 453
942 204
565 91
167 573
545 202
577 218
979 653
482 800
997 425
106 280
947 73
288 631
133 850
353 385
455 348
620 572
135 111
897 80
834 158
434 374
726 632
360 467
834 267
691 122
427 837
826 908
662 771
935 952
180 557
821 256
266 407
813 678
599 758
614 112
341 433
71 439
341 50
359 939
849 50
16 471
759 927
122 64
146 876
283 433
503 100
184 935
605 206
238 173
42 352
415 628
332 953
185 654
420 273
177 964
42 302
995 157
82 173
230 532
477 893
107 622
105 589
838 993
211 467
436 611
395 236
216 662
836 775
54 231
344 298
505 180
252 41
412 492
334 56
264 299
490 821
93 420
543 38
510 187
959 84
127 123
504 295
700 333
756 121
799 703
100 396
608 130
644 86
552 34
64 205
912 463
144 487
363 721
635 648
971 638
983 988
70 789
856 33
273 431
38 846
908 117
684 242
422 744
801 106
26 936
872 289
809 224
861 887
368 42
15 923
199 451
366 665
96 659
44 73
336 830
668 473
82 886
137 300
686 391
602 67
818 300
124 558
300 270
572 208
441 771
728 334
545 81
126 469
568 249
870 270
648 563
145 488
959 673
522 676
45 808
585 67
73 573
157 638
248 667
4 846
370 254
109 419
123 262
222 76
323 659
363 866
398 182
608 55
798 50
43 332
163 972
398 676
749 439
302 939
757 733
576 484
332 60
877 167
874 990
465 748
212 837
529 731
909 835
449 302
676 35
813 942
624 928
260 330
926 838
460 219
356 677
522 502
408 246
472 801
830 698
522 747
84 908
762 625
225 195
698 887
845 895
59 117
439 967
938 982
865 469
104 74
45 796
494 426
448 632
683 491
541 762
130 198
617 504
387 482
452 58
610 419
266 337
572 681
781 884
829 156
309 801
675 327
519 690
820 941
322 750
866 123
162 915
422 649
200 179
173 139
107 305
746 33
360 47
457 549
448 174
915 783
107 189
921 16
174 360
404 594
226 733
161 168
57 797
806 403
772 642
566 38
186 702
674 739
260 401
476 248
425 176
216 518
714 106
474 198
375 315
482 669
653 702
205 815
792 725
258 213
702 672
833 554
67 641
201 798
690 307
454 690
573 506
570 960
678 639
351 771
964 205
724 351
533 655
519 325
171 296
246 124
787 704
11 597
123 586
602 730
664 93
587 787
702 35
268 840
717 202
533 511
549 959
382 33
853 121
741 855
862 330
223 624
178 502
146 967
591 144
879 666
35 302
506 928
169 224
973 227
838 459
240 230
795 997
829 889
349 416
793 390
911 413
704 251
134 260
603 649
955 432
537 779
894 101
747 423
345 622
338 382
753 900
814 829
222 666
824 124
597 64
648 60
448 723
701 567
759 175
359 664
237 957
326 22
694 438
40 498
200 556
844 783
587 816
16 489
334 592
38 474
204 56
939 97
407 682
163 383
644 725
113 29
850 503
751 842
301 346
33 175
449 161
437 694
768 843
459 568
75 926
96 160
908 548
489 105
71 918
372 733
559 863
398 573
513 62
839 949
685 587
482 622
465 889
910 240
826 229
462 936
202 536
148 323
751 626
272 550
705 545
130 690
178 130
21 249
434 515
126 100
580 301
619 926
175 756
90 490
225 498
812 839
581 725
376 98
465 870
811 563
1 547
105 778
935 483
698 796
236 630
640 557
740 461
711 546
768 78
41 832
827 182
251 570
646 792
52 902
213 989
762 591
485 548
447 932
874 736
998 497
747 776
403 557
884 287
497 604
707 860
978 933
77 627
492 632
444 659
289 843
921 411
99 309
912 26
175 882
942 261
268 490
202 36
596 212
789 534
187 791
884 447
76 279
520 338
87 925
651 705
363 184
510 731
454 630
295 356
154 297
225 23
876 756
784 548
713 645
331 657
526 888
653 29
210 994
831 920
630 285
200 249
977 442
164 75
184 319
587 677
218 145
342 585
884 105
446 606
740 53
480 842
357 511
83 488
925 487
615 456
614 667
315 752
289 465
225 535
268 416
23 289
216 239
569 972
780 666
749 74
12 44
172 666
608 273
234 168
313 301
13 766
125 115
533 361
443 144
778 854
292 11
59 118
801 599
995 446
544 552
98 847
513 277
896 571
221 248
870 714
17 407
996 112
833 749
619 347
135 673
128 216
780 88
844 88
607 536
705 26
766 664
635 507
820 165
270 761
393 561
200 35
910 776
208 352
501 701
634 793
268 115
87 23
584 45
54 812
536 529
655 743
632 80
998 486
804 459
490 530
816 701
408 252
607 647
273 112
519 58
84 326
986 680
582 867
60 717
85 63
887 331
414 502
670 756
415 543
307 323
180 320
987 432
81 931
541 650
740 32
938 925
277 220
480 148
980 941
143 775
366 552
485 95
200 665
370 878
945 789
722 721
677 446
187 136
34 329
333 957
84 995
954 331
960 130
732 320
19 97
772 355
465 613
447 835
406 669
498 646
783 139
447 961
563 877
300 966
129 433
592 983
247 999
238 761
981 284
665 191
964 303
74 235
51 914
670 889
319 771
771 127
264 27
164 597
935 309
482 411
575 895
6 576
300 630
867 624
632 218
190 581
41 602
387 749
786 778
340 687
981 83
699 116
726 594
157 716
452 322
206 110
785 71
74 235
878 637
190 734
543 62
65 925
291 399
596 810
437 541
519 905
999 606
7 8
59 114
881 618
584 50
506 972
51 865
507 618
341 919
650 691
563 306
956 868
712 797
608 743
484 8
452 199
432 790
392 595
384 409
955 231
725 412
278 954
408 172
493 358
916 922
15 106
423 705
557 9
848 92
421 108
616 625
75 323
991 677
837 988
21 293
519 997
183 430
419 999
298 378
69 682
272 585
454 532
854 646
997 740
614 381
392 962
713 744
356 254
491 117
182 602
46 577
401 139
522 287
984 93
81 308
906 969
509 596
935 365
49 527
548 434
81 86
206 997
545 194
361 793
691 252
129 121
306 842
455 271
148 139
480 902
120 220
836 705
986 47
452 98
939 544
159 149
482 94
435 119
861 660
239 619
470 701
322 334
812 553
411 225
131 951
509 528
431 113
435 949
417 887
628 962
884 863
137 187
560 544
852 623
481 40
664 632
206 137
795 931
562 765
975 40
407 247
928 344
67 618
866 762
255 915
639 368
916 515
631 496
713 359
617 274
889 471
665 31
494 585
523 244
973 702
852 364
977 747
951 37
270 653
931 200
738 393
831 499
932 694
368 399
9 871
75 478
781 890
457 544
944 726
163 770
795 588
776 21
488 353
50 580
119 445
177 461
420 577
403 508
159 141
271 682
331 156
200 420
71 346
504 589
769 683
493 608
384 144
478 949
280 844
862 71
716 488
980 855
50 852
189 468
940 140
812 288
770 336
822 687
570 943
72 471
503 50
497 536
110 331
31 998
981 610
275 648
809 76
500 118
377 450
134 406
531 326
753 147
709 569
81 441
342 397
715 691
786 844
173 664
528 894
915 54
437 242
37 279
78 219
466 237
699 138
468 129
712 792
86 813
670 593
613 603
637 882
798 568
653 363
189 865
23 631
581 791
298 649
740 697
954 234
905 170
918 512
920 737
519 995
238 272
732 946
12 677
628 560
453 52
376 534
132 494
120 408
250 799
323 674
475 199
97 361
618 654
919 730
425 203
749 987
291 899
627 918
555 754
106 848
625 450
312 220
915 980
841 533
641 397
322 301
365 222
748 961
833 713
383 402
406 982
995 101
989 84
379 77
314 685
172 886
554 323
530 862
45 660
335 4
891 829
56 110
562 376
684 531
973 76
863 840
206 900
319 630
713 952
399 218
915 389
418 633
26 458
42 213
496 805
129 3
140 226
939 51
14 143
485 87
474 365
542 931
983 39
267 258
211 423
758 430
520 388
456 448
230 35
7 525
45 907
136 641
490 122
852 923
529 71
333 494
483 28
555 824
986 810
889 446
657 588
778 483
919 130
779 304
683 274
468 481
376 261
798 719
10 404
769 948
834 522
894 527
136 465
383 360
629 431
631 675
819 815
856 738
909 516
38 80
850 569
865 833
783 188
639 131
597 427
641 472
351 307
381 389
460 491
234 365
553 76
498 176
186 522
655 184
742 969
167 591
71 933
33 937
143 910
991 266
968 961
322 946
180 164
889 788
123 835
49 413
380 894
382 533
680 547
822 682
370 842
677 836
823 873
591 873
692 685
737 375
872 524
357 977
445 285
892 678
860 663
905 97
13 219
251 160
494 675
44 617
413 941
896 718
876 462
409 689
80 200
498 417
960 877
283 198
799 774
699 23
216 618
676 902
808 968
485 586
969 669
992 36
677 33
421 86
889 951
614 624
42 812
719 927
317 991
737 205
332 305
169 863
289 143
75 902
71 907
869 317
323 789
503 129
529 245
446 158
116 674
483 215
418 940
991 255
349 462
430 143
121 966
172 159
940 231
147 859
610 577
638 132
442 802
708 448
109 926
673 957
222 360
478 413
821 101
494 810
289 211
375 726
789 650
386 653
42 864
990 227
206 421
779 83
889 781
610 541
11 891
861 930
38 490
177 502
263 427
261 866
601 317
709 464
58 685
541 652
428 912
809 615
856 833
391 66
959 381
867 132
710 198
457 631
934 567
579 190
475 564
979 701
758 577
468 484
263 849
646 485
292 491
209 678
238 896
370 85
967 299
905 562
717 378
14 440
432 487
370 899
730 47
293 878
372 938
568 937
3 912
845 59
646 124
337 555
684 763
229 300
246 336
465 851
945 573
635 630
691 678
157 723
849 935
833 81
295 276
970 754
665 851
313 21
541 937
981 80
321 296
273 617
136 645
40 804
246 147
47 859
99 37
344 347
354 457
785 181
270 788
705 135
368 24
639 441
230 848
565 664
841 986
116 305
39 714
823 426
134 723
201 157
177 269
562 866
494 355
647 557
318 636
568 780
107 222
653 477
425 535
843 674
522 560
187 104
159 279
640 401
460 909
83 520
830 888
903 906
647 215
919 623
315 263
883 393
909 439
712 380
215 586
616 668
921 76
694 624
197 886
15 776
451 339
556 275
859 556
997 941
48 29
214 465
496 734
148 862
828 483
119 862
856 870
897 557
427 530
73 872
212 602
121 733
508 586
337 954
942 709
827 864
383 754
552 252
83 542
202 917
559 623
875 956
218 513
328 979
438 1
933 622
947 665
540 403
335 303
67 982
339 449
606 775
350 424
5 168
632 409
892 544
534 780
928 670
128 254
818 518
696 211
709 328
627 934
929 655
809 863
555 406
806 420
450 804
364 308
735 783
394 533
914 289
765 191
887 145
845 43
594 984
838 428
236 230
405 319
820 978
703 602
349 647
971 265
487 279
341 730
668 824
860 100
571 200
338 932
672 909
618 41
996 626
980 882
472 388
659 954
738 511
405 480
481 240
634 694
35 917
480 540
848 394
476 139
956 278
858 418
938 848
748 609
169 123
417 155
36 192
296 817
138 908
991 755
559 961
33 461
138 325
857 984
99 176
858 141
269 285
101 343
41 522
261 709
47 763
390 637
512 512
320 1
678 594
399 997
808 243
401 910
270 177
307 648
314 875
158 223
216 956
651 44
245 180
858 976
481 574
429 393
957 781
855 883
721 979
99 807
551 483
531 480
527 339
646 462
153 535
817 583
452 673
472 972
247 94
908 896
601 254
71 651
657 265
856 283
554 529
164 721
334 795
867 185
14 668
318 491
12 753
521 726
239 426
123 922
971 124
735 894
541 401
925 410
352 886
536 775
702 429
890 379
925 596
286 293
665 750
387 210
35 783
825 311
728 855
447 979
786 918
482 316
430 445
288 909
91 614
184 348
252 78
870 261
137 704
661 893
744 748
146 225
406 300
746 798
267 427
777 517
352 253
46 240
323 909
733 369
446 257
730 257
507 424
56 984
880 780
304 814
626 79
297 743
244 132
784 554
553 451
263 504
234 425
204 806
173 854
548 722
703 864
600 705
699 14
632 750
131 41
152 844
951 845
149 176
17 794
134 165
381 410
270 288
458 110
999 127
531 359
89 205
217 479
829 10
121 202
84 881
229 992
221 890
437 333
895 468
408 849
167 165
567 875
830 657
288 402
611 645
762 815
616 644
241 17
167 484
582 493
668 372
795 231
59 732
672 58
91 865
501 492
652 888
490 331
926 406
330 349
75 784
404 249
778 241
660 693
239 7
110 573
768 23
79 707
402 415
166 994
661 801
515 98
871 269
723 717
321 264
963 680
416 205
598 889
658 97
881 651
955 309
365 837
999 104
529 989
564 304
179 165
688 870
871 513
953 478
903 169
342 705
64 236
668 994
30 338
738 302
517 402
182 355
442 296
246 124
511 666
880 317
4 825
515 900
727 109
917 581
427 726
625 760
23 419
115 236
324 308
785 804
154 448
20 540
571 74
859 480
737 532
385 194
18 720
341 707
671 849
953 665
119 288
294 159
519 528
748 927
775 271
176 176
892 210
812 600
386 694
624 252
396 993
341 318
98 819
338 305
955 774
961 755
58 880
603 808
409 664
474 554
934 588
45 982
976 332
658 300
98 673
559 658
952 839
802 383
983 385
989 245
251 321
478 186
448 717
80 780
122 579
850 594
62 712
354 240
861 97
923 677
440 653
994 749
174 91
705 823
171 13
379 620
771 289
340 999
118 54
640 42
117 880
999 32
618 407
159 822
399 671
235 729
238 111
920 243
915 990
730 404
738 401
827 44
920 2
165 451
903 683
438 827
243 84
77 816
443 990
171 823
615 115
510 327
708 640
247 397
35 616
446 548
343 785
231 41
778 78
590 884
162 200
535 542
733 737
401 282
156 486
516 785
346 202
219 538
585 286
612 676
293 352
686 210
219 936
871 613
769 118
621 845
887 866
947 234
112 546
137 215
752 33
20 114
318 791
917 274
504 545
708 815
753 342
518 452
807 124
460 327
522 517
998 293
74 552
312 284
741 461
441 773
462 864
932 209
84 954
898 218
369 133
763 692
747 95
173 422
771 653
266 748
629 517
427 442
547 790
666 268
421 344
192 583
951 572
988 440
563 312
931 905
643 723
163 284
371 197
693 122
78 165
836 355
495 803
957 7
308 216
462 257
176 646
4 150
230 170
98 63
511 484
235 887
169 425
586 63
686 449
327 570
263 997
647 300
417 203
860 656
188 752
759 976
860 290
816 403
940 550
358 59
476 167
972 211
804 166
227 965
437 501
927 505
944 321
37 293
146 438
40 645
728 284
191 364
494 523
440 110
94 501
960 79
715 956
380 623
684 633
371 697
442 445
377 593
152 264
431 812
242 243
388 16
372 489
628 348
24 654
195 853
115 859
465 640
215 341
824 795
895 272
835 733
87 414
11 646
99 837
396 625
166 295
356 290
941 394
292 691
488 349
638 652
720 884
851 905
420 275
129 820
184 724
29 350
594 224
676 49
459 164
786 337
354 303
60 905
579 95
326 798
604 527
275 287
757 119
543 233
662 882
72 227
551 614
568 892
341 676
211 861
473 846
42 996
430 535
234 60
250 125
1 811
622 697
249 342
310 226
728 165
313 363
102 657
851 328
989 377
660 372
349 179
323 75
306 237
382 563
714 959
68 901
912 402
775 333
411 682
574 331
901 942
199 452
973 253
783 686
518 247
376 166
376 824
454 846
294 138
372 577
862 889
526 903
613 185
622 149
963 433
289 851
472 38
558 337
51 793
935 294
667 178
744 839
967 65
940 694
326 454
633 573
420 696
73 733
352 649
102 341
491 902
939 504
459 251
307 107
299 784
588 533
417 557
673 821
827 439
133 340
314 389
92 526
164 328
975 568
102 760
236 260
417 869
874 770
58 307
401 395
949 808
742 453
914 265
472 758
796 751
352 2
221 219
176 658
582 995
741 488
360 669
871 99
866 922
804 10
103 348
792 439
78 105
232 545
723 547
564 749
530 934
996 410
106 935
259 227
554 402
356 525
318 922
470 644
