3500 2500
617 476
611 374
43 319
979 913
217 421
842 867
425 360
796 461
166 449
792 168
849 141
257 795
279 347
311 629
299 358
585 699
43 933
984 619
921 352
547 38
427 759
137 13
450 223
505 60
625 174
856 578
108 466
401 230
617 133
362 691
990 237
77 370
787 530
823 999
440 474
47 746
678 339
952 146
723 700
234 937
85 823
935 171
764 349
583 2
694 323
765 69
766 729
474 822
355 182
572 676
670 43
818 534
86 967
833 119
833 863
281 799
356 179
548 908
425 361
721 56
204 429
631 416
797 255
756 107
43 973
548 945
131 13
299 762
331 195
860 520
987 776
143 767
796 737
487 175
317 265
848 51
566 764
232 481
989 334
152 999
550 314
910 394
742 75
967 311
617 738
901 270
929 836
111 947
478 471
221 796
795 433
65 782
136 10
210 741
726 913
201 274
711 166
548 751
574 976
639 768
624 886
949 994
452 818
741 298
37 999
878 981
943 819
416 622
140 374
379 983
126 398
243 906
422 234
750 191
123 659
929 833
17 98
1 799
827 223
306 79
213 625
695 623
736 661
435 874
448 37
731 799
486 440
521 359
715 111
697 710
370 209
694 453
349 833
216 206
7 631
87 618
547 761
643 15
804 53
955 496
185 894
656 433
608 207
146 635
85 509
758 308
776 676
530 333
720 282
290 507
741 326
339 558
263 412
593 792
313 635
421 469
929 749
306 538
350 362
1 435
982 629
109 561
702 797
337 960
500 671
203 750
96 204
646 827
98 432
286 99
551 555
686 824
220 738
308 338
463 850
270 998
41 865
767 506
308 716
468 750
991 310
452 313
30 459
902 806
231 226
586 857
583 580
161 526
871 347
818 702
722 619
763 110
192 572
281 699
133 192
609 446
793 394
456 771
819 319
664 749
889 19
970 869
730 860
298 216
949 954
10 750
616 660
572 233
525 306
161 842
948 725
349 17
497 683
53 415
468 864
665 123
299 540
526 910
863 148
145 966
42 677
214 182
307 478
227 782
716 407
722 171
695 560
989 933
877 632
184 718
415 168
192 109
300 897
160 246
394 955
10 753
882 806
374 361
593 221
845 146
835 288
60 133
321 508
22 980
802 177
985 598
350 380
437 386
157 375
957 750
845 477
706 98
180 816
334 952
90 512
55 367
300 343
636 266
737 927
247 618
24 276
879 686
658 3
693 697
201 870
914 832
500 209
576 957
52 219
918 221
786 539
123 972
294 3
339 98
334 232
750 184
326 507
650 339
585 10
157 357
753 334
228 112
501 122
413 490
296 439
101 543
22 603
910 331
201 69
448 969
975 272
499 734
616 664
204 369
534 360
175 182
457 903
254 795
212 959
115 391
518 453
609 535
509 973
819 70
747 543
313 908
394 773
710 598
12 52
57 591
188 727
3 506
946 557
16 199
998 449
887 440
502 332
102 240
575 302
385 969
796 881
152 356
469 46
745 748
568 679
261 743
980 394
586 70
643 748
639 365
54 956
220 982
70 136
321 284
773 400
804 236
716 425
109 164
342 325
258 606
880 768
561 517
366 624
910 419
902 598
81 536
510 457
115 297
649 615
660 591
52 99
905 924
470 155
427 255
70 576
589 511
437 658
471 525
963 849
923 64
364 825
375 953
989 439
929 81
401 886
326 869
676 437
4 231
572 260
390 574
673 331
958 713
217 361
242 14
193 640
86 846
858 555
387 968
647 167
292 247
72 558
554 516
407 823
668 487
374 804
908 457
514 319
499 160
730 234
923 302
549 877
16 70
796 362
544 586
470 575
191 484
838 265
414 931
532 322
171 141
774 821
876 242
742 17
394 356
523 175
469 978
956 44
133 322
6 593
613 367
243 33
252 34
854 314
706 632
942 629
808 334
148 283
847 860
314 455
405 569
700 685
418 869
613 246
214 538
884 508
652 684
141 212
577 122
715 320
427 608
948 963
452 801
672 614
398 419
916 260
644 788
742 415
650 186
651 306
405 569
829 943
352 767
393 547
946 837
166 597
870 43
388 609
927 836
623 123
339 392
348 484
602 616
78 147
753 100
168 674
580 208
585 360
721 848
759 474
900 689
69 39
249 852
399 600
544 252
540 315
586 65
21 379
992 784
790 405
686 649
261 890
976 474
203 381
858 765
139 323
388 927
868 79
309 284
493 266
109 233
311 498
809 112
482 221
213 255
392 299
672 700
697 368
418 952
260 124
511 261
517 804
313 167
437 993
118 257
872 616
95 346
203 107
485 874
489 69
49 56
978 123
317 34
60 422
108 925
965 415
742 476
146 249
479 212
901 813
653 701
397 776
706 219
643 53
370 504
694 205
630 586
132 375
600 7
591 543
908 385
459 15
333 12
377 779
192 95
274 146
573 637
698 932
253 524
117 828
596 759
855 636
169 115
574 135
383 275
827 538
415 964
902 567
825 714
990 784
972 122
807 162
816 30
577 256
629 618
545 945
34 915
780 649
414 887
47 554
502 662
889 128
344 533
586 341
802 252
788 114
633 218
465 465
944 809
222 555
258 60
925 920
536 678
115 699
353 250
581 281
789 515
99 453
370 346
323 633
112 396
794 193
859 320
295 267
310 381
996 302
831 326
117 214
963 804
328 429
984 340
815 604
398 820
484 85
681 685
949 856
804 979
710 723
148 666
960 1
960 92
298 384
695 7
468 196
307 409
489 772
406 63
259 667
363 56
992 741
453 495
926 176
976 836
114 341
400 702
652 141
564 522
343 574
916 267
210 532
334 946
618 337
604 578
726 211
913 113
501 780
761 753
502 893
318 921
330 407
735 666
642 498
512 678
674 193
384 130
331 667
898 358
815 48
515 740
816 412
787 627
333 810
55 386
868 880
355 497
970 636
572 102
481 94
338 277
201 306
546 158
916 688
541 425
855 77
654 288
570 71
442 11
167 445
82 953
781 691
549 394
412 407
56 616
761 298
939 727
596 952
13 378
84 514
456 996
170 287
887 432
439 199
843 552
305 22
883 208
128 52
628 377
179 29
854 26
495 264
729 496
598 2
225 375
356 150
812 295
74 730
266 120
807 511
482 52
352 633
610 436
270 537
38 535
405 780
482 476
561 348
238 784
998 123
740 924
601 13
25 666
218 680
672 340
26 545
280 919
438 992
994 374
349 288
997 536
383 675
424 289
638 826
602 213
725 618
488 978
603 994
485 375
245 395
378 624
199 941
674 445
205 243
16 19
614 271
934 86
153 321
302 508
762 747
257 672
675 915
876 314
462 322
902 647
304 737
307 107
919 785
400 307
787 874
703 704
604 377
678 360
387 543
267 313
324 815
945 65
545 265
387 867
678 449
267 365
9 454
351 502
360 469
847 76
13 395
372 318
202 862
265 223
202 584
292 41
766 900
615 779
626 841
692 680
728 69
775 332
912 443
487 176
287 135
791 787
651 671
228 644
91 957
731 636
289 339
681 511
837 283
315 48
519 952
677 429
278 358
845 332
566 555
126 936
668 848
985 292
648 189
429 57
377 921
308 244
757 649
182 996
478 221
143 729
36 613
186 135
424 717
430 215
957 623
48 831
622 767
84 798
382 88
602 518
476 466
965 239
81 473
781 998
358 148
826 951
120 210
223 331
590 881
427 774
710 223
657 120
149 558
732 324
394 623
307 127
223 633
209 533
887 614
156 518
541 181
365 273
361 515
21 379
584 515
506 114
848 723
209 835
536 671
307 513
311 330
864 313
330 429
141 235
462 544
55 674
726 814
740 818
874 277
114 763
242 78
311 517
638 224
56 103
256 826
745 204
452 910
588 898
271 961
675 281
454 296
267 670
540 409
967 683
58 966
138 604
182 489
743 21
166 693
547 923
248 477
142 37
603 635
57 512
796 200
234 925
273 955
790 622
384 189
761 221
318 365
537 968
510 121
472 801
193 343
117 403
850 979
620 787
419 69
773 575
597 558
680 849
346 742
365 583
726 617
534 218
193 365
624 350
830 37
329 970
255 916
580 891
115 416
574 826
845 136
605 507
525 908
39 414
589 190
391 535
501 17
988 589
49 913
659 991
519 31
193 193
636 357
568 59
412 851
539 764
19 409
885 415
691 162
614 315
914 338
298 866
290 905
99 97
910 313
719 262
920 443
829 969
295 299
796 917
18 544
585 512
171 425
122 585
325 785
396 49
31 80
321 698
310 694
324 225
69 411
382 88
411 141
28 382
317 71
891 59
920 233
222 201
213 987
42 757
483 79
370 162
595 239
5 181
771 208
576 138
853 704
652 866
470 690
684 919
329 947
125 640
939 803
559 133
813 978
635 655
331 290
724 591
799 809
842 452
135 16
31 255
142 27
245 798
40 168
362 407
972 3
456 779
193 366
83 435
200 455
693 767
713 564
980 899
13 859
431 971
150 661
480 247
948 957
917 81
678 640
247 636
798 776
5 310
381 141
270 224
358 324
6 612
793 804
825 860
257 246
558 241
5 266
81 56
477 942
763 160
940 564
684 246
380 934
534 261
59 665
852 321
465 145
460 53
927 527
276 137
512 199
125 428
724 447
700 226
879 763
329 64
11 404
324 882
722 785
553 457
998 206
121 455
817 243
812 448
191 522
232 399
359 172
209 183
217 329
205 563
618 864
76 760
538 232
482 98
291 446
314 22
19 251
103 778
999 719
622 441
751 854
11 952
947 487
562 303
689 129
847 169
711 815
150 313
611 570
885 462
182 182
779 19
312 234
639 320
618 238
985 281
608 318
193 432
304 249
31 214
373 825
436 615
500 566
392 169
4 322
383 21
190 567
767 207
708 805
111 421
424 115
846 310
36 751
122 239
201 796
881 926
172 230
842 582
203 23
307 447
166 728
82 310
429 34
875 442
541 855
448 779
491 27
417 324
370 3
843 263
87 417
675 599
317 108
746 393
36 103
394 639
698 524
147 586
979 124
350 640
498 223
415 303
961 366
183 529
890 442
578 272
166 390
89 809
624 281
232 634
855 280
96 571
393 499
444 733
892 721
617 268
699 878
419 723
356 922
484 649
164 327
42 501
591 855
584 819
917 823
664 404
514 827
377 638
405 271
973 465
412 646
22 908
215 890
898 25
958 43
778 22
377 483
476 101
833 897
540 9
470 970
249 487
149 707
579 110
752 599
403 688
66 317
24 968
732 733
228 347
315 836
161 88
615 852
629 919
300 501
650 587
941 934
382 327
294 721
69 939
374 592
768 388
215 953
422 930
67 1
563 565
314 41
244 256
23 104
678 593
461 665
335 751
670 940
586 926
949 597
76 920
572 539
331 547
133 765
972 259
448 823
163 467
33 815
321 439
961 274
478 972
620 118
449 740
259 906
405 898
594 790
781 177
20 294
271 593
807 161
672 938
171 417
74 173
26 576
471 501
507 663
413 551
822 538
115 399
542 796
610 696
67 863
902 479
268 379
467 640
877 652
472 737
470 986
934 96
708 307
64 628
751 593
703 845
370 737
20 238
176 118
396 987
674 748
819 739
486 792
590 996
835 763
263 209
201 644
775 23
599 795
283 725
448 362
985 6
146 373
195 220
820 953
886 135
816 296
956 756
984 460
764 787
915 491
933 150
890 168
754 601
293 522
646 141
87 372
372 919
493 622
193 62
247 745
862 935
474 820
927 480
343 641
113 517
74 929
498 594
437 787
54 180
487 256
644 244
999 923
252 93
510 335
260 643
240 844
357 46
583 93
445 964
919 359
177 660
329 276
257 950
316 360
62 781
161 743
779 998
522 42
309 984
274 388
37 760
716 783
371 208
736 575
13 611
509 760
242 207
198 718
96 534
935 82
948 445
277 925
234 345
701 748
276 216
656 759
601 28
991 641
950 748
845 861
453 505
405 386
444 757
776 776
388 458
888 890
934 41
670 376
295 609
868 689
908 363
405 974
348 602
957 582
635 943
782 346
687 395
576 701
121 553
964 581
306 259
982 796
40 322
155 907
623 624
467 154
535 27
151 529
475 448
290 270
292 366
902 28
506 54
975 48
300 892
236 664
20 485
893 36
104 898
668 629
401 698
21 740
916 820
650 976
435 455
950 970
86 96
560 109
294 516
923 317
11 404
194 716
367 744
434 28
496 589
986 102
92 496
243 863
659 351
974 702
548 324
701 351
454 474
202 646
189 726
159 608
308 162
944 880
214 105
756 798
4 386
38 888
556 479
624 357
242 385
622 426
187 671
227 268
749 648
511 439
264 222
238 948
705 467
641 806
30 634
921 772
167 336
362 173
277 555
250 792
322 469
49 528
247 492
545 826
662 285
477 176
463 460
137 818
137 792
848 321
915 943
107 574
755 716
727 293
984 826
803 291
899 603
974 935
230 782
105 972
821 99
255 284
207 71
638 902
976 102
404 556
774 638
441 684
337 382
539 533
605 126
39 627
77 227
8 680
920 891
362 824
545 184
784 643
890 742
386 428
529 174
582 619
873 460
348 19
936 894
339 313
113 186
17 234
687 178
176 906
498 380
92 498
83 727
83 770
39 993
35 800
551 267
809 691
903 21
735 310
729 922
7 802
954 408
732 751
889 873
321 472
890 621
511 723
15 620
646 455
519 108
747 77
477 185
150 748
420 732
573 356
267 336
207 841
825 619
706 344
369 700
409 505
798 506
373 767
808 648
969 221
826 936
235 851
330 859
84 80
916 367
429 954
876 560
961 604
57 767
708 995
900 196
685 672
471 355
824 286
72 325
186 566
802 785
647 299
922 47
260 651
343 404
657 494
467 940
90 468
573 540
550 859
871 373
451 813
756 463
419 809
761 351
29 286
863 960
600 8
20 429
634 385
214 807
491 633
744 93
547 402
519 636
723 621
826 559
932 15
725 157
756 792
58 206
797 615
560 592
487 574
585 316
153 515
555 60
338 92
556 420
152 851
220 797
839 678
197 896
306 190
305 107
662 172
599 973
258 724
751 958
334 602
896 589
115 709
403 373
886 345
640 182
631 890
531 157
825 395
738 502
709 595
663 141
404 2
189 967
276 15
310 467
191 78
260 789
607 30
264 244
627 668
744 16
538 235
342 853
746 519
710 311
217 16
362 521
377 981
982 419
47 914
994 858
705 183
583 245
901 196
831 692
915 538
473 631
667 879
106 72
839 897
673 164
974 560
448 250
309 715
490 554
49 558
828 715
254 544
660 560
672 635
680 751
720 570
395 138
139 935
589 817
276 773
467 291
339 867
613 286
532 95
696 210
787 593
213 981
987 416
865 643
784 184
539 32
987 541
705 344
512 505
25 21
672 961
521 444
235 754
841 165
393 176
509 972
8 785
795 428
896 174
236 472
99 704
77 757
542 981
933 93
179 788
650 399
890 379
599 669
156 139
264 696
713 725
610 315
675 282
771 323
915 423
167 909
893 647
318 19
69 435
599 967
943 814
386 380
957 15
489 555
995 766
371 756
295 781
23 597
566 620
216 505
661 265
715 497
377 172
124 227
247 279
841 459
165 55
796 688
304 298
540 908
388 388
743 781
811 314
714 324
538 361
236 440
519 676
50 883
608 657
307 611
205 856
834 959
796 409
895 632
303 350
368 959
349 346
212 655
130 470
863 111
825 350
809 570
475 503
867 707
115 317
803 942
994 625
874 189
636 760
522 608
98 278
368 975
636 620
165 502
602 719
134 673
496 336
315 324
85 327
934 317
822 824
302 714
544 21
78 825
220 223
618 22
568 308
778 423
146 833
543 158
222 137
190 828
882 786
737 299
704 52
265 8
3 627
935 634
840 394
345 635
20 288
232 933
181 340
159 746
392 959
674 387
546 809
836 320
444 750
181 551
931 383
632 496
516 967
362 448
248 267
47 265
851 107
805 15
634 710
675 608
541 180
353 344
137 934
602 93
409 547
271 28
682 892
718 870
418 340
292 843
467 985
589 918
579 984
994 116
859 533
91 265
825 398
897 363
586 875
744 271
451 216
358 617
23 916
790 60
304 62
952 175
649 127
902 379
709 949
983 130
689 378
401 664
476 66
717 918
910 923
472 262
72 783
172 40
828 438
583 923
795 602
510 777
592 107
71 140
953 96
473 560
788 179
221 19
485 248
8 169
115 861
577 635
951 716
224 120
878 6
975 481
196 345
611 336
539 561
126 872
224 663
566 505
612 143
760 475
729 338
597 100
310 244
654 186
513 138
751 679
422 172
17 736
143 670
959 739
95 252
422 908
679 263
457 708
249 381
846 515
730 217
882 582
191 160
374 181
544 468
806 177
854 667
1 767
566 892
257 975
747 934
700 349
175 777
554 349
59 705
866 956
132 9
229 67
733 731
394 34
129 821
114 315
893 58
734 712
61 985
219 278
343 979
174 959
997 686
450 701
189 154
76 322
720 932
718 360
886 215
452 452
482 718
775 183
30 504
478 207
31 791
745 867
935 77
275 134
535 737
590 227
72 818
368 237
503 312
423 952
893 459
354 216
322 171
951 19
260 287
812 36
601 107
135 972
795 933
900 870
579 322
465 231
642 437
367 747
10 480
173 201
266 102
326 676
775 824
368 723
58 655
536 284
127 898
570 853
249 141
512 974
296 616
962 507
29 103
529 41
958 119
696 336
715 932
766 294
952 217
925 47
384 929
175 468
199 783
483 134
130 310
6 368
143 526
946 242
978 930
265 296
745 716
737 591
668 410
518 266
598 222
558 810
298 927
766 393
968 868
180 788
901 822
261 437
406 422
107 437
925 30
613 554
432 278
831 529
626 174
849 438
349 165
430 94
768 49
597 807
581 881
658 302
246 316
800 653
476 57
604 226
919 814
952 673
904 157
468 457
562 210
800 813
560 510
752 576
7 789
228 935
706 107
40 789
78 259
765 571
195 720
167 324
377 502
653 54
741 980
809 916
348 567
627 150
461 593
995 677
133 824
778 282
848 911
659 88
450 275
225 939
927 226
206 998
813 4
624 271
244 103
304 285
770 400
644 574
49 434
340 540
671 475
970 356
35 125
658 523
684 158
534 98
888 829
118 649
83 150
232 466
513 457
257 73
411 104
514 801
574 311
40 961
288 824
542 33
710 375
988 843
97 727
100 248
407 467
511 497
942 242
799 679
261 216
551 804
97 375
434 912
505 998
584 902
251 244
232 628
663 97
314 704
484 511
118 551
248 530
877 247
817 311
940 312
161 457
943 699
74 36
544 532
198 244
693 652
818 384
42 298
58 905
887 692
178 675
846 187
640 863
599 787
315 75
383 546
803 592
738 18
945 844
71 541
620 742
941 458
804 255
566 69
610 736
664 508
517 404
186 616
153 575
825 561
612 678
14 992
596 794
280 685
202 36
83 748
451 338
874 883
159 723
626 51
620 497
378 172
472 907
633 523
10 935
484 488
247 225
142 672
546 810
587 408
218 461
676 997
359 49
490 246
787 964
326 6
641 227
352 631
794 219
205 892
774 311
875 339
633 597
134 799
218 79
295 408
646 460
412 188
535 168
864 545
975 800
206 603
650 584
474 505
123 222
615 343
172 580
4 294
695 579
949 710
210 139
493 762
941 858
767 973
241 9
789 637
873 907
332 874
5 875
259 730
112 301
573 798
679 676
229 179
656 658
536 619
459 554
691 903
802 168
410 723
771 320
836 479
333 889
300 854
870 876
583 809
707 769
698 332
901 920
610 241
37 105
717 471
276 893
793 748
322 88
597 546
656 730
619 511
687 784
419 721
52 734
775 617
422 823
168 403
85 986
379 5
185 408
279 420
406 781
725 494
186 167
216 463
904 913
980 735
427 993
350 359
451 530
466 338
608 71
594 825
418 342
913 727
938 896
124 802
894 135
272 692
511 850
162 292
326 869
56 623
360 917
367 462
881 206
904 920
752 339
84 707
868 814
776 809
58 893
780 956
108 36
700 630
682 568
785 495
546 391
594 28
157 201
861 511
631 621
811 674
278 927
711 613
225 659
73 271
788 713
203 281
445 505
703 970
712 609
234 850
371 12
132 835
766 519
375 409
729 389
726 291
541 579
793 470
202 484
933 721
308 266
616 614
505 795
956 24
257 466
904 821
663 214
251 528
692 596
474 986
83 850
94 587
67 284
425 702
376 646
57 817
322 153
848 853
541 865
800 689
585 319
207 386
300 637
388 6
825 739
355 195
674 952
769 670
647 842
392 703
169 409
146 421
280 280
801 236
46 822
811 924
89 44
723 984
693 61
726 892
402 755
141 170
104 929
26 906
442 317
700 217
52 596
913 272
168 349
683 282
592 691
25 547
208 586
131 963
702 593
362 597
418 748
689 415
910 91
766 77
862 493
532 237
936 881
979 118
152 174
603 587
719 49
605 308
912 420
918 221
112 923
755 310
896 942
726 100
296 579
618 654
246 674
895 304
274 724
74 649
823 896
887 262
664 783
377 187
957 51
10 560
288 164
23 233
478 185
965 742
828 511
435 867
349 253
333 70
979 713
926 737
710 122
644 814
88 964
387 517
127 203
777 44
859 662
559 420
582 511
736 909
895 887
780 431
561 947
509 399
571 217
226 278
523 997
117 472
166 847
322 237
417 190
167 78
484 105
580 959
596 653
293 4
530 867
428 652
905 657
101 617
334 6
11 922
418 372
25 254
50 302
851 849
15 933
108 472
346 500
109 580
862 245
410 838
717 484
643 109
689 526
352 203
859 220
928 335
837 346
504 426
457 660
809 504
305 835
802 547
798 654
128 394
358 861
189 874
360 862
946 385
69 16
348 219
789 521
7 124
679 21
474 470
89 614
241 546
206 492
300 279
784 453
748 414
548 145
43 4
326 379
205 864
160 50
237 77
48 664
817 366
679 557
431 872
212 72
940 56
672 805
714 309
840 437
533 237
896 8
824 490
415 971
108 319
768 587
408 324
243 129
246 159
513 784
514 550
433 972
364 363
922 813
163 113
604 289
650 571
132 854
957 104
681 774
885 838
894 955
966 10
176 761
648 799
399 801
961 222
399 404
828 638
274 618
498 933
516 183
201 419
37 935
555 330
45 91
77 185
364 259
406 105
899 605
169 970
590 354
344 265
893 955
721 751
373 227
77 59
450 647
377 770
537 746
828 585
613 812
689 29
573 58
171 946
299 95
179 61
317 991
359 222
291 989
192 322
142 120
467 748
602 225
226 460
786 759
474 468
94 412
360 932
227 766
348 50
640 808
366 485
200 545
916 83
387 177
746 731
474 905
953 414
945 917
775 416
510 782
441 299
105 989
12 552
8 454
159 942
514 520
91 4
697 937
719 98
681 870
978 956
912 911
332 30
105 106
394 765
375 518
116 702
188 133
377 579
265 807
219 24
509 503
690 573
900 731
219 563
414 351
335 236
688 926
56 765
561 547
971 425
694 212
308 823
46 600
59 249
432 120
976 456
993 640
699 806
541 691
220 356
709 859
473 197
34 19
512 953
963 501
452 707
163 983
963 534
653 933
894 646
455 85
349 335
465 896
131 886
207 870
315 665
233 246
821 352
872 729
51 989
641 501
187 824
295 727
395 247
165 170
998 917
481 176
850 369
266 393
294 318
105 283
910 458
713 362
826 889
464 734
830 910
500 213
812 29
231 876
767 734
177 203
273 503
874 246
385 137
245 626
980 54
80 981
508 762
62 661
949 776
29 787
278 10
413 190
292 26
589 101
918 998
801 221
905 779
724 60
109 956
538 369
897 408
474 821
505 849
373 625
89 8
256 250
233 31
817 921
955 888
337 45
295 8
60 950
184 877
187 759
3 940
43 532
142 316
41 837
83 239
957 999
927 462
970 165
296 859
677 259
500 163
800 341
350 411
985 901
253 656
836 185
548 763
161 273
438 495
822 41
135 429
175 110
82 694
85 282
184 362
569 607
429 533
413 182
967 466
648 870
402 23
816 223
227 420
385 530
160 80
464 686
95 873
537 514
498 182
867 464
958 622
419 924
611 18
994 108
933 495
61 487
310 998
456 503
87 284
423 810
537 92
309 551
468 810
455 931
152 812
422 787
916 882
71 435
237 286
196 804
975 212
562 59
452 934
189 331
450 848
895 204
576 585
908 982
324 949
548 486
68 83
934 613
976 965
547 757
642 350
600 742
979 574
270 942
520 293
54 399
411 15
459 467
835 69
227 803
252 292
504 337
124 335
567 435
61 542
352 466
215 935
242 940
174 900
941 459
602 722
587 518
789 269
47 977
267 840
76 147
325 963
651 827
133 802
190 369
686 582
107 530
488 232
51 981
784 78
384 585
422 859
228 278
242 613
901 62
228 768
717 59
955 202
233 497
22 350
771 82
650 324
75 973
552 749
887 16
274 538
271 840
299 583
16 252
590 349
407 871
518 876
838 302
69 665
52 439
905 587
402 560
792 335
898 369
707 314
949 381
576 852
817 439
833 307
727 962
546 182
222 922
453 894
737 334
569 687
124 395
595 786
679 221
64 591
678 788
911 561
503 579
969 782
895 243
711 871
910 784
505 983
306 127
424 271
850 645
760 497
683 673
933 406
639 396
804 455
215 28
211 273
814 669
814 161
756 627
412 172
632 604
94 7
842 886
700 376
643 515
981 372
388 854
50 381
93 793
46 854
113 697
30 944
350 558
583 227
529 917
613 165
804 907
553 860
83 711
381 235
520 685
376 218
995 783
137 502
799 555
2 947
854 269
518 400
143 381
35 53
342 139
437 484
732 668
357 353
608 170
886 635
692 970
777 81
719 890
279 360
896 422
287 846
824 654
806 381
892 385
317 428
685 204
690 469
575 486
940 251
980 48
14 732
666 854
441 639
513 13
202 315
227 886
558 654
137 686
738 247
104 516
319 698
552 82
94 971
130 488
184 821
90 885
54 27
337 428
156 721
478 837
656 366
551 290
755 641
120 864
81 204
714 368
429 669
186 358
555 747
97 154
942 594
494 474
981 738
907 920
373 436
460 513
181 15
696 711
686 533
509 465
272 986
328 199
645 513
260 240
781 953
383 861
313 203
944 329
246 724
848 19
915 944
56 576
955 168
250 651
11 654
772 591
2 294
565 990
265 418
313 926
569 507
889 534
842 488
777 864
298 662
631 703
175 110
843 666
326 690
905 936
48 475
164 395
441 943
179 258
30 516
158 537
283 937
234 603
367 682
374 870
641 844
465 162
783 106
105 88
492 423
908 86
187 919
112 536
849 506
780 223
446 147
773 864
848 351
626 551
232 606
945 3
41 875
113 680
451 626
436 89
101 618
732 79
1 247
640 841
468 574
205 647
769 939
765 476
99 761
908 691
257 239
469 773
275 932
667 432
341 327
38 754
943 740
884 702
936 865
171 507
710 984
991 818
968 995
831 589
509 306
66 851
915 583
149 683
920 638
683 700
423 40
100 935
766 232
91 331
699 562
254 286
951 767
468 494
168 687
168 513
90 525
238 450
845 264
702 933
551 181
290 953
318 982
553 747
922 397
956 388
3 396
226 125
634 4
649 277
55 693
83 147
118 167
525 756
170 886
996 633
46 141
45 850
261 352
732 327
417 941
307 577
791 498
473 304
622 655
854 966
316 934
820 672
351 773
163 274
622 556
204 263
160 343
553 979
295 191
451 902
736 337
594 153
478 242
276 379
558 641
44 57
461 915
875 395
511 132
974 245
327 182
202 152
322 243
425 693
530 954
867 551
229 936
17 979
82 765
675 12
503 64
311 539
737 505
609 486
700 366
530 184
68 778
912 805
162 677
703 71
715 315
827 321
568 260
224 697
262 786
794 421
328 142
133 490
705 629
9 362
521 500
553 745
758 533
695 419
222 817
20 199
593 622
190 61
34 39
380 425
116 63
682 547
47 281
429 866
795 331
569 934
852 977
240 488
690 19
594 705
714 618
34 438
610 917
921 413
695 416
681 487
573 1
823 444
401 140
65 780
384 245
334 168
866 280
878 518
814 451
246 116
824 673
887 55
182 803
822 702
99 312
199 669
230 462
516 924
408 168
306 95
553 68
929 447
158 77
505 959
712 166
339 74
794 280
387 877
655 452
824 428
881 669
69 378
713 259
900 299
561 909
352 816
330 987
762 544
511 645
245 843
316 910
823 857
532 518
217 19
281 221
558 242
183 176
162 311
128 82
186 310
186 836
572 421
995 285
287 781
67 839
36 184
823 152
513 976
698 739
855 402
703 774
992 942
771 326
549 614
520 357
31 805
408 149
771 872
775 726
356 741
169 821
671 516
985 261
265 309
12 217
671 490
180 472
443 299
310 64
38 724
114 34
393 617
516 634
318 654
434 141
374 645
47 845
720 345
689 174
941 363
254 65
458 317
512 894
917 105
755 253
116 170
368 939
267 176
936 645
803 925
108 290
71 936
433 599
995 101
937 430
823 607
552 336
593 22
850 974
681 387
311 437
958 497
844 537
422 124
756 758
998 474
984 332
612 469
674 471
785 9
885 334
949 299
69 648
984 624
871 359
90 751
65 132
299 973
832 229
373 320
623 89
736 681
525 894
264 495
974 476
814 459
842 437
954 778
82 188
691 979
716 467
51 829
146 596
503 707
397 241
902 122
453 596
647 63
785 507
311 924
598 900
136 160
16 192
921 735
296 881
144 895
939 912
489 872
707 248
383 917
418 466
751 856
831 69
522 272
118 241
562 938
689 345
811 676
965 873
414 289
997 166
21 361
137 333
934 260
921 652
749 87
387 150
647 468
562 636
308 978
979 449
704 406
661 972
856 957
632 384
71 116
58 107
669 666
386 84
850 772
25 449
323 40
534 624
398 718
965 915
912 214
538 619
960 396
983 496
633 401
834 640
896 498
121 54
983 178
193 722
964 864
302 329
975 404
839 325
739 618
555 432
199 203
646 791
787 898
843 882
776 991
946 717
652 689
929 767
292 933
208 815
340 878
873 966
11 282
185 117
902 350
55 891
249 238
475 593
566 810
20 548
286 526
288 192
987 608
832 154
185 8
244 631
162 485
105 632
156 55
9 328
835 383
501 918
72 147
218 137
810 500
879 459
437 670
257 939
864 560
389 459
843 985
982 991
980 636
205 746
339 93
272 465
484 932
579 27
21 167
460 307
14 513
632 275
364 93
732 896
892 677
588 914
224 438
196 585
889 586
422 598
118 605
306 378
555 23
636 757
537 780
141 424
374 349
875 353
575 148
283 672
38 803
506 210
313 869
703 15
79 370
889 485
943 890
737 532
742 543
70 493
831 725
334 699
468 108
839 187
296 73
477 151
924 627
532 709
714 64
43 856
813 380
734 251
248 151
459 683
904 38
696 709
186 878
991 298
220 845
893 260
636 124
179 768
584 633
888 154
11 315
18 819
76 578
50 799
960 802
11 601
652 287
189 493
773 56
293 559
428 273
101 987
307 967
956 461
977 198
35 829
78 123
949 241
633 553
355 796
690 610
331 826
815 719
389 189
421 563
636 147
531 22
183 814
991 739
547 979
603 531
801 381
781 619
323 949
278 389
789 274
228 347
613 184
348 100
210 24
5 622
225 92
152 254
259 661
91 904
719 840
567 223
820 627
952 984
390 559
822 473
50 196
694 671
664 255
142 449
197 964
923 463
716 493
126 2
459 744
777 820
162 58
898 846
354 882
152 433
970 957
372 109
162 883
963 424
659 374
735 988
298 279
194 633
332 608
583 599
463 728
166 312
424 527
853 823
510 148
379 248
29 524
583 560
546 13
324 771
176 394
416 795
765 459
465 639
423 77
618 528
742 74
759 755
255 879
855 842
163 517
903 185
861 82
186 240
351 177
500 129
286 521
172 198
151 963
596 775
964 187
747 264
371 697
140 762
909 976
456 530
35 852
608 765
23 990
613 611
326 506
