3000 5500
983 64
714 592
996 829
853 194
959 627
49 980
115 890
202 273
175 959
265 94
659 441
964 39
316 362
590 792
721 525
221 348
270 907
439 102
600 256
984 144
641 909
783 276
660 869
972 997
132 28
732 197
467 164
48 825
226 844
99 893
767 170
505 558
860 814
706 715
607 245
739 640
710 300
497 410
231 419
741 58
849 324
876 651
726 597
197 122
761 599
382 954
978 936
672 190
397 362
141 689
219 147
516 301
748 732
663 831
893 790
104 59
830 752
373 428
737 611
251 940
483 875
777 500
119 141
203 482
676 177
134 825
980 117
992 681
11 50
711 977
371 212
17 84
892 805
587 632
566 854
543 922
682 69
316 812
208 887
729 850
852 856
589 70
384 841
539 868
941 504
325 468
660 533
851 393
38 671
181 164
249 82
433 913
124 306
631 27
133 681
671 682
765 191
194 458
456 528
349 104
756 812
19 500
614 126
50 548
891 637
423 443
318 703
860 49
440 388
831 17
693 343
370 391
120 330
933 979
564 214
910 486
51 517
320 638
533 229
330 778
400 40
925 759
445 371
756 744
177 629
278 23
488 83
759 254
735 86
537 844
822 598
319 679
460 774
915 655
216 449
320 677
976 467
356 46
915 980
802 961
119 801
718 55
7 109
347 610
943 52
976 126
542 704
908 199
972 69
447 635
220 740
493 231
650 453
276 191
865 230
377 471
499 322
659 836
20 921
887 721
535 305
291 362
541 991
417 787
82 713
570 978
42 320
124 242
913 612
48 551
966 918
799 257
555 486
284 983
987 870
148 861
151 315
472 455
936 572
256 954
989 300
28 840
8 908
395 85
56 186
122 99
432 550
910 790
804 731
713 709
36 422
8 345
201 907
287 580
791 436
676 129
467 413
929 454
85 329
839 509
402 554
152 973
642 836
793 151
176 966
814 75
529 727
850 284
715 270
976 724
772 766
271 425
910 678
468 215
499 519
391 592
416 495
793 594
699 135
168 654
196 613
355 28
85 321
610 742
807 639
481 36
605 247
209 870
640 973
12 38
305 66
700 960
580 487
184 93
96 293
615 669
486 943
268 939
150 820
421 808
323 18
613 410
520 823
199 297
503 948
147 394
544 681
627 562
251 754
731 898
203 188
809 760
261 994
229 864
744 366
945 706
463 823
682 788
611 502
174 144
711 841
301 796
793 757
731 318
820 278
956 844
89 848
37 811
375 218
774 917
88 475
727 77
612 264
778 789
112 418
532 584
642 923
502 503
725 820
665 453
39 20
451 920
160 870
414 578
983 417
380 872
138 139
628 915
355 292
967 323
443 773
470 120
119 559
180 335
423 435
528 212
402 584
965 208
88 532
738 39
181 861
810 229
545 196
548 222
255 146
261 571
947 909
946 374
856 872
88 294
354 554
882 987
48 447
470 51
359 638
865 997
160 571
629 243
793 734
347 736
827 780
126 548
46 922
690 957
456 582
177 420
910 795
690 915
81 569
804 222
946 910
282 410
378 227
67 976
590 200
654 500
70 423
554 958
450 698
436 795
836 703
3 677
432 804
804 232
340 361
973 935
656 777
905 952
667 273
752 231
942 631
263 586
798 225
253 730
672 327
520 244
534 968
313 518
794 831
822 98
866 233
442 487
276 74
554 630
123 346
562 863
791 683
146 69
261 84
10 703
185 468
179 493
767 670
59 499
524 891
759 65
860 251
871 25
195 986
310 648
707 57
332 686
264 249
611 818
574 634
735 934
797 795
603 83
214 345
621 150
345 344
988 995
341 42
97 566
461 981
360 37
211 170
269 840
681 442
96 960
197 796
531 415
989 587
779 620
312 134
621 550
278 111
948 816
645 403
199 325
384 835
937 464
969 531
388 992
290 213
831 607
733 514
936 556
168 108
876 543
751 993
475 839
868 71
951 477
547 974
692 160
530 774
929 198
278 419
387 445
12 518
429 889
934 733
832 296
540 974
562 696
150 808
387 599
411 783
738 791
190 668
473 593
766 984
116 60
257 430
215 58
673 185
672 461
675 762
823 187
511 418
641 561
321 444
875 560
347 263
782 424
406 74
38 542
823 587
907 411
263 548
873 311
979 438
565 358
28 914
999 945
910 361
928 612
986 520
733 417
121 422
967 166
927 994
157 16
496 918
727 567
732 122
716 903
619 549
709 928
397 189
11 596
931 718
656 975
593 637
910 543
234 777
839 268
626 547
987 737
646 749
431 213
564 41
978 477
684 864
645 480
152 750
938 274
266 978
461 129
763 96
643 842
498 25
150 91
902 584
85 652
364 64
536 42
859 610
492 674
640 198
4 269
568 775
875 85
623 943
217 538
365 637
691 424
954 762
113 802
185 895
472 83
478 310
647 135
940 883
451 545
680 717
516 940
886 955
210 262
41 546
680 832
432 28
184 906
973 325
314 714
75 634
187 439
643 228
736 559
733 508
421 805
832 89
993 215
385 620
629 412
309 591
865 910
311 879
476 904
374 826
81 490
123 869
35 724
233 456
700 867
429 448
191 783
847 512
26 109
36 824
688 467
112 461
35 297
256 620
167 930
253 184
515 67
96 648
230 228
567 320
802 179
871 71
452 619
560 826
973 961
559 556
960 337
776 372
704 890
490 163
49 530
794 805
648 6
281 378
911 85
171 163
636 30
408 321
845 561
530 251
936 993
826 819
143 68
226 132
285 528
946 367
12 369
388 60
12 637
406 629
772 349
20 369
457 542
293 419
62 649
766 39
755 259
986 61
181 665
454 271
935 876
383 168
703 322
294 232
98 270
464 15
760 900
249 413
260 473
663 373
943 868
902 142
284 946
668 814
895 576
67 859
182 621
787 496
995 192
120 231
959 903
157 121
866 602
158 505
361 752
25 183
619 877
91 981
134 687
737 844
360 149
779 497
610 298
94 271
324 591
864 978
641 249
210 52
461 898
42 77
481 31
31 271
772 415
741 539
100 901
358 962
394 234
872 281
953 572
215 373
792 513
184 693
552 691
209 812
59 496
691 828
873 420
723 960
806 501
182 540
711 508
21 265
283 142
912 167
744 307
645 430
184 682
305 214
781 347
319 83
898 311
560 267
277 404
858 924
934 445
346 493
145 238
885 530
605 24
766 812
817 758
396 631
240 927
546 300
199 430
223 595
640 955
748 493
621 578
822 621
520 726
629 659
670 582
531 800
141 963
770 652
306 63
646 276
998 688
913 673
274 728
979 451
567 843
140 560
57 497
202 202
233 518
577 228
799 920
348 72
262 572
505 471
734 11
299 29
924 784
184 447
974 728
775 153
961 657
903 583
410 31
802 544
652 936
208 47
885 718
313 807
918 508
919 850
634 328
18 984
201 88
512 908
899 986
658 585
698 488
576 576
384 233
822 664
280 752
565 449
223 775
682 108
33 836
182 506
60 699
158 670
285 605
907 705
2 62
993 766
811 906
715 463
278 423
970 287
713 142
978 445
487 26
846 935
52 61
678 134
717 663
804 785
285 383
547 38
621 27
225 731
545 53
568 521
39 277
291 196
773 155
809 574
720 441
946 547
298 808
181 744
31 538
817 871
876 170
742 570
982 984
606 767
881 832
338 294
23 987
408 439
724 361
924 962
156 650
156 31
411 261
450 798
313 355
479 542
661 409
474 907
803 665
229 745
365 649
951 469
599 321
17 295
772 298
319 356
563 321
355 215
922 541
626 835
81 856
75 660
414 252
679 50
610 113
163 714
504 767
399 703
862 583
928 676
423 47
366 96
502 179
454 828
37 101
285 629
238 479
801 448
924 912
46 423
260 189
918 753
377 931
584 856
962 650
198 179
515 876
771 806
994 548
316 752
839 523
488 235
644 614
353 325
229 228
367 782
456 101
92 474
699 741
69 296
25 330
887 306
890 1
91 764
15 884
775 380
849 915
304 384
585 421
697 469
924 111
964 87
501 42
831 402
633 214
982 657
323 975
849 457
671 742
302 755
715 356
318 470
303 20
366 785
250 247
412 997
248 483
191 790
771 860
310 896
94 177
779 788
646 622
923 724
456 627
772 41
290 814
504 883
245 737
9 122
770 912
533 392
21 336
360 869
198 872
579 94
467 415
958 268
380 875
213 525
333 358
58 477
445 261
654 263
472 53
259 720
850 276
541 707
232 968
794 277
643 876
442 943
904 183
271 498
550 733
498 102
649 192
489 527
251 925
996 710
735 630
406 231
508 935
223 745
679 731
466 846
926 648
394 970
900 70
4 808
387 762
306 510
590 861
162 741
194 253
822 84
665 913
603 406
522 651
665 667
81 577
826 575
136 704
602 987
506 384
764 808
144 918
487 78
830 216
582 207
121 443
495 173
509 499
545 251
565 31
172 993
481 514
676 471
518 42
169 791
591 926
147 320
132 498
502 349
215 829
644 463
948 210
781 613
579 535
578 829
999 42
416 35
9 532
830 119
751 457
321 87
646 421
842 726
315 103
656 426
760 863
960 359
504 417
810 984
237 687
908 684
875 694
976 131
283 774
676 702
510 676
545 723
477 790
206 187
837 778
729 873
866 784
637 899
958 346
385 77
699 828
601 309
741 520
938 212
184 51
339 177
564 381
828 188
967 657
686 120
929 229
267 228
539 206
463 124
227 904
728 597
244 765
108 270
272 853
955 727
493 614
223 817
848 237
167 796
936 392
303 172
87 791
113 354
863 516
745 262
497 755
663 192
427 507
978 517
316 721
138 364
410 838
537 647
706 476
800 714
153 612
712 304
215 773
368 76
769 207
100 568
673 383
791 661
837 313
57 471
973 390
889 626
599 531
257 993
629 420
954 864
71 431
529 156
200 505
155 898
670 230
726 207
226 159
105 835
382 4
256 447
509 170
833 465
155 134
244 288
230 877
699 821
85 444
783 444
358 26
32 204
259 628
571 785
409 116
347 687
819 684
760 333
650 338
709 234
33 603
250 721
947 663
153 860
307 271
171 436
940 786
95 633
868 348
428 542
513 416
539 715
911 124
725 675
324 262
640 510
744 906
710 538
421 755
206 933
911 906
341 515
26 443
396 667
64 960
766 783
359 261
847 75
719 122
426 192
59 67
465 677
337 484
898 255
454 528
179 466
167 502
652 900
995 801
599 576
782 378
574 950
779 992
838 51
816 324
974 937
529 584
240 989
33 352
613 783
851 586
463 805
101 400
6 963
301 548
545 361
195 668
718 264
18 345
800 4
171 372
490 769
656 618
937 748
736 482
507 998
245 148
809 722
849 846
531 500
557 248
463 481
743 561
560 309
481 772
996 916
738 255
381 905
772 719
188 865
183 431
164 653
882 932
395 612
144 956
536 565
704 751
211 459
203 86
979 809
85 785
152 830
58 784
653 981
294 446
827 279
818 327
503 723
833 537
333 488
387 230
233 645
921 774
311 378
197 267
885 556
61 832
746 384
609 616
159 903
210 327
665 886
802 706
928 895
871 476
619 739
520 641
981 889
805 200
122 506
47 525
744 344
266 537
84 779
903 411
506 714
309 260
551 86
721 606
853 709
61 99
470 164
845 683
878 203
978 197
775 479
911 401
339 951
469 158
850 527
246 734
432 142
407 753
896 346
783 547
329 793
965 480
394 75
283 30
726 989
988 154
753 765
168 35
225 94
767 296
798 407
911 958
536 31
674 78
679 370
256 616
346 167
914 651
646 199
281 748
94 167
888 694
40 422
357 94
373 735
650 843
263 662
494 153
554 379
104 350
971 275
272 573
640 890
518 618
982 630
778 787
93 81
62 823
162 357
751 864
444 848
829 5
355 675
190 539
661 201
167 465
873 257
103 835
696 406
784 93
341 870
23 856
394 780
411 639
946 307
490 887
603 474
621 938
178 338
654 301
407 625
746 453
58 939
215 362
923 933
13 286
542 570
778 186
515 429
927 174
735 232
744 477
867 617
284 598
75 190
928 955
716 562
187 88
683 462
966 602
297 943
147 899
651 228
291 157
627 805
639 663
49 312
248 238
942 329
705 548
782 419
246 195
423 994
922 366
124 412
21 225
66 192
52 345
698 987
861 118
664 809
911 23
306 299
93 26
644 907
165 115
545 618
111 650
142 198
558 907
343 659
996 373
842 162
673 190
893 543
414 199
158 880
451 594
166 682
909 741
575 629
588 150
242 559
612 96
150 887
252 519
969 311
206 908
632 255
957 18
72 30
106 335
197 565
326 364
845 522
685 530
318 550
870 939
258 855
172 648
958 710
482 654
820 247
187 81
372 425
574 411
209 904
217 927
76 447
705 370
904 427
164 398
163 324
856 923
910 460
790 182
37 264
972 166
914 457
714 606
482 316
413 990
45 775
374 137
307 602
259 244
403 935
200 205
343 892
868 633
241 6
87 50
376 253
378 506
261 633
810 870
565 717
8 484
488 588
926 622
38 464
650 774
204 752
503 585
906 234
89 404
539 728
735 834
672 520
812 649
703 850
707 178
537 746
85 184
313 837
769 905
573 276
694 176
248 350
92 312
338 183
682 864
654 529
249 151
860 676
833 906
797 342
630 566
562 939
282 776
327 490
854 368
968 111
607 601
928 198
685 102
891 280
760 517
143 860
56 507
679 793
234 161
789 237
851 61
422 231
234 94
89 228
629 534
860 487
981 553
853 78
907 868
604 369
485 30
217 157
406 795
382 803
555 523
767 386
804 801
256 484
69 201
825 405
198 117
522 430
451 554
474 494
356 696
619 517
258 37
132 315
123 517
758 892
100 733
334 147
297 64
274 118
882 629
161 208
459 158
215 984
920 893
376 970
773 736
371 806
935 979
494 562
793 884
656 350
181 131
230 434
806 638
14 436
607 893
143 936
965 218
821 180
955 521
413 600
289 957
509 766
498 619
295 888
479 468
979 50
633 960
177 879
19 974
531 561
328 449
306 910
409 76
928 813
910 639
557 699
982 155
634 853
105 85
326 214
680 223
408 801
73 855
823 707
251 44
927 505
207 467
548 267
43 910
169 892
34 745
804 806
573 187
51 778
75 165
455 314
503 99
627 657
388 448
512 254
87 640
157 183
341 578
537 200
324 13
907 476
119 69
528 517
155 575
12 180
228 416
524 13
701 671
11 996
191 915
744 493
5 77
854 551
364 129
545 551
172 37
594 237
68 513
195 74
608 744
913 453
793 703
154 46
429 694
430 139
714 190
401 157
190 390
920 387
251 216
484 82
54 734
38 779
876 345
642 108
591 331
91 776
575 31
415 378
221 66
432 999
769 317
100 164
267 192
606 595
426 17
646 289
748 717
259 412
675 261
625 224
337 5
914 122
141 905
985 614
26 409
819 334
283 589
534 847
979 245
54 81
493 123
155 898
665 253
803 856
704 793
162 656
289 628
511 550
289 784
97 734
776 494
658 245
456 334
533 632
865 210
957 375
237 986
43 914
779 715
169 660
204 598
619 756
312 792
779 582
471 388
587 110
867 829
45 399
601 715
794 285
715 724
582 261
107 744
377 949
472 152
922 911
963 434
207 429
605 351
955 77
945 659
406 598
657 747
8 90
932 957
586 370
73 850
781 947
371 195
267 74
408 391
602 993
892 285
406 883
182 398
21 7
577 708
619 518
811 625
686 207
856 222
547 280
836 238
24 585
524 166
816 113
67 855
182 368
573 790
237 121
810 95
230 525
146 417
330 572
962 372
576 225
126 960
461 410
392 858
151 716
565 501
646 577
251 928
75 175
631 701
454 605
777 248
855 5
738 328
197 47
643 879
912 528
352 56
868 532
41 316
759 141
317 710
709 808
600 101
849 411
797 83
423 796
375 240
229 596
575 193
269 166
993 557
890 103
985 409
148 668
314 465
231 80
259 329
678 431
832 499
200 207
734 819
664 465
231 419
906 159
740 226
815 406
391 482
950 750
403 266
951 228
779 387
275 409
670 487
763 350
258 54
546 841
5 202
328 717
387 985
144 277
222 687
244 102
425 499
476 57
824 300
452 120
425 32
92 918
654 132
44 973
419 81
209 644
373 912
14 405
17 381
289 630
185 470
650 149
378 72
851 461
904 962
152 810
644 436
553 706
190 182
145 465
324 426
98 947
325 599
723 54
129 67
293 246
883 685
379 19
314 502
231 566
428 449
55 757
261 480
583 165
608 480
261 96
874 221
983 819
653 275
416 775
460 575
168 834
180 770
14 933
355 109
360 703
993 93
327 189
582 969
724 942
109 886
475 530
421 266
345 766
930 452
368 174
721 218
237 257
113 183
182 886
930 137
922 459
221 214
810 50
455 165
521 296
449 687
528 410
259 447
795 415
54 658
399 517
400 292
491 790
169 627
140 728
320 132
391 720
116 123
35 31
873 404
153 851
863 565
152 278
931 875
871 850
514 286
63 883
295 773
352 811
362 11
460 253
815 424
992 489
260 753
222 454
958 910
107 816
568 932
390 315
689 761
63 921
764 382
565 410
37 368
496 252
228 873
578 881
216 496
250 982
577 830
663 199
608 989
196 404
160 648
942 648
139 274
508 919
568 293
72 435
199 387
473 876
255 581
939 689
143 710
381 992
179 780
915 61
584 922
158 473
542 27
118 855
791 536
10 243
683 603
989 846
327 218
108 895
386 995
159 777
952 618
96 903
567 57
985 272
737 316
914 816
299 471
72 141
58 429
967 520
553 837
751 655
926 361
899 673
456 501
59 517
681 526
111 476
612 192
302 512
429 928
440 175
669 22
184 678
209 986
548 57
465 35
933 807
572 264
835 774
750 424
471 414
837 981
25 765
97 724
114 805
505 260
114 873
305 552
295 918
659 283
206 188
828 369
366 258
215 520
188 950
88 127
458 8
856 950
358 978
526 92
571 176
753 880
662 656
348 666
242 595
130 187
475 364
866 397
477 987
577 123
143 740
23 294
387 140
771 71
795 782
251 513
173 325
540 587
696 690
255 778
730 177
905 904
567 885
25 768
44 224
326 590
735 146
65 377
919 987
494 50
286 84
238 450
68 21
856 820
813 175
924 273
328 412
133 130
990 375
935 911
212 948
678 426
644 746
322 199
747 789
872 344
661 793
952 95
966 840
538 263
734 95
709 37
372 915
824 86
968 436
202 240
126 518
915 20
173 865
738 921
134 626
557 910
770 352
78 443
262 533
80 209
717 570
89 783
133 580
301 952
840 597
261 507
40 183
470 74
626 128
88 366
357 106
565 766
39 168
271 57
847 614
104 995
690 134
920 434
961 625
648 398
875 785
872 859
386 538
204 692
915 266
921 890
618 181
536 274
215 773
753 401
61 850
777 201
597 796
798 326
734 518
107 413
921 417
977 809
625 3
533 397
352 940
827 332
574 446
996 249
756 81
476 800
644 60
902 976
467 299
941 966
97 301
372 820
904 182
765 197
887 654
601 753
175 619
229 887
970 118
406 855
220 939
462 928
378 465
473 806
583 72
698 750
724 140
553 268
313 713
10 880
233 359
207 284
602 67
373 411
267 863
989 558
623 354
962 722
947 656
195 807
452 447
668 11
405 897
762 543
214 112
575 172
888 589
176 112
623 152
537 808
581 935
530 425
603 104
932 274
111 992
610 90
573 899
337 880
594 269
994 225
785 163
829 365
112 614
911 11
878 831
207 715
464 472
688 707
980 969
585 743
163 816
247 675
347 829
577 26
751 328
301 665
547 811
983 366
90 807
630 778
832 746
900 717
150 703
874 365
858 358
373 721
536 30
301 150
684 756
65 571
152 973
253 134
618 75
480 785
804 28
974 966
928 63
697 991
609 352
462 123
544 669
205 288
364 508
541 680
288 552
926 301
125 628
493 637
583 650
961 613
635 5
445 70
199 577
838 139
957 133
499 559
803 684
894 77
298 783
584 69
254 41
11 210
926 281
348 520
626 223
951 387
331 955
842 405
259 144
930 559
461 170
190 819
517 686
251 865
531 318
907 560
369 780
633 178
116 180
48 535
995 524
875 806
301 749
602 175
974 576
104 375
878 146
587 808
646 472
498 770
107 237
577 778
740 670
350 697
615 943
916 57
641 575
435 656
653 542
505 868
432 151
688 33
181 749
541 583
282 709
140 436
55 529
116 332
804 140
414 652
245 777
314 304
403 408
11 973
176 612
156 169
401 543
728 547
769 808
289 322
385 520
859 850
217 245
624 669
542 566
542 139
234 489
371 3
878 808
275 435
142 440
266 142
677 413
974 945
20 521
136 117
575 61
190 731
68 541
590 755
500 978
448 902
152 838
341 10
534 758
713 871
466 623
337 691
491 983
560 526
976 243
965 639
973 483
390 512
102 641
258 701
415 360
136 133
647 151
833 449
759 635
472 716
450 288
974 358
453 53
712 228
250 280
186 121
378 486
471 775
589 447
733 768
232 990
761 726
981 397
58 791
10 831
170 770
383 19
223 746
941 205
549 118
561 73
309 91
856 695
954 540
140 58
838 675
621 588
584 70
722 320
152 520
122 79
656 567
391 278
505 602
223 959
754 729
228 82
65 855
647 821
500 144
48 649
282 226
788 296
768 978
963 981
141 849
8 916
75 86
734 357
533 988
464 43
417 874
786 500
108 347
31 356
411 784
351 260
968 618
331 95
246 146
296 559
788 490
671 88
305 856
448 980
494 857
120 8
398 709
898 219
9 745
246 710
187 645
700 458
287 361
978 395
280 791
871 865
821 253
340 444
318 489
345 140
246 107
47 311
197 307
28 72
93 275
350 355
258 667
490 940
377 417
79 993
117 932
427 907
742 557
313 811
60 881
175 744
894 475
678 600
971 567
448 691
464 78
577 11
180 442
358 195
633 962
376 917
510 681
104 22
681 296
139 460
129 254
554 196
102 233
856 987
20 627
848 473
15 762
535 17
980 66
627 117
379 114
535 603
426 290
702 26
943 399
241 475
205 826
197 583
591 93
531 147
574 390
992 150
25 424
325 855
861 918
571 68
503 457
14 720
409 36
847 401
499 717
705 16
256 567
22 692
583 69
537 401
836 447
654 454
67 337
897 261
441 922
571 530
937 320
160 66
771 68
765 266
726 564
986 562
629 270
786 71
574 776
857 603
547 380
669 409
629 377
990 588
997 902
108 180
641 987
115 796
51 467
725 282
30 756
419 439
683 57
637 709
714 786
822 931
18 234
267 489
797 597
523 336
564 567
134 126
516 697
667 152
511 937
293 520
284 227
457 665
206 276
723 650
974 919
154 96
693 750
973 15
765 544
501 60
512 821
138 139
165 209
828 13
752 511
36 239
319 442
820 779
748 271
174 69
874 716
328 706
545 212
511 514
455 200
882 415
276 768
676 744
435 900
543 853
761 374
912 759
888 805
140 514
690 562
186 138
667 212
618 83
958 180
409 545
493 99
359 244
521 619
380 276
957 588
820 949
348 623
88 979
540 891
232 111
812 468
373 923
158 259
173 918
249 858
456 806
488 634
878 710
313 525
488 226
974 307
188 144
143 178
316 269
861 72
672 416
116 505
482 849
88 126
702 977
857 409
789 170
66 479
549 248
868 633
160 12
264 176
690 995
768 150
961 73
288 487
318 99
570 15
800 271
244 507
999 521
295 418
617 787
886 985
629 74
563 664
620 854
345 569
438 604
106 636
482 769
443 993
370 752
776 530
189 362
458 622
603 743
302 791
114 404
950 101
19 744
977 580
154 154
1 246
603 404
848 41
60 18
733 984
810 947
288 158
830 294
608 445
732 116
98 376
690 91
679 394
691 133
19 682
165 46
673 668
672 654
813 769
884 81
976 765
952 755
846 293
368 291
481 521
725 557
847 510
251 490
212 858
25 382
373 720
785 764
601 959
767 514
580 512
439 244
142 950
902 756
351 66
152 58
360 171
824 52
757 692
782 927
653 979
720 989
573 174
987 934
428 333
424 427
523 833
314 429
745 432
395 475
506 472
698 826
435 332
442 89
105 345
100 571
3 410
787 625
227 841
154 523
997 63
59 400
469 433
109 436
367 580
543 727
384 321
46 591
195 911
750 248
331 666
265 205
50 678
743 644
401 113
959 985
908 644
662 948
339 864
307 691
157 947
943 933
511 752
952 659
505 949
694 665
368 812
122 559
275 899
592 181
207 254
915 128
424 124
586 234
407 87
731 759
157 500
650 427
971 579
254 755
273 54
631 169
85 187
701 26
383 762
568 285
721 62
386 315
24 306
233 871
808 811
916 474
376 720
779 178
623 726
456 404
73 29
539 390
24 562
807 726
987 759
488 983
841 866
730 383
419 441
318 820
862 753
704 404
989 178
410 832
250 952
288 211
1 263
256 221
277 493
53 787
879 206
844 589
78 14
988 942
142 741
10 384
589 351
625 715
838 316
620 847
411 451
672 128
444 579
442 626
69 805
543 143
225 155
372 663
773 951
809 374
1 535
149 763
817 1
676 405
763 64
975 567
34 344
474 931
909 650
785 54
317 727
655 90
340 345
919 324
491 958
469 700
836 802
617 124
243 279
785 862
594 63
382 184
572 626
718 322
775 867
465 776
672 443
669 953
368 297
551 14
128 850
350 761
367 431
641 807
862 277
773 44
189 984
878 479
383 628
502 70
763 865
302 634
155 399
793 475
861 849
38 302
307 255
605 754
907 715
261 546
908 168
436 534
97 427
618 959
965 790
42 198
202 63
495 727
244 256
281 533
224 491
978 201
456 917
808 495
867 664
812 992
922 551
94 430
877 998
189 343
122 78
786 381
602 716
493 482
865 47
420 756
587 725
996 681
199 603
576 846
446 161
728 29
289 983
476 57
466 983
540 137
165 988
842 115
434 982
898 937
260 6
107 91
246 225
994 716
550 243
209 206
702 20
601 152
973 450
789 112
330 402
423 71
473 149
121 274
803 179
576 997
567 495
954 569
917 956
309 87
330 843
917 78
772 717
515 311
86 938
345 752
220 580
540 206
423 836
329 324
855 687
133 114
293 362
663 509
858 288
575 685
903 369
548 109
162 733
170 848
857 527
754 547
187 699
784 124
632 935
471 531
589 309
481 299
321 112
840 231
631 26
991 609
53 331
877 210
606 403
228 74
744 906
720 321
237 531
725 101
452 978
704 865
71 536
363 599
968 3
88 876
11 471
374 385
744 439
65 92
194 757
231 610
936 669
561 510
217 805
345 408
264 589
997 545
551 705
662 889
877 499
527 717
495 805
336 647
927 476
130 380
782 959
823 516
281 489
532 919
933 432
366 515
916 802
820 18
915 193
825 582
306 510
842 686
430 354
185 307
828 752
646 305
36 808
972 222
501 750
951 959
356 384
21 580
762 937
894 12
340 474
463 788
363 669
691 117
187 484
579 714
860 694
775 676
691 795
920 198
115 672
719 45
367 137
726 539
469 844
480 44
504 988
280 951
609 908
64 561
923 391
663 481
998 134
453 996
80 883
802 283
813 409
96 974
146 919
368 14
226 764
96 887
276 315
323 955
683 756
117 593
342 141
656 928
471 221
979 791
71 636
722 904
55 71
953 341
245 851
963 25
130 377
533 416
296 326
240 963
611 439
954 537
202 525
73 292
605 574
101 247
145 288
953 799
404 869
