3500 5500
965 601
107 335
131 614
98 568
102 41
791 58
308 99
200 110
381 156
351 483
677 77
635 823
619 186
199 475
129 918
859 86
658 42
603 715
957 3
426 441
180 971
539 998
830 542
249 127
73 296
46 518
825 991
163 261
16 363
814 997
814 420
765 611
406 794
203 575
752 639
206 932
605 506
573 968
45 238
234 953
113 129
399 746
955 325
394 687
888 458
509 726
139 71
392 287
533 883
275 491
559 714
113 811
302 8
362 47
785 544
555 219
786 503
565 857
594 751
276 208
903 510
586 164
652 828
598 782
836 180
485 67
992 869
488 827
416 928
764 448
951 824
766 917
951 381
148 836
813 103
427 219
538 898
59 233
726 314
79 953
474 56
385 739
171 600
391 927
383 936
791 945
638 657
282 481
590 346
607 714
213 489
61 718
274 560
910 618
263 399
914 538
182 596
284 533
902 209
479 175
755 744
333 983
510 446
609 241
123 88
647 286
991 44
975 389
512 246
793 187
525 668
757 24
433 966
618 279
762 166
984 394
868 596
335 577
483 923
538 926
279 466
235 270
913 553
319 895
161 457
493 88
69 550
817 318
875 906
433 736
706 787
515 941
909 932
167 162
869 80
629 308
730 328
228 61
702 817
560 743
730 110
304 844
706 479
725 505
881 703
24 194
428 451
525 529
478 744
913 924
624 460
124 592
195 999
541 61
24 129
274 493
185 164
957 469
262 506
328 413
584 951
765 429
49 921
236 680
651 531
185 702
944 375
635 182
15 725
385 375
844 483
183 726
690 69
290 706
288 191
937 271
704 244
11 393
668 273
318 493
511 28
514 260
17 568
621 377
239 603
215 600
664 430
649 339
772 411
957 280
957 269
329 924
780 277
954 377
341 562
880 158
234 639
311 31
503 183
563 714
238 847
540 549
126 838
942 190
568 67
971 991
649 226
113 9
724 218
854 349
572 162
774 521
746 486
575 286
596 364
468 50
694 958
850 305
347 24
802 540
386 614
677 340
551 145
830 735
607 349
913 503
568 662
813 929
172 115
526 55
607 736
228 867
396 223
826 84
421 414
617 790
722 600
331 85
274 131
762 210
466 400
814 549
658 440
239 843
328 329
603 93
364 234
761 666
414 532
932 111
198 409
460 500
585 129
940 803
129 437
486 901
844 36
717 463
161 162
606 594
85 214
306 440
295 601
731 219
369 303
790 763
581 764
610 965
230 84
560 825
783 486
638 467
156 764
599 752
119 317
976 427
13 238
864 556
668 771
215 224
681 642
505 667
65 264
860 921
329 181
29 412
595 938
460 717
374 235
200 287
237 75
290 80
351 716
922 427
903 58
410 454
654 677
104 93
956 592
171 621
196 318
913 395
46 530
881 788
257 870
634 122
81 1
809 782
935 461
687 873
370 880
857 669
602 958
193 759
784 298
784 137
928 698
582 7
767 206
53 257
588 64
379 639
716 634
348 973
980 228
747 643
459 305
289 378
128 804
509 737
856 610
767 417
369 800
535 897
583 650
588 378
361 419
273 169
315 278
537 869
849 567
956 390
404 199
861 11
368 766
409 167
815 960
656 228
256 569
593 976
683 215
160 634
886 922
110 525
956 409
393 346
584 265
517 425
850 902
935 273
332 655
666 363
344 614
762 967
685 576
139 347
839 340
804 201
859 694
526 608
722 102
104 692
200 870
677 763
179 749
463 43
655 907
715 215
758 870
998 948
787 976
777 180
832 559
69 734
314 222
599 718
544 100
566 951
274 242
301 493
727 527
759 90
422 404
840 646
225 281
200 638
694 356
729 994
183 843
301 530
386 998
604 538
950 857
244 421
813 669
698 651
479 256
549 682
54 768
221 755
695 53
649 345
550 928
676 236
254 828
550 397
849 775
590 382
310 333
19 203
487 648
36 516
437 992
485 620
897 268
246 627
128 336
437 845
181 232
859 126
317 670
648 299
642 778
367 463
395 251
956 950
756 548
142 897
110 499
464 398
169 170
76 969
791 809
104 179
645 374
571 722
312 535
394 155
134 729
423 397
666 858
429 213
852 290
806 884
269 78
987 261
420 426
121 884
525 974
259 575
15 466
716 480
45 124
324 211
630 371
433 984
806 764
644 992
960 60
639 813
159 740
257 447
1 581
528 735
80 671
100 784
41 195
24 386
515 15
863 510
471 996
457 978
593 782
60 34
568 282
184 850
883 717
13 71
417 327
473 136
553 60
883 71
204 112
348 203
666 931
971 77
877 64
508 157
553 584
987 854
967 803
26 828
343 841
356 138
264 994
68 250
26 812
494 434
966 84
862 31
998 151
355 747
290 340
742 274
812 674
74 618
917 737
618 303
199 459
942 97
383 341
433 333
778 332
841 353
805 438
10 183
429 26
642 754
426 554
886 250
752 892
863 351
285 19
872 471
585 900
991 935
226 360
215 240
290 977
654 605
438 842
218 499
496 248
542 349
96 604
443 5
419 555
612 872
337 183
286 868
501 312
237 482
797 905
496 918
461 609
708 71
631 635
840 519
552 160
379 543
698 464
639 995
759 16
588 557
25 859
133 244
232 201
744 386
638 766
97 110
431 626
209 766
847 45
273 839
386 982
235 723
364 103
19 208
302 159
454 313
252 921
581 635
316 123
858 524
241 351
501 453
37 837
397 185
819 844
483 585
736 200
860 237
814 436
338 789
659 751
7 539
337 311
633 541
795 493
424 802
421 316
535 701
693 72
175 105
834 275
750 523
972 590
493 399
798 635
972 520
37 961
458 93
656 808
351 279
41 129
102 206
298 394
763 704
293 76
321 285
242 795
54 134
62 795
69 189
739 649
270 588
508 214
230 96
598 997
323 187
509 647
536 980
74 313
871 362
637 471
125 36
852 279
853 242
329 486
395 183
100 205
441 64
543 505
32 829
36 94
602 260
784 611
866 541
905 62
945 266
998 226
598 657
768 711
498 595
284 481
646 786
715 559
757 592
371 57
563 976
413 208
935 442
21 458
463 442
252 524
983 982
729 331
20 876
213 952
348 165
56 458
410 316
826 777
309 684
982 79
691 424
170 13
941 768
794 554
206 515
37 788
686 388
757 489
437 932
265 560
711 584
500 987
317 849
315 984
151 868
518 240
634 152
983 814
165 166
908 197
247 868
949 716
542 413
175 29
118 685
828 991
479 297
264 692
502 709
982 400
564 442
568 547
770 69
463 183
756 663
964 890
974 971
417 929
218 773
257 911
583 940
655 690
165 295
144 757
315 556
60 824
399 930
529 733
186 545
598 741
430 860
745 244
953 604
432 625
606 342
328 198
252 904
526 531
325 933
418 463
517 63
355 778
481 570
823 285
793 899
824 468
388 413
753 887
259 406
751 852
724 284
910 163
625 95
366 205
911 684
103 44
410 627
100 53
282 864
727 304
22 612
234 847
942 765
185 211
716 467
765 16
141 134
343 88
502 110
942 696
952 284
430 518
900 702
107 241
852 536
178 401
138 12
861 610
753 284
165 654
461 849
128 201
667 262
645 468
397 699
374 771
213 718
324 699
991 408
338 442
350 455
846 711
193 298
753 802
14 670
753 71
625 98
172 925
338 631
217 314
942 527
610 654
460 747
799 42
841 883
539 856
398 896
343 576
170 331
531 370
56 481
673 964
278 15
788 263
422 92
223 870
89 501
402 506
591 505
621 417
635 712
245 879
140 624
782 463
208 85
914 193
169 443
399 779
576 897
393 184
599 197
697 435
635 227
176 75
103 710
885 651
671 611
971 821
652 55
289 214
294 108
975 455
438 431
317 72
886 382
809 181
123 25
751 988
55 518
178 962
746 499
794 637
527 813
957 678
231 318
418 855
991 500
727 829
666 428
107 215
466 915
116 429
977 595
629 996
75 170
353 173
680 692
119 145
885 808
27 124
577 108
400 996
774 412
94 500
960 464
152 306
126 917
598 620
285 678
43 386
263 416
322 378
326 255
410 703
777 794
714 49
726 568
646 464
918 831
756 928
96 177
538 709
751 257
563 771
291 441
375 824
235 640
196 279
609 974
760 253
104 365
553 278
717 66
811 684
921 614
562 821
389 172
212 547
357 775
52 528
655 847
949 791
383 907
800 655
461 675
24 691
834 447
85 198
719 28
998 102
446 694
16 643
800 151
869 982
158 533
481 110
34 737
650 46
24 294
102 133
189 373
102 24
859 201
507 867
901 364
355 165
14 98
47 841
674 122
409 945
64 909
97 363
314 16
378 470
584 753
374 153
824 600
927 726
154 120
496 205
732 990
447 71
213 592
579 11
69 834
559 941
709 557
895 48
488 194
280 698
690 120
537 62
888 31
50 499
573 699
345 838
268 898
871 901
945 116
880 935
492 518
483 904
3 36
680 754
915 569
97 671
521 536
347 802
252 712
259 877
158 505
628 696
612 841
386 517
583 990
439 251
909 84
97 104
524 199
368 357
615 873
536 752
932 898
389 170
121 776
495 924
11 949
562 364
440 517
415 262
781 768
409 200
72 952
44 60
360 400
79 697
422 521
862 913
760 839
178 41
478 918
859 236
993 152
58 11
869 699
805 112
733 368
519 355
391 213
665 278
966 419
187 586
231 136
756 106
76 338
595 766
979 90
843 406
421 28
333 426
175 384
373 715
787 192
172 432
941 549
872 899
968 89
316 191
310 310
587 607
782 207
345 554
758 130
50 873
249 779
272 20
211 875
220 99
120 105
952 473
193 790
467 659
794 418
587 254
511 188
921 195
81 975
811 443
158 302
306 57
226 836
591 619
151 540
901 27
489 288
992 996
682 418
638 741
487 946
192 867
650 439
705 848
525 517
487 895
76 961
832 838
264 952
631 699
166 670
708 120
683 193
488 219
192 872
208 901
776 897
265 836
142 476
30 86
769 169
529 875
364 613
735 316
172 485
28 900
368 347
800 632
337 866
219 555
973 520
525 900
483 616
414 223
668 596
755 24
906 308
339 642
580 981
649 64
532 344
480 868
776 10
259 45
989 409
452 887
75 582
385 859
210 478
470 414
937 667
39 959
342 703
776 200
641 326
344 213
857 249
199 723
399 54
27 823
59 392
11 271
805 9
856 615
538 624
627 299
190 330
143 369
986 750
158 34
906 397
257 594
628 241
953 305
220 96
72 446
829 486
961 123
715 999
197 578
752 426
195 743
318 822
99 613
939 741
369 159
176 38
1 122
613 367
59 693
188 53
466 707
230 329
176 287
866 986
279 818
726 806
698 472
279 737
170 221
866 930
894 236
242 617
714 701
57 282
199 430
858 71
20 35
758 94
902 752
224 131
427 684
673 240
496 680
691 294
989 977
584 74
678 669
890 568
599 658
677 670
213 580
9 241
101 744
88 577
558 745
781 112
489 915
431 564
62 936
127 520
260 792
603 181
833 587
588 670
116 932
460 202
375 105
385 536
98 304
238 645
741 588
742 943
530 259
871 538
47 794
278 861
881 556
218 677
586 878
786 456
718 657
973 579
587 781
791 416
28 218
389 77
401 691
371 729
334 723
668 488
720 251
99 207
142 123
572 745
531 24
33 58
166 419
156 559
16 856
766 5
545 662
572 8
812 887
172 983
688 164
580 122
724 106
219 427
600 588
603 113
504 748
316 119
846 897
748 3
217 235
489 680
490 149
937 673
984 329
898 544
708 182
249 264
704 652
393 535
908 771
240 892
318 795
518 330
170 840
884 833
861 910
769 623
416 669
308 355
541 331
535 172
72 648
544 157
44 428
14 727
462 915
877 898
108 600
452 113
306 879
677 671
321 116
907 721
848 774
3 105
344 566
356 861
110 831
981 656
657 89
269 872
293 221
706 760
294 926
357 372
429 426
779 459
647 566
598 38
424 791
732 585
801 987
677 631
114 64
625 527
391 121
400 335
577 992
701 715
710 773
561 829
458 949
902 286
895 968
530 354
245 467
702 418
984 312
369 50
47 134
717 992
64 862
720 488
777 274
803 419
823 962
995 486
549 679
36 783
648 428
106 816
972 168
855 205
869 160
839 444
279 660
134 386
394 414
397 676
521 526
275 308
881 249
930 343
713 144
408 104
948 862
844 276
993 922
935 521
479 107
262 524
582 740
131 455
868 930
770 805
419 796
291 321
498 738
312 687
323 847
249 568
860 549
9 411
61 406
47 530
453 319
25 32
412 113
465 832
760 924
268 666
843 136
724 839
315 772
990 870
501 918
636 267
781 249
268 134
41 371
977 394
510 342
334 207
29 37
639 825
944 803
745 295
389 694
130 724
283 929
821 657
208 664
263 814
866 147
310 629
77 252
26 959
361 381
753 595
285 312
899 944
492 972
655 154
832 433
606 453
20 455
17 524
247 785
347 654
120 451
329 383
850 356
845 103
687 370
391 401
450 535
751 554
108 551
833 491
958 295
352 53
231 497
244 675
639 908
22 126
311 218
497 322
395 95
940 372
411 190
702 90
911 365
124 463
580 464
216 896
687 43
645 643
336 15
789 615
347 890
439 458
384 285
796 446
432 378
639 391
896 804
43 299
355 812
233 395
27 519
942 642
741 481
958 116
601 924
218 148
475 943
494 533
507 812
784 758
524 681
442 771
817 135
341 928
376 134
937 834
963 157
34 509
844 761
509 18
540 163
28 852
612 99
373 73
252 75
114 987
427 993
742 466
284 154
702 485
865 715
634 244
335 587
498 22
871 962
731 807
361 205
979 26
73 306
235 347
364 261
101 365
573 113
516 148
245 187
344 645
386 993
379 247
134 708
372 299
373 726
352 604
38 677
115 752
177 158
662 350
362 380
821 128
43 660
456 852
433 991
938 221
997 378
845 783
782 946
501 233
719 196
698 337
264 437
140 269
620 961
320 252
357 196
778 335
329 490
50 911
595 446
14 377
846 14
574 377
736 522
863 466
886 848
175 410
780 295
845 36
735 914
372 659
460 281
919 556
706 490
61 726
418 352
141 513
114 435
317 563
656 247
170 494
936 256
851 815
109 365
628 432
596 569
487 297
776 132
979 406
650 777
85 349
758 138
187 746
57 935
406 925
648 951
320 789
859 142
210 432
218 821
396 339
176 435
817 403
915 371
176 278
903 28
859 992
168 865
580 876
234 250
989 934
824 688
843 80
617 521
545 98
135 740
281 233
890 319
503 391
238 318
510 265
387 68
242 863
906 615
958 479
812 235
481 5
167 17
367 99
875 427
461 168
713 977
725 786
117 209
503 285
209 699
730 290
212 495
559 808
950 284
205 813
249 598
120 646
833 657
857 275
441 336
362 59
984 124
760 285
420 97
33 709
220 692
450 616
613 682
78 470
984 948
373 165
743 35
295 562
673 70
826 706
240 956
929 486
770 699
389 148
14 795
193 846
690 89
602 944
941 72
506 152
994 63
9 596
511 611
593 375
66 715
588 292
103 888
429 786
894 851
327 294
455 866
464 855
616 788
834 531
157 507
628 364
474 960
710 601
653 342
116 361
245 299
262 125
712 627
413 383
733 444
659 12
566 9
588 975
965 84
719 400
442 471
753 230
787 674
981 342
361 507
514 212
886 734
459 79
414 357
11 279
74 674
526 952
523 648
155 968
448 794
5 780
375 574
671 976
240 653
404 359
929 154
670 866
512 193
890 126
270 789
947 524
560 120
863 84
428 630
589 114
566 311
274 329
252 798
11 133
113 850
188 638
562 477
90 491
296 822
40 518
875 492
415 788
108 984
772 776
216 410
87 928
904 430
451 784
382 214
690 662
780 635
293 961
675 889
244 934
387 246
104 861
897 189
951 977
951 571
160 451
508 784
28 162
609 285
119 951
318 636
350 676
180 111
641 938
918 428
831 683
27 449
455 160
294 965
964 214
955 514
737 860
156 223
174 958
518 171
462 856
200 979
233 874
451 866
923 757
639 795
289 883
687 650
186 141
11 210
391 156
785 780
216 121
131 733
91 450
101 669
325 724
646 952
320 926
341 233
157 389
839 434
656 479
842 433
709 592
286 244
873 15
812 683
349 169
53 458
705 838
17 296
413 434
8 483
201 267
937 767
75 337
560 190
788 838
332 432
270 572
116 625
562 208
876 441
284 223
258 608
459 332
702 113
975 233
933 151
27 199
824 893
77 96
686 163
113 649
762 447
490 552
599 931
549 273
118 32
466 446
324 753
916 776
12 798
7 971
73 913
293 177
124 671
698 357
70 271
645 496
715 264
53 817
514 653
160 122
652 156
647 736
319 184
786 198
638 483
527 588
840 101
648 440
290 133
731 478
306 421
527 566
772 654
262 661
781 778
856 486
84 716
886 733
745 202
141 711
208 567
106 477
682 870
510 168
377 105
394 47
494 990
5 676
777 942
609 725
362 707
974 119
374 152
745 337
188 119
962 597
862 783
66 130
981 870
332 80
156 507
39 561
91 463
26 189
593 876
484 942
751 916
931 885
615 701
395 689
832 961
962 491
211 932
692 784
116 286
816 190
74 596
380 761
556 821
810 442
892 918
816 670
769 126
887 806
746 312
297 124
393 157
518 413
18 861
732 128
399 433
446 704
738 835
899 91
490 341
991 33
735 480
780 110
231 950
704 58
190 18
140 277
837 933
752 689
475 812
623 651
682 607
976 741
222 23
883 431
463 460
156 959
222 150
616 910
88 884
244 254
28 977
73 26
368 365
712 660
92 920
743 942
826 87
40 907
971 517
307 78
365 163
127 944
461 965
661 58
324 504
239 990
741 511
166 461
713 898
768 708
60 262
927 877
179 101
572 592
644 792
918 622
174 301
711 522
743 867
473 633
232 825
551 843
666 33
363 20
849 7
995 364
388 609
906 503
938 104
847 76
731 80
820 66
170 975
495 78
314 564
750 213
45 936
623 214
496 922
344 278
178 111
906 581
795 363
104 53
947 108
758 459
364 350
272 527
639 280
764 427
551 509
380 499
325 273
539 159
570 305
92 946
52 705
724 646
233 598
670 174
821 959
304 992
55 52
142 143
50 534
644 954
117 866
919 57
208 346
404 629
454 11
7 850
906 791
920 549
651 407
247 67
248 630
600 87
180 196
480 981
504 374
759 400
3 197
543 986
593 872
584 100
187 310
379 790
965 49
698 725
24 410
684 468
620 231
370 692
634 8
564 414
816 299
346 631
318 121
701 667
789 249
49 938
629 685
30 442
351 991
750 875
236 324
814 952
960 126
323 625
877 320
919 737
292 280
735 834
320 222
720 217
145 813
654 529
530 329
827 820
309 531
21 239
693 942
701 6
553 207
792 235
612 133
653 488
555 311
23 597
906 633
367 778
352 612
714 800
170 584
152 313
515 735
681 589
16 602
511 696
475 870
87 587
459 936
710 751
859 643
770 934
570 636
293 961
851 390
717 919
796 3
653 79
218 959
541 521
506 745
511 63
435 177
397 388
882 456
123 562
685 738
795 612
325 387
509 422
341 40
843 952
444 10
984 663
367 531
385 787
545 737
737 415
336 456
939 330
227 553
518 921
37 599
502 371
32 901
535 514
52 163
507 760
925 855
472 512
838 590
692 919
342 46
421 840
308 186
693 515
490 635
190 140
34 894
42 853
830 814
129 357
297 566
894 197
786 394
64 979
19 397
778 446
193 564
756 77
808 644
785 841
168 692
733 957
248 569
677 385
382 501
306 349
985 718
423 100
662 196
50 325
559 667
622 922
838 169
267 208
353 594
98 698
887 495
834 695
719 816
895 991
456 277
19 183
325 443
85 152
173 45
740 456
513 289
77 6
221 617
516 528
31 820
238 39
589 669
546 259
674 389
82 407
946 827
971 559
89 197
257 976
884 606
225 532
296 412
745 255
131 672
401 60
783 795
879 455
906 902
76 260
195 264
646 986
219 969
589 276
947 611
447 100
228 543
145 974
36 897
814 348
624 803
241 423
602 691
994 408
427 439
735 533
139 288
564 977
357 613
61 339
833 987
932 846
666 286
684 594
983 225
47 6
970 808
733 921
34 484
379 371
757 825
827 272
427 568
782 542
816 930
749 229
188 619
790 613
592 114
198 318
112 86
761 994
325 975
869 325
448 789
668 800
796 496
636 137
707 53
295 354
400 904
178 669
949 573
5 543
289 918
635 967
187 350
604 743
310 815
755 511
835 48
711 811
650 85
779 688
225 827
415 210
162 886
636 822
947 909
148 787
669 228
366 854
339 138
69 645
355 199
555 462
227 474
401 107
179 737
237 852
191 402
213 266
793 954
384 976
430 36
216 22
296 325
332 856
270 806
573 982
662 989
473 163
644 659
846 913
840 554
717 914
452 432
784 658
479 533
490 525
606 479
218 725
204 631
306 193
658 224
878 620
970 220
848 867
48 418
113 758
239 951
266 184
85 20
406 105
982 477
450 406
914 721
403 437
692 850
445 810
886 700
944 989
200 986
994 486
362 221
800 638
678 784
533 758
783 482
310 59
453 85
805 595
968 729
653 79
853 411
736 584
351 905
136 436
186 814
753 87
772 904
238 978
288 340
632 228
610 621
129 248
923 876
823 855
711 125
135 443
30 423
200 965
772 118
381 554
605 490
644 260
47 750
647 496
59 571
217 652
748 945
843 511
659 816
686 928
754 845
170 252
473 368
854 113
151 317
357 826
914 497
544 783
138 977
763 247
426 570
605 562
816 185
453 248
385 906
37 488
930 960
359 851
176 95
993 703
724 963
100 608
687 765
82 821
960 219
203 4
296 735
382 792
13 820
360 917
953 931
917 409
745 885
771 852
852 836
4 471
458 497
527 958
322 675
35 175
472 734
241 232
204 991
734 800
359 710
268 321
820 695
668 739
721 873
555 216
369 315
725 770
247 602
101 493
660 667
539 142
302 123
223 19
503 848
573 821
386 969
641 529
679 245
177 757
483 540
892 491
505 239
161 391
925 864
356 276
646 65
91 864
367 212
705 210
148 499
341 129
614 366
822 64
604 984
208 996
758 272
976 716
325 528
641 911
200 363
942 152
939 441
570 962
320 610
442 699
759 780
548 445
127 720
309 660
489 361
966 18
467 973
357 892
130 753
142 337
275 934
79 299
772 996
60 174
362 489
398 840
945 735
71 197
757 954
847 707
278 178
93 815
150 384
453 201
180 24
164 742
163 874
569 524
454 160
713 320
763 584
878 818
523 169
53 326
732 22
396 345
433 354
688 577
226 15
338 738
709 673
168 811
839 386
705 166
384 283
170 375
344 537
736 137
749 552
16 949
796 663
538 556
413 491
193 154
547 91
206 40
366 716
740 592
154 532
721 294
537 714
520 488
167 436
616 634
163 248
397 50
678 459
420 278
386 872
373 99
762 512
872 612
385 603
901 766
31 769
475 199
874 36
700 147
543 174
797 770
37 788
72 704
335 606
449 395
894 352
988 438
569 20
687 455
698 560
72 172
149 677
128 680
376 767
768 709
151 770
45 912
252 672
610 194
76 949
194 655
335 77
312 864
796 533
492 313
886 847
347 236
820 707
853 499
828 867
893 610
936 266
856 585
910 664
147 123
976 278
82 956
700 580
61 3
630 150
161 702
857 532
18 174
570 837
64 177
476 770
825 69
679 89
616 432
229 802
913 393
26 493
372 84
554 360
338 294
707 887
719 972
577 470
964 412
380 843
147 27
870 71
648 710
341 909
224 742
866 158
347 495
971 859
778 350
431 855
138 273
973 826
838 57
969 27
922 597
482 389
671 406
308 110
120 258
213 669
593 568
346 782
765 930
650 525
437 631
665 329
494 341
818 729
914 980
534 329
35 874
975 894
760 66
38 637
37 223
254 834
999 916
618 64
470 770
484 415
97 211
470 571
823 424
482 340
175 219
549 309
164 944
893 955
556 181
355 529
12 592
213 516
473 9
397 331
577 714
246 254
597 861
447 92
869 183
57 504
239 666
453 505
602 146
857 248
492 710
952 985
570 151
753 790
151 487
241 438
879 590
716 522
998 916
186 641
162 117
92 105
765 604
946 744
593 366
439 837
277 978
761 88
433 912
273 394
341 579
22 61
39 965
866 175
713 961
219 838
794 712
633 714
804 689
169 83
317 289
814 626
939 48
329 855
814 919
530 489
11 252
40 767
214 259
22 628
917 950
573 350
614 943
605 217
446 846
685 79
569 390
154 115
576 289
298 860
402 190
177 997
808 118
363 170
160 24
736 284
916 773
464 703
589 440
651 155
999 811
713 529
789 805
654 703
124 892
909 619
414 256
709 976
271 154
186 459
382 3
587 192
802 629
177 657
492 82
783 460
468 359
218 239
855 251
367 548
900 64
952 612
471 891
259 632
238 605
28 60
319 54
856 688
714 861
847 598
925 686
744 77
969 266
820 194
783 661
379 622
224 227
967 915
291 815
422 535
258 240
355 360
525 499
343 526
954 490
526 868
716 243
558 208
628 977
659 797
951 158
984 796
301 384
24 378
813 172
607 121
499 640
751 844
419 765
49 506
656 746
840 41
709 148
869 606
232 601
880 190
844 665
251 731
283 775
419 480
699 33
619 62
685 955
652 620
231 239
391 98
472 817
982 601
516 773
216 912
273 861
636 56
212 141
606 617
153 313
871 174
499 248
22 736
553 185
205 184
425 632
282 194
116 532
341 307
949 163
738 620
914 395
704 757
355 502
278 921
869 563
779 833
727 510
27 874
308 122
951 784
20 500
603 432
135 663
799 425
248 89
904 859
809 988
597 421
575 737
911 507
558 261
175 192
227 224
347 935
19 306
229 606
655 207
892 655
257 723
463 555
324 615
856 886
814 564
568 426
337 251
851 796
87 324
153 36
38 704
318 4
290 915
714 876
9 824
375 352
41 657
489 909
265 894
900 831
772 891
279 836
8 514
607 909
727 335
802 895
651 208
551 922
60 671
748 390
979 838
864 457
985 302
10 807
881 202
366 866
998 559
58 742
514 371
232 982
80 621
31 51
764 838
397 461
175 854
96 558
703 730
312 595
908 111
111 332
813 326
936 824
487 818
844 984
942 149
200 302
190 59
485 315
326 963
583 361
106 962
775 176
833 175
243 684
54 307
469 473
275 395
529 8
757 385
820 512
715 277
507 82
768 937
619 198
611 456
182 309
520 570
417 641
1 526
995 883
311 618
588 286
725 348
729 354
895 862
848 143
657 234
973 528
673 210
783 377
172 862
341 981
434 315
924 815
260 723
958 948
584 483
816 449
214 124
881 634
382 554
873 922
42 440
142 310
241 886
936 327
906 613
879 892
528 348
697 635
817 816
824 901
224 719
410 3
548 931
522 54
234 26
316 928
830 539
826 462
961 107
683 236
975 790
522 251
955 252
896 931
174 373
971 508
62 765
365 543
843 511
565 315
573 527
952 39
626 123
268 265
887 628
232 602
426 870
542 343
19 174
845 272
351 58
815 462
737 113
405 797
211 677
3 662
446 442
936 627
235 334
896 229
646 592
443 38
900 824
532 245
760 746
740 134
284 418
322 47
376 525
560 743
86 33
584 769
838 852
257 160
804 49
724 959
910 554
573 932
391 910
485 607
105 244
95 767
292 979
970 982
589 930
911 683
870 173
87 999
351 635
277 425
832 919
585 582
438 496
673 996
954 483
483 986
221 465
331 610
997 56
378 30
884 515
644 440
343 744
550 268
885 236
353 93
17 770
346 978
285 892
106 893
786 408
739 556
379 655
439 367
465 402
285 714
352 564
490 70
404 21
692 597
755 767
156 123
201 862
687 297
960 219
499 685
645 359
896 283
325 376
808 34
597 46
245 848
893 221
3 108
114 741
889 132
812 513
71 446
153 306
499 841
116 816
935 360
351 486
366 258
114 403
564 701
559 597
772 989
731 626
267 58
193 323
829 55
12 326
263 964
208 264
927 627
159 734
278 895
735 77
580 220
347 647
679 848
737 511
296 561
544 71
59 365
821 920
839 603
668 204
200 456
191 784
218 954
249 98
644 460
889 519
619 321
605 760
644 660
846 57
416 934
721 444
385 890
214 392
738 367
29 501
989 346
542 747
119 156
427 443
577 321
781 802
907 38
705 627
493 791
613 877
453 693
311 90
3 654
272 873
778 2
971 430
519 22
452 476
622 102
609 822
910 985
346 704
865 476
641 773
387 981
27 570
391 53
239 666
602 931
365 442
508 318
986 589
650 397
898 88
970 748
922 557
362 795
519 672
354 93
84 319
711 365
662 425
849 539
721 908
567 915
108 374
319 54
135 20
682 560
848 140
6 315
754 266
850 619
955 277
68 517
988 468
996 675
128 768
156 869
591 132
22 566
932 848
532 950
819 165
610 673
975 725
207 565
165 854
583 522
459 400
298 195
833 106
936 499
432 129
203 493
426 883
425 165
895 385
569 993
733 142
990 105
944 228
40 888
432 295
347 87
522 388
13 701
845 164
703 31
73 713
448 421
900 118
382 815
50 851
652 702
311 535
462 839
224 802
134 296
466 194
274 995
727 629
687 871
863 125
916 273
455 155
553 853
546 271
719 846
304 999
167 290
548 516
391 922
34 359
189 127
292 679
275 382
707 480
674 34
520 41
838 851
293 966
29 479
382 212
179 594
15 697
697 829
61 804
925 94
239 19
824 504
227 125
953 139
795 179
189 415
479 766
948 55
133 206
629 647
296 792
632 52
769 243
912 310
590 240
678 990
350 751
128 548
970 673
931 597
398 846
814 10
5 784
945 153
337 844
350 900
163 880
252 14
441 429
195 471
322 272
60 60
376 182
379 871
687 917
495 39
733 321
519 74
655 480
696 928
172 774
908 550
922 866
815 604
114 118
325 877
710 444
160 169
667 425
862 766
333 778
884 992
434 236
430 881
608 791
989 775
613 222
11 609
809 447
205 374
13 378
891 354
775 487
344 70
616 319
358 468
98 151
934 611
419 931
720 577
245 711
120 37
279 37
768 343
957 940
28 852
855 290
250 264
898 502
308 241
948 591
256 190
543 117
683 324
540 183
702 914
566 371
608 657
11 125
461 251
518 78
396 924
446 879
951 56
731 861
583 391
206 413
683 789
545 874
951 136
608 30
877 516
456 2
644 140
764 742
228 484
169 765
756 29
9 367
259 752
838 552
363 443
531 40
844 866
161 24
979 97
753 902
770 159
547 551
353 165
410 961
488 865
579 120
157 707
732 644
259 435
497 119
67 897
837 857
161 246
864 207
790 487
5 866
155 44
794 251
83 232
620 449
585 557
342 834
748 1
382 705
411 122
294 616
884 3
498 967
649 549
317 850
424 443
118 903
187 239
455 660
442 94
528 927
272 781
295 401
830 488
858 473
85 104
489 384
707 661
505 53
392 514
756 197
741 469
443 696
824 657
570 752
611 632
313 722
489 540
165 31
478 864
171 792
127 664
249 398
430 682
65 273
472 949
106 251
125 597
374 498
147 405
905 154
584 543
487 671
724 197
258 833
51 273
518 135
764 473
388 433
508 871
591 176
81 614
203 371
558 584
34 462
680 861
950 767
984 623
347 231
699 186
852 570
296 367
233 281
937 769
784 150
371 832
743 147
942 834
152 78
215 978
670 45
54 296
702 467
515 962
13 904
403 114
514 858
425 706
40 370
716 831
602 842
512 901
181 320
36 774
636 230
991 627
893 700
672 989
502 622
767 10
474 539
828 134
640 467
919 312
104 59
898 822
899 880
779 482
688 382
129 68
745 372
765 819
251 771
957 260
211 981
621 930
203 751
371 68
429 176
159 731
367 483
357 285
64 256
588 720
236 55
962 159
689 376
55 132
710 538
943 330
160 102
448 400
816 678
490 783
887 678
448 547
655 202
893 446
947 981
