4500 4000
466 273
713 749
720 179
929 671
271 108
889 278
232 957
188 700
19 547
676 788
449 154
893 349
574 240
249 62
24 94
723 591
114 798
170 567
106 201
719 99
883 191
726 415
735 439
403 547
773 799
611 605
170 381
725 115
672 27
571 571
586 5
631 244
915 334
380 522
565 242
587 351
40 509
907 571
728 589
542 861
136 848
619 469
940 403
177 579
963 798
331 315
821 842
380 412
143 563
733 967
954 34
481 458
272 111
236 796
2 259
145 444
204 690
899 952
23 262
991 227
288 162
18 606
874 116
154 136
525 528
564 131
739 18
369 769
142 134
381 631
751 655
266 832
951 803
392 509
494 251
947 467
891 555
863 815
583 37
864 720
691 55
677 921
820 627
750 596
149 723
649 957
11 50
248 312
288 413
726 842
447 900
738 712
424 48
297 937
425 247
263 982
276 806
256 883
880 839
401 254
687 964
578 569
908 125
824 164
913 813
431 32
263 680
111 192
587 763
364 61
386 830
184 442
163 805
558 509
122 641
820 817
106 930
422 58
761 152
754 291
199 747
639 852
299 453
583 478
958 875
743 192
871 181
191 577
52 769
888 875
736 331
347 632
231 333
350 146
882 947
708 989
985 802
444 108
298 555
8 298
901 402
944 256
463 823
452 702
16 989
819 314
205 479
69 51
470 187
51 220
667 287
57 799
676 70
641 731
353 356
251 656
382 218
27 160
376 815
223 868
675 551
610 950
674 487
837 134
612 723
824 15
13 579
718 856
157 47
353 55
383 223
846 401
267 681
36 382
677 506
142 968
821 971
592 885
435 431
538 738
673 5
424 263
811 590
885 859
691 202
802 464
567 804
431 894
309 744
56 516
598 752
111 191
19 907
325 514
564 876
57 208
731 375
709 182
825 809
462 822
314 858
757 966
609 147
764 893
882 463
548 162
977 814
298 708
762 724
713 644
189 54
30 777
503 785
947 367
815 979
643 805
85 363
387 54
181 376
851 747
884 230
163 684
369 941
823 416
730 147
344 542
447 156
75 567
95 261
506 191
593 685
476 60
609 182
74 899
340 821
403 79
977 390
170 779
813 571
345 71
884 538
396 442
361 163
806 379
4 580
554 407
966 652
173 58
13 366
825 110
423 731
271 698
851 785
910 469
214 435
128 468
433 998
246 839
857 999
394 738
496 875
533 303
336 264
83 801
968 201
648 413
752 187
406 594
116 201
270 178
149 135
615 748
408 147
76 309
830 956
397 961
82 228
387 348
902 915
27 588
436 415
626 656
148 230
863 327
212 56
252 345
575 876
251 422
440 566
312 645
229 130
210 123
803 821
132 461
616 209
995 473
963 20
217 371
724 573
341 979
677 358
98 7
37 486
522 63
150 185
211 575
755 56
476 993
268 445
483 652
57 904
648 274
691 21
623 423
214 468
133 862
207 879
377 506
424 364
323 708
243 296
520 603
880 434
351 550
79 63
992 995
522 393
93 786
193 820
58 974
928 739
900 452
258 7
352 592
508 428
160 836
66 892
658 881
801 638
319 959
904 238
442 443
910 805
189 83
107 49
670 253
583 28
884 259
224 156
926 570
617 95
341 824
346 13
962 376
565 977
499 958
367 858
550 601
908 523
536 371
366 920
599 321
674 368
790 589
792 513
854 848
75 686
691 653
364 993
744 899
635 520
479 624
621 451
81 479
907 715
531 986
379 116
48 393
518 197
433 859
519 801
715 48
649 960
793 766
128 111
362 981
873 54
853 400
776 161
265 157
650 619
428 850
851 319
68 886
928 797
285 384
514 975
538 814
863 93
66 484
300 927
88 743
755 802
213 960
95 865
910 802
275 334
114 27
154 304
851 6
199 98
898 755
653 636
827 610
683 716
539 15
747 624
366 623
943 499
70 212
394 148
445 350
460 765
807 901
47 875
127 204
297 319
56 338
584 269
48 460
141 709
536 260
745 148
563 224
828 427
612 28
655 655
805 431
909 892
465 985
104 522
277 959
960 671
164 135
695 604
890 950
494 102
561 271
84 204
140 987
904 14
638 362
910 601
520 582
366 11
844 780
761 76
970 146
454 214
171 651
472 506
595 712
22 595
480 727
607 531
991 959
753 312
122 622
488 910
318 692
887 486
732 37
148 344
21 900
299 963
851 370
829 136
995 198
839 483
874 868
278 950
894 319
99 622
866 869
282 444
396 748
738 458
365 863
167 144
822 614
360 784
903 884
893 334
628 608
29 455
697 264
302 249
768 949
777 502
187 963
942 905
20 868
269 403
48 770
207 820
491 812
916 669
964 887
79 32
938 337
420 263
885 458
150 440
707 357
377 547
852 664
322 694
628 350
44 17
328 465
315 836
187 449
75 808
115 755
815 589
744 666
199 968
689 879
565 66
186 413
687 669
822 207
454 133
583 617
211 845
645 953
537 68
573 976
208 388
986 975
303 670
269 250
622 672
309 226
491 809
729 493
693 757
936 100
708 156
795 459
763 196
710 878
647 144
79 549
81 737
542 839
39 685
497 940
76 524
820 276
784 35
343 156
317 192
372 469
100 970
692 18
516 410
85 896
92 961
741 142
489 741
638 52
165 217
367 305
100 162
14 199
261 204
113 61
843 514
875 572
111 831
183 733
700 116
909 608
860 940
624 348
457 119
140 676
558 562
673 507
70 389
368 307
406 798
851 496
545 249
584 625
90 255
45 421
183 744
743 167
754 14
490 79
441 900
907 468
971 522
195 464
887 717
459 493
605 175
578 50
274 181
705 171
574 257
794 638
148 855
256 43
608 579
975 131
608 46
156 700
703 500
741 623
895 979
724 81
706 7
144 592
520 581
918 213
253 527
321 555
664 867
899 278
621 421
196 513
235 610
497 219
577 742
26 383
626 878
909 863
441 34
74 176
101 826
363 774
366 88
653 525
323 968
363 561
791 636
702 975
105 235
124 109
670 897
454 524
393 405
487 301
329 2
988 542
447 81
247 934
715 730
285 540
528 429
17 13
584 79
456 64
384 996
88 851
821 97
482 31
192 59
911 252
863 882
383 620
894 345
739 151
759 298
476 635
865 486
500 104
540 230
617 73
747 913
22 121
436 907
691 114
418 972
137 793
901 218
895 691
102 72
164 582
628 312
674 154
691 666
649 702
921 977
28 444
208 505
55 334
129 518
451 744
818 582
781 620
473 816
770 26
687 115
418 52
387 653
780 202
172 414
998 389
405 506
949 281
505 381
726 389
604 819
735 856
578 121
692 99
523 959
859 468
295 623
571 367
648 589
58 880
232 44
486 410
139 783
205 756
717 108
15 273
484 960
225 109
246 520
776 890
483 706
786 522
615 452
179 835
141 976
136 416
456 886
779 723
676 696
800 939
62 840
127 308
953 626
512 617
266 652
283 820
260 869
401 534
345 70
684 306
511 118
787 179
105 625
95 72
699 680
160 280
17 214
666 455
560 21
876 641
325 295
44 398
921 878
887 732
513 95
792 447
525 478
9 550
255 499
335 784
207 518
236 553
866 644
118 857
878 570
857 78
533 47
35 581
861 26
935 31
184 959
717 678
889 686
812 997
418 757
388 913
643 498
943 688
222 818
252 10
545 485
90 182
703 353
563 383
920 177
808 494
869 889
142 122
198 632
986 930
504 515
946 81
103 943
636 406
84 41
221 140
586 258
588 264
563 794
816 604
830 511
929 660
536 661
337 981
158 885
206 951
871 489
230 302
568 936
671 751
393 796
266 546
653 431
423 333
654 661
952 556
228 911
226 50
249 805
392 158
108 457
251 662
167 192
708 30
616 20
951 521
85 533
498 741
345 108
685 612
794 175
780 617
532 797
429 172
718 591
155 113
933 250
222 276
811 801
883 43
718 169
798 409
822 918
365 264
355 999
972 729
661 305
397 767
835 699
864 251
157 140
82 770
319 405
777 878
791 707
241 777
198 139
978 625
49 538
803 302
471 151
639 644
128 318
827 620
317 223
346 250
971 885
529 154
75 3
97 463
959 258
796 207
849 527
513 733
664 529
321 466
232 461
274 939
214 97
873 869
184 987
965 674
44 590
500 807
258 985
556 391
964 617
408 580
535 517
991 344
99 561
465 211
307 372
205 989
4 883
579 45
457 239
227 322
805 356
950 718
239 262
690 456
291 532
265 814
951 992
756 702
265 32
130 510
608 545
850 612
507 943
750 539
186 243
240 228
624 763
993 489
748 651
603 235
850 470
592 101
877 759
63 255
13 845
370 52
254 564
775 596
174 958
85 982
107 127
386 22
264 275
913 609
513 321
71 423
36 363
430 612
595 718
163 355
224 735
92 717
826 318
650 436
921 816
735 801
390 566
463 578
861 855
311 528
6 442
373 242
952 700
850 562
980 346
455 657
841 307
411 866
117 550
735 350
328 202
437 8
186 782
942 569
673 910
669 945
728 618
604 421
136 413
256 773
135 531
852 305
61 526
221 27
913 781
452 635
470 252
147 240
804 67
931 504
756 749
523 73
980 657
582 222
473 260
963 106
425 306
356 754
495 868
989 115
558 71
508 410
790 749
969 677
138 32
435 307
379 466
835 866
228 68
546 160
414 423
719 816
82 456
448 99
437 456
303 322
453 799
69 975
388 624
910 168
223 919
271 199
575 232
560 292
685 787
978 200
939 1
235 508
555 221
222 75
663 362
937 683
994 373
150 240
905 37
261 481
185 458
324 974
461 500
778 51
893 19
427 521
706 664
330 880
398 213
932 153
402 699
851 611
286 944
765 885
897 559
61 520
382 430
876 525
919 176
737 504
321 743
700 4
851 85
18 151
219 703
270 788
203 781
130 691
152 37
157 191
714 161
525 285
999 31
740 54
352 351
762 408
919 692
640 125
486 619
53 807
50 357
593 59
371 552
245 522
881 427
180 196
779 273
796 667
130 39
251 111
656 579
78 340
997 799
626 586
722 290
207 88
553 75
437 797
318 393
594 622
213 541
460 660
858 327
643 981
816 70
658 621
224 680
44 882
960 527
17 25
225 71
818 276
256 19
409 371
455 301
505 460
630 902
68 668
367 344
17 501
254 817
24 65
810 977
689 377
913 518
458 638
30 147
307 303
755 584
383 414
793 45
81 141
177 482
624 934
963 238
444 366
794 423
709 807
687 442
670 41
617 546
457 233
434 855
850 981
908 83
667 918
902 696
346 713
767 933
655 507
204 374
44 1
620 913
519 43
488 901
496 830
998 536
791 170
453 536
884 99
468 274
610 930
902 122
801 299
677 281
19 845
114 196
958 183
346 757
740 562
125 919
62 874
512 69
66 764
156 912
229 398
920 399
523 971
466 122
917 746
763 920
830 596
575 640
284 230
754 344
521 604
390 923
377 576
223 443
429 153
546 533
836 653
305 336
239 771
75 861
466 777
573 250
238 968
889 276
596 263
57 693
876 95
635 712
569 591
468 783
525 271
542 131
30 754
611 717
440 506
85 234
245 675
104 202
913 709
898 387
230 19
964 597
858 10
769 549
592 33
224 576
209 704
364 664
271 38
673 331
136 189
785 239
263 406
315 610
750 185
278 195
220 881
575 23
196 658
129 811
112 289
137 235
572 965
441 47
46 118
943 360
581 679
713 348
705 548
668 524
894 423
329 852
628 29
665 478
471 227
794 994
216 215
374 408
773 464
409 310
435 631
728 202
997 452
422 625
939 801
184 994
538 720
632 272
590 190
110 37
975 262
241 422
202 359
453 491
935 40
403 624
372 205
931 181
204 220
940 61
380 161
632 937
501 729
274 904
966 465
754 544
526 829
89 130
552 435
498 294
935 971
411 446
368 649
596 980
751 151
240 836
559 253
535 671
12 723
601 490
309 801
834 598
622 433
173 340
180 725
718 35
986 925
41 592
464 987
15 994
707 102
304 251
823 114
764 426
986 717
723 697
929 501
402 455
201 684
766 631
414 704
952 131
681 772
178 401
37 267
899 362
24 932
99 416
436 978
910 127
284 548
897 534
564 583
610 33
801 399
111 47
463 630
983 245
754 359
791 57
305 915
572 301
913 406
499 282
826 758
315 6
149 964
930 363
311 959
451 381
283 905
419 406
493 80
486 636
356 3
129 814
801 356
270 65
560 406
310 563
567 21
162 539
615 29
977 11
318 808
783 263
655 407
978 798
781 985
418 724
623 480
863 111
536 315
265 282
69 400
149 453
419 237
688 424
641 195
629 900
929 272
124 928
981 631
971 329
124 4
662 56
766 605
23 564
501 897
5 616
417 174
313 165
236 105
950 358
957 439
359 448
729 455
329 1
379 691
398 265
204 565
684 866
550 643
735 359
697 460
523 809
148 611
609 618
834 598
453 393
909 892
259 335
708 309
437 732
279 583
98 372
727 731
784 909
753 897
768 946
791 525
19 976
952 684
416 182
50 49
812 50
745 320
192 264
384 286
887 246
920 392
550 912
526 654
675 558
445 910
960 315
236 107
585 97
596 721
783 772
44 548
259 775
641 290
354 928
924 482
960 265
613 643
146 754
672 874
613 594
970 506
925 588
313 606
906 279
127 442
676 199
317 159
686 13
852 896
137 196
927 499
255 451
64 934
819 920
322 742
933 86
197 21
999 516
609 747
786 483
14 46
448 328
697 274
186 92
43 835
394 229
475 577
482 461
708 498
435 64
321 459
899 253
962 370
502 950
827 31
749 46
676 265
313 458
61 395
848 912
585 542
975 174
724 309
114 465
923 851
847 875
401 577
285 703
514 809
565 34
369 546
400 926
219 208
264 901
445 516
736 486
823 947
8 956
57 80
276 654
190 564
294 942
220 120
743 979
326 595
293 46
459 46
433 89
65 201
827 682
854 295
377 466
80 559
506 359
681 331
268 132
317 506
149 510
903 882
408 219
688 208
285 596
232 164
311 975
70 512
530 114
150 553
297 251
36 119
136 614
832 447
913 131
104 710
968 122
33 502
712 418
620 638
980 821
648 110
768 982
560 567
845 769
213 7
633 783
996 619
977 833
298 223
852 465
475 970
225 777
18 811
372 372
767 46
457 91
650 18
966 952
95 847
621 701
526 966
168 892
963 848
621 379
627 89
664 343
852 673
206 423
490 389
507 243
231 615
46 867
852 554
964 217
784 788
646 523
932 135
129 989
12 370
293 283
281 246
840 438
536 849
793 250
195 350
536 210
975 929
247 530
915 417
806 20
952 839
138 815
131 344
846 737
220 820
474 450
390 439
642 325
752 597
144 605
758 121
914 806
937 555
510 989
550 115
764 469
102 150
13 426
703 728
721 577
515 858
635 256
686 731
448 203
554 642
758 586
335 684
501 321
391 317
572 741
934 265
581 656
387 990
175 48
244 556
431 322
2 874
367 545
35 404
441 446
93 869
62 459
804 497
199 483
61 256
402 699
568 280
477 340
892 553
519 869
114 631
28 620
305 733
395 699
844 91
789 993
246 987
962 325
870 293
566 559
206 627
14 124
709 380
862 945
535 557
694 115
379 677
214 79
622 763
894 751
890 56
204 307
299 819
513 747
448 147
207 486
69 560
219 714
370 86
766 155
252 688
645 750
918 114
634 75
254 901
941 895
688 829
288 507
787 993
686 570
570 823
530 452
625 979
486 563
347 829
235 626
602 896
461 653
304 84
445 455
150 381
257 993
876 744
130 225
701 719
685 51
522 55
377 491
94 626
939 79
931 888
937 84
328 777
913 480
811 390
277 241
590 81
62 602
819 396
225 772
801 871
901 924
682 851
322 487
632 747
191 925
822 847
726 654
817 897
903 343
963 513
407 718
788 415
901 59
950 104
608 550
664 290
675 976
95 677
189 331
897 983
390 560
476 85
279 40
323 19
808 863
596 67
736 884
88 857
259 721
952 983
225 660
452 374
796 274
272 678
548 247
980 255
865 197
299 963
92 898
979 675
216 389
130 223
99 598
71 706
986 206
309 705
247 964
104 90
20 582
810 702
972 106
899 286
264 348
739 982
229 945
282 213
574 328
651 269
873 853
762 285
541 107
251 736
221 687
49 414
100 464
905 150
260 787
181 576
238 991
158 488
399 361
405 345
462 621
632 986
27 586
264 436
476 611
422 894
329 174
48 555
723 442
947 359
623 624
465 802
839 168
418 89
126 121
414 329
767 654
377 863
231 70
169 16
408 362
58 504
423 816
296 530
947 136
832 598
289 969
507 862
742 361
786 270
509 213
130 990
756 803
129 129
931 931
874 765
896 268
285 367
195 309
559 691
150 738
749 629
791 555
845 469
295 491
968 829
523 180
415 527
557 880
166 661
301 473
14 720
313 422
95 996
777 255
358 488
967 331
664 789
49 783
247 876
374 29
262 280
371 175
455 114
534 830
271 847
933 560
6 587
74 333
131 321
74 597
58 653
183 702
796 400
252 844
260 386
408 4
991 370
791 66
495 298
877 176
717 246
888 264
730 196
467 749
409 881
913 28
283 927
780 496
817 999
50 701
433 883
538 81
669 905
545 279
313 134
645 286
602 98
344 951
296 790
159 962
350 17
301 660
172 311
904 902
671 502
901 685
796 383
348 21
97 706
102 806
596 952
479 619
787 400
71 159
471 632
522 484
760 467
376 583
265 52
100 366
329 609
52 891
420 34
696 884
268 376
321 210
805 604
14 75
821 247
467 103
553 337
634 755
502 700
540 573
913 891
111 377
627 690
321 493
370 310
428 100
84 375
593 144
739 281
237 771
535 520
547 558
784 778
273 325
68 93
91 844
720 941
952 653
384 566
644 700
379 478
8 800
410 761
907 781
437 675
768 572
428 256
258 152
456 305
81 899
541 441
333 816
89 307
819 402
78 2
401 308
707 859
895 568
862 510
55 823
448 852
711 640
812 983
41 4
763 614
64 100
421 18
340 981
538 764
638 126
94 267
707 108
985 733
208 88
70 574
842 670
586 722
850 898
909 600
275 868
495 873
651 174
326 638
816 174
21 655
29 482
226 387
335 586
949 527
587 337
288 37
206 469
106 352
13 126
131 667
624 159
363 696
3 941
668 987
85 917
601 757
906 280
457 350
566 97
744 819
532 649
283 645
834 286
170 377
644 966
79 577
344 437
498 776
541 378
988 259
862 176
949 943
879 509
966 437
254 369
643 382
110 248
540 944
190 691
239 433
137 356
535 826
420 424
842 793
998 2
34 991
12 481
24 315
72 495
120 46
355 840
3 745
802 352
120 526
785 838
84 753
378 529
325 647
759 413
99 401
913 362
834 309
362 146
717 275
830 57
845 555
698 568
950 708
70 705
397 447
440 647
461 696
938 590
369 847
40 463
703 798
557 708
74 313
566 931
902 480
369 120
926 375
412 603
468 318
601 536
977 244
680 116
485 932
500 298
383 264
289 548
782 835
472 869
564 221
300 835
686 429
120 144
296 988
411 364
274 851
936 660
718 762
79 136
633 767
439 892
124 222
5 828
992 482
591 685
727 146
417 373
842 725
182 263
233 43
220 595
595 737
335 306
194 426
781 993
11 574
687 611
383 360
853 946
65 385
351 280
642 159
83 28
209 575
819 82
924 847
773 996
625 665
790 288
617 256
402 186
194 274
848 604
79 775
643 472
611 231
456 481
25 133
186 144
163 278
148 659
952 253
595 425
215 505
616 59
504 93
575 181
247 654
196 95
218 884
286 987
664 761
260 24
940 851
493 861
951 896
839 765
104 524
990 628
845 697
929 553
969 560
203 741
463 423
18 660
920 819
823 620
774 82
960 877
819 38
16 333
493 46
633 801
426 432
622 110
212 407
139 827
415 490
370 82
613 525
572 718
654 999
700 386
369 472
330 198
193 790
363 652
843 978
68 747
93 568
47 295
1 506
71 295
8 291
60 750
178 647
797 944
952 627
3 663
42 901
205 828
819 247
245 560
471 572
19 587
32 22
644 140
736 291
620 83
623 463
148 391
347 247
778 154
988 520
867 594
358 979
998 840
282 596
292 833
471 400
491 585
736 17
525 33
287 971
536 7
837 4
148 984
576 984
938 402
500 848
965 599
916 356
324 792
25 881
83 181
142 628
200 813
746 797
203 670
873 901
10 430
517 164
57 148
35 176
430 98
629 364
410 976
927 978
803 135
72 523
810 527
875 162
701 843
626 75
335 632
131 817
897 991
73 748
614 861
438 680
445 308
394 626
725 449
178 291
226 564
665 541
93 924
733 466
757 442
146 893
745 654
105 268
365 712
665 135
59 407
68 688
711 978
708 190
602 201
240 539
834 787
384 548
240 392
993 60
193 681
607 696
375 232
136 74
815 180
541 388
737 257
865 760
735 85
957 582
154 245
586 302
212 937
786 721
663 806
663 690
889 393
968 964
176 603
976 829
813 402
577 22
102 542
695 856
276 810
180 211
819 303
204 416
962 605
114 548
879 384
178 218
123 645
430 289
711 650
646 41
87 325
612 670
204 7
190 611
907 335
667 13
238 629
791 926
420 502
392 680
959 395
564 699
50 65
796 762
339 200
62 787
833 10
258 226
226 357
23 707
483 879
370 540
316 933
36 205
607 452
891 879
816 609
390 721
733 447
624 54
714 584
935 215
698 13
938 301
423 794
157 623
469 346
709 169
361 337
889 682
40 707
352 204
856 420
146 384
188 747
608 788
848 123
841 840
75 681
887 984
122 334
582 761
936 107
856 23
23 357
465 363
524 545
418 128
957 699
232 921
526 869
309 244
245 851
920 854
687 842
601 684
927 724
607 255
336 913
323 426
193 80
3 225
107 397
216 690
698 600
175 88
758 605
220 374
548 690
60 92
277 44
684 410
28 727
821 714
568 244
707 336
458 481
573 376
349 273
356 263
332 841
629 687
82 153
620 187
555 673
832 261
482 407
751 432
782 621
510 622
484 390
778 311
218 483
486 281
670 983
800 937
885 599
441 397
279 691
742 764
511 377
8 68
732 26
141 156
240 613
824 921
239 330
464 181
397 481
135 14
222 51
758 410
510 729
84 773
816 858
336 235
637 572
347 870
405 704
55 530
320 646
925 642
838 621
532 728
191 907
533 196
960 115
10 687
603 572
594 944
523 738
528 498
897 931
423 215
519 867
167 741
713 180
459 239
311 241
930 426
409 337
449 67
700 263
220 989
663 162
217 860
497 244
427 441
690 891
766 446
766 827
646 262
187 125
507 791
429 175
550 217
35 680
278 440
201 959
415 601
20 105
260 794
618 482
76 985
887 460
407 720
726 157
313 845
490 879
668 67
934 838
720 780
474 569
47 487
207 901
511 584
340 578
917 765
828 640
497 553
760 947
849 437
681 860
903 837
399 452
855 162
477 530
607 35
955 217
459 644
369 709
522 540
8 965
754 360
271 140
377 237
520 627
458 73
280 403
542 642
891 950
80 119
416 49
364 878
728 899
748 454
374 963
520 527
12 875
360 400
341 393
144 803
899 837
338 562
969 982
356 23
134 813
837 788
182 659
694 932
303 345
365 919
659 640
723 388
454 270
405 987
741 66
948 929
584 488
352 499
140 511
231 50
771 747
892 841
638 311
774 359
603 193
801 279
732 719
757 266
886 482
252 554
811 930
533 173
412 167
386 776
46 49
930 47
37 148
555 526
40 3
684 776
553 387
749 333
578 402
852 77
631 529
930 522
905 934
373 135
946 282
6 723
776 574
540 135
822 816
651 380
94 935
256 51
492 860
750 5
428 385
61 889
675 868
307 17
574 648
621 192
786 331
865 626
462 685
130 151
515 350
384 940
940 790
373 714
602 315
135 819
33 286
857 265
646 769
295 108
970 137
993 590
697 621
438 528
149 5
940 205
322 133
364 753
655 908
434 235
558 735
364 48
21 548
645 15
459 989
687 333
313 741
780 827
930 639
805 59
65 995
44 647
924 3
182 288
274 214
628 75
806 345
126 865
103 647
30 306
208 480
453 400
49 379
519 357
942 215
361 493
977 300
244 200
655 126
720 840
238 544
762 82
186 995
886 827
176 503
226 621
986 633
140 537
764 126
789 392
680 502
959 700
641 769
226 15
965 780
769 699
143 198
929 292
385 641
13 444
874 528
521 869
3 288
94 649
344 986
659 582
306 718
857 65
585 226
636 646
815 609
740 985
898 809
323 631
403 232
353 634
192 139
388 499
840 50
818 830
689 720
344 411
229 911
882 209
939 137
670 766
524 519
9 496
110 797
552 47
863 430
270 801
596 580
787 6
464 552
769 761
286 932
675 398
28 53
322 848
996 606
802 693
879 713
64 261
703 727
931 624
682 204
820 888
630 378
309 56
67 501
512 281
703 974
486 942
937 906
700 333
351 257
179 904
481 263
788 851
960 199
497 783
583 855
218 795
976 128
11 240
381 649
835 46
403 276
978 732
236 114
694 415
4 338
853 836
117 466
828 513
266 749
202 940
401 994
96 707
680 930
83 646
340 428
559 925
839 222
136 507
872 661
195 587
674 484
925 22
741 811
436 275
997 693
388 4
92 720
504 807
261 994
91 872
206 434
742 724
651 757
29 867
815 601
130 752
147 489
829 319
784 170
805 500
159 684
457 231
654 30
795 321
369 145
461 347
359 930
93 199
174 549
323 514
259 442
536 34
159 70
959 222
521 541
312 126
780 422
266 689
772 545
853 889
171 377
753 754
814 2
875 981
357 18
422 673
139 523
4 842
533 551
36 223
980 197
647 556
266 763
975 799
833 484
166 671
946 56
636 438
863 967
172 536
279 551
922 557
731 710
877 902
631 511
882 817
459 643
469 94
360 640
564 814
906 502
167 172
222 481
22 616
37 417
467 105
842 330
452 382
105 726
546 559
914 507
275 175
984 379
242 689
293 155
371 813
807 581
867 127
891 113
772 864
239 364
243 107
599 88
654 977
849 440
657 241
42 840
941 586
284 216
617 833
18 935
777 718
598 965
182 311
186 61
231 898
166 102
880 56
515 482
570 71
694 118
527 94
317 239
488 552
537 760
319 98
156 834
516 650
71 709
71 862
884 389
483 645
306 798
28 746
930 776
913 44
378 632
202 541
631 237
415 692
424 696
650 708
864 624
390 48
78 673
72 418
520 328
481 809
819 900
190 898
961 133
770 802
662 985
671 358
658 481
265 607
130 781
19 922
752 95
426 146
207 932
495 389
425 133
585 683
715 236
332 198
973 396
437 192
854 510
7 98
234 823
885 550
986 966
121 487
996 755
440 597
605 927
154 719
721 500
240 838
906 87
671 792
232 363
29 709
31 5
976 653
151 622
922 46
802 554
944 247
897 427
623 60
661 21
919 865
786 282
738 257
753 741
643 714
524 216
158 537
733 197
877 580
317 424
608 237
88 345
712 203
173 894
565 184
847 160
334 191
306 877
808 749
216 770
95 324
80 146
757 168
328 684
520 480
636 943
198 494
874 644
920 257
798 678
926 376
740 984
540 433
757 242
478 967
696 155
389 541
350 356
616 57
903 269
457 706
763 788
919 424
155 419
300 359
26 328
821 62
468 831
112 491
761 562
650 170
22 952
295 667
531 822
70 284
816 193
664 948
997 811
138 959
204 355
44 637
327 93
765 966
60 368
368 681
333 858
905 417
234 660
780 700
242 757
372 856
288 791
760 183
837 902
164 272
417 343
287 757
766 428
693 256
725 297
383 972
758 127
958 831
939 590
538 562
347 331
818 832
750 348
926 630
293 97
687 961
30 360
969 879
62 144
320 584
14 502
270 825
612 609
463 464
338 626
842 786
367 605
910 570
225 311
869 242
980 9
895 763
679 274
833 750
463 812
175 47
82 331
67 388
82 475
590 264
664 67
828 703
115 229
973 663
752 590
490 142
917 767
31 256
80 265
153 34
51 289
803 74
130 258
760 502
973 519
909 751
248 996
486 733
87 434
4 792
770 337
39 931
826 619
378 838
67 815
790 611
193 851
472 943
287 517
208 601
885 868
31 249
707 445
7 623
155 699
428 671
671 831
760 32
986 734
442 332
82 176
200 132
862 12
110 957
386 391
613 652
669 595
541 557
64 367
541 983
344 106
86 489
314 863
906 767
203 671
380 406
909 688
390 488
796 530
996 666
926 313
319 863
166 204
565 719
977 495
395 748
385 849
566 610
194 287
842 969
354 993
481 731
143 417
281 298
991 828
600 885
526 381
273 728
784 894
352 311
166 997
187 393
653 771
453 872
915 489
863 952
411 353
628 21
33 573
545 289
862 423
595 76
144 906
107 524
145 618
329 298
934 667
888 617
654 638
710 397
632 852
164 411
122 132
396 608
1 245
606 37
985 357
706 129
437 296
232 314
621 377
436 133
862 587
283 43
798 215
336 86
96 566
281 656
506 679
963 7
141 893
288 946
166 958
59 643
199 651
73 716
507 798
220 391
652 585
933 485
251 625
790 745
959 790
163 942
459 123
620 289
721 44
494 475
727 582
170 951
766 681
192 771
75 388
919 327
648 514
609 55
988 189
813 546
586 279
213 849
40 365
443 270
53 92
897 281
971 636
372 741
291 246
495 588
28 989
373 425
755 316
702 818
989 120
455 268
971 449
659 907
338 155
980 198
237 415
263 136
503 104
257 250
245 562
635 983
46 905
177 398
702 592
672 632
107 211
780 512
760 385
972 115
807 928
259 59
541 651
996 741
15 703
404 614
897 344
398 564
759 800
482 993
692 995
745 649
829 461
904 953
869 285
351 798
988 105
431 825
386 692
798 162
861 157
350 554
859 368
600 116
26 327
865 937
893 197
964 248
509 496
834 725
248 738
639 466
342 486
388 518
475 369
484 104
175 487
995 499
725 379
710 761
558 897
878 865
826 222
153 256
327 856
273 461
167 706
582 618
497 920
890 819
524 788
207 423
249 944
541 180
39 216
339 307
11 121
556 56
384 56
294 195
427 235
661 104
506 659
470 475
531 473
71 932
673 644
32 790
262 781
138 112
102 391
558 570
627 110
468 729
658 389
762 782
623 94
139 776
744 506
753 966
958 513
500 409
675 926
381 82
508 427
359 289
760 721
551 789
976 72
160 127
711 384
738 904
72 272
91 490
172 716
6 398
532 13
978 467
58 93
736 93
214 25
777 211
781 550
887 500
646 635
817 242
703 726
166 262
103 3
935 565
467 809
636 24
588 935
61 682
903 375
627 855
839 16
877 608
230 335
125 746
452 862
845 247
405 997
350 553
697 748
219 397
134 275
990 807
393 232
720 357
146 298
701 60
253 633
194 322
364 218
94 974
705 360
889 689
426 954
734 214
433 133
605 745
163 424
940 809
78 113
191 599
87 503
112 492
365 799
305 719
678 611
77 352
661 145
801 807
999 855
862 476
872 881
722 279
16 47
783 882
920 99
637 982
431 73
249 632
826 824
817 443
319 781
220 279
683 651
521 146
99 835
878 384
431 941
27 19
870 932
665 191
951 370
773 85
380 735
836 523
600 898
24 626
780 461
37 630
300 335
20 228
144 296
976 431
924 567
347 302
500 674
545 888
739 29
741 800
916 248
851 943
807 338
562 219
220 842
382 802
714 397
853 468
802 211
370 597
411 569
90 402
167 262
181 832
926 281
75 127
686 883
979 532
818 617
846 755
863 135
245 927
354 517
396 209
76 531
385 547
14 465
775 311
944 96
867 466
140 293
484 898
470 923
224 786
329 908
663 483
106 276
898 450
225 265
659 552
967 866
341 379
495 309
245 990
765 271
587 299
811 319
174 63
851 522
537 985
719 716
157 622
821 451
520 607
987 660
770 866
187 33
803 871
21 655
942 600
944 107
197 600
223 350
714 868
189 295
773 617
295 139
798 326
362 604
837 939
771 764
162 540
276 726
944 248
728 555
104 451
432 900
602 715
839 51
809 427
29 305
524 817
877 162
28 255
153 524
350 352
290 560
851 738
719 140
269 887
517 452
187 461
55 699
653 389
277 926
699 198
354 400
71 137
251 926
765 779
633 522
487 771
937 492
635 104
7 324
140 506
787 721
22 494
628 196
505 389
79 194
334 773
782 816
922 729
16 28
253 978
597 433
180 246
17 849
527 345
365 324
563 933
628 450
88 269
698 270
295 930
856 108
59 13
982 432
992 534
801 118
271 774
202 855
390 406
290 677
96 43
577 696
927 916
381 762
206 107
625 933
405 717
361 709
450 215
94 58
473 459
428 30
115 124
180 436
571 293
945 962
882 618
360 411
799 412
165 758
345 754
143 63
762 16
284 456
925 3
962 706
706 845
640 678
17 41
346 650
534 596
809 442
393 50
803 181
813 986
869 443
233 386
876 556
416 339
700 413
997 975
679 553
677 540
256 287
457 126
269 677
899 1
932 592
697 962
9 374
316 884
35 128
863 665
996 718
143 805
762 821
294 990
504 766
724 504
469 488
112 597
434 956
554 170
466 347
113 645
336 969
132 222
872 517
229 23
742 538
752 207
108 953
419 715
638 630
429 586
926 350
316 151
247 553
527 668
933 266
711 315
82 925
786 566
296 248
538 450
797 420
88 839
449 306
820 696
911 930
79 525
587 908
135 869
773 444
578 217
981 654
441 440
493 33
724 257
464 30
174 380
154 102
931 911
315 149
419 167
343 478
908 615
592 558
796 298
135 133
751 584
337 354
338 198
295 959
927 906
617 657
333 901
888 759
575 990
103 496
563 400
601 689
135 394
147 911
328 297
515 459
930 878
447 886
227 277
983 292
87 604
611 113
836 17
266 72
104 523
483 281
752 246
566 432
999 930
426 653
105 685
778 837
618 442
728 906
265 977
216 732
874 821
822 322
953 740
775 412
195 320
668 982
950 97
534 40
431 126
385 533
311 630
854 664
952 61
397 421
561 210
783 212
765 204
960 385
327 381
241 932
789 264
437 758
647 849
144 634
463 359
814 534
13 296
800 634
177 403
373 371
462 999
182 561
244 108
965 652
20 697
623 839
913 975
109 107
73 14
639 765
370 307
488 750
28 559
53 31
504 214
222 308
592 532
662 359
611 452
155 264
435 447
242 856
36 571
140 948
115 558
228 514
89 663
821 974
106 178
785 139
508 816
334 131
929 683
79 750
29 207
192 571
541 655
178 833
888 448
493 554
439 217
295 991
58 287
215 323
341 841
495 699
350 487
640 512
370 374
811 485
205 234
139 24
296 152
278 386
803 118
704 932
313 493
637 21
24 927
220 851
365 741
778 624
162 454
781 767
601 664
344 477
308 649
814 587
769 845
158 64
674 993
408 279
428 418
561 4
735 786
384 285
16 377
837 519
277 769
939 792
529 457
469 770
352 25
124 243
362 391
845 861
845 534
883 43
27 858
204 978
506 506
511 251
979 143
714 680
349 645
331 425
96 971
967 948
422 80
602 871
52 373
629 703
216 253
118 910
849 796
605 902
642 454
732 559
851 380
890 905
259 501
10 102
217 432
188 90
397 599
8 756
327 53
719 733
554 697
650 650
98 927
70 908
856 913
120 641
394 450
295 354
717 676
980 253
735 693
871 781
984 896
321 934
43 874
83 317
756 836
532 345
675 713
827 360
142 686
606 818
986 632
52 624
898 231
577 95
687 192
287 364
805 180
290 158
8 843
549 283
731 724
442 97
258 510
288 637
122 637
547 138
900 442
413 576
180 711
349 623
466 708
995 527
681 588
720 154
634 834
352 755
120 911
900 882
551 446
450 927
666 622
622 192
763 570
853 776
70 994
570 20
491 527
826 458
182 181
370 148
469 70
321 816
819 363
533 857
913 812
424 536
574 678
171 750
604 523
43 110
657 746
89 631
96 700
686 309
969 613
274 96
648 381
341 138
318 980
46 394
317 808
784 568
91 850
398 888
88 751
803 634
42 261
306 119
557 631
63 466
483 259
562 199
633 400
310 303
791 673
377 535
835 349
873 39
248 891
87 210
162 80
848 665
417 613
6 386
414 984
456 290
352 72
86 713
409 899
911 342
918 56
962 562
821 5
7 36
949 600
90 78
744 653
772 969
714 749
344 346
207 19
317 917
19 972
672 225
903 374
617 408
532 894
539 47
680 673
275 864
917 582
525 637
599 842
928 923
260 554
10 424
861 170
53 294
355 137
263 701
613 707
894 625
173 489
400 364
614 755
104 801
319 770
868 704
207 167
190 874
317 434
380 222
366 251
155 800
410 899
30 104
758 470
482 142
902 192
496 698
296 239
989 131
281 540
385 838
780 438
208 900
863 94
469 874
809 576
625 558
384 243
932 99
797 752
920 577
520 989
560 211
806 218
679 688
446 193
350 844
346 3
848 208
222 485
392 380
363 724
742 35
882 252
574 412
826 463
719 819
605 943
430 499
80 909
304 844
433 577
502 538
593 347
454 104
549 723
477 15
851 933
786 526
663 579
331 821
126 614
494 336
567 316
823 225
140 82
193 925
499 524
43 66
102 674
788 741
372 895
573 990
894 566
427 400
307 130
493 917
13 739
492 22
661 449
823 193
193 974
677 564
185 147
954 723
473 522
451 789
606 112
578 934
629 682
101 996
75 934
703 551
266 493
426 566
334 448
104 465
728 479
377 939
848 932
585 581
945 212
385 811
908 919
52 497
230 767
562 978
658 563
687 284
24 864
989 178
869 238
524 521
440 844
900 881
257 642
202 587
332 350
791 260
639 445
323 164
136 625
654 854
643 688
557 399
142 363
467 48
615 469
587 332
118 660
998 36
540 737
892 187
896 197
345 991
478 259
363 627
573 437
524 565
122 424
274 414
379 180
792 492
299 761
5 884
870 762
301 237
936 427
507 215
678 833
775 850
402 456
464 950
767 79
523 252
569 1
65 888
488 404
705 319
990 852
289 353
198 890
455 289
749 598
212 394
441 859
713 92
320 426
742 819
751 875
562 375
305 436
578 980
916 434
669 880
31 538
682 385
520 853
180 269
765 401
177 150
630 253
691 989
451 575
607 212
763 283
59 486
483 37
115 777
554 858
577 54
319 974
225 613
721 183
962 279
310 434
61 794
837 42
489 83
208 989
733 578
302 258
842 642
279 881
798 18
192 642
458 308
204 256
759 249
887 279
534 368
967 833
913 777
174 733
56 209
896 218
918 460
871 878
562 113
92 465
944 658
537 758
314 376
591 620
834 110
33 849
459 908
653 198
581 443
613 6
746 904
434 715
263 362
869 324
858 387
991 438
932 765
338 859
29 963
5 932
28 53
956 215
674 143
186 163
459 89
811 767
626 615
809 351
58 239
829 403
206 393
142 66
320 223
54 194
996 538
424 839
303 544
683 458
158 882
567 208
469 116
524 429
108 53
355 980
898 428
746 586
293 43
165 592
863 680
315 368
258 872
11 304
858 280
367 883
316 350
589 996
357 505
570 439
597 157
96 934
254 157
161 314
736 644
379 683
285 247
950 839
195 27
570 254
896 309
364 220
594 544
419 56
589 966
881 629
345 883
42 97
122 839
664 191
216 524
653 227
232 768
557 713
748 427
829 833
655 580
809 398
284 306
773 932
363 348
556 214
278 350
371 158
524 822
897 473
940 301
500 572
930 274
740 659
594 649
782 260
720 594
188 768
2 849
812 704
467 777
156 34
265 348
891 475
521 428
743 567
736 666
622 122
691 792
185 613
95 237
828 749
127 762
749 429
794 751
81 976
719 288
470 273
851 920
900 403
240 887
944 986
163 848
354 444
730 90
955 263
313 393
617 849
378 555
727 851
241 533
254 89
10 379
375 558
878 770
892 684
708 435
101 760
627 984
12 356
188 690
391 294
837 782
852 910
398 277
755 118
134 451
403 185
696 350
331 764
257 247
425 752
673 536
763 359
268 928
300 52
377 535
398 292
653 780
209 573
92 589
3 204
594 243
745 883
206 132
715 341
905 994
463 164
730 116
498 901
91 122
467 131
516 622
939 353
234 648
748 637
817 353
641 233
557 675
233 384
260 737
475 853
351 686
402 502
378 755
947 802
442 528
720 818
990 131
511 564
248 764
993 173
436 772
243 337
805 975
79 302
747 335
301 196
497 481
345 158
995 174
703 607
759 9
370 679
166 502
894 81
193 143
805 335
646 690
316 821
681 463
759 345
527 516
442 107
3 978
438 649
153 473
816 164
70 301
110 219
675 911
59 709
429 734
782 171
648 723
886 652
686 73
601 876
555 347
343 622
431 969
23 955
502 727
400 200
546 801
65 518
997 76
422 278
984 984
72 965
947 549
663 880
415 641
21 134
353 492
515 557
898 498
522 816
859 496
165 263
694 235
868 695
807 690
67 678
796 975
271 434
447 992
767 567
503 412
140 583
338 666
475 88
595 943
300 560
227 571
524 445
465 647
753 211
536 265
16 879
