4500 7000
332 821
924 189
485 800
805 912
829 549
438 919
621 750
299 303
92 352
100 624
68 370
240 592
914 246
837 703
809 619
531 402
753 426
181 701
519 177
194 684
555 788
336 113
299 506
472 177
241 806
434 188
242 597
544 258
995 537
693 770
199 588
431 890
677 200
425 513
809 990
794 941
313 710
664 482
733 986
528 465
741 201
435 403
328 106
476 483
617 554
582 959
471 253
300 126
344 435
141 57
870 917
375 954
414 327
776 905
150 167
281 257
48 711
55 903
544 135
499 927
968 507
113 591
919 233
718 396
389 562
46 291
454 352
276 10
462 350
880 355
724 964
57 564
819 278
959 42
508 371
972 81
471 731
967 178
413 829
884 734
547 288
354 989
583 31
789 751
7 652
106 98
444 540
287 396
105 75
145 900
344 846
224 482
552 809
961 467
790 412
342 316
58 991
435 491
408 248
717 837
750 346
553 355
76 260
483 903
292 372
568 523
419 340
619 382
341 948
200 771
437 274
307 721
142 225
881 749
429 950
516 494
673 263
20 929
213 607
578 824
314 345
877 414
616 59
964 981
756 27
563 935
889 390
333 963
435 199
212 883
942 327
741 622
404 190
494 70
221 796
248 980
827 631
211 404
389 306
223 110
271 790
867 192
557 877
627 759
747 520
921 905
108 789
110 355
908 538
907 788
871 226
851 56
842 217
395 757
257 992
418 264
442 460
892 22
656 713
302 297
608 914
505 563
365 680
572 159
472 310
474 736
975 192
553 424
493 521
919 532
539 908
145 276
219 509
78 792
195 60
905 892
548 223
356 251
787 206
30 337
945 300
674 908
418 876
627 775
522 543
213 901
217 316
509 355
90 343
372 280
656 276
888 646
631 979
551 78
410 878
327 786
437 358
439 745
623 436
997 366
137 529
479 306
575 221
641 409
260 65
885 915
763 122
656 772
159 930
815 195
940 76
242 930
952 368
476 383
174 300
24 796
618 22
222 82
565 127
936 659
76 110
423 540
273 187
36 19
624 834
796 722
644 588
171 330
487 519
248 393
777 901
423 403
84 47
257 849
658 510
860 202
665 482
508 426
280 857
403 245
927 756
5 242
705 581
894 689
570 15
320 227
20 529
825 482
143 543
142 662
303 774
466 247
173 82
580 429
212 335
627 991
49 371
210 513
357 302
418 826
685 652
747 513
686 869
978 328
907 233
463 304
979 130
893 774
325 429
237 334
854 861
923 264
207 173
92 953
420 806
708 744
181 343
651 788
540 332
625 65
918 247
698 563
751 251
251 357
306 406
385 548
711 723
192 954
577 718
65 177
120 153
759 826
731 458
777 867
443 609
717 939
564 565
686 38
242 761
326 128
816 706
492 654
95 430
48 635
972 88
669 679
58 182
744 482
605 322
918 828
880 668
419 732
604 46
145 512
910 467
818 406
402 2
202 950
617 43
519 412
970 747
861 93
622 744
378 528
380 857
120 318
937 438
221 619
631 379
289 597
869 695
102 789
429 200
141 261
613 232
504 479
775 242
986 27
79 534
87 148
918 476
96 985
266 134
501 122
959 895
596 727
22 76
568 966
842 395
297 976
837 524
865 813
708 566
933 368
443 336
897 413
174 637
454 570
902 273
274 331
810 936
43 179
329 317
817 92
326 658
526 463
562 167
559 769
945 373
214 207
683 639
195 587
485 829
797 49
266 433
738 502
415 460
869 624
400 839
23 341
142 280
484 659
432 490
753 512
427 923
268 67
88 645
961 609
867 609
358 596
995 160
760 521
781 146
143 717
150 952
196 219
763 498
161 339
540 51
669 865
215 814
876 732
138 659
762 92
97 121
852 463
680 238
721 657
933 427
211 135
444 126
665 132
880 998
923 546
32 82
349 316
483 606
851 838
262 436
728 717
994 140
413 242
614 353
207 576
346 447
891 402
142 747
730 543
935 103
59 400
584 265
32 862
187 393
91 311
986 279
133 720
676 756
486 985
4 970
130 363
498 183
188 601
102 274
638 712
276 367
972 679
890 748
547 980
649 893
107 654
793 132
246 646
307 306
753 810
767 337
761 893
937 655
278 676
185 514
979 975
803 176
283 506
828 363
829 381
120 259
586 129
672 673
545 790
698 648
919 866
295 366
771 167
351 277
494 875
655 105
207 878
478 618
847 610
200 982
161 955
295 205
207 419
651 324
411 524
781 24
262 733
92 779
889 751
674 231
307 295
197 886
273 393
207 541
871 766
399 762
220 884
216 197
215 129
966 733
491 136
18 715
19 602
211 304
688 66
34 776
430 747
436 713
257 844
944 56
678 454
106 505
308 969
190 662
406 700
613 145
274 612
173 580
714 133
762 829
433 53
692 157
757 640
874 937
692 45
457 576
29 188
673 600
1 540
354 773
609 90
491 523
345 781
385 90
406 217
777 269
209 281
235 719
622 773
616 807
403 541
542 73
238 402
802 647
855 735
226 610
290 225
333 478
544 371
313 84
249 223
366 10
83 279
544 540
707 519
119 688
637 408
132 852
439 810
828 40
702 345
537 601
665 799
917 471
364 778
274 900
522 684
31 354
807 555
761 916
258 770
279 949
419 633
360 830
757 503
588 390
83 580
674 80
847 543
914 974
529 36
86 586
395 407
252 220
110 56
205 146
809 679
570 959
834 110
526 222
835 288
654 706
327 101
484 368
963 437
709 761
662 521
272 611
938 265
584 333
811 955
66 841
640 935
423 768
813 692
540 688
741 650
36 374
583 625
169 402
24 982
194 70
632 840
37 496
394 524
690 697
60 251
664 41
473 110
450 862
841 932
524 100
538 869
499 55
727 99
377 881
820 528
88 612
258 436
598 666
816 674
724 245
149 647
244 150
964 826
131 542
755 219
434 24
780 97
62 601
886 964
539 833
116 565
976 733
190 228
548 646
605 869
376 616
49 872
208 503
919 444
66 870
288 103
503 270
967 710
531 141
222 521
173 695
218 69
429 56
5 905
505 579
983 960
228 427
444 737
702 754
25 401
56 376
610 634
463 998
981 548
704 282
626 224
702 471
826 387
394 478
854 161
201 23
958 855
345 261
576 896
21 85
999 860
686 219
894 940
757 824
421 618
873 361
39 146
150 584
443 745
962 582
182 896
950 510
834 293
539 406
216 911
231 16
257 852
56 661
869 36
973 870
489 166
986 987
470 788
164 876
335 328
953 769
360 880
225 499
493 586
566 235
524 321
577 398
154 47
485 748
573 238
198 987
675 481
508 995
896 372
99 155
596 272
737 892
943 488
509 949
719 456
411 859
51 491
278 518
310 714
550 961
867 957
42 454
175 936
104 928
426 64
727 335
229 693
245 637
938 882
513 49
869 533
313 888
183 384
193 789
63 680
965 788
295 971
177 353
915 285
666 555
708 928
170 772
646 330
559 228
62 187
596 8
45 123
591 673
363 85
528 472
712 69
764 851
185 395
817 508
27 841
515 966
917 325
189 433
897 531
603 53
367 831
271 80
318 111
889 873
67 727
60 144
980 879
819 430
150 119
415 252
940 95
793 864
478 221
202 424
824 331
330 528
806 741
639 98
50 377
812 963
156 58
537 615
1 849
838 352
739 324
466 273
528 116
822 776
867 429
476 750
34 692
520 906
698 380
798 664
924 65
415 861
722 387
783 845
535 557
78 594
222 615
831 347
843 533
711 806
717 211
202 266
640 133
728 314
846 107
21 780
412 975
999 330
368 690
602 99
812 604
896 132
995 643
952 175
790 435
982 156
708 337
258 135
709 844
404 408
605 404
668 60
43 7
291 390
505 663
531 741
619 153
454 372
551 428
361 333
640 845
943 296
519 31
201 191
620 646
715 775
454 820
980 49
949 308
463 386
851 690
192 676
7 249
647 379
418 320
913 663
595 20
547 290
681 692
366 861
814 852
61 272
109 872
928 897
269 430
880 579
256 809
432 142
686 654
918 604
601 159
455 399
655 55
759 662
775 862
223 317
803 690
933 824
409 69
749 602
125 126
659 347
635 20
244 494
12 992
386 169
481 740
107 542
590 918
838 896
101 750
984 361
272 252
624 863
75 301
373 421
318 463
503 714
620 835
354 382
496 125
455 258
216 625
747 255
739 132
911 582
405 826
254 19
320 507
409 750
415 256
516 600
38 319
486 518
275 111
254 440
604 694
589 614
670 468
334 453
459 949
599 482
449 795
480 407
360 269
436 747
375 59
754 934
679 541
434 245
559 497
552 979
289 779
989 185
97 194
894 858
961 453
565 109
149 752
521 344
670 474
411 334
775 626
532 614
471 963
261 435
598 672
294 947
132 142
250 720
196 984
307 947
33 568
594 463
400 304
428 194
701 276
684 548
712 805
278 26
773 944
956 268
424 213
787 684
895 721
163 764
87 209
102 45
85 887
515 384
745 840
728 946
764 481
240 854
274 335
230 266
372 942
937 852
610 832
504 862
187 436
581 980
968 29
689 781
620 763
81 236
774 493
875 5
723 178
845 65
60 165
672 967
867 791
66 731
574 350
128 118
692 70
223 468
532 802
934 53
41 347
365 921
688 64
427 947
983 984
221 975
747 320
106 239
327 819
548 276
736 109
907 800
320 459
548 302
310 133
94 769
918 833
70 80
884 972
721 835
485 952
222 767
764 803
108 678
730 59
147 944
760 68
489 409
96 884
962 824
405 770
781 583
441 84
500 664
235 194
846 710
531 417
196 209
391 933
127 771
761 376
962 575
926 685
806 148
920 128
857 975
281 83
316 699
102 125
35 641
209 430
483 696
570 289
447 90
476 492
975 820
360 494
678 711
9 701
371 858
64 621
964 712
930 735
366 891
812 637
220 113
562 318
64 753
239 38
525 398
964 295
308 936
741 162
163 620
671 515
386 196
595 957
65 618
482 206
979 648
814 704
283 898
273 413
573 203
886 130
832 248
856 686
682 676
987 977
544 472
262 504
87 17
687 60
12 617
472 959
813 875
974 707
392 632
271 174
805 820
807 666
196 20
774 93
150 35
505 318
880 43
334 221
470 867
878 105
457 582
102 514
205 795
148 257
905 388
711 655
989 424
676 431
109 706
384 500
321 879
133 237
33 310
998 988
19 655
523 52
570 223
42 29
677 707
735 455
400 278
730 822
20 253
697 354
839 553
508 696
557 902
898 990
964 614
951 725
54 828
334 380
83 555
373 757
779 796
231 994
455 213
395 377
988 415
270 406
458 48
25 824
542 209
698 627
912 40
172 443
435 254
741 576
394 254
834 140
52 388
51 826
490 745
178 706
751 738
19 223
244 116
220 920
454 746
564 768
609 28
843 394
795 822
182 837
355 131
865 76
965 570
269 386
600 840
491 78
779 484
627 961
131 417
331 952
311 658
983 398
42 351
286 613
881 635
540 221
246 52
561 601
282 946
166 385
358 391
545 154
62 18
772 76
424 870
924 578
661 841
637 764
972 555
36 351
80 197
134 148
978 383
233 598
934 371
313 694
454 344
911 345
13 177
333 184
198 561
243 297
191 515
465 926
897 121
634 272
306 274
906 347
778 370
931 592
405 850
880 111
201 989
318 533
223 281
302 477
29 297
266 792
254 29
114 980
653 248
805 738
465 722
259 580
109 954
135 274
831 846
492 841
352 411
374 326
680 62
603 562
808 134
9 727
781 986
387 659
703 333
674 991
993 892
383 944
972 871
321 468
738 927
661 8
176 261
528 655
73 64
909 589
929 326
302 869
509 397
543 755
149 180
125 572
176 150
709 928
740 95
270 828
701 78
645 4
118 95
147 704
526 247
355 346
252 265
12 281
482 454
584 676
844 165
174 990
941 915
698 701
29 879
668 698
640 827
871 813
920 276
14 436
82 780
420 37
815 549
155 676
974 757
453 870
731 95
625 828
599 708
402 696
248 821
288 126
330 580
282 228
693 43
965 606
731 453
857 895
99 943
106 929
635 828
326 35
161 118
94 159
373 325
392 176
617 15
644 742
903 464
204 979
520 789
597 755
123 133
335 448
88 188
26 169
509 283
688 274
319 964
33 819
288 634
128 618
969 660
156 359
65 154
522 698
473 102
340 718
401 101
108 861
853 699
696 359
352 858
837 483
802 449
806 168
372 606
782 262
267 153
408 134
683 122
157 434
788 622
774 109
878 29
777 222
244 760
700 28
862 549
732 757
333 470
520 791
606 34
349 554
456 727
888 259
847 109
91 335
250 388
16 161
747 508
134 94
595 662
566 873
536 571
203 441
381 763
723 774
76 352
596 451
133 495
928 494
327 128
695 11
176 629
322 755
12 235
36 127
535 641
195 626
886 990
143 217
260 801
734 317
895 101
223 378
956 940
38 660
944 943
458 687
512 557
35 368
41 554
815 417
169 45
383 931
128 285
16 610
558 652
734 524
700 555
202 887
755 531
174 749
164 382
851 544
116 88
710 813
122 458
119 48
956 238
836 777
849 339
595 86
738 511
18 825
715 77
36 330
35 493
513 366
788 976
60 996
699 614
466 176
189 270
369 655
450 725
706 762
770 603
935 116
50 154
960 748
212 340
752 580
624 340
55 610
863 684
760 254
263 44
727 697
666 774
82 826
421 872
575 782
686 225
281 438
288 992
287 774
363 136
583 636
937 723
880 193
881 906
590 908
842 224
83 32
744 984
682 515
34 164
410 216
947 290
339 772
586 429
591 194
886 673
93 68
224 281
865 755
75 519
990 52
324 606
245 133
556 712
626 655
219 753
828 397
692 806
991 283
52 327
229 757
767 83
879 674
399 486
850 818
322 27
490 558
468 337
879 934
543 121
174 646
69 529
181 356
859 331
922 493
314 371
116 81
67 587
869 280
813 169
789 712
468 146
595 815
790 365
359 173
422 118
357 251
52 492
661 125
973 629
586 139
560 70
88 741
226 160
170 342
958 616
866 992
321 810
741 428
289 110
317 769
652 722
696 561
973 193
487 9
736 809
902 368
594 775
67 278
593 420
118 111
234 269
192 61
731 691
50 948
450 770
453 83
240 805
165 182
271 882
854 936
382 509
804 792
490 878
2 911
748 221
891 184
352 554
432 942
465 826
255 241
978 523
784 507
255 290
770 643
66 904
142 219
912 250
475 253
605 43
260 239
908 97
189 182
925 19
517 325
111 754
406 981
519 373
727 547
581 890
786 383
366 193
859 288
747 811
745 995
594 415
508 832
5 709
51 660
49 679
171 566
164 199
870 362
53 28
426 493
307 663
81 96
341 788
32 139
288 253
63 804
187 451
151 215
704 360
468 814
28 455
858 903
722 585
649 665
998 959
992 216
125 313
300 143
306 158
864 668
872 171
310 899
703 644
669 699
654 329
162 863
71 23
225 415
362 568
326 918
478 689
131 700
717 874
331 8
370 79
669 473
271 992
570 562
319 101
14 134
488 408
926 766
819 129
594 13
90 118
511 483
541 411
557 35
434 727
481 610
629 519
153 773
944 990
841 547
136 519
276 388
70 164
948 809
397 912
624 966
319 573
476 859
645 268
92 664
644 228
15 241
741 379
493 624
325 263
921 59
686 133
82 304
118 799
497 264
654 215
965 912
65 934
204 51
382 190
781 272
601 22
448 329
132 695
967 736
91 756
140 16
382 505
758 519
748 986
989 949
897 505
624 424
865 752
760 496
331 19
540 490
225 515
159 488
10 643
683 93
198 157
773 986
356 899
840 738
967 675
845 958
219 472
779 218
192 441
271 947
395 823
35 213
679 228
843 278
407 548
760 696
395 118
907 136
655 734
270 525
232 771
425 472
286 850
182 280
26 111
654 196
651 701
297 40
752 790
399 119
708 937
797 109
263 184
428 447
806 733
436 584
618 432
852 907
967 466
404 393
50 271
283 476
151 699
550 705
576 865
222 588
801 104
594 635
478 125
808 898
997 948
14 177
183 690
704 330
957 422
74 611
795 932
177 936
611 658
827 414
729 398
871 638
16 613
522 783
651 189
323 781
131 673
500 580
297 204
824 232
93 464
392 186
5 316
873 340
316 259
796 921
717 503
221 592
210 231
76 352
717 458
30 800
670 649
536 416
640 675
373 871
755 466
811 844
771 475
829 554
232 181
212 290
336 990
325 211
123 698
518 537
677 644
505 91
801 881
270 428
524 782
777 477
441 47
156 346
477 23
197 386
870 640
544 661
523 686
71 62
513 805
193 152
627 501
465 110
542 202
293 783
208 801
327 765
342 730
136 871
835 306
703 605
786 220
556 262
483 916
848 796
173 133
689 235
172 287
901 486
611 112
423 780
889 193
505 829
384 717
943 468
350 763
34 862
643 407
884 153
26 894
796 960
80 881
710 959
715 638
695 254
213 513
823 24
371 101
512 372
180 553
908 165
959 459
545 489
386 742
476 498
228 944
540 940
956 960
414 593
76 193
615 339
901 370
112 616
384 466
39 868
547 609
590 543
782 929
90 343
854 34
278 721
542 346
239 367
966 357
570 371
218 390
551 365
102 193
768 79
996 256
520 281
418 753
696 79
576 104
478 472
218 452
544 714
733 860
585 911
125 823
745 43
495 941
52 667
968 696
575 259
435 762
881 440
190 794
123 175
958 15
448 431
662 333
523 222
978 578
616 298
356 61
385 254
170 111
974 709
309 415
333 838
68 269
959 160
529 658
763 208
515 802
85 59
751 861
288 525
815 163
19 493
46 336
715 74
481 461
953 678
696 18
928 127
753 751
385 36
628 614
473 791
683 286
176 798
65 209
205 707
197 415
472 206
269 228
372 597
158 658
258 897
108 315
556 675
139 949
170 408
134 273
793 388
17 138
120 732
405 301
437 463
10 624
505 326
155 376
397 408
196 67
707 830
857 539
118 186
296 18
133 199
965 940
366 898
517 345
497 267
668 103
252 977
715 949
120 490
868 896
11 812
962 961
516 463
345 902
61 239
923 48
307 598
872 255
176 299
749 318
745 225
504 393
404 571
27 177
226 738
734 581
437 340
619 309
258 892
59 296
409 184
241 185
243 594
288 574
45 498
242 723
407 800
97 652
410 302
429 464
544 987
652 616
66 350
668 767
860 850
178 566
267 742
504 283
757 727
711 550
426 375
550 967
525 894
279 741
41 144
434 23
634 271
705 338
412 883
940 647
363 399
887 272
181 841
140 619
134 695
659 379
773 275
405 329
55 274
175 825
783 155
649 420
467 600
877 712
987 307
813 484
517 750
453 236
873 331
999 538
874 714
812 939
132 543
517 944
709 164
602 365
909 10
4 40
915 357
903 523
598 272
228 334
954 559
629 536
954 238
890 523
987 177
430 53
153 81
726 21
991 559
857 356
989 871
129 743
773 912
466 887
889 409
161 401
806 664
767 931
267 503
353 377
353 161
213 501
250 244
43 920
429 502
367 203
698 370
503 515
934 235
306 787
366 942
146 93
241 759
441 973
29 160
486 185
187 338
138 355
373 498
60 239
558 176
439 871
197 503
336 74
129 86
694 199
748 658
174 815
874 629
203 441
431 287
585 603
98 886
421 671
226 418
747 8
142 196
638 964
315 718
181 931
885 168
870 897
76 996
542 252
753 627
240 753
382 686
560 171
70 825
65 293
29 748
542 35
404 879
780 69
222 717
779 844
165 122
490 531
718 77
403 948
160 944
431 835
258 377
271 649
166 760
556 845
559 268
299 154
857 743
109 983
403 509
209 292
756 3
164 489
280 896
190 451
583 428
262 694
204 753
738 290
65 971
830 14
84 178
242 295
856 567
224 158
921 533
103 725
254 51
125 513
877 863
89 126
704 24
351 306
609 548
660 877
658 735
908 694
188 563
754 336
748 215
821 633
584 725
233 566
538 754
190 480
394 370
977 152
164 719
14 771
675 300
218 406
418 923
122 834
54 669
878 629
64 854
632 119
187 68
281 869
553 86
40 572
218 250
831 553
967 816
827 44
996 568
804 801
540 201
151 522
179 317
133 96
328 807
972 17
855 53
708 779
278 365
51 7
852 520
771 544
854 619
881 587
563 309
584 166
337 947
92 874
603 142
683 557
945 169
181 414
669 146
771 632
821 947
93 397
467 146
993 700
8 311
104 702
303 900
863 133
439 346
66 452
414 743
840 284
438 151
841 909
759 312
353 939
103 664
619 738
962 873
211 930
538 732
817 734
384 320
832 769
506 280
76 157
919 571
792 612
668 844
925 963
294 43
56 555
583 526
996 228
507 745
173 929
696 910
365 317
955 242
437 839
617 379
439 25
607 629
843 926
722 554
484 398
508 412
983 374
63 43
993 292
335 465
436 359
529 675
209 474
46 523
685 520
446 501
705 819
618 592
103 621
945 640
620 891
470 436
102 152
928 876
444 751
894 425
411 509
865 422
815 709
956 3
735 478
407 883
830 672
860 645
123 809
717 716
866 943
172 962
735 621
548 449
923 274
174 731
214 711
513 675
536 877
252 968
188 697
772 483
227 559
2 482
208 478
131 662
559 989
633 608
359 294
602 96
128 114
915 691
965 798
623 358
542 25
299 693
662 548
202 339
310 732
463 571
738 553
37 16
716 202
273 598
18 711
57 318
318 561
190 393
8 467
827 767
201 437
770 250
145 135
830 26
145 133
350 899
245 704
731 536
961 773
815 835
516 574
43 199
137 615
224 69
178 95
125 942
113 822
275 861
880 756
525 74
294 159
527 361
243 401
913 728
443 621
269 736
686 143
881 102
895 756
381 482
184 531
908 730
205 981
84 526
787 417
450 76
683 686
270 78
247 93
327 297
817 133
569 508
775 617
781 685
980 823
874 299
241 826
640 52
35 911
931 821
684 147
845 628
482 92
495 890
929 995
856 733
110 72
614 877
714 902
46 874
878 579
382 535
779 314
62 66
454 444
32 830
53 804
665 591
54 850
119 292
885 662
760 664
110 689
443 153
49 678
299 42
348 56
222 111
358 8
884 866
531 125
578 599
761 576
787 303
514 495
417 674
630 421
554 161
728 55
980 877
906 162
40 497
60 119
648 16
936 600
493 901
191 973
593 74
145 641
104 933
744 542
756 155
606 959
87 855
473 497
103 630
3 83
48 988
274 976
575 438
391 130
228 61
607 596
549 365
838 224
816 189
623 131
383 885
770 760
996 103
51 386
51 336
773 653
283 419
346 794
749 940
239 151
529 927
513 313
844 318
175 344
327 714
482 578
804 265
928 846
347 88
841 211
158 33
435 110
880 932
201 746
122 61
639 221
43 475
895 659
186 788
314 477
900 605
282 880
620 650
232 107
920 948
170 528
879 518
525 20
898 28
484 480
603 936
848 200
714 941
617 427
428 897
803 698
941 734
428 193
97 241
263 945
491 774
865 619
558 626
252 951
859 841
317 23
334 312
721 640
188 123
362 286
714 191
914 439
733 406
430 85
755 460
717 455
545 963
574 201
430 604
752 705
509 110
990 639
985 230
822 623
523 712
184 294
137 305
268 984
845 899
173 818
453 979
211 15
408 475
687 365
57 858
292 955
202 425
702 904
296 35
439 660
638 194
425 392
944 947
872 720
769 538
606 619
126 567
489 223
457 111
963 10
204 517
54 539
465 282
974 121
335 95
668 481
278 62
539 470
133 524
582 791
924 138
94 216
41 941
699 106
980 567
229 336
982 615
705 769
745 242
379 6
213 163
799 274
475 991
48 93
53 359
468 634
588 893
289 304
19 220
495 889
45 666
188 20
285 871
965 943
305 613
739 242
154 163
959 888
608 759
222 822
17 719
584 5
229 292
545 980
225 249
362 701
471 228
988 774
209 627
68 415
899 813
56 917
565 471
219 489
92 300
321 167
200 242
257 561
680 927
983 28
120 999
333 533
249 187
413 609
491 715
938 701
726 825
717 416
168 100
726 798
488 778
263 839
987 82
383 637
474 621
681 292
315 606
572 375
487 157
292 984
728 63
300 396
911 115
292 665
471 169
622 551
140 290
323 56
706 220
883 958
539 584
386 301
193 77
661 231
769 448
517 518
537 604
60 678
172 902
604 717
282 421
636 748
6 66
364 789
779 846
524 125
134 967
569 930
46 932
63 440
634 151
609 190
436 610
26 976
202 615
392 57
103 693
633 520
486 506
23 203
198 118
907 504
187 706
393 503
79 706
494 416
657 927
968 494
81 538
469 2
2 23
778 618
361 782
978 377
275 123
263 422
759 448
297 859
466 870
242 171
614 659
498 262
25 479
471 390
107 83
315 981
847 862
859 879
493 720
312 909
703 187
792 830
834 543
476 55
210 744
987 653
930 670
587 808
931 985
187 141
967 839
106 800
52 927
360 649
540 307
730 661
97 794
491 520
268 761
82 10
780 480
860 586
274 261
790 62
590 364
748 2
649 347
879 786
675 546
73 800
223 385
411 887
461 919
591 8
44 5
453 887
340 580
192 514
216 352
76 495
796 327
649 158
506 913
21 146
725 386
779 689
700 310
32 352
454 993
585 855
92 529
319 763
813 482
329 297
76 698
592 77
311 349
359 946
497 692
801 355
98 612
423 368
262 32
774 807
647 328
675 999
476 547
416 883
440 866
261 325
262 749
601 165
581 660
472 79
98 676
924 237
359 405
337 843
965 970
430 33
252 202
577 420
640 339
374 148
279 784
48 358
364 395
426 106
9 292
200 999
476 391
873 322
363 205
831 387
596 832
654 402
363 179
210 233
732 46
439 868
459 743
734 69
869 168
930 54
535 93
909 8
646 300
952 93
725 394
738 541
597 131
3 961
632 489
208 314
784 677
778 636
704 804
91 702
717 617
373 804
761 211
592 91
907 596
919 461
615 862
663 591
451 897
78 858
909 149
896 839
168 266
696 886
22 886
882 133
216 961
576 365
794 811
670 452
367 415
180 910
874 919
382 366
888 829
628 716
665 44
195 532
564 643
306 997
381 50
675 555
137 877
223 37
745 764
763 947
941 336
284 986
466 451
97 695
885 267
892 305
286 592
284 839
670 711
625 826
798 340
655 739
134 370
101 937
302 750
749 36
911 555
29 895
786 89
919 371
971 687
525 8
336 343
352 15
386 95
604 91
601 477
502 299
428 411
229 465
99 319
556 635
630 870
235 532
751 679
973 716
51 922
353 963
144 229
894 508
375 453
641 9
363 837
189 298
114 97
186 444
506 969
251 317
747 367
185 316
878 146
524 407
934 236
657 238
803 833
878 11
772 998
9 965
246 518
825 40
980 551
123 79
625 442
176 446
309 974
237 82
26 677
829 991
975 577
442 978
110 265
209 417
281 133
403 541
918 262
110 976
623 447
172 291
492 634
349 130
584 242
633 778
772 381
473 940
309 261
803 905
824 705
863 230
258 618
460 18
745 381
402 316
48 402
181 409
399 49
150 886
98 19
667 586
387 554
298 339
664 370
936 592
656 920
106 641
177 534
393 321
356 710
996 750
883 774
41 724
550 329
550 654
220 763
115 347
331 760
961 63
122 988
49 41
954 673
616 690
460 977
558 641
727 789
961 135
548 947
645 991
684 469
552 838
56 675
475 19
842 150
586 636
313 911
690 542
419 302
654 62
778 439
901 13
877 335
815 952
319 894
608 497
868 448
418 929
761 988
512 629
982 314
258 867
923 617
746 356
545 747
94 440
187 471
127 847
554 445
328 892
712 347
706 938
342 683
144 108
893 437
154 257
945 971
901 367
595 339
990 110
402 503
347 60
754 24
819 518
484 234
539 55
704 664
657 335
107 645
238 926
440 465
309 830
987 748
293 231
241 953
284 235
245 392
175 283
113 52
951 943
666 335
562 900
36 120
19 392
276 495
218 825
495 824
113 748
77 311
657 58
961 489
880 456
306 963
639 305
727 510
617 341
193 854
443 408
353 995
117 852
818 35
866 348
190 646
453 405
62 123
625 581
617 709
239 374
201 704
68 594
422 879
66 210
577 238
701 282
500 818
644 433
21 815
394 642
109 117
429 541
548 703
870 282
878 294
699 332
665 516
603 949
469 646
854 950
244 709
614 67
771 289
318 235
806 975
874 620
523 74
170 296
868 292
688 345
361 752
10 65
340 391
167 407
162 265
73 443
452 69
608 748
653 393
859 862
976 627
679 601
846 377
662 101
240 473
721 262
216 70
376 363
694 318
37 313
824 448
365 907
116 797
385 641
160 447
395 10
746 124
659 863
417 418
689 930
329 777
569 429
997 596
959 206
53 178
751 558
979 578
201 745
227 599
199 348
441 487
671 857
257 513
27 964
639 472
991 114
655 915
904 275
148 488
184 737
922 895
406 199
378 725
299 58
750 538
779 380
976 883
980 695
864 468
898 863
570 144
169 599
792 524
115 940
238 480
873 397
361 872
302 588
577 916
716 238
690 86
679 981
455 462
181 485
459 339
154 747
708 441
902 494
562 764
744 384
40 16
581 6
867 934
13 896
670 459
385 895
408 433
833 208
628 26
314 238
514 200
954 169
572 131
16 142
912 100
674 944
421 427
412 416
496 970
706 660
161 209
319 365
231 721
244 721
511 40
652 780
849 62
408 727
204 826
174 573
902 490
577 827
989 661
714 114
52 859
238 162
521 237
289 751
354 278
436 791
584 54
429 616
33 201
138 114
401 658
693 558
681 913
650 447
188 977
185 690
14 308
271 79
331 312
124 741
643 890
66 531
128 179
481 673
923 53
166 209
682 228
136 454
90 391
745 403
368 757
117 887
459 830
102 546
122 403
711 739
947 589
273 538
363 798
165 73
506 354
896 5
122 364
512 320
410 454
344 146
331 283
42 377
436 465
507 20
414 734
534 753
493 996
6 702
853 45
667 380
120 893
411 498
306 460
861 123
897 278
388 618
184 633
484 212
787 183
93 479
96 843
133 283
22 119
804 474
355 453
78 882
538 845
491 732
432 596
310 142
947 710
508 116
276 811
22 279
217 989
353 698
176 749
992 616
396 544
496 796
999 877
735 166
861 77
70 864
709 374
139 507
529 787
434 908
574 759
110 802
134 621
337 504
693 47
372 984
918 300
563 907
134 275
615 360
483 247
121 57
324 776
263 349
849 578
889 822
705 168
681 111
739 330
987 68
188 316
343 569
387 270
297 583
379 251
849 95
433 675
777 555
607 7
237 929
671 295
75 14
684 136
100 290
563 388
461 884
425 882
948 431
328 181
739 726
115 842
237 363
260 503
853 764
116 894
819 612
376 652
848 561
679 247
956 28
604 839
5 465
420 112
935 396
485 633
25 944
917 581
716 42
453 873
742 187
720 724
955 804
149 192
670 908
760 690
719 11
950 299
873 172
783 887
971 415
767 128
191 569
128 470
457 48
48 344
206 426
137 438
609 156
27 831
890 946
386 176
115 149
817 762
880 514
323 241
541 512
661 465
449 496
1 267
175 89
315 5
416 488
316 940
677 908
936 626
73 13
186 633
966 359
22 489
332 827
101 552
778 38
219 178
977 303
993 85
329 916
145 416
333 113
84 174
897 249
695 646
986 303
801 524
914 242
348 277
159 992
562 367
187 547
332 54
346 948
917 13
647 887
889 813
744 273
72 66
27 950
814 824
162 137
270 249
739 712
813 312
498 565
501 596
155 941
550 936
448 59
396 87
38 651
124 606
396 501
743 956
76 557
477 348
914 851
22 947
221 735
229 893
123 531
386 562
992 916
157 545
151 585
430 33
333 271
774 940
551 249
696 375
115 535
389 864
439 336
536 879
132 98
512 90
664 294
908 881
18 427
606 10
687 699
762 463
923 720
482 38
465 693
362 127
181 499
578 349
865 441
899 556
536 620
585 375
258 847
712 570
8 510
914 429
465 896
240 617
340 160
280 917
662 97
390 944
654 175
237 476
453 621
809 375
402 296
494 410
74 598
202 631
885 485
28 94
447 54
631 757
6 283
219 701
622 62
628 279
105 241
481 495
463 626
302 603
445 165
102 911
739 44
802 590
169 20
921 619
174 445
261 467
904 87
178 359
798 757
371 119
454 833
824 390
79 741
977 324
747 112
479 580
158 599
254 433
243 386
585 760
105 3
657 168
591 778
354 566
9 128
141 849
581 680
353 927
718 766
875 717
597 90
184 187
329 451
473 953
932 91
900 255
443 565
945 47
352 588
990 610
150 35
572 207
614 740
97 193
371 369
782 493
900 454
221 655
420 672
119 109
929 645
768 518
963 231
279 237
135 545
211 511
282 849
405 511
624 875
990 51
876 818
160 93
764 842
791 685
917 115
58 749
45 902
921 503
890 977
677 263
244 431
333 788
891 226
724 19
340 776
382 589
905 911
396 211
259 532
93 756
264 173
213 125
349 153
332 123
191 156
123 341
122 977
930 922
802 946
163 322
35 647
739 192
758 771
438 717
462 805
377 271
783 405
556 866
930 360
770 515
581 688
376 107
572 464
801 129
665 730
810 734
784 814
387 369
722 931
547 279
36 914
444 525
622 46
496 896
773 126
203 582
358 516
286 41
647 257
968 711
869 133
151 932
147 540
617 535
341 953
612 175
342 291
210 681
643 635
140 849
699 29
517 899
559 296
896 490
203 927
884 411
163 131
536 39
937 881
233 434
783 680
501 221
245 912
360 639
511 204
440 83
679 493
3 416
660 814
651 27
991 890
739 34
672 626
932 968
571 551
718 302
210 588
433 587
649 348
282 452
822 696
960 952
16 824
861 663
186 945
497 185
349 199
810 505
194 807
309 842
78 954
634 311
772 840
677 747
654 720
268 344
959 975
308 979
695 262
331 692
278 481
259 652
201 167
52 462
206 438
13 782
639 916
205 171
200 49
740 680
685 557
516 55
271 178
607 644
319 272
345 791
530 344
754 555
341 887
661 132
799 61
24 278
885 738
253 387
27 375
887 656
136 257
157 121
998 488
250 282
627 332
710 933
682 113
836 347
432 143
688 627
486 687
753 117
833 870
699 420
408 290
231 127
712 772
140 306
114 650
77 391
379 919
625 39
520 283
365 868
816 441
655 779
51 637
405 548
541 139
98 390
160 887
841 685
96 140
447 375
223 762
338 32
144 559
720 170
994 868
585 678
609 171
464 799
488 557
468 203
400 642
186 803
887 309
438 431
637 616
91 302
537 162
857 891
236 400
58 813
344 904
994 647
180 748
724 742
201 278
195 885
638 747
308 393
652 596
944 71
713 985
522 11
125 615
137 46
260 342
790 714
231 547
728 223
364 751
684 206
74 65
438 883
474 879
733 790
817 668
97 226
711 861
673 840
570 530
924 666
343 682
153 168
291 712
837 101
362 422
166 557
273 319
241 840
584 682
597 520
880 107
844 364
704 102
323 160
507 947
551 599
918 879
895 955
535 802
355 321
894 673
817 299
265 122
814 338
293 84
763 980
763 451
857 752
96 64
713 693
861 818
940 224
429 862
39 711
756 400
512 731
769 565
841 152
60 342
310 252
84 806
85 782
522 17
955 611
445 739
937 272
318 523
100 484
667 162
952 600
234 65
959 823
493 24
419 897
213 792
822 735
149 210
359 924
506 847
196 318
283 413
89 207
873 490
654 8
467 714
316 239
266 557
575 303
716 344
845 646
39 901
309 460
965 293
165 533
743 512
439 557
444 597
721 345
817 803
879 113
398 863
180 667
644 251
282 768
650 390
591 838
795 592
715 538
895 67
573 584
762 855
479 386
429 831
309 589
305 875
70 419
621 947
750 309
557 336
35 668
703 142
182 98
940 127
378 935
287 197
45 134
706 823
246 742
814 787
984 142
806 573
326 457
924 279
943 681
551 164
504 874
366 837
957 728
921 283
257 866
834 66
839 680
967 11
979 196
944 60
995 753
405 543
72 984
558 616
623 807
80 539
442 60
782 422
709 757
674 311
473 392
77 108
990 702
859 731
335 860
941 238
400 477
988 635
755 792
252 758
706 714
447 512
923 109
897 705
868 276
316 330
625 34
943 589
769 583
558 426
965 149
607 281
891 721
272 476
936 694
806 101
837 265
967 184
27 994
240 37
490 760
400 143
480 216
535 729
173 317
340 505
352 366
219 758
1 361
610 302
703 436
833 392
561 90
731 264
290 769
535 146
757 309
762 608
738 316
397 318
501 371
402 711
1 334
721 702
44 917
725 726
34 167
844 240
566 251
514 505
26 396
105 822
590 681
476 505
89 212
842 979
883 101
968 988
138 890
845 527
62 71
838 74
676 380
595 767
367 157
10 650
103 796
485 444
787 84
225 637
30 553
875 769
674 535
527 975
750 748
566 831
208 151
255 159
88 652
238 682
868 886
933 427
982 951
918 586
828 831
615 944
672 44
391 503
207 990
673 950
904 183
321 539
602 748
789 280
522 212
429 411
91 945
271 828
544 164
631 683
728 625
162 855
96 217
817 51
809 137
944 791
758 657
417 301
737 959
513 506
537 697
460 5
368 341
953 468
252 594
933 60
113 820
417 296
130 177
613 18
93 586
702 436
569 445
715 547
439 63
505 401
684 110
106 981
582 360
986 883
930 910
838 931
889 945
648 355
727 77
818 157
218 584
881 56
494 899
174 544
611 257
291 955
271 845
981 223
475 49
806 862
651 388
422 300
985 233
368 555
609 466
631 741
564 124
425 658
345 609
136 747
354 320
308 778
456 774
181 406
266 836
312 664
358 132
701 210
669 473
485 4
278 350
142 729
659 246
835 556
290 649
70 208
553 2
303 702
670 98
709 850
664 692
127 280
900 511
452 241
229 274
23 672
967 62
320 955
263 418
618 127
484 519
386 404
3 573
372 117
592 476
336 888
522 423
552 793
45 625
320 515
136 949
171 433
947 767
995 995
369 898
611 2
230 482
251 515
540 507
145 452
255 12
206 746
225 830
963 188
770 196
65 633
191 804
596 861
115 338
939 136
718 278
75 596
778 585
141 48
270 512
530 383
367 666
305 688
581 736
791 347
287 368
81 884
90 897
64 200
227 64
323 83
467 689
310 873
19 610
96 418
556 916
813 916
475 916
58 855
195 764
366 394
568 591
329 951
626 424
86 806
986 922
537 841
813 861
965 671
649 401
786 826
868 482
715 657
633 590
140 904
712 794
244 479
735 374
273 585
372 147
185 443
151 768
968 909
156 77
632 659
915 655
151 287
311 767
393 368
464 466
889 810
107 773
673 371
524 166
48 518
706 454
945 973
941 27
847 819
890 621
649 685
77 194
11 934
33 496
391 599
619 372
604 147
389 233
92 564
137 621
801 741
804 438
936 336
76 634
825 835
962 577
162 71
229 333
198 558
114 189
917 788
319 480
783 976
680 334
941 189
944 711
426 504
632 225
912 849
209 489
785 270
729 984
229 559
413 496
744 767
78 148
206 483
720 180
569 820
824 445
33 622
867 324
53 593
177 72
584 222
239 115
742 7
110 100
878 299
541 703
695 246
599 443
850 232
950 753
339 947
287 401
286 637
258 304
378 773
860 624
231 178
802 623
776 262
362 346
876 588
164 193
745 702
947 120
943 364
712 963
372 291
912 767
873 680
703 365
85 133
277 317
541 234
791 943
439 919
136 354
303 783
578 522
58 516
658 519
226 258
168 454
626 539
41 142
649 576
307 586
624 830
692 614
359 944
215 964
258 667
291 850
513 29
706 116
537 763
61 827
834 228
31 801
540 926
695 529
208 521
246 825
972 885
480 14
736 37
439 519
239 100
574 710
896 27
30 719
509 401
730 221
173 276
111 899
169 613
567 981
396 477
750 801
855 384
344 421
78 229
295 972
459 339
701 261
475 216
65 437
445 995
505 380
519 537
496 96
954 804
872 805
245 162
706 543
210 780
320 978
217 384
354 393
858 85
529 540
314 385
769 62
75 978
21 494
338 441
919 9
933 86
263 989
593 961
828 787
496 907
776 776
717 787
119 73
296 653
428 181
61 627
868 446
475 384
141 785
652 140
41 208
196 29
248 905
45 845
400 445
867 312
863 632
38 848
309 207
829 582
433 62
953 174
745 329
212 168
169 209
469 853
96 337
431 574
386 505
25 851
443 342
124 661
641 540
63 701
102 113
890 270
120 903
829 371
96 570
276 301
247 21
165 93
416 6
203 392
700 421
476 299
584 250
452 510
641 714
452 978
470 229
321 563
164 77
178 942
609 164
370 9
2 92
628 504
102 737
193 634
973 896
735 636
535 488
708 621
11 782
437 757
286 702
296 941
890 213
863 13
307 729
110 77
499 81
366 427
479 129
50 112
512 308
250 661
80 517
433 814
695 791
439 343
233 983
35 18
678 328
775 693
3 506
655 732
260 739
809 851
206 206
989 250
598 696
177 356
392 697
140 768
802 144
531 686
748 779
689 309
248 144
19 744
221 1
