4500 5500
815 644
169 783
364 225
409 281
757 980
62 597
355 270
219 867
810 926
52 638
111 367
197 647
578 529
735 983
611 531
367 587
868 821
894 430
786 576
639 948
278 321
125 239
694 708
846 205
984 698
975 583
627 411
443 713
693 663
7 268
536 460
168 630
442 469
147 171
40 590
294 485
232 35
194 72
807 557
313 805
741 399
332 457
382 694
246 752
600 833
430 200
940 1
147 945
16 871
155 286
971 748
45 534
156 219
839 136
316 224
814 896
619 221
499 884
998 118
410 226
762 429
665 874
171 657
274 746
830 395
143 910
122 515
115 607
940 380
621 414
965 704
458 386
171 697
82 291
641 341
656 386
524 60
574 587
458 855
428 961
590 702
101 354
982 243
934 356
197 645
601 817
866 770
416 826
592 31
959 557
635 544
617 549
917 476
815 834
709 99
920 531
733 673
894 34
380 564
644 702
634 915
648 732
917 762
662 13
301 274
726 301
441 838
761 889
393 827
257 407
356 914
965 685
393 178
70 782
283 336
436 388
711 76
580 534
827 488
760 129
887 20
970 473
494 433
95 591
680 3
783 590
470 988
403 651
157 994
140 325
856 533
190 239
409 990
374 39
398 999
49 830
276 955
794 806
241 350
530 284
635 942
296 135
452 915
539 989
18 714
482 892
296 205
834 859
830 863
507 544
730 387
5 881
221 154
137 487
655 494
656 269
923 560
833 578
69 338
990 537
975 910
927 819
248 986
460 112
562 716
796 557
156 596
794 960
207 669
290 58
200 518
223 908
617 360
805 579
176 110
174 422
552 76
137 976
10 896
41 990
31 976
443 283
570 352
704 150
440 995
822 14
532 701
864 5
958 571
51 285
534 415
150 662
504 201
293 782
446 708
34 382
48 751
126 269
473 857
845 358
476 139
22 638
465 914
591 130
406 737
296 770
710 562
509 451
628 5
291 312
730 940
743 444
970 749
565 371
45 748
724 28
592 419
494 728
107 608
293 821
156 701
486 509
930 99
169 431
142 975
842 359
663 231
358 320
877 515
768 129
278 164
846 932
104 176
799 388
185 623
310 954
650 860
504 885
605 604
212 155
77 779
33 587
32 930
839 792
791 485
602 527
874 20
476 560
120 168
468 830
170 112
871 462
871 264
570 661
866 42
682 787
147 818
604 902
541 906
304 786
772 54
976 32
350 767
438 500
321 420
458 203
421 873
957 941
372 704
853 926
519 143
516 336
740 683
801 233
86 97
460 59
447 856
567 453
287 283
457 833
603 180
453 958
924 705
272 188
593 575
281 969
786 643
807 738
467 138
441 815
59 117
338 237
573 987
821 338
884 190
854 496
93 756
433 142
820 163
615 575
75 154
766 837
72 400
488 34
826 188
890 811
835 947
455 890
823 877
299 855
966 585
313 568
249 517
958 933
388 368
576 81
9 174
706 120
690 630
223 613
901 793
243 755
522 728
285 511
191 25
91 617
94 372
601 453
27 36
507 546
264 693
396 524
113 732
935 648
515 187
393 23
545 44
140 351
494 801
666 669
36 966
842 41
636 984
917 465
99 761
679 753
748 4
772 610
218 287
792 674
329 691
460 308
227 478
570 985
118 497
934 193
5 964
880 348
697 165
25 231
719 287
268 304
894 643
740 768
272 562
191 379
396 596
276 224
772 235
971 100
497 168
685 667
667 395
575 994
342 862
283 567
47 726
685 186
673 320
86 214
716 561
446 181
284 875
479 476
810 210
717 83
185 326
574 366
929 805
16 46
429 907
757 904
509 201
911 960
862 948
891 54
144 751
987 479
973 873
178 476
113 185
578 184
488 468
971 905
603 12
104 506
219 453
512 39
329 137
359 567
581 70
596 341
995 887
203 623
501 502
205 441
966 600
480 627
765 121
751 325
1 487
316 637
645 611
247 640
252 778
30 20
831 9
652 745
262 557
361 421
973 380
998 756
847 69
443 97
722 43
637 336
120 592
925 42
12 577
803 707
793 621
999 581
340 598
197 679
55 713
435 223
216 984
662 720
458 474
557 610
145 497
982 747
248 431
504 4
457 69
643 638
39 726
381 777
140 37
85 498
64 16
459 725
860 977
52 267
296 616
91 893
485 350
266 992
38 258
681 731
400 105
654 752
786 294
55 425
814 956
981 461
757 226
749 655
674 515
279 311
205 649
113 884
522 266
515 625
599 655
62 871
110 97
273 674
426 577
809 985
166 452
688 44
73 151
34 525
779 541
908 212
527 808
307 44
765 426
377 507
406 843
49 115
699 693
31 795
948 171
964 75
96 682
515 417
279 68
236 709
608 620
475 976
302 521
47 625
718 543
707 817
611 776
566 564
560 709
97 96
535 781
695 955
51 417
396 784
293 857
779 710
966 43
28 444
493 905
854 637
709 292
21 383
709 645
160 495
480 961
486 49
611 958
108 135
587 969
13 853
159 324
752 161
925 269
380 83
400 396
146 767
929 709
344 71
321 686
740 160
303 317
297 891
621 652
765 606
542 408
679 910
642 96
588 571
429 53
930 40
858 769
159 584
547 588
807 99
810 764
339 116
726 576
150 954
562 77
244 193
560 809
216 687
632 718
204 826
149 962
998 220
728 602
901 369
780 499
312 438
771 862
606 811
641 413
570 819
610 391
575 430
423 108
548 580
300 117
437 138
908 868
546 964
423 718
992 443
538 601
22 994
209 954
72 316
190 192
751 698
99 626
519 617
616 882
491 292
193 230
611 814
540 671
22 65
891 555
102 42
610 746
147 895
557 435
646 668
360 312
173 357
240 742
853 891
482 918
281 198
476 932
246 998
107 438
296 112
381 37
668 94
891 992
784 468
689 275
103 962
361 783
39 335
564 604
445 637
444 823
246 572
668 481
356 673
749 727
583 986
312 524
739 707
193 251
153 873
250 560
319 9
343 160
423 206
13 912
655 892
663 231
20 56
486 802
565 389
329 761
958 150
938 475
191 462
593 88
642 870
574 29
139 315
562 887
752 795
782 914
968 934
831 938
519 272
683 378
602 710
352 642
972 78
12 914
678 798
920 831
557 563
306 918
486 698
908 136
571 332
336 840
890 180
979 263
843 345
621 52
641 58
146 275
203 516
597 871
856 381
942 938
241 70
15 793
626 504
254 752
690 354
382 530
401 781
60 486
739 739
802 441
640 83
283 427
847 353
559 36
993 968
35 454
410 399
803 51
715 54
33 673
914 330
474 291
563 484
465 676
562 833
279 25
19 384
772 567
207 721
741 432
606 504
326 912
740 329
230 604
903 506
522 192
71 435
727 563
706 876
577 794
655 391
544 334
979 663
430 876
834 654
792 892
55 481
834 22
207 856
850 972
681 835
559 363
462 595
871 783
642 490
380 196
888 472
859 286
686 106
945 613
658 786
54 475
341 472
994 666
710 621
845 539
252 527
79 915
996 647
634 138
337 790
795 663
936 35
558 883
290 600
882 309
446 100
351 243
485 448
406 961
448 300
179 319
795 672
417 870
393 528
690 590
504 261
389 129
229 184
575 388
90 230
320 892
741 144
366 135
160 914
691 996
382 268
990 106
701 644
165 519
147 765
730 780
586 209
938 648
316 450
577 968
372 71
178 807
465 584
532 941
868 94
945 171
269 879
934 825
256 981
428 271
92 60
367 48
479 615
587 308
22 221
201 684
189 202
277 957
82 849
598 170
324 916
999 885
146 693
161 327
680 934
225 392
588 778
104 352
967 60
442 655
672 586
298 543
939 959
759 143
290 937
315 362
102 71
976 35
648 183
966 499
242 850
800 588
845 553
635 295
901 203
719 214
533 780
750 46
699 13
396 548
15 649
497 304
302 865
25 635
812 134
272 114
182 834
857 807
474 432
698 21
415 967
6 370
380 765
535 312
145 254
676 568
883 106
570 812
798 491
544 793
662 227
182 227
927 275
142 985
672 541
76 649
130 444
531 69
568 416
582 730
352 61
744 198
894 412
85 327
309 679
894 636
416 459
833 765
699 980
386 328
790 212
76 803
295 202
169 236
745 431
146 929
536 270
785 169
546 385
334 7
979 658
938 197
640 812
265 512
938 382
300 977
783 55
124 124
673 19
180 405
155 821
1 830
883 931
488 119
577 901
146 625
555 343
552 752
885 198
881 258
544 313
626 601
406 237
231 63
292 92
633 330
391 742
600 388
354 754
396 383
991 250
132 924
110 98
227 841
900 733
821 803
940 460
919 288
812 125
973 171
549 172
544 905
528 207
818 558
815 284
287 473
182 595
291 90
873 824
750 181
791 893
691 862
389 744
353 405
205 652
711 800
56 700
904 929
644 511
307 974
929 323
286 966
515 422
294 457
457 662
609 554
423 732
378 357
542 855
76 841
972 950
929 604
929 102
949 25
405 52
823 699
558 997
790 321
267 564
763 110
839 644
557 929
722 864
673 503
280 266
819 581
642 39
293 684
555 245
939 897
174 564
942 322
555 388
197 590
849 492
191 340
969 476
1 668
59 157
48 888
400 194
597 808
573 300
938 50
748 619
35 42
402 82
906 457
801 100
874 910
630 989
796 63
474 831
443 64
554 501
145 715
937 351
63 197
794 531
631 559
53 712
523 782
150 243
243 274
20 343
108 404
406 324
291 780
638 810
34 888
180 615
542 215
677 972
784 61
677 656
112 176
866 170
498 342
359 121
996 712
922 309
564 733
507 81
740 564
225 165
758 730
314 586
523 239
411 570
167 433
49 353
23 274
24 135
396 123
780 253
978 388
262 768
823 353
187 550
684 963
881 605
271 290
329 389
570 639
99 199
777 365
806 992
68 146
238 595
682 73
729 563
72 146
980 283
770 61
810 902
179 356
715 351
582 51
584 59
937 91
364 200
259 477
732 62
809 577
216 298
464 498
754 240
129 756
659 904
405 977
723 981
2 355
965 476
262 48
13 768
677 516
968 906
902 222
88 323
529 984
72 414
34 685
406 763
447 494
119 893
343 328
887 341
256 368
356 123
520 204
16 87
297 29
911 504
429 152
799 428
862 707
161 200
335 187
62 719
863 214
860 879
699 904
986 47
261 336
501 135
542 890
7 176
286 92
343 871
172 3
649 555
502 194
890 342
569 96
342 438
858 647
926 47
362 746
619 235
625 108
521 541
536 675
573 606
721 963
190 579
678 764
310 833
793 914
156 423
821 589
747 304
101 866
841 150
794 179
223 32
689 107
101 417
286 661
101 626
965 580
308 190
205 203
93 571
498 862
183 595
895 816
114 937
436 232
843 597
809 698
155 893
764 962
328 796
765 474
129 328
87 272
698 45
220 367
964 995
231 605
921 736
248 194
809 69
612 392
184 366
333 647
829 557
483 813
716 612
819 210
926 990
874 999
764 801
295 313
548 356
886 162
891 57
728 994
540 767
270 776
904 849
271 457
739 542
545 612
95 48
109 281
291 324
874 922
61 744
377 74
818 665
865 537
722 833
207 427
973 48
208 897
743 199
24 636
636 701
939 520
65 362
146 385
611 654
443 945
913 659
464 485
813 754
435 485
892 152
598 299
17 380
932 324
563 771
534 76
849 393
997 702
27 287
985 74
683 510
884 294
430 817
909 195
369 275
548 43
129 809
287 784
250 526
221 654
664 688
702 302
202 335
965 556
657 532
262 293
22 314
161 573
877 534
553 829
856 578
858 757
930 82
714 549
173 203
432 692
376 481
926 471
30 193
997 839
95 962
441 100
220 876
401 168
837 806
535 907
14 800
87 828
400 708
710 931
602 399
596 867
849 285
521 218
940 791
422 362
104 499
17 471
621 21
35 111
142 613
609 891
293 711
660 215
709 447
278 642
984 720
22 215
263 68
838 141
213 176
559 396
579 780
446 26
622 324
498 636
797 492
548 481
574 560
957 228
693 917
636 266
178 288
401 772
651 368
561 891
435 842
350 767
722 518
640 675
831 900
695 890
66 480
256 412
405 209
525 737
540 457
687 516
75 84
463 896
996 725
412 484
684 10
272 778
373 803
771 456
876 697
200 669
765 423
912 195
645 621
317 496
506 658
914 428
732 297
201 474
754 109
983 356
529 869
242 594
58 907
834 9
502 878
315 798
787 592
685 688
898 324
775 953
732 303
509 416
542 824
617 41
533 875
243 845
354 632
277 885
546 747
149 723
784 153
252 297
114 916
742 572
574 153
924 7
980 567
91 350
508 112
204 223
517 33
315 954
212 776
81 101
119 812
204 265
770 64
187 477
778 626
113 844
539 1
401 925
774 349
429 319
521 695
389 849
613 214
470 515
885 269
790 736
540 810
627 416
149 505
529 182
547 913
417 120
546 817
68 573
393 585
45 904
482 447
713 626
623 937
276 989
657 642
273 954
728 680
7 931
447 110
345 273
332 539
557 329
459 68
124 788
81 30
338 257
606 134
806 457
584 885
500 602
922 31
159 742
468 110
814 549
936 848
587 228
208 528
179 329
649 428
460 902
725 347
162 13
508 269
954 917
597 394
593 50
902 547
166 851
833 738
27 303
877 521
302 48
144 90
61 860
788 53
427 142
322 461
284 624
988 212
54 835
548 789
35 388
208 457
107 119
318 845
704 146
924 358
424 198
524 800
888 458
641 128
590 494
727 189
329 245
94 115
819 94
319 946
906 253
477 253
311 329
620 375
859 974
424 324
864 209
252 227
167 196
604 435
189 126
136 784
392 965
293 222
874 603
193 21
654 64
202 911
56 926
308 379
653 461
897 658
61 566
879 364
518 538
692 750
499 261
488 304
321 801
707 751
800 445
346 622
938 852
404 548
561 589
857 324
886 882
244 902
414 126
709 726
156 738
49 737
595 426
944 907
26 812
783 938
16 155
8 13
612 995
996 536
22 949
42 986
913 551
450 155
790 511
835 230
228 156
322 665
624 622
446 341
116 262
545 567
550 292
2 349
467 377
229 639
195 517
707 306
111 623
327 645
511 337
35 313
666 423
772 361
299 600
673 134
283 676
548 48
958 995
339 166
31 296
692 361
235 57
912 484
750 99
609 272
125 245
295 82
406 475
980 592
810 17
126 266
891 967
1 128
355 601
22 375
136 796
749 689
909 319
417 846
376 124
699 847
688 723
146 891
379 237
866 816
104 149
250 990
972 487
997 674
703 822
778 980
972 340
294 182
6 18
990 786
788 203
975 605
60 60
839 865
701 415
878 234
367 356
587 914
326 312
112 246
43 866
89 191
146 156
410 935
795 17
217 292
767 463
443 202
147 338
827 1
565 106
285 829
411 533
787 986
156 513
324 909
250 666
493 962
431 973
831 11
107 867
235 846
353 583
148 948
768 91
983 302
988 731
327 184
866 907
704 864
176 178
158 889
143 285
544 395
862 516
916 549
977 141
732 558
470 651
715 625
226 697
185 596
104 766
192 428
547 187
480 580
342 871
419 760
548 98
676 973
498 384
72 507
523 26
452 527
619 862
929 683
549 455
790 953
904 245
840 637
870 428
460 109
897 351
605 126
106 286
888 737
872 941
205 221
616 303
262 807
926 639
457 181
966 742
127 506
981 202
656 73
202 100
432 432
575 219
386 10
188 984
757 278
713 929
507 869
771 937
513 478
612 177
203 796
756 553
826 379
704 421
723 567
431 294
951 195
667 786
114 651
80 668
855 800
841 722
332 642
219 169
160 513
196 596
951 582
288 926
801 927
906 857
857 873
386 391
835 702
939 370
473 101
210 28
733 766
757 140
665 672
281 743
827 455
328 998
803 645
568 645
634 769
403 927
102 921
146 938
74 514
698 553
803 878
577 142
583 150
81 525
113 359
719 529
611 449
918 693
447 617
49 801
902 82
709 431
55 140
581 97
647 964
537 991
338 525
360 735
445 279
77 637
263 604
732 545
793 265
113 202
963 458
276 972
310 920
833 973
861 974
696 739
254 740
710 407
635 491
643 145
448 927
827 597
762 80
451 615
957 790
581 312
786 87
961 857
62 30
652 184
313 261
7 815
720 661
641 661
37 726
771 133
498 161
2 705
480 744
302 609
700 455
767 510
169 82
899 617
88 881
288 399
271 871
467 143
537 87
379 295
556 976
222 797
211 416
436 354
112 448
47 841
237 576
861 432
609 348
134 228
35 63
358 374
77 638
986 84
822 445
311 814
850 215
265 838
346 221
329 236
118 337
537 443
875 247
568 394
861 525
965 612
87 550
93 620
113 862
513 645
794 567
423 969
372 557
578 248
910 949
160 248
863 10
134 401
760 926
375 687
484 173
614 397
545 993
971 175
942 494
915 172
575 835
383 504
891 366
473 316
36 652
175 994
791 347
699 164
829 982
31 509
64 236
336 682
970 654
276 619
477 574
295 670
207 208
269 344
522 403
996 400
511 375
340 925
924 18
291 307
291 999
946 519
396 871
372 588
693 656
504 303
872 410
6 424
864 967
320 719
258 725
84 435
510 470
341 615
920 680
836 466
3 189
816 430
111 85
75 228
715 587
114 645
502 806
499 960
896 672
51 900
221 25
790 749
965 765
128 24
477 98
821 652
105 190
817 414
746 791
842 670
581 906
205 488
640 927
64 254
324 206
14 759
569 897
45 185
930 476
365 859
610 956
825 71
132 9
271 926
692 790
295 427
661 276
325 805
909 603
354 122
431 531
181 45
205 493
317 628
722 223
948 827
448 336
249 784
808 581
840 263
797 79
73 451
637 881
69 774
761 31
55 102
289 703
584 541
681 311
572 356
97 989
990 934
273 871
308 897
652 199
189 32
647 320
942 199
151 713
254 712
322 792
983 512
529 978
628 376
700 54
121 884
23 94
901 1
163 629
681 871
415 687
966 87
861 141
720 846
552 569
608 521
895 698
942 679
418 641
862 967
966 730
214 464
753 761
640 174
887 594
600 224
256 553
150 477
871 236
588 554
740 638
687 423
979 95
791 151
277 897
581 90
111 319
694 256
882 462
935 846
653 629
429 571
89 861
571 963
775 450
287 65
136 346
358 372
322 439
293 516
452 430
261 975
606 502
456 224
663 416
644 701
59 674
226 891
736 913
988 95
83 756
442 67
394 929
175 436
380 974
127 714
913 239
437 9
389 188
205 94
240 616
959 982
922 609
482 437
616 330
995 93
912 167
836 270
579 490
940 34
973 26
42 649
652 209
640 138
845 987
394 101
437 482
644 642
359 172
122 894
269 671
226 341
873 301
944 920
361 252
379 598
838 401
839 809
907 904
921 25
777 906
279 116
130 943
425 592
503 38
765 350
283 289
644 599
231 875
807 583
51 731
1 819
302 40
453 754
951 743
986 545
758 469
66 455
751 785
837 482
477 142
477 368
800 818
941 51
370 981
456 354
397 274
311 806
826 51
140 336
761 509
613 837
43 305
376 129
724 968
610 888
184 261
649 916
377 733
92 469
513 668
7 327
831 194
437 903
894 154
472 747
187 110
329 467
589 566
683 647
220 749
772 341
501 265
68 785
18 565
402 867
113 743
331 820
274 134
997 543
391 987
610 320
482 734
432 100
940 640
743 555
643 317
67 856
13 465
723 754
988 583
433 147
4 41
606 984
523 893
264 62
398 492
685 422
320 46
639 449
935 63
661 16
115 249
172 282
748 991
55 629
494 391
744 573
207 328
683 372
190 689
257 330
65 212
49 155
73 793
510 2
568 169
230 768
401 36
353 450
743 119
898 834
592 513
205 819
313 537
76 467
430 605
714 92
879 999
585 984
466 477
453 273
774 245
244 927
496 913
543 773
429 501
785 303
609 562
493 217
531 168
912 849
621 365
726 100
481 706
813 918
347 310
260 838
723 163
104 455
414 970
983 363
486 852
64 771
102 115
398 384
609 654
612 384
590 422
420 246
502 519
53 345
691 260
349 825
376 882
71 932
711 410
24 751
378 409
236 732
767 251
257 700
183 18
145 426
876 105
644 891
883 431
508 675
311 463
845 903
555 96
407 428
207 808
732 197
612 392
323 574
387 610
503 701
779 325
989 665
239 481
193 460
739 639
267 797
55 324
109 600
920 28
394 189
415 69
437 305
397 428
305 166
346 285
444 491
839 985
551 301
333 113
727 295
630 778
461 7
72 959
421 397
249 807
202 293
963 455
580 399
374 172
462 977
915 849
889 72
829 532
916 224
808 465
784 360
241 383
265 693
730 161
125 343
810 113
573 250
29 94
489 618
899 544
74 85
955 769
212 648
838 614
688 765
740 373
612 5
761 138
628 769
480 41
421 172
929 389
891 239
724 755
302 275
9 843
425 498
460 469
753 494
674 163
24 731
114 389
637 384
791 58
811 392
780 504
975 845
948 627
440 738
632 179
84 982
168 876
543 792
495 677
917 354
663 138
146 374
62 257
956 661
372 150
222 372
480 465
114 629
365 496
96 142
522 101
402 251
30 829
763 609
902 677
873 136
67 987
773 629
230 246
199 628
628 48
474 816
117 733
743 145
333 968
148 246
31 2
933 438
637 372
131 570
922 29
503 565
572 611
160 516
124 357
463 240
950 507
444 462
912 458
413 17
498 93
315 986
145 958
289 643
210 793
102 682
859 100
398 106
308 176
48 246
659 732
112 372
21 156
242 228
56 498
615 196
301 583
617 845
181 471
972 302
733 168
618 380
714 200
808 164
495 332
451 420
723 909
863 512
275 692
466 108
505 611
289 812
190 483
739 228
189 616
600 426
877 619
336 667
890 899
173 767
705 328
214 669
422 990
803 694
585 128
615 970
910 564
553 693
553 776
457 307
914 347
729 855
460 209
36 268
551 60
173 607
783 92
225 737
878 617
360 934
702 414
909 957
868 420
392 2
592 712
905 816
895 531
11 848
523 980
844 114
149 809
475 84
14 248
541 270
835 731
70 737
13 812
673 375
438 192
599 563
473 393
710 567
204 865
576 200
773 963
607 37
499 150
532 552
815 950
361 193
361 119
817 697
204 402
328 998
744 853
458 482
345 453
217 961
989 75
23 84
271 218
327 273
273 52
560 360
311 736
267 613
569 157
593 395
377 328
623 63
818 330
104 237
217 768
949 209
769 82
190 664
983 888
817 750
553 522
183 31
170 109
365 367
265 462
359 826
185 450
667 893
704 965
271 333
990 362
824 97
353 419
743 86
659 224
283 957
819 16
315 669
993 94
53 411
599 245
740 99
817 560
531 715
32 622
115 835
240 276
220 21
152 440
231 686
950 774
20 19
853 293
29 281
799 941
413 335
232 136
582 556
908 487
320 449
776 710
711 664
705 731
483 260
530 200
248 552
160 127
592 88
297 473
938 684
817 711
396 647
652 830
91 386
727 141
978 264
693 218
342 298
605 324
745 104
105 345
408 189
190 67
602 884
915 8
305 477
729 199
856 706
850 250
792 296
292 993
153 99
702 919
305 738
697 555
740 820
550 80
917 709
39 180
479 594
724 346
163 190
539 293
735 363
993 905
483 152
975 899
28 326
653 725
866 638
342 199
155 207
94 606
892 289
32 606
905 794
719 49
379 926
345 991
247 822
449 688
986 758
626 79
600 12
577 65
897 277
969 740
240 526
850 443
244 496
945 510
943 453
386 161
784 548
6 953
917 801
488 669
986 571
327 964
258 999
551 497
73 443
655 958
57 437
25 503
358 677
723 393
807 261
100 131
348 992
29 103
931 28
39 16
564 484
83 72
525 158
511 81
721 880
832 230
836 726
263 222
823 286
547 396
990 732
757 320
204 90
941 240
185 640
335 936
389 622
468 777
832 750
811 230
675 736
255 508
345 740
708 331
75 582
969 304
189 634
751 825
795 963
889 189
853 804
264 917
29 205
874 289
425 808
514 233
882 72
675 602
695 278
579 99
384 937
822 408
612 843
50 604
706 24
467 352
934 759
926 974
8 646
245 432
334 721
35 591
912 360
309 254
667 84
246 737
939 558
807 739
17 591
3 507
76 13
541 426
38 165
523 208
249 622
322 486
720 593
335 779
124 208
134 440
153 867
472 609
201 45
451 588
847 959
384 753
83 493
853 465
891 744
644 287
617 809
838 614
885 562
691 105
891 559
130 777
852 896
170 767
259 186
787 995
95 786
526 893
222 384
437 641
152 60
491 302
696 521
965 633
915 832
370 857
181 952
270 438
656 673
689 85
144 247
84 359
673 165
728 328
537 877
427 990
954 574
907 6
624 498
639 342
883 191
451 669
842 599
152 268
162 494
129 338
109 352
221 914
108 182
875 864
168 543
749 883
480 859
683 109
482 414
360 55
795 38
255 969
516 248
1 353
823 221
985 764
357 56
922 98
485 490
663 27
140 936
116 137
369 636
417 439
322 57
926 166
907 391
657 369
728 786
368 252
829 404
612 889
97 42
226 3
700 156
848 821
489 757
613 933
949 665
296 506
460 429
249 324
212 372
464 990
243 74
47 792
958 269
917 622
47 905
739 802
971 515
908 949
219 669
865 698
61 446
658 747
905 832
196 501
896 72
22 121
474 987
343 376
848 850
310 299
640 226
191 740
714 650
721 794
175 609
823 33
888 591
215 355
975 358
200 752
6 168
79 613
332 809
509 137
37 439
521 272
46 356
434 559
918 979
440 413
256 896
177 641
91 629
79 981
707 285
585 623
14 293
707 454
68 408
194 26
169 523
590 468
117 247
375 29
760 219
516 542
247 93
281 415
224 361
820 218
848 456
66 356
605 95
117 86
383 642
778 512
742 445
277 29
383 361
255 283
228 717
434 886
542 989
952 138
974 512
59 981
830 176
234 188
434 173
879 846
152 325
652 784
746 108
819 419
715 401
322 779
472 192
356 79
233 690
757 400
485 340
526 673
210 924
450 473
972 730
444 370
780 489
623 807
253 12
617 943
409 365
106 110
865 266
866 430
766 895
289 894
791 987
352 785
959 309
363 249
513 412
243 926
410 928
362 756
557 348
558 287
267 590
203 282
304 372
482 660
374 352
338 713
193 237
378 660
956 670
209 501
488 304
966 190
26 67
456 300
216 780
808 286
611 19
511 235
884 679
342 856
917 379
983 695
798 74
34 114
338 618
415 446
376 527
18 715
167 545
659 88
697 837
346 488
395 179
862 371
185 75
397 481
489 312
404 131
828 295
281 198
162 641
730 687
809 237
128 376
871 642
128 615
597 312
912 157
1 232
393 65
358 509
224 82
873 261
941 444
476 479
226 476
538 384
142 538
634 20
379 166
958 294
725 409
386 947
236 302
926 898
551 5
654 604
723 34
257 919
828 971
781 377
669 875
102 916
769 500
179 406
12 135
633 903
553 644
707 88
613 557
695 859
751 821
999 403
704 110
330 553
391 812
440 342
539 293
975 749
610 464
449 419
698 707
294 475
141 555
732 122
852 461
503 717
354 759
506 719
88 200
287 116
386 524
979 575
49 886
915 652
830 14
440 186
219 954
184 29
904 61
837 257
572 267
5 322
983 123
902 768
341 274
412 437
215 865
718 188
899 840
919 509
133 311
579 66
478 12
947 60
892 989
21 759
306 977
41 164
848 405
324 392
376 27
567 652
557 740
607 241
82 408
683 544
411 785
225 204
316 356
369 993
201 119
39 233
88 413
326 25
400 791
488 367
661 135
510 491
882 898
994 276
634 763
289 899
971 598
974 63
313 489
173 91
434 481
578 291
748 671
601 224
185 946
641 54
542 279
254 775
243 83
908 630
404 794
591 511
829 948
347 78
327 881
202 631
59 270
634 482
164 664
541 437
1 178
92 736
158 337
745 574
669 386
960 949
216 846
761 491
421 585
63 982
420 988
617 93
649 336
420 616
684 957
817 73
981 739
61 128
471 891
857 23
404 468
933 301
729 252
819 286
687 338
838 851
156 901
252 158
475 352
207 564
180 207
442 352
861 162
689 19
649 2
200 674
261 264
776 772
329 861
390 521
120 489
676 651
236 393
405 665
929 16
607 974
577 364
527 130
841 113
880 540
841 239
453 774
494 327
599 413
48 706
994 968
811 733
875 119
403 495
362 226
519 783
305 944
314 197
643 795
152 614
602 254
986 640
927 114
840 88
865 345
222 365
827 271
904 743
962 268
36 508
110 224
719 128
453 773
362 176
779 962
21 573
77 858
424 781
76 914
668 274
138 585
172 157
103 886
904 966
745 820
58 628
809 604
217 466
678 377
478 28
486 251
675 649
949 488
138 131
739 203
287 695
453 823
76 35
507 113
775 203
460 118
558 398
216 794
58 338
44 694
453 314
111 41
460 856
855 136
636 269
206 818
675 394
241 242
913 767
931 274
806 707
821 587
481 502
714 543
649 320
492 346
154 503
302 849
349 545
969 545
782 132
804 221
66 471
938 381
107 661
175 331
407 640
50 476
871 609
628 688
563 96
796 24
581 19
775 131
817 866
242 830
562 605
610 162
365 257
58 904
706 944
26 362
356 746
173 605
202 288
459 515
117 342
235 679
533 464
445 512
288 223
374 706
54 79
507 420
373 195
393 216
322 176
664 715
248 479
681 240
592 255
756 648
682 407
972 400
115 19
453 834
334 500
523 73
67 120
956 632
113 55
736 321
595 567
224 896
785 174
54 888
894 478
442 377
424 868
594 284
289 279
502 472
128 474
240 951
766 595
599 632
17 281
115 379
990 686
376 239
883 474
802 819
367 940
605 186
99 342
55 498
235 888
746 327
290 872
833 606
536 847
126 140
87 92
126 514
99 581
250 477
509 266
70 487
256 472
789 902
1 176
433 821
891 217
523 914
224 300
680 593
572 56
387 331
968 848
708 369
768 577
625 79
493 766
714 436
90 158
243 692
730 115
448 185
84 80
4 328
263 24
992 123
744 816
409 270
732 471
924 871
346 390
603 38
167 104
58 612
587 727
236 980
177 489
567 161
311 467
753 857
197 426
658 847
197 729
973 361
64 172
49 896
487 980
566 601
512 403
579 284
135 12
180 446
479 887
387 568
326 965
573 290
509 352
504 478
546 347
101 359
64 956
352 703
103 887
830 529
757 616
487 654
452 62
389 249
182 726
589 368
835 299
416 240
610 482
535 595
638 698
350 672
900 767
985 401
680 966
281 272
312 187
306 327
261 635
375 223
92 385
402 412
491 874
968 376
799 268
268 245
370 984
422 491
942 935
812 415
618 422
613 448
186 51
459 426
571 386
661 357
426 96
881 713
414 455
573 255
306 541
418 596
685 462
405 282
296 518
286 696
144 297
915 424
150 461
243 959
61 617
896 71
519 56
65 393
663 298
900 145
706 10
333 5
707 429
113 611
530 870
387 507
118 853
169 992
707 907
818 294
611 918
156 53
676 750
324 176
285 725
653 129
566 504
411 688
605 732
746 18
841 725
19 432
792 783
811 725
660 965
913 903
308 241
554 382
833 700
770 468
655 486
533 89
548 471
587 526
841 334
20 346
877 65
340 645
416 75
184 156
648 329
980 976
907 331
867 134
356 255
326 366
332 176
886 176
960 948
640 864
799 983
790 835
882 345
880 609
629 183
585 500
786 540
780 551
367 203
1 785
364 916
373 707
183 922
72 39
479 178
501 607
668 17
56 180
226 13
563 910
219 367
171 417
191 996
195 30
247 810
511 722
475 375
825 641
558 372
352 511
628 781
938 530
336 382
813 891
654 623
175 338
491 447
228 953
106 48
908 403
184 198
748 274
77 450
582 871
950 255
358 352
530 372
792 343
214 947
410 893
21 362
937 845
725 778
36 945
489 2
204 421
332 275
848 635
986 611
479 669
673 10
812 913
844 107
710 469
518 673
522 887
292 308
442 871
706 174
116 867
473 880
334 247
58 102
690 405
995 820
730 19
570 924
381 833
638 145
553 182
840 972
736 888
319 207
321 754
399 405
691 728
7 340
634 17
438 940
319 5
714 646
116 445
348 782
992 392
747 909
128 326
809 467
398 457
360 349
941 888
176 51
871 213
83 416
117 970
152 244
339 403
954 816
416 195
928 91
811 789
353 416
463 17
811 496
933 740
232 379
71 741
221 270
670 173
490 413
238 950
39 778
315 336
768 473
839 694
536 562
173 590
910 634
122 853
912 79
889 510
53 307
85 75
998 145
18 743
1 278
187 958
128 643
375 363
204 882
845 323
693 403
777 318
290 350
145 241
541 95
417 396
490 345
682 673
399 12
115 400
24 318
1 492
148 711
353 546
380 315
421 200
450 122
651 297
534 143
415 953
736 292
338 326
870 122
700 520
463 409
73 575
460 618
155 607
864 501
48 402
805 363
564 748
53 88
544 256
42 95
141 116
504 436
208 159
964 661
436 448
944 796
20 26
123 958
820 801
253 733
883 487
136 735
743 397
313 229
843 476
500 460
381 17
839 882
403 992
121 14
941 47
627 783
72 971
805 726
320 327
883 390
403 283
212 580
34 20
464 427
217 542
165 915
559 458
883 680
513 856
358 60
233 786
932 337
7 478
794 323
631 670
674 963
505 841
845 893
879 263
695 899
677 849
416 842
967 498
703 631
260 977
619 287
618 172
358 677
214 111
988 591
684 815
906 515
434 783
667 861
45 454
944 163
150 481
461 307
337 951
813 388
248 916
541 90
496 594
341 418
435 260
797 344
293 862
620 644
849 612
898 478
300 591
538 412
639 87
114 667
300 524
372 259
993 118
920 505
52 358
737 865
791 437
510 601
911 767
811 791
353 359
491 765
525 216
64 23
548 645
179 953
224 794
971 165
862 805
16 797
263 551
201 713
486 735
575 965
529 180
304 364
229 822
199 436
904 792
660 388
812 455
754 661
721 269
421 226
810 653
396 90
700 24
510 540
4 622
833 820
643 421
871 313
642 617
155 794
201 474
434 554
150 477
825 486
432 760
689 166
251 911
80 136
732 249
959 422
72 370
514 346
766 207
600 786
393 956
536 73
443 303
283 244
133 894
159 172
485 334
483 422
697 79
258 641
844 391
241 35
342 382
669 906
669 798
698 881
493 768
200 427
805 614
681 638
557 164
634 80
539 50
12 736
404 267
809 682
691 430
563 158
991 694
818 163
557 609
803 348
577 245
33 231
603 627
289 478
573 330
108 749
938 110
676 185
686 426
653 802
832 944
268 60
722 259
433 98
785 440
378 13
499 483
660 481
499 405
755 726
105 847
840 882
265 290
521 49
967 314
280 315
822 699
671 175
950 701
298 632
358 963
500 704
253 322
84 632
694 686
765 940
988 271
904 385
637 865
949 964
520 631
106 432
303 24
486 820
162 440
350 275
767 823
415 524
949 528
199 278
258 851
521 767
802 737
160 249
105 874
80 624
456 835
269 201
736 997
114 322
131 91
476 758
768 648
302 503
432 286
673 692
772 592
741 353
640 175
187 999
444 732
683 839
383 64
544 780
239 288
316 941
968 637
517 476
337 916
251 938
174 157
395 581
561 176
54 434
461 262
103 25
143 719
990 669
180 440
495 346
698 729
39 844
901 79
478 747
311 579
346 745
152 331
524 981
381 103
959 880
598 595
959 111
9 314
770 106
213 210
407 648
136 278
865 638
330 982
147 371
706 751
662 775
538 669
553 208
254 570
618 681
808 567
947 619
220 177
94 58
424 592
313 969
883 23
337 410
901 760
214 181
325 446
929 752
481 705
772 770
109 624
789 262
254 421
856 532
578 178
571 408
344 496
379 50
339 245
330 799
904 248
117 123
179 286
642 561
288 849
933 71
886 371
108 196
349 581
460 71
419 278
469 40
771 991
964 237
473 889
577 606
454 203
737 621
444 625
898 409
803 870
584 887
24 811
597 85
487 676
55 104
233 998
11 212
534 455
515 517
697 513
40 741
158 735
942 539
853 443
939 933
54 701
84 647
853 769
34 601
41 300
204 469
977 59
785 394
267 894
969 57
196 824
560 157
90 546
289 809
703 353
890 453
485 589
660 286
827 353
60 656
489 804
925 486
104 491
126 451
833 124
315 735
584 751
651 657
913 538
980 335
926 11
129 454
237 544
11 614
268 448
857 749
710 576
927 250
337 336
467 388
679 948
685 536
88 831
553 222
624 671
853 874
104 902
921 123
36 954
197 25
82 151
840 411
603 253
432 956
91 681
515 745
662 110
843 862
657 592
203 54
951 984
603 876
22 295
590 560
31 208
734 990
868 375
412 990
466 82
511 380
591 878
743 22
999 69
846 331
460 827
887 72
258 279
285 331
669 866
19 535
489 410
543 263
532 920
66 967
294 493
727 239
821 883
152 121
298 946
771 877
716 726
794 453
337 575
252 615
233 251
333 676
732 249
531 610
332 687
529 739
766 2
318 649
815 272
234 303
256 845
629 197
267 536
750 766
641 544
659 621
859 89
333 692
680 518
414 789
961 636
722 574
778 859
107 495
399 741
640 167
691 650
316 529
66 179
622 825
174 925
152 79
697 630
565 198
92 290
620 173
757 165
34 135
864 73
909 610
743 903
267 391
860 140
642 670
398 731
788 855
248 803
384 664
901 243
623 164
47 154
111 102
747 597
53 547
355 546
386 263
999 937
988 932
707 825
70 762
410 867
45 550
326 414
340 352
461 211
238 16
900 448
178 227
478 295
877 266
307 113
397 568
501 374
836 698
759 84
441 704
213 202
122 376
613 663
662 322
444 215
341 946
119 756
117 403
244 119
574 549
101 230
677 417
259 91
411 737
571 511
175 605
761 279
554 70
751 852
229 121
980 203
796 970
301 555
587 96
748 591
767 454
649 675
402 846
900 344
212 937
324 587
134 729
639 697
693 342
550 370
713 683
832 236
405 639
704 888
90 737
84 699
150 50
191 523
267 908
728 450
708 289
67 911
620 923
792 284
397 787
776 1
973 409
35 987
371 129
762 765
290 554
71 131
954 453
424 943
947 244
218 991
810 236
907 820
402 412
916 163
585 445
140 448
269 37
497 747
940 483
855 735
900 418
439 368
95 706
439 775
121 394
139 230
616 663
784 840
217 622
752 390
400 133
991 121
764 635
441 751
727 361
267 816
629 756
688 986
10 364
766 38
516 150
298 966
231 225
599 819
707 699
154 142
844 557
755 671
433 578
324 347
687 267
46 592
517 361
46 855
782 255
581 64
67 956
241 911
251 837
901 334
773 872
192 640
927 756
865 915
179 755
611 48
218 954
144 466
452 991
769 493
880 666
495 125
905 797
611 115
530 741
898 177
554 883
140 46
396 308
627 787
321 374
35 51
669 875
775 403
409 287
7 611
147 607
903 831
691 372
487 352
879 993
667 665
549 931
39 175
573 398
785 924
693 611
480 943
829 482
57 238
866 404
31 177
65 298
944 408
670 775
84 267
380 603
432 13
276 973
509 235
905 708
503 827
740 720
763 188
813 108
364 483
672 268
934 299
700 267
433 302
999 438
649 502
756 968
909 788
805 949
837 946
959 918
727 295
190 427
952 446
162 602
543 353
567 273
917 197
515 776
529 186
147 715
445 234
808 288
900 931
111 914
95 243
694 96
993 875
741 423
101 143
276 89
134 946
593 124
231 267
886 86
305 580
684 573
592 111
827 176
914 594
44 566
899 758
653 134
994 949
96 852
343 808
70 554
239 725
219 388
482 665
484 95
993 189
507 776
517 297
199 774
122 843
345 648
748 603
325 523
379 30
434 587
498 444
877 540
64 751
750 436
674 834
375 805
238 390
670 767
254 968
877 820
62 865
990 537
28 8
59 527
102 411
279 110
463 921
933 910
217 390
395 955
414 573
419 798
818 675
824 881
410 735
16 191
709 821
580 480
194 523
548 755
870 488
896 982
476 535
337 722
237 973
355 583
616 755
588 562
61 713
484 780
27 634
777 623
259 324
419 825
978 291
807 418
858 195
325 554
4 855
647 853
524 185
231 551
958 377
246 990
316 513
650 740
132 761
41 409
258 978
758 903
945 121
13 440
814 798
738 69
992 795
591 104
528 344
938 834
396 460
231 768
972 635
598 279
285 838
127 854
683 200
898 950
805 766
84 422
939 514
781 804
613 112
312 120
980 641
970 234
506 877
591 113
823 292
999 820
705 986
217 740
651 392
109 964
44 659
513 741
943 717
724 129
518 599
184 798
193 339
610 372
630 765
314 435
410 496
997 896
461 986
706 804
900 187
546 926
853 302
821 860
625 713
233 524
959 268
145 683
512 359
929 77
668 671
114 624
219 457
232 280
942 668
645 575
244 207
489 371
721 680
411 271
972 293
550 609
776 765
272 91
544 996
439 195
952 55
522 242
191 919
732 45
373 117
446 210
95 790
342 629
495 318
810 827
383 961
355 668
766 698
1 965
526 299
56 419
492 492
853 472
123 813
578 790
619 789
654 459
934 933
564 275
