4000 97209
994 501
32 178
927 479
231 295
903 688
978 480
257 37
649 161
754 885
611 139
469 536
807 605
842 457
609 781
234 7
944 701
775 880
695 199
130 710
510 296
762 642
56 418
943 888
396 510
553 165
325 810
374 413
518 921
296 128
544 457
39 195
716 855
42 863
210 426
504 544
191 225
467 468
319 797
731 20
620 257
334 204
404 48
205 403
449 670
424 302
498 107
585 132
348 353
526 927
204 377
549 463
731 814
596 139
757 785
311 260
325 627
966 337
785 900
5 826
474 556
62 353
658 7
163 956
373 109
834 949
209 101
823 568
565 315
905 693
364 145
484 720
574 473
313 190
22 657
627 189
254 779
390 897
916 855
400 723
662 126
553 250
825 990
135 325
888 183
867 436
99 994
223 483
860 996
835 495
584 253
270 593
456 267
783 193
665 251
926 207
422 989
467 795
191 502
104 448
577 244
878 478
142 341
851 951
783 993
907 193
680 785
642 835
436 327
929 284
504 907
389 173
159 75
227 898
984 823
804 840
442 616
540 991
489 209
466 672
372 906
402 954
548 95
833 195
782 735
353 728
924 272
116 559
931 927
542 349
966 881
11 93
535 309
278 822
390 682
346 177
924 154
162 885
184 279
163 422
287 89
959 398
686 133
788 681
285 878
828 927
493 836
765 989
508 783
771 144
132 448
969 867
578 835
645 262
2 119
227 123
908 664
678 283
884 595
359 709
814 443
112 145
304 330
432 959
183 876
102 278
242 210
757 332
21 31
30 248
845 174
382 422
239 135
295 447
679 932
396 483
576 671
785 223
926 866
39 592
257 497
987 251
778 460
179 792
735 344
286 962
444 474
704 724
143 574
248 526
16 838
991 602
590 517
501 659
535 934
777 479
985 716
702 482
442 36
896 438
600 628
796 653
700 222
458 716
238 127
908 50
862 145
579 647
42 660
262 268
645 292
144 153
650 959
8 506
688 384
27 824
710 642
223 596
613 709
31 459
721 180
430 134
402 422
252 900
213 14
780 411
823 404
821 325
936 582
865 986
395 184
970 978
898 39
299 470
833 354
220 742
203 313
234 676
333 908
568 872
91 161
277 800
100 918
73 954
389 540
477 150
435 332
321 991
675 802
325 97
720 512
873 106
130 574
912 219
437 207
75 559
113 274
847 540
940 846
568 891
370 108
207 707
871 533
264 243
974 840
584 34
856 954
445 124
50 777
397 118
130 559
974 943
580 481
630 309
869 370
736 629
345 62
826 867
209 343
396 554
922 62
18 32
447 867
598 606
132 937
642 764
463 224
434 399
175 556
166 477
575 630
383 73
406 161
44 787
386 895
911 355
689 107
689 39
882 789
71 991
919 176
981 492
281 313
209 914
594 443
535 738
524 23
627 452
142 434
114 160
760 378
434 22
409 804
14 226
532 44
184 82
588 659
415 632
810 287
604 569
427 931
390 983
245 545
493 454
739 376
762 276
455 517
725 169
648 764
883 114
831 911
973 952
224 574
810 495
173 1
208 647
132 994
475 777
612 374
774 173
691 690
536 790
873 901
243 822
964 125
96 612
662 659
292 274
494 159
557 818
783 51
183 687
933 978
722 17
291 799
535 404
762 792
91 290
444 254
336 215
159 696
994 610
486 237
108 858
804 278
720 676
919 140
726 57
725 389
916 488
242 857
571 928
795 91
124 15
411 88
212 793
227 336
694 601
223 818
139 268
536 107
116 862
922 939
981 59
876 327
454 968
899 239
77 223
219 809
231 261
490 416
376 844
390 558
914 700
521 333
941 241
849 344
279 6
951 654
294 586
436 221
299 239
638 92
571 777
544 694
836 436
429 887
45 857
766 375
447 147
933 360
767 191
980 214
321 311
48 315
624 931
651 44
896 116
822 662
432 272
502 645
438 940
126 264
290 849
414 506
83 792
873 384
255 178
431 209
626 849
823 209
274 438
67 413
783 538
145 685
229 797
66 436
56 371
789 671
76 991
103 402
240 113
615 211
181 110
415 457
740 577
983 384
56 440
643 86
654 779
624 17
845 504
182 122
734 690
206 841
903 293
840 930
464 502
908 483
997 991
952 561
557 85
577 506
208 890
626 747
416 428
690 246
819 190
555 865
383 496
370 277
689 373
719 855
913 165
175 144
105 604
522 180
920 159
779 805
547 32
819 824
487 208
778 552
980 315
638 228
804 317
446 540
550 361
732 112
533 499
48 736
525 774
444 747
743 991
660 560
743 68
95 735
734 164
502 660
314 841
466 899
509 806
288 395
837 172
716 174
783 234
58 526
476 348
972 315
922 219
700 548
209 904
200 93
165 53
684 614
730 848
43 714
413 605
524 227
501 44
892 662
852 446
38 640
606 550
293 768
222 118
506 252
692 814
147 788
879 384
745 484
544 587
71 504
850 622
254 566
402 487
476 157
150 714
959 259
71 623
401 209
619 998
43 432
175 501
625 225
115 210
796 641
731 226
201 937
973 406
779 570
623 681
920 296
978 733
882 725
326 923
875 313
257 320
736 628
891 206
728 298
448 860
113 564
389 950
103 531
993 849
139 163
331 762
518 182
716 245
39 3
80 606
75 708
569 804
404 708
408 697
707 218
196 628
798 807
535 912
775 941
896 119
27 899
763 518
709 145
761 956
652 133
820 693
888 383
130 440
394 947
599 952
481 336
258 476
94 529
11 848
946 446
606 142
848 133
659 110
94 935
990 208
641 183
543 907
649 728
329 828
603 543
546 836
738 280
561 967
413 836
654 141
325 135
437 945
464 624
399 415
340 51
859 166
515 938
553 895
903 405
571 997
22 880
893 166
484 242
97 475
238 811
693 234
249 661
759 371
570 959
691 558
587 511
992 615
65 247
796 418
838 80
610 177
603 928
298 995
749 24
967 712
519 380
967 341
933 138
293 382
366 486
699 517
727 776
322 192
331 726
291 472
360 304
299 775
957 563
598 733
166 72
296 836
490 868
871 834
189 565
508 939
959 395
356 859
897 50
825 731
786 630
963 341
382 532
331 875
285 705
173 211
187 500
273 520
781 509
729 522
868 771
119 539
925 133
514 259
13 203
4 4
268 9
291 165
183 151
941 931
547 398
813 624
557 287
522 554
598 445
904 573
661 106
224 668
141 211
479 879
649 834
831 160
425 715
169 808
571 203
989 242
443 693
386 556
784 678
685 362
857 45
189 628
786 194
874 673
347 545
266 877
866 800
795 588
191 592
314 869
374 967
344 904
609 417
608 510
371 408
353 543
191 911
227 586
694 208
607 427
956 333
444 574
28 441
217 2
835 969
785 145
572 855
708 368
79 738
674 493
21 619
887 117
264 66
949 549
844 598
559 853
746 703
229 917
60 479
291 936
756 266
318 911
633 234
247 408
368 140
806 676
512 393
680 642
268 721
385 456
927 648
852 704
57 803
302 129
932 896
934 722
840 175
329 606
898 769
923 603
329 240
835 6
257 483
608 950
441 282
15 573
512 788
316 134
609 109
864 76
241 943
932 827
891 925
362 714
269 406
344 847
412 482
825 306
55 708
177 643
641 141
593 286
694 239
691 936
379 313
977 659
240 489
496 338
184 738
323 384
725 598
667 529
178 103
263 822
545 95
375 758
274 219
879 407
398 153
571 899
447 327
59 477
745 205
286 645
635 432
65 659
970 471
582 732
645 819
562 286
463 634
917 910
710 980
101 694
499 505
524 683
120 563
732 21
648 888
607 7
464 312
584 433
543 969
996 488
627 871
938 539
100 40
242 97
786 486
644 82
54 728
946 30
136 427
773 278
877 349
404 451
251 630
250 191
951 710
19 474
912 842
319 896
53 870
48 286
767 514
48 289
177 805
856 304
399 696
488 704
636 648
454 416
850 979
262 611
753 603
812 66
571 525
705 900
152 891
85 339
230 100
439 323
996 877
984 302
192 876
39 69
379 546
629 842
560 729
336 681
774 337
319 368
12 636
841 372
635 970
87 678
503 457
559 975
724 177
706 624
173 210
566 805
210 451
860 300
596 546
12 827
894 264
250 239
320 747
841 152
345 160
267 258
836 998
855 756
706 521
718 484
359 868
855 879
797 709
377 738
976 98
720 812
924 629
923 291
657 696
351 926
450 368
942 327
6 960
84 719
422 415
480 660
442 498
356 403
642 924
279 550
894 731
1 522
973 496
230 128
444 346
714 322
528 355
566 788
399 840
10 397
383 808
850 412
478 742
693 178
542 509
515 298
759 134
771 832
709 28
887 663
817 40
159 192
505 817
604 657
118 632
342 656
879 517
178 55
469 277
473 937
89 431
521 228
635 727
453 733
527 510
938 488
720 243
620 427
309 564
767 259
485 455
758 901
877 33
308 881
690 399
760 71
903 676
469 499
557 97
782 824
993 3
832 37
962 415
572 27
166 25
553 81
101 903
186 659
328 879
360 88
141 283
614 941
693 533
365 758
788 310
826 404
691 385
389 142
405 667
99 472
530 884
53 562
391 352
982 300
878 448
462 401
326 934
19 849
787 565
93 9
759 580
519 359
135 439
462 554
350 160
313 314
829 938
274 78
361 724
454 50
34 313
67 970
405 554
812 384
139 737
318 348
877 848
982 258
401 874
792 631
628 922
581 308
984 633
630 997
706 431
977 995
436 672
570 307
229 721
682 480
155 993
752 85
416 766
684 995
839 212
833 207
160 642
562 591
420 144
134 677
716 218
928 843
31 159
151 663
859 133
953 651
946 210
109 19
700 647
368 225
952 79
270 786
507 84
850 88
835 290
927 56
706 341
470 231
790 214
623 533
829 518
587 753
431 184
312 708
433 700
972 300
373 448
684 928
670 789
139 283
786 954
384 806
579 906
630 742
659 24
53 860
760 361
440 21
582 469
426 355
44 974
359 486
969 197
492 575
168 804
330 726
138 238
314 332
408 285
88 994
777 249
637 576
766 383
573 469
809 992
324 767
39 109
337 830
262 976
382 805
647 460
500 694
895 566
184 676
140 131
184 428
467 357
19 213
799 804
92 951
459 452
901 377
591 44
492 719
988 388
442 121
436 230
978 808
417 977
391 219
103 258
918 32
281 283
57 322
473 314
148 315
422 102
611 454
72 851
54 454
604 790
860 568
1 635
976 826
113 982
413 817
494 927
815 588
381 965
940 400
627 253
383 326
483 188
782 121
705 396
752 814
27 477
230 639
799 96
744 251
973 244
881 898
344 318
987 239
792 185
708 295
927 50
944 757
726 426
761 815
439 241
101 102
725 339
212 793
176 418
41 1
898 754
174 787
871 169
132 412
996 582
458 659
214 631
183 984
25 325
275 15
980 174
462 787
947 996
332 670
72 466
760 804
667 897
156 755
440 703
729 649
459 60
702 273
505 251
629 502
366 200
818 889
227 387
77 880
607 981
635 170
974 67
967 256
629 720
291 387
528 829
911 577
867 318
884 286
792 241
989 72
558 193
333 789
761 450
867 281
781 71
873 575
133 424
757 246
114 96
181 71
350 643
460 380
76 542
270 966
404 992
215 441
310 955
923 908
386 268
912 771
967 593
590 163
49 854
512 861
495 819
974 189
870 272
149 173
467 490
267 674
25 717
571 597
465 652
277 743
551 720
129 600
285 623
906 218
106 979
71 903
438 371
327 915
325 395
788 231
424 134
583 862
73 503
995 144
369 431
786 594
575 957
476 812
307 389
117 950
740 180
419 151
202 461
189 389
593 822
667 196
464 660
676 706
573 17
158 815
233 937
467 253
915 269
319 324
872 266
419 983
332 872
657 312
220 832
917 423
335 920
764 623
744 851
745 509
275 31
120 427
577 551
259 542
752 997
61 602
95 318
844 390
302 15
121 935
522 45
13 96
606 839
312 772
781 38
647 663
581 724
611 92
821 857
550 611
124 416
998 764
725 846
648 710
268 424
989 995
817 8
996 644
413 298
102 805
920 365
873 413
490 14
17 112
560 653
145 690
933 227
291 472
914 952
654 767
616 166
711 666
712 982
527 182
81 290
911 691
45 476
563 469
212 241
233 396
210 346
952 794
876 636
520 81
834 200
511 103
139 205
885 806
213 384
381 714
366 361
345 697
477 103
693 489
768 880
930 496
166 636
53 903
247 333
722 844
629 929
143 406
629 342
851 511
370 662
126 125
905 297
491 11
725 468
925 509
952 809
912 749
59 708
978 219
595 819
304 820
884 553
389 603
410 852
6 457
374 331
373 615
795 408
502 777
19 679
690 300
48 750
293 834
273 500
623 412
409 386
336 211
558 746
137 22
548 637
201 689
103 850
193 350
445 973
786 26
755 982
564 147
835 664
132 504
841 940
779 380
184 517
910 175
181 399
153 483
136 708
233 891
544 910
218 387
706 432
646 459
871 599
921 244
760 243
582 753
550 520
545 985
208 830
860 544
755 527
716 610
934 457
216 828
64 561
96 94
624 920
799 184
64 309
432 799
254 221
621 963
932 293
662 80
185 892
969 462
243 613
943 39
477 502
177 296
953 58
370 753
660 278
604 665
346 21
946 194
161 909
388 273
303 213
461 474
104 582
325 37
789 565
619 714
909 774
588 84
120 595
157 199
674 622
381 793
48 986
361 361
259 168
729 603
8 239
21 341
855 272
566 842
238 952
117 393
989 777
660 291
200 324
75 666
142 411
141 824
537 22
425 127
633 750
720 702
677 194
194 574
354 789
49 462
953 648
294 338
991 248
762 666
128 772
783 229
187 348
875 22
422 290
621 543
96 335
341 460
302 167
923 492
786 616
362 777
162 313
37 770
32 971
119 859
138 546
954 496
773 575
901 239
141 132
418 994
326 359
108 154
836 281
66 350
23 322
940 655
252 677
687 924
470 647
506 133
874 710
287 189
242 577
999 449
113 117
710 913
330 384
696 355
55 393
458 338
159 75
325 434
62 593
880 311
961 565
582 981
339 941
975 920
258 888
24 614
390 499
415 888
646 178
60 115
647 179
177 6
164 785
497 16
82 196
197 399
254 776
247 431
142 406
586 823
800 6
959 590
314 971
683 510
47 161
130 574
312 278
452 103
99 522
616 117
214 742
988 464
180 603
33 989
306 865
852 149
563 803
414 370
603 184
980 851
306 708
175 434
993 32
423 819
278 564
555 583
352 113
281 748
914 827
589 87
683 790
282 554
53 478
950 64
365 372
267 772
182 703
130 441
211 817
624 704
696 585
824 946
292 13
324 429
896 505
251 9
530 756
59 103
936 732
22 632
519 713
28 184
208 203
196 354
483 273
96 290
230 423
473 11
309 278
440 80
71 42
833 570
302 323
15 340
440 394
165 114
86 323
787 21
413 857
245 886
851 912
918 896
928 91
820 845
682 351
498 381
86 998
346 162
204 20
518 515
183 445
642 573
416 228
515 781
495 385
4 299
34 346
134 87
718 823
180 135
802 956
679 122
873 393
755 344
690 876
220 961
371 13
742 892
529 640
183 479
666 175
463 325
501 638
184 357
754 719
606 104
633 122
557 699
59 892
153 944
954 199
200 967
456 766
570 663
233 473
545 875
659 811
977 820
875 852
387 812
721 125
884 395
928 30
103 677
220 71
243 849
721 354
120 835
634 927
408 974
38 346
109 779
830 777
693 651
93 808
501 898
774 348
346 450
539 263
273 471
441 747
40 375
610 610
668 724
359 760
261 163
904 984
117 281
793 130
432 681
448 803
710 699
206 548
609 579
761 210
497 502
193 574
643 33
702 306
332 678
603 859
128 257
728 115
343 441
518 554
287 257
407 965
287 17
781 550
659 602
882 837
542 860
43 252
155 269
987 450
632 2
148 591
952 743
163 355
149 80
122 857
805 670
233 295
587 584
45 822
642 260
626 931
894 367
879 381
168 858
172 839
454 57
53 722
626 141
798 634
554 381
812 781
965 137
958 533
771 797
260 336
811 514
556 845
880 490
70 986
904 177
108 827
956 640
185 581
942 795
950 547
94 308
362 114
527 641
595 889
933 716
6 558
15 121
630 871
982 460
267 854
176 672
621 895
278 938
806 689
237 360
586 933
845 806
912 381
435 604
455 530
393 427
918 845
341 859
927 865
184 144
179 617
641 852
524 428
492 880
808 554
751 591
178 463
137 436
704 405
448 924
809 561
775 196
677 23
516 441
346 927
478 773
303 112
416 870
93 599
956 705
981 686
825 463
652 755
280 741
568 707
354 252
793 877
958 230
887 975
811 280
461 420
912 149
691 532
892 485
508 726
996 351
546 791
440 94
62 515
701 830
24 652
745 868
79 781
296 792
831 360
347 820
169 366
817 154
974 271
728 607
660 142
946 93
822 50
207 714
634 219
210 546
860 680
420 281
994 284
974 127
545 764
516 392
798 321
663 38
630 662
389 701
316 444
604 55
814 147
683 845
416 456
451 318
82 869
819 512
716 927
84 617
669 228
541 648
869 354
298 307
494 158
416 320
25 56
71 942
996 101
624 162
936 598
235 356
659 36
791 300
83 850
49 807
75 218
779 358
318 823
1 290
562 699
995 647
878 425
853 888
540 334
109 982
56 787
409 799
9 128
223 660
318 257
426 891
389 774
329 657
776 990
3 38
201 872
284 888
345 182
126 318
172 41
981 248
412 957
135 626
685 185
166 703
447 375
882 786
261 190
792 504
629 792
360 47
367 825
226 762
949 587
403 947
329 7
172 530
765 495
676 430
95 291
290 774
679 442
154 498
833 818
634 79
498 57
415 456
26 911
688 30
85 890
755 563
766 504
398 159
18 91
497 65
94 69
384 443
163 51
433 410
940 78
252 509
524 814
746 541
52 237
619 632
805 947
305 804
386 67
977 684
221 167
424 537
13 870
812 118
478 238
501 400
176 61
750 501
836 839
527 389
340 160
109 962
55 987
916 412
384 200
240 617
826 265
436 810
518 801
724 256
55 862
740 424
790 542
339 705
430 323
313 329
189 913
295 769
606 853
565 383
663 719
108 935
729 905
300 104
753 995
175 446
462 80
945 426
47 21
83 211
484 49
973 407
611 714
863 695
508 653
229 902
954 306
688 611
410 415
296 54
273 462
307 770
878 2
91 779
239 976
475 602
130 923
205 48
308 248
662 1
120 899
281 8
450 108
366 741
558 987
931 665
797 605
388 755
761 39
748 146
79 605
314 471
171 537
681 997
211 342
188 733
765 274
33 987
255 343
589 250
320 846
913 99
928 62
518 833
802 379
625 624
823 404
129 213
853 158
481 270
31 591
461 175
947 631
285 114
610 523
205 171
269 123
814 412
202 421
659 787
793 708
735 893
776 265
924 489
520 237
135 320
368 449
721 530
988 243
703 847
583 209
754 796
203 74
719 856
485 747
880 903
292 125
538 618
496 984
354 389
241 433
824 240
588 230
919 670
89 810
194 891
390 809
106 979
913 33
152 777
485 616
663 361
93 489
116 151
411 661
643 261
282 917
118 818
752 258
461 993
180 769
359 893
475 513
468 320
754 792
284 714
85 540
763 776
414 364
611 542
989 784
250 41
35 319
79 703
537 727
7 7
152 571
18 779
667 654
939 503
735 202
672 533
513 375
981 24
816 918
259 644
582 85
899 973
688 393
659 846
128 154
569 569
419 344
630 450
313 390
809 613
192 220
169 338
201 92
664 625
953 72
216 503
350 594
641 433
52 989
43 61
763 685
957 304
200 703
310 888
143 875
671 227
392 192
409 325
979 563
997 138
303 80
339 618
819 974
434 145
714 313
56 94
998 179
915 264
163 73
719 475
794 587
384 353
302 998
173 300
830 651
639 947
55 148
785 131
142 665
171 593
929 896
578 127
809 240
44 994
400 46
529 642
713 117
289 462
322 735
459 70
140 648
693 251
634 840
59 873
904 486
464 687
766 765
76 275
16 415
750 863
559 180
850 424
476 141
854 780
293 290
663 394
903 284
321 14
776 502
846 260
302 551
841 299
884 323
482 832
674 626
369 590
913 410
492 319
818 204
315 484
509 617
848 75
148 908
669 433
565 890
775 855
729 55
311 227
256 83
575 995
678 524
67 706
231 432
683 30
778 558
214 136
522 351
864 832
407 513
304 680
838 986
522 403
522 423
706 26
162 302
164 705
252 151
86 539
791 216
522 593
254 907
397 224
874 472
780 365
198 65
695 462
286 754
220 274
714 261
768 744
358 806
57 904
510 473
179 425
283 273
641 203
725 125
589 575
728 866
998 791
963 571
466 860
324 945
615 929
456 981
357 815
33 184
560 317
137 996
850 946
190 151
232 749
75 903
234 627
234 498
16 478
381 403
829 877
485 498
290 520
685 459
112 615
745 242
851 323
494 716
639 972
306 958
248 714
812 837
783 597
782 353
233 631
91 864
990 94
515 617
98 287
499 474
176 455
454 606
575 118
374 744
695 226
660 798
844 720
624 385
233 966
428 375
73 547
13 362
44 735
305 360
551 601
92 33
340 213
230 898
184 929
712 364
583 288
361 762
850 938
234 120
834 892
929 450
723 724
246 160
257 766
127 143
376 694
957 613
664 695
507 437
931 140
598 879
31 757
384 232
11 330
570 380
607 679
452 670
21 874
332 753
992 953
598 139
651 584
722 750
498 131
278 366
618 916
680 407
869 99
215 706
69 686
392 459
411 887
665 879
17 478
674 157
982 283
262 617
386 264
527 564
977 257
898 569
286 306
370 930
420 820
787 607
128 673
371 563
527 396
897 223
291 525
399 789
933 427
780 164
19 513
880 379
523 460
240 544
669 653
514 404
871 844
262 311
903 844
382 25
279 784
525 288
609 906
989 441
627 837
132 536
469 535
764 222
821 471
10 346
934 682
120 718
436 618
542 102
280 910
448 374
950 476
911 354
594 286
473 87
320 190
185 129
265 745
603 672
509 115
134 937
653 196
827 949
541 383
148 518
982 245
579 856
360 783
715 879
937 570
728 941
848 403
388 701
572 963
819 372
621 236
440 41
174 237
409 19
436 687
252 195
902 981
874 898
209 455
903 791
567 978
983 847
473 823
768 308
206 859
232 741
503 386
267 805
361 203
524 246
648 157
816 323
345 960
27 322
216 831
983 656
460 454
934 604
72 182
609 774
465 817
845 82
521 883
517 32
491 409
275 193
319 919
516 28
541 544
713 703
757 286
582 244
696 536
218 447
746 843
255 798
330 765
344 937
481 399
691 212
322 373
14 173
976 557
487 672
43 331
682 584
336 494
547 361
469 560
999 349
186 150
127 489
268 216
834 829
989 387
410 884
141 7
248 312
853 407
321 916
112 757
160 214
644 714
495 901
385 971
743 248
631 910
970 910
824 558
195 435
975 585
222 519
757 656
175 429
51 391
293 23
527 512
143 543
836 753
608 670
417 878
361 453
480 754
195 316
169 561
360 86
563 479
702 264
550 434
714 194
170 29
61 339
618 813
852 314
426 614
939 667
596 74
138 297
443 723
395 855
221 204
181 777
92 860
26 533
889 870
842 529
225 601
615 792
343 681
998 594
518 983
336 65
26 464
652 38
155 415
21 622
31 722
417 970
470 280
852 68
728 495
916 911
750 279
665 118
430 33
436 972
621 2
547 227
789 830
54 324
45 569
784 598
572 794
802 788
300 391
3 132
145 921
518 960
198 442
622 522
271 497
287 491
717 660
7 138
905 292
362 174
141 912
677 57
485 694
338 223
695 788
30 17
718 528
935 410
192 744
514 394
309 628
442 622
428 195
597 702
396 363
931 13
952 850
359 464
916 715
278 139
816 174
850 495
691 213
647 649
541 50
50 334
252 381
180 263
49 648
57 452
792 405
124 934
334 233
14 437
485 328
798 254
445 204
606 845
291 345
181 141
504 927
18 33
16 106
178 4
153 856
59 104
563 812
45 728
776 424
600 822
973 771
341 794
992 635
403 608
559 264
410 707
914 313
301 378
436 512
554 383
882 769
307 983
747 278
256 50
292 244
23 450
646 560
642 887
110 568
976 148
519 107
572 667
884 194
289 990
660 286
569 937
786 963
833 801
384 397
527 308
297 309
977 275
289 796
286 501
131 538
782 389
61 950
966 467
148 648
674 456
893 293
473 714
365 762
424 112
147 675
648 361
428 577
555 346
184 227
734 107
299 908
430 616
473 163
709 340
709 845
351 670
357 330
817 171
997 248
555 339
992 556
468 944
295 412
374 450
778 393
384 167
804 985
710 781
686 851
312 948
681 356
356 401
420 845
2 396
368 944
307 110
242 695
936 507
214 469
959 336
134 962
474 718
144 342
402 665
107 126
356 346
327 189
363 36
118 195
958 832
306 132
209 56
896 307
784 488
807 983
829 800
161 879
600 769
403 91
606 824
649 736
685 272
293 98
382 663
254 597
296 254
123 435
315 410
586 935
376 164
655 589
106 719
89 742
887 41
789 256
74 894
531 182
329 167
840 487
4 562
120 902
963 67
317 953
125 465
863 715
25 363
951 106
45 612
599 702
290 600
876 531
738 518
340 44
609 245
808 4
10 600
523 842
650 21
819 183
494 169
680 590
135 377
570 981
247 841
56 355
807 606
899 94
885 596
635 232
511 163
302 402
666 863
961 140
423 458
620 596
387 92
588 156
804 212
247 897
928 355
922 949
381 46
72 28
598 451
872 570
143 547
159 147
247 724
511 134
136 81
512 570
119 646
260 820
15 465
300 114
94 151
957 754
130 374
731 703
231 281
327 710
292 745
258 928
83 542
499 907
609 989
156 368
91 390
361 158
90 172
282 310
152 885
816 750
822 89
707 832
16 642
870 134
838 924
697 166
92 546
293 87
590 938
89 642
518 38
412 844
959 662
850 685
277 854
530 52
920 671
911 146
752 434
154 160
928 147
749 285
238 520
61 274
717 520
578 606
370 566
132 441
981 93
576 278
996 522
388 842
551 568
607 403
776 181
748 852
658 926
874 787
624 433
300 625
463 48
284 340
531 399
907 994
505 40
141 157
105 836
927 816
119 597
612 464
160 532
57 844
191 340
376 369
294 243
847 75
292 32
336 525
876 94
762 18
27 256
798 69
522 545
259 678
700 513
520 669
273 508
416 881
688 994
490 446
145 695
109 96
535 190
298 232
311 698
582 791
906 335
650 821
642 428
33 102
668 805
874 813
607 966
753 569
984 155
761 998
248 176
59 261
823 494
199 247
960 143
392 844
116 264
889 750
286 195
734 997
634 876
116 472
511 54
881 152
368 391
275 459
103 961
598 648
63 218
419 387
267 54
133 257
33 588
509 777
475 286
517 632
673 189
844 776
256 640
677 700
944 612
880 579
395 10
545 57
346 926
112 99
316 118
985 427
300 161
536 42
46 7
682 975
965 411
589 15
789 373
257 778
725 257
950 37
904 654
677 946
23 400
458 116
242 707
698 372
239 859
973 445
914 607
934 161
988 249
721 92
236 168
118 17
65 468
874 584
109 830
935 196
149 978
577 593
521 431
798 352
712 82
607 717
300 980
507 530
520 291
298 214
89 736
901 355
301 501
903 961
828 500
351 242
855 793
472 536
564 407
129 744
615 201
628 980
119 860
135 251
921 248
892 637
126 834
744 47
314 783
401 484
918 796
410 418
234 908
916 287
53 60
330 222
803 787
437 556
667 864
811 700
56 387
340 178
961 591
169 786
618 470
917 813
678 967
643 402
395 437
105 30
971 453
434 802
47 623
899 712
80 64
393 326
547 200
885 483
702 70
379 33
798 145
470 700
863 110
697 798
876 906
644 854
920 213
200 232
202 965
460 824
49 156
330 826
546 653
528 415
133 284
172 41
546 21
662 539
28 91
537 967
934 636
729 466
428 349
891 462
963 834
805 33
755 691
886 999
562 927
513 714
181 539
924 8
342 916
287 937
799 851
809 328
184 258
854 791
258 748
754 468
443 368
606 541
628 245
559 527
236 869
502 162
208 442
556 820
279 212
92 582
503 287
64 83
277 642
424 250
517 501
922 815
132 759
25 516
930 875
31 47
122 936
661 394
823 478
382 388
352 954
179 612
677 984
278 585
307 965
780 189
105 254
269 323
873 702
603 170
387 490
503 683
881 857
325 704
150 415
436 548
588 7
998 129
694 439
247 577
764 874
47 565
258 830
50 755
665 764
22 505
172 69
307 872
294 112
366 427
882 98
488 191
227 321
449 331
51 304
10 421
834 327
179 31
987 201
665 857
544 753
965 312
582 87
423 490
846 754
580 614
684 571
199 58
48 553
755 970
938 813
393 970
649 151
273 95
76 827
564 883
185 303
275 601
993 953
400 500
196 337
427 325
267 475
755 6
4 658
786 908
245 261
920 777
817 757
468 896
622 379
423 636
446 254
59 300
520 516
241 601
696 964
69 943
977 271
439 510
679 484
10 890
259 42
542 265
301 426
829 978
418 521
441 158
76 809
817 509
535 498
183 674
694 529
946 565
986 386
867 880
214 396
198 588
131 981
378 312
164 953
186 668
211 381
876 861
49 672
54 217
829 536
136 738
851 245
239 867
864 542
384 526
971 22
26 641
440 791
836 983
919 487
233 935
262 958
950 404
828 619
816 413
854 674
402 676
719 505
100 793
135 83
367 786
436 201
148 512
19 128
936 912
515 42
785 912
921 108
723 161
225 849
874 554
113 216
62 696
661 804
83 123
719 359
531 318
578 102
624 461
516 2
560 322
783 972
453 346
307 593
348 304
360 77
566 366
33 179
629 247
293 443
696 121
49 110
450 26
402 437
567 183
413 119
444 684
460 697
108 255
585 466
141 699
864 469
661 774
711 416
127 953
940 932
539 488
38 957
705 549
703 243
253 987
303 336
820 411
327 654
482 401
502 156
645 108
929 468
858 490
99 292
884 453
464 34
739 228
434 790
489 162
842 219
758 89
922 633
784 569
606 889
320 393
972 332
304 775
808 843
39 674
219 792
282 824
62 478
379 670
749 437
951 267
987 229
712 110
801 460
520 178
83 542
511 988
741 942
817 721
733 644
932 90
998 190
914 433
620 211
671 987
655 765
159 667
391 564
600 149
688 635
114 489
622 772
359 766
858 398
199 520
595 663
518 94
202 701
772 324
228 724
347 437
796 30
465 285
704 455
837 162
166 659
455 136
738 803
48 655
850 144
549 505
556 610
683 52
914 261
344 949
882 110
60 263
104 481
868 264
212 34
731 121
636 122
863 594
551 45
227 476
403 690
307 332
281 945
19 350
515 573
802 80
758 502
842 359
381 663
149 964
158 744
514 788
825 89
405 941
679 905
218 80
768 243
338 434
602 335
833 775
233 225
759 787
125 57
824 864
918 498
950 55
576 30
395 436
103 883
972 474
658 931
434 911
469 684
938 845
500 569
260 179
205 172
801 461
803 151
754 877
312 853
24 828
773 523
453 241
913 798
426 981
344 66
22 413
533 504
173 514
801 491
986 435
258 735
855 238
451 251
422 451
185 240
579 677
347 392
914 95
444 956
283 524
533 530
921 40
778 17
676 248
383 613
547 498
216 511
993 479
190 8
156 635
823 605
198 877
581 753
405 552
794 580
467 103
785 428
98 352
934 957
28 424
4 678
305 971
672 182
183 638
303 693
925 141
188 390
743 995
884 643
837 756
741 114
711 721
999 719
586 346
689 965
803 707
488 220
114 389
228 290
310 578
807 40
28 740
856 763
829 868
720 199
104 965
986 210
325 605
321 676
551 676
298 300
367 620
369 519
828 310
253 933
310 977
78 945
600 58
607 605
997 182
145 391
584 753
825 964
820 558
607 756
87 356
489 621
731 503
171 773
873 734
372 176
675 713
851 419
343 354
656 166
603 740
250 791
449 42
343 894
920 566
987 653
899 876
342 487
471 998
486 705
744 736
857 725
284 395
636 420
619 509
340 907
411 286
540 873
74 776
374 777
544 184
539 936
852 364
604 634
201 991
32 736
889 664
622 763
142 189
79 409
183 464
709 85
597 157
535 650
161 445
315 58
618 603
336 663
459 529
452 674
84 529
654 36
610 337
543 205
204 690
220 83
531 890
805 965
537 939
933 393
950 631
295 219
50 951
310 146
797 379
438 923
795 369
475 727
177 118
818 468
449 59
310 357
416 912
943 979
139 571
904 283
567 182
238 328
581 550
114 290
555 954
158 143
99 962
214 402
990 349
515 982
278 518
629 611
151 438
467 122
336 438
933 758
232 187
794 472
985 204
554 15
224 230
823 80
493 326
20 525
364 199
568 858
819 371
822 25
750 636
245 724
914 754
564 151
841 29
83 568
698 56
882 117
387 409
146 727
721 721
148 415
950 191
5 219
697 556
542 747
529 338
637 494
155 916
856 782
382 790
888 712
943 675
742 758
664 60
541 32
46 613
110 991
396 519
553 736
445 972
266 895
780 573
912 847
602 548
989 676
364 600
973 871
829 887
454 54
72 213
957 421
991 677
153 128
845 473
578 267
86 958
44 250
93 914
318 254
34 550
947 81
828 745
60 442
463 71
311 526
905 705
419 516
683 79
147 959
298 662
503 905
566 128
126 592
703 282
649 59
99 167
13 61
16 604
986 536
49 81
594 692
962 962
789 65
112 884
195 936
955 28
974 448
823 234
281 324
248 670
525 86
13 281
595 590
247 572
836 849
111 310
63 738
762 938
516 926
889 407
817 878
555 709
541 980
364 378
697 158
125 178
39 801
50 125
163 921
189 415
98 968
297 570
138 878
158 67
117 942
577 682
282 210
750 774
788 891
202 705
884 876
672 303
355 367
505 938
650 715
763 344
122 440
757 496
380 213
180 187
801 511
617 778
989 398
602 845
785 85
752 592
596 364
812 511
733 534
808 461
178 739
23 231
890 376
389 507
597 834
482 37
998 443
992 628
221 550
975 748
39 709
187 72
268 105
494 419
660 779
691 609
78 684
51 461
142 753
200 638
669 736
402 169
455 224
232 422
516 13
777 60
676 209
527 229
760 98
776 614
898 391
522 902
121 451
821 523
768 79
956 658
302 462
876 469
2 277
949 26
853 755
96 256
530 548
66 693
411 947
590 154
335 57
268 36
957 347
351 625
975 164
133 856
596 799
629 809
861 299
934 221
169 757
903 185
660 138
391 698
517 30
89 481
922 846
765 844
294 933
896 576
737 748
945 49
483 306
620 816
663 284
647 899
67 8
966 44
372 232
897 351
32 168
42 389
782 514
610 900
848 204
437 533
616 971
636 877
490 229
409 110
880 270
963 18
106 254
126 435
594 526
689 146
612 543
389 229
946 401
984 924
554 347
16 541
270 1
708 719
992 424
319 4
129 749
158 62
796 807
883 546
585 165
431 187
154 589
901 238
743 838
722 525
717 17
738 253
29 123
757 366
862 390
661 969
6 189
905 729
520 753
644 168
537 33
964 33
427 621
18 335
663 594
927 246
344 525
114 982
308 266
51 635
982 408
915 369
630 61
304 906
761 217
723 18
651 774
596 200
632 517
688 733
656 883
502 386
135 813
675 12
815 749
144 368
357 248
957 214
659 830
352 678
145 799
47 290
25 224
736 975
489 604
690 946
799 391
809 944
596 643
144 110
995 881
962 80
609 776
764 507
18 457
186 346
758 307
179 190
623 168
636 925
835 763
94 101
341 17
677 498
286 464
662 305
496 514
270 476
564 104
840 380
729 741
643 910
415 381
607 327
618 750
604 692
996 571
774 538
2 729
57 606
42 75
512 41
122 740
221 617
565 250
718 868
561 314
309 211
18 489
856 620
58 955
649 402
228 733
470 792
25 130
633 658
69 116
155 163
775 207
763 401
298 968
331 727
370 643
500 361
699 686
195 17
669 607
336 149
842 543
351 841
174 929
486 230
656 154
609 853
466 765
223 852
918 684
380 59
938 328
995 348
583 684
869 100
40 211
717 333
388 237
631 106
623 393
646 861
599 248
730 487
499 266
580 339
480 966
422 423
210 645
930 937
738 836
400 365
777 15
242 766
113 720
446 373
337 56
612 980
972 26
464 959
571 562
729 723
524 601
301 129
510 718
237 445
353 804
7 733
211 870
425 451
562 54
211 789
915 410
56 278
263 904
622 799
28 144
