4000 3000
567 899
709 682
962 884
623 377
758 962
182 631
137 344
438 333
78 205
19 838
763 214
954 502
788 827
452 413
739 764
865 317
588 771
839 421
907 141
177 898
887 867
47 778
706 959
410 825
345 700
863 281
825 766
93 339
621 554
465 185
10 448
175 238
459 718
373 366
198 764
325 695
372 869
757 458
712 466
583 558
786 107
517 971
89 693
953 840
296 896
930 285
689 607
803 764
422 556
709 901
991 103
247 627
846 522
671 125
737 297
487 929
401 74
309 526
642 425
86 247
554 783
112 98
828 409
359 904
525 976
104 350
714 121
284 9
683 621
935 940
879 399
604 57
657 861
119 308
151 444
969 671
873 969
821 580
44 792
506 289
216 278
959 646
374 914
469 49
701 364
630 628
737 512
392 228
966 156
391 594
443 636
832 921
938 430
263 759
22 392
598 784
417 949
198 542
987 58
431 947
53 318
24 371
453 163
158 458
930 65
382 707
117 893
967 114
511 775
43 270
493 279
179 773
731 521
456 716
241 258
675 988
510 799
585 317
373 533
150 536
199 273
607 805
962 306
845 120
521 731
904 572
942 10
974 43
275 730
660 89
223 974
261 346
452 478
319 583
913 472
213 979
307 97
22 504
930 325
151 953
741 379
170 506
331 725
578 51
517 463
985 619
154 590
955 202
810 794
981 187
741 580
856 771
522 633
86 552
775 621
795 60
379 733
619 224
128 303
345 443
624 493
797 315
34 841
419 410
818 505
322 539
874 108
313 801
467 617
83 60
200 447
990 816
114 918
979 69
972 995
675 321
411 88
765 409
522 505
963 715
48 940
521 101
554 745
874 240
845 130
18 290
526 525
86 704
876 613
809 62
593 540
5 977
597 436
21 21
964 418
759 627
255 906
144 974
288 235
153 932
782 41
26 833
93 189
11 839
488 264
472 648
220 737
565 284
292 399
606 916
463 421
886 12
923 827
260 265
842 856
626 988
590 726
988 200
927 348
903 840
286 124
125 100
66 394
859 623
448 331
805 638
368 132
250 627
333 904
483 468
2 750
466 897
671 606
510 106
672 942
803 98
726 841
204 871
851 565
302 303
975 678
291 501
933 86
750 182
191 4
639 766
946 230
733 406
150 71
292 664
614 164
367 289
354 736
292 502
387 867
182 486
128 114
910 138
952 123
702 94
212 344
48 803
149 780
960 171
905 126
203 586
664 235
567 338
185 919
7 628
709 365
418 315
84 87
888 224
729 310
376 571
866 591
813 816
426 783
620 76
861 953
681 697
746 242
69 670
142 385
623 765
626 290
812 533
254 415
787 722
39 294
380 520
351 493
991 486
723 29
26 992
575 459
646 275
772 991
878 358
280 205
716 109
763 14
333 538
765 307
89 188
227 463
919 619
152 121
696 489
502 452
320 402
203 388
468 558
198 428
286 971
165 374
839 777
44 128
640 784
965 437
387 706
408 783
727 229
901 243
263 446
817 259
864 435
27 202
474 177
755 597
465 715
297 970
906 583
292 794
317 947
378 67
954 749
980 620
428 545
875 136
114 170
674 624
198 925
575 971
28 899
353 337
675 779
374 890
368 717
853 467
23 778
889 721
664 679
522 126
346 737
791 230
528 243
145 885
800 951
23 756
802 945
104 156
380 69
34 591
15 669
197 663
935 125
981 284
821 745
240 269
362 212
687 823
243 830
839 415
89 620
714 600
29 811
129 658
446 961
522 914
104 217
50 272
617 802
536 286
966 498
233 417
961 522
429 901
558 787
385 711
92 98
841 197
585 737
779 127
213 898
867 125
580 870
325 487
248 934
154 624
651 813
612 896
490 769
1 96
498 555
656 920
635 587
712 608
422 25
671 740
18 508
982 829
174 993
856 478
749 849
991 923
63 68
919 183
192 506
441 786
491 277
303 549
656 713
420 422
825 46
793 778
769 732
973 516
922 558
776 70
631 877
406 318
228 771
387 894
367 262
471 327
808 682
366 74
443 207
773 613
560 74
534 347
346 868
419 815
893 796
548 801
435 931
448 789
742 184
959 921
67 962
18 561
458 679
472 206
205 195
280 194
799 853
925 883
873 388
613 591
94 15
430 30
798 520
822 922
677 199
447 626
272 692
404 297
185 27
620 24
151 932
466 743
341 220
49 26
365 248
381 350
527 933
838 587
693 131
899 5
725 661
784 126
270 548
124 589
486 135
509 359
788 346
747 93
949 804
554 868
737 170
365 726
743 501
826 842
125 327
256 847
30 829
337 445
323 135
979 461
174 990
179 832
853 893
91 401
541 704
203 161
984 272
187 225
111 28
684 413
352 41
892 917
61 13
821 775
281 58
901 323
452 845
139 229
195 891
876 874
480 6
716 471
259 724
347 236
470 361
842 779
747 385
143 876
113 881
462 526
572 135
921 939
270 727
492 984
590 29
899 430
93 110
658 748
498 212
930 368
547 243
943 317
429 248
262 220
833 705
705 482
729 19
20 327
156 63
581 269
661 751
279 829
81 65
853 234
406 713
829 323
191 648
950 280
535 653
79 905
753 501
495 903
221 143
804 793
294 14
781 407
470 113
799 930
64 234
86 896
104 264
681 317
152 846
350 429
189 794
764 686
591 144
162 826
234 139
87 33
770 759
127 959
162 612
167 468
409 845
858 641
501 268
276 571
382 979
182 732
168 494
169 855
45 906
599 568
517 433
380 681
610 916
853 402
142 985
318 186
414 150
852 999
219 226
258 448
263 770
660 431
204 616
342 770
745 968
579 68
569 619
266 660
311 957
869 371
41 236
54 915
720 889
289 994
719 614
704 907
565 151
370 874
514 924
226 646
650 351
969 706
899 139
320 342
394 60
613 936
272 870
232 529
888 564
921 411
263 996
919 250
757 932
157 689
184 537
515 466
703 86
774 520
509 368
477 744
416 417
486 328
766 968
92 803
478 531
528 16
493 567
674 821
995 204
275 607
919 413
481 219
813 562
700 845
105 698
509 756
236 803
34 533
700 333
362 412
282 783
346 218
798 176
636 540
907 370
406 656
369 327
150 780
360 227
36 197
668 986
18 258
941 790
981 761
912 796
680 847
833 264
662 530
846 492
912 320
69 275
83 990
304 830
169 607
46 844
242 309
797 82
573 435
424 556
44 444
749 464
909 753
229 401
26 778
353 875
657 82
143 259
768 182
894 195
368 133
629 908
58 75
118 955
459 181
165 537
964 794
288 934
794 256
853 952
603 96
626 848
748 497
755 100
49 492
535 286
714 885
105 315
751 495
879 844
118 531
108 562
927 50
319 33
46 670
608 23
872 235
35 716
694 905
51 854
361 536
850 855
932 357
929 994
302 108
290 424
806 500
284 9
861 37
595 818
96 831
935 123
1 979
350 526
597 473
517 496
108 760
415 613
206 389
16 311
403 509
184 396
776 905
257 748
399 232
846 116
889 565
493 895
927 212
244 322
335 26
35 658
756 218
88 625
949 790
590 411
652 262
540 812
464 69
275 615
152 128
404 754
929 774
633 46
129 80
288 697
916 345
596 972
945 859
440 291
806 984
117 368
283 4
430 347
47 994
48 533
921 244
317 755
326 560
310 278
404 676
484 738
162 844
885 239
663 262
453 16
535 931
35 843
785 987
961 257
971 206
312 88
815 753
450 195
310 563
104 396
309 698
403 510
564 229
241 394
935 912
234 542
546 680
63 453
283 891
749 594
20 37
11 451
466 378
587 959
554 889
742 81
758 314
598 370
715 458
507 596
362 39
638 102
586 240
462 172
994 510
755 914
45 213
371 899
925 689
911 592
768 270
747 713
888 873
838 508
227 336
960 430
37 279
419 973
210 770
770 795
973 557
833 265
834 664
854 585
455 352
219 412
427 629
949 143
553 873
901 713
388 303
854 556
518 101
460 27
275 608
565 282
156 405
419 84
826 681
593 712
949 714
480 419
873 270
210 984
450 182
919 238
355 679
534 42
657 76
319 579
131 676
501 89
532 272
272 561
390 954
561 58
540 434
541 671
381 676
644 629
892 478
882 892
956 804
625 270
670 51
30 713
306 568
777 553
391 644
950 92
775 352
473 332
560 293
29 214
345 336
705 767
170 264
84 856
121 570
71 84
593 46
638 291
220 441
299 198
819 267
658 846
525 240
724 594
850 886
533 403
276 74
967 208
875 686
444 984
571 954
407 318
796 855
449 697
645 69
895 787
5 861
688 407
913 493
763 808
519 201
198 659
783 883
309 199
245 708
659 261
707 519
832 60
175 358
757 257
952 107
217 745
274 351
424 158
649 344
182 800
808 343
712 766
761 999
291 290
749 183
27 797
234 303
456 133
432 765
52 7
588 3
805 636
841 882
409 386
290 392
383 603
344 459
133 877
545 530
532 47
845 574
840 165
852 865
20 96
585 496
351 68
67 26
254 978
930 485
506 343
577 686
957 70
83 625
563 180
958 822
83 450
235 956
112 928
701 594
602 165
112 90
566 162
749 103
969 649
149 155
657 834
324 681
519 704
568 129
620 950
10 441
136 582
261 194
492 899
475 455
494 849
823 520
302 511
283 188
978 138
893 555
549 705
111 686
273 194
380 716
769 776
123 849
327 326
254 787
109 430
96 626
592 516
846 484
468 671
510 211
86 303
195 434
774 373
896 98
691 640
358 143
884 471
724 268
788 305
714 216
291 540
467 765
464 142
112 130
868 643
613 652
325 775
753 415
883 271
861 562
796 190
839 496
433 49
843 974
506 115
190 837
686 333
690 574
952 82
495 344
270 177
172 601
129 835
198 4
287 35
3 868
673 40
288 13
121 508
72 815
362 291
914 958
68 41
900 598
884 982
106 356
529 875
263 464
994 255
354 396
137 284
859 644
915 948
427 130
220 613
950 925
215 463
438 794
740 463
248 738
70 215
659 517
311 665
788 917
839 862
393 17
843 912
433 18
210 98
43 339
985 229
396 559
465 824
586 769
140 786
616 839
965 420
590 227
50 672
485 708
218 782
71 328
169 494
440 718
70 511
590 417
360 827
870 505
820 465
99 189
53 623
690 198
484 392
687 891
550 439
574 757
361 711
325 493
301 451
23 210
109 370
694 784
655 593
757 981
644 641
38 496
626 944
167 20
425 416
840 63
762 929
208 244
647 148
488 88
925 718
206 529
573 114
30 527
147 745
985 142
399 126
305 993
706 96
810 844
112 96
287 610
538 594
811 64
112 789
391 341
973 227
229 84
64 87
914 587
576 542
118 945
719 660
158 657
205 840
777 885
902 443
192 343
611 948
180 184
415 596
609 985
859 706
695 706
636 310
596 908
762 238
460 513
324 362
19 498
667 313
29 635
241 911
401 376
454 182
900 457
23 812
839 341
696 887
724 947
220 189
893 732
31 81
805 906
492 111
848 601
572 907
364 865
957 315
914 278
133 210
811 877
888 8
419 620
602 748
300 268
821 254
742 90
694 714
842 106
295 427
234 569
601 622
483 835
202 408
930 929
801 449
231 257
296 913
534 147
952 581
204 212
560 395
751 851
640 748
505 276
944 685
648 798
877 205
708 464
649 650
824 355
643 45
633 83
691 6
734 894
635 546
156 725
57 168
420 390
606 970
810 860
301 356
800 189
844 734
722 869
59 697
959 486
884 387
121 405
958 940
898 775
957 379
191 962
393 364
174 987
497 194
511 939
899 615
418 474
721 910
962 78
105 935
862 160
675 555
226 968
258 407
442 645
873 752
366 332
67 417
407 117
353 886
276 7
605 591
645 421
79 368
671 493
873 775
594 662
334 597
856 828
459 942
574 946
421 503
884 123
678 483
733 635
133 119
207 592
155 701
431 125
473 852
266 32
385 889
625 727
679 44
41 189
824 392
27 835
499 90
63 192
153 864
594 835
260 461
134 156
46 392
306 574
574 170
643 267
83 731
966 70
102 626
644 676
540 469
951 790
677 614
748 719
45 170
425 775
656 277
547 667
596 296
947 315
517 869
209 990
53 637
337 594
951 480
522 975
395 852
288 933
251 615
507 138
689 502
926 720
717 520
539 83
353 518
95 733
260 277
369 326
551 985
822 325
378 803
5 911
795 111
776 159
497 996
516 990
927 354
336 345
191 78
53 149
241 98
440 676
689 560
701 356
483 166
554 629
170 523
253 309
523 990
723 990
442 965
947 408
842 273
871 640
442 588
256 726
116 238
96 349
201 536
230 941
873 761
582 170
94 403
667 644
31 654
476 539
128 767
260 6
786 131
190 988
287 837
874 226
853 921
269 590
763 71
857 19
49 115
436 492
588 756
875 914
9 412
584 5
196 131
46 112
152 395
518 82
947 279
999 995
26 539
142 938
126 236
748 461
224 59
818 27
298 25
462 492
903 692
657 361
896 29
734 423
727 755
451 873
872 320
181 72
294 21
310 270
729 351
501 115
815 83
514 965
301 418
871 288
891 171
148 111
759 3
457 174
389 375
593 854
798 780
331 143
610 765
101 288
865 548
278 121
111 944
844 906
901 866
87 685
671 734
194 638
8 898
627 871
702 122
596 684
711 388
175 170
835 543
626 348
978 885
109 659
417 299
261 101
143 555
233 243
710 259
920 593
518 506
599 88
480 320
346 855
425 630
118 952
284 962
33 237
269 557
953 841
876 763
404 221
441 253
821 165
355 880
262 246
779 347
784 994
954 282
372 78
658 577
55 714
212 800
3 888
361 765
25 565
891 435
909 193
263 874
677 465
659 464
884 478
831 609
616 679
911 823
659 985
692 802
994 250
348 983
165 66
745 608
710 94
432 247
698 469
35 555
413 615
674 372
415 234
804 693
639 832
870 973
448 140
215 348
55 74
196 950
783 600
849 673
214 596
63 467
701 181
586 812
581 120
579 326
66 627
503 65
975 443
540 733
573 483
813 361
405 462
672 144
552 485
273 143
407 802
278 30
740 938
521 44
615 743
286 858
138 837
237 585
566 356
753 556
764 931
747 137
311 37
330 715
793 190
430 429
916 772
619 532
248 757
844 935
669 651
536 2
106 467
169 467
769 691
236 171
131 252
783 637
387 742
166 42
89 500
196 569
909 239
818 937
140 186
281 280
735 675
492 211
800 133
482 844
122 491
827 965
722 256
579 976
718 105
205 978
854 81
989 767
805 555
182 445
826 73
268 578
863 420
600 492
522 232
676 112
551 329
877 460
951 435
578 844
100 712
231 801
231 193
670 748
497 641
759 175
182 758
411 129
800 440
207 368
720 790
552 924
117 235
862 370
620 748
17 891
40 70
696 801
546 222
963 354
359 414
170 178
999 838
676 710
965 562
626 410
640 35
812 311
792 911
841 177
371 333
563 129
288 250
84 728
631 583
292 704
693 287
654 899
36 727
58 933
52 69
916 769
427 931
173 451
844 534
451 919
598 610
398 547
723 754
826 463
260 728
221 961
9 710
425 514
288 452
394 664
549 204
375 608
864 871
65 951
400 777
443 887
960 651
636 860
872 320
65 943
544 726
543 822
192 682
813 702
476 439
544 593
212 414
496 516
733 180
541 210
415 836
97 359
963 184
50 363
761 177
391 423
45 216
569 60
991 972
889 406
878 989
43 174
985 525
164 384
322 592
984 140
231 767
540 119
55 438
243 254
612 149
811 679
197 655
604 937
764 368
525 708
829 313
856 784
174 962
136 919
271 253
580 616
743 803
356 840
554 346
31 641
923 891
752 359
475 392
673 149
818 629
380 83
399 328
4 140
526 371
155 338
371 219
977 121
413 981
901 872
752 643
826 815
675 268
128 371
357 947
391 887
205 390
299 211
395 722
969 761
421 970
564 586
809 577
566 794
661 588
793 163
903 369
43 230
567 993
681 91
919 95
453 926
647 881
925 449
637 737
504 582
392 946
134 733
493 332
757 779
257 602
926 181
919 795
603 911
73 571
514 576
551 528
835 604
304 549
423 831
842 631
931 88
522 65
89 636
142 215
63 426
131 453
993 892
84 147
849 130
757 370
502 879
293 267
70 568
175 297
599 35
503 938
825 873
264 763
725 487
822 755
655 589
501 326
620 959
369 207
491 837
780 926
319 305
414 850
625 380
346 311
901 166
335 566
3 886
174 69
210 753
601 217
207 872
522 45
160 747
444 8
763 776
602 941
730 379
598 450
668 955
607 682
16 192
650 363
776 721
935 788
741 895
231 216
727 129
922 535
961 893
855 601
688 361
730 960
242 704
565 131
743 689
195 673
185 789
32 916
687 929
811 823
233 411
781 609
192 798
266 648
29 419
447 863
396 473
621 757
821 725
228 859
772 978
278 328
375 569
650 2
423 347
698 285
293 219
501 522
542 354
423 212
241 214
344 932
986 955
515 714
846 3
86 137
698 639
760 457
876 25
42 979
912 959
268 441
445 738
687 689
606 783
197 649
783 867
720 162
213 746
333 336
856 481
390 959
970 868
114 387
768 839
480 240
746 372
233 815
966 57
268 346
989 869
727 289
329 871
688 679
230 536
738 455
921 49
456 598
751 167
831 495
2 450
530 412
241 402
171 185
718 237
328 476
701 507
561 260
878 940
267 482
941 176
168 754
377 374
809 880
461 943
155 496
325 105
466 979
593 431
84 198
268 284
34 686
594 125
771 406
946 812
80 882
453 909
938 566
394 378
681 358
278 230
974 420
944 660
885 54
531 850
973 280
128 773
670 556
222 150
76 95
256 198
672 459
402 223
976 555
329 992
195 140
415 407
860 243
278 597
375 884
206 215
560 480
60 840
364 125
163 368
426 246
849 427
120 418
928 855
465 253
715 717
507 957
193 994
288 764
822 66
42 350
28 64
957 72
65 899
306 754
347 502
575 341
514 875
996 721
535 669
891 299
671 862
613 119
282 590
204 430
339 228
998 201
512 675
659 51
51 741
926 400
307 779
238 262
436 471
789 27
9 222
355 773
470 825
184 911
252 91
354 212
922 419
760 232
679 526
124 989
506 190
634 273
390 584
487 666
759 465
745 33
598 602
996 781
997 926
213 748
702 393
956 651
223 131
525 390
510 422
311 842
587 874
466 770
346 192
81 298
744 322
92 128
906 471
767 839
971 333
116 667
706 690
993 589
43 558
463 603
887 640
612 689
935 31
256 985
658 19
792 624
498 610
314 964
715 479
451 955
771 425
203 257
429 798
998 390
393 141
132 708
622 927
368 496
244 956
922 10
452 492
627 870
294 374
678 791
104 938
907 118
198 87
563 335
486 180
488 793
947 183
398 676
210 130
337 761
23 93
898 481
813 179
157 503
968 154
196 683
700 438
493 447
946 816
173 240
391 457
933 67
191 195
822 699
857 303
160 940
274 899
360 896
156 149
239 110
245 951
933 928
739 236
254 361
897 996
78 821
121 909
589 880
384 694
218 150
693 823
613 934
156 382
183 567
120 688
523 120
428 847
913 735
74 68
908 563
199 747
503 782
609 212
682 225
923 534
863 348
540 97
436 435
592 752
67 480
273 729
401 830
803 605
141 742
421 927
662 213
169 469
772 200
644 965
68 252
277 483
138 867
598 642
130 391
627 15
172 340
34 609
63 781
17 903
964 727
955 671
763 909
586 769
211 310
263 120
715 252
306 501
659 521
866 475
750 114
453 299
518 987
804 830
956 100
600 37
534 212
687 884
329 270
503 238
340 611
454 719
48 687
671 114
913 318
765 117
468 389
406 858
917 819
520 133
703 761
917 445
22 197
800 946
12 684
602 716
742 883
84 703
843 361
96 154
790 12
731 341
240 117
478 88
378 45
844 268
684 488
10 986
888 9
854 248
299 491
481 320
895 932
801 656
983 175
363 424
544 645
126 101
959 392
239 311
206 130
566 462
576 198
54 173
779 218
292 392
21 692
450 646
635 983
150 497
395 34
697 81
341 608
351 827
85 756
910 443
597 128
660 266
838 350
410 493
255 661
660 842
432 724
348 639
468 840
586 958
670 602
584 710
126 230
741 859
868 513
971 385
578 756
556 279
380 837
667 314
542 500
522 598
648 50
864 669
230 701
378 37
450 960
498 229
826 210
938 123
670 143
533 50
176 709
677 327
389 609
123 717
972 377
448 826
214 849
123 126
193 418
359 907
776 905
361 821
422 123
154 495
794 913
992 994
566 662
738 182
595 146
702 537
895 567
163 770
283 287
368 17
75 14
538 173
209 379
172 16
889 773
349 986
59 55
925 864
476 990
865 290
748 124
337 16
463 344
855 465
959 570
300 938
26 8
562 912
519 808
962 967
476 989
328 409
70 204
735 635
965 794
811 72
254 710
872 546
523 671
403 902
117 564
115 928
801 826
571 607
136 664
461 799
983 722
481 412
776 51
119 467
823 478
398 928
82 886
6 815
940 610
569 609
925 833
477 595
24 113
606 99
898 392
180 174
809 761
755 945
549 593
231 310
892 67
877 771
714 368
704 818
177 18
848 421
27 802
764 203
735 608
29 992
486 185
33 142
318 460
825 322
802 231
876 207
661 849
397 703
469 63
620 936
841 617
763 552
841 554
620 160
973 509
896 989
425 588
236 812
128 255
981 712
345 951
421 852
152 405
178 475
412 553
577 140
54 622
470 145
310 273
929 403
863 166
57 781
324 342
93 775
520 546
481 292
414 443
202 173
472 41
51 210
932 842
863 391
521 908
354 154
243 224
791 592
169 590
996 124
243 746
698 548
677 671
653 6
600 291
733 115
502 160
464 253
654 466
183 995
225 409
526 451
995 841
672 715
204 215
690 251
830 104
172 615
486 346
737 761
498 650
52 735
770 556
838 342
163 805
582 870
960 589
11 814
793 335
884 729
43 817
604 117
628 397
708 880
597 277
234 470
504 684
285 790
224 320
541 603
67 874
856 750
838 783
160 877
722 570
685 188
577 898
131 921
417 200
754 323
730 283
910 532
855 332
891 759
838 796
308 957
120 347
58 288
256 373
354 49
927 500
294 46
827 349
753 630
73 391
365 571
81 100
609 850
997 413
480 635
610 409
802 599
141 644
220 357
231 881
562 850
530 914
121 711
904 462
233 243
876 377
557 728
924 857
386 222
419 499
936 436
5 251
655 709
972 167
354 528
862 410
931 819
168 650
365 601
131 263
426 804
210 568
502 766
927 654
766 893
653 691
753 993
367 35
718 783
6 228
258 810
7 736
527 134
709 649
988 929
192 990
432 9
690 990
81 75
460 800
786 837
310 987
336 867
239 359
861 933
757 947
723 896
614 294
359 804
676 567
943 723
808 213
761 64
198 614
211 323
234 595
776 320
47 124
637 22
291 637
552 697
830 305
272 695
697 167
301 520
203 764
30 60
497 351
234 180
5 333
409 416
762 286
636 52
305 241
158 851
906 598
449 395
397 560
892 75
275 765
540 934
697 704
930 632
420 884
929 137
478 386
5 718
350 112
193 616
469 102
906 243
770 870
594 619
998 478
146 669
327 653
344 811
669 58
48 385
888 389
86 755
3 900
619 621
179 848
591 511
766 764
272 946
244 336
45 624
552 141
219 247
405 111
497 198
65 343
891 833
417 935
824 897
662 551
754 849
820 708
121 541
945 782
488 356
190 978
263 738
204 920
657 753
817 705
890 914
165 323
816 258
203 278
917 709
892 710
938 482
225 508
548 23
153 555
541 336
730 630
187 504
247 570
410 75
787 187
593 202
273 143
929 81
581 749
579 996
921 45
829 604
91 146
921 22
29 862
791 655
823 338
111 15
451 145
779 934
552 278
218 343
364 138
776 684
932 341
607 631
786 721
384 70
617 264
331 269
804 416
325 204
787 287
14 32
853 918
449 922
622 77
904 911
171 510
572 350
945 896
213 305
300 713
657 881
693 654
536 332
230 631
894 711
404 873
326 963
262 111
989 441
62 74
576 206
144 881
458 153
657 715
398 38
116 664
43 883
969 952
222 937
860 429
6 248
382 123
41 565
795 662
683 868
524 467
725 775
800 308
28 498
656 179
45 83
735 71
337 693
225 233
61 476
76 335
652 937
811 753
75 40
161 974
256 700
137 784
619 827
294 763
889 715
57 321
851 629
722 828
240 736
221 869
795 211
163 427
877 517
133 787
116 947
375 694
752 426
727 267
441 707
869 603
351 477
971 103
7 596
816 916
587 314
914 93
603 201
310 460
453 104
764 687
303 711
468 684
483 67
792 505
609 853
113 958
618 979
419 126
861 125
965 874
421 543
344 516
507 314
390 687
527 388
292 602
278 852
8 831
743 611
3 692
6 204
99 401
932 715
414 449
508 563
186 596
2 230
114 96
850 186
927 495
890 702
343 895
345 324
14 293
530 113
960 345
698 676
517 809
114 619
138 397
98 123
311 499
85 6
941 335
516 717
971 833
298 677
743 14
896 921
26 992
506 763
507 903
133 988
293 496
899 681
408 628
463 813
165 491
125 87
848 230
747 462
949 96
64 704
926 153
308 875
222 755
327 79
759 161
317 246
440 253
851 529
560 383
642 656
614 772
303 21
349 953
879 764
219 102
167 569
464 621
985 773
254 433
908 576
377 872
303 579
260 415
48 938
149 160
780 162
809 495
971 83
50 306
277 95
860 267
191 585
497 171
109 390
316 793
895 42
605 198
285 215
580 256
353 764
491 204
502 895
174 278
725 45
481 301
769 514
929 253
293 653
514 373
755 952
316 526
84 888
263 762
719 781
560 791
302 379
956 633
830 926
159 669
500 958
588 225
345 719
390 478
793 290
735 243
710 801
998 449
831 477
316 813
909 567
595 308
266 241
925 95
585 925
103 12
402 934
993 726
264 233
632 497
324 827
8 320
431 531
246 532
913 513
437 720
721 167
861 975
883 133
571 740
705 965
661 751
196 519
965 532
642 985
575 978
337 973
468 785
883 961
180 543
69 809
364 624
808 847
830 21
132 740
196 195
167 425
95 897
556 595
849 619
581 97
686 218
849 388
198 7
293 675
306 41
511 593
291 148
861 314
37 109
873 377
683 156
364 529
939 654
632 589
244 320
41 884
724 220
121 494
975 780
527 146
376 245
2 317
308 353
568 575
393 685
638 917
738 620
861 370
2 566
101 530
746 686
614 829
356 959
686 648
615 857
683 866
580 875
252 179
159 508
171 885
461 387
13 882
545 156
512 970
366 637
717 997
595 318
47 29
595 148
890 581
494 545
232 49
586 291
402 740
260 795
244 361
580 764
776 92
982 855
566 879
344 712
875 715
631 34
963 518
738 420
980 463
619 276
960 388
679 494
932 721
234 437
56 608
272 638
765 123
55 709
220 372
255 870
783 851
848 7
412 195
34 919
861 81
876 714
669 247
762 59
398 212
637 158
975 744
628 707
164 590
621 620
743 242
655 886
767 770
518 892
692 582
170 892
378 657
341 4
466 265
866 485
908 635
405 408
249 401
658 225
650 861
605 243
692 373
413 827
6 292
230 76
401 667
930 241
986 433
224 461
548 6
824 437
606 859
905 625
123 616
330 122
972 852
643 21
977 943
286 632
311 538
976 210
262 10
147 84
547 670
207 192
732 341
30 289
598 304
215 167
881 138
424 202
361 517
533 113
929 71
228 168
814 87
689 92
793 195
670 875
123 740
399 109
42 276
496 583
136 100
468 779
366 883
470 501
733 277
396 799
202 774
837 222
322 398
888 873
166 757
928 131
516 477
990 881
444 10
65 536
151 530
4 71
271 731
384 130
816 171
450 484
644 217
135 511
122 741
996 318
79 334
343 816
342 670
2 607
501 998
566 717
269 621
665 169
555 871
269 910
213 997
706 553
842 920
152 971
103 423
90 399
560 898
906 906
563 949
932 628
767 18
179 624
8 115
989 924
724 730
431 440
848 464
181 580
757 112
734 749
588 246
804 169
481 133
560 677
52 868
534 556
461 148
492 964
356 295
123 674
206 19
767 517
871 338
111 734
8 95
83 412
463 752
510 610
773 858
958 535
930 131
351 956
913 13
675 745
141 516
378 690
605 989
87 965
157 18
371 326
384 414
629 319
390 147
773 845
352 765
903 872
249 819
27 658
281 136
225 28
591 272
993 766
820 608
530 289
94 413
224 895
444 146
511 747
412 992
177 734
570 968
509 349
825 517
980 851
546 862
177 939
149 80
272 99
239 242
824 70
556 306
84 813
909 401
228 902
920 91
77 802
907 340
771 446
504 49
661 75
727 881
291 600
928 650
617 217
69 19
474 199
348 859
610 155
741 972
437 185
901 352
245 542
734 101
958 208
812 890
467 845
208 281
203 304
774 752
579 569
972 202
310 147
836 386
686 866
81 915
296 737
526 726
317 470
474 479
900 906
192 838
621 427
404 908
191 420
595 267
353 9
256 199
329 285
31 221
217 993
464 160
411 287
456 479
268 962
343 412
650 406
556 546
867 251
252 952
17 21
617 882
304 274
596 252
141 293
415 210
35 424
846 692
511 657
34 224
942 130
760 145
532 551
891 729
895 434
380 969
322 856
14 354
248 85
5 734
638 353
175 450
32 680
337 551
519 425
637 527
766 195
140 861
363 234
100 663
715 385
586 385
254 651
204 174
937 88
433 219
982 926
297 104
809 170
189 30
406 687
732 228
294 829
476 569
992 543
716 616
319 908
858 575
796 681
227 831
492 287
850 793
68 407
861 794
805 412
603 50
90 159
802 975
285 790
782 269
155 128
742 974
334 527
774 319
640 820
371 950
395 819
15 856
519 694
379 389
207 671
332 330
96 999
553 500
71 417
562 36
257 439
195 970
928 633
169 319
880 765
966 623
858 488
81 931
578 90
694 80
316 464
668 317
44 108
250 183
387 236
457 883
519 292
353 488
491 978
277 994
739 339
888 133
173 266
308 474
342 862
240 623
416 361
64 796
243 6
15 199
759 447
965 398
298 580
573 610
99 415
364 83
830 696
540 430
671 745
939 839
273 799
47 480
289 737
349 446
248 716
302 210
665 55
427 227
445 323
773 290
306 226
536 641
194 376
481 708
176 650
102 876
898 980
518 253
983 213
99 492
132 402
566 715
767 455
994 902
594 341
977 625
537 392
757 765
512 915
458 4
53 645
659 729
895 367
986 60
218 75
726 352
131 41
516 238
200 116
880 975
670 83
592 269
729 429
16 804
810 348
779 27
340 619
538 740
39 713
813 729
150 355
828 630
124 126
33 737
270 611
281 429
428 981
133 115
790 105
11 245
224 967
659 448
733 155
209 76
693 411
933 577
739 191
411 888
225 936
376 518
770 553
671 927
214 516
795 395
394 685
774 224
240 926
617 183
607 344
464 791
794 625
504 418
295 939
675 976
534 405
73 433
688 433
121 76
320 789
290 801
163 226
455 208
695 580
14 623
193 47
994 876
789 861
370 306
954 193
923 469
883 329
70 395
571 648
2 936
638 870
198 688
514 333
369 3
771 879
331 233
261 371
205 363
276 993
603 671
732 334
467 509
143 73
789 171
177 630
840 388
269 247
915 243
907 837
953 853
502 672
579 721
204 247
283 318
324 762
752 579
502 290
135 603
256 64
459 152
988 859
742 192
541 648
953 350
657 70
110 709
634 596
718 382
986 254
908 675
406 966
489 958
180 287
522 261
427 403
118 661
108 82
298 878
34 270
346 104
645 260
186 109
432 736
575 86
982 635
888 647
770 869
571 379
152 118
549 240
710 297
96 594
740 391
770 828
810 556
387 130
605 813
55 649
2 285
73 492
480 522
84 605
921 404
874 517
141 248
281 442
175 109
349 495
256 18
747 609
720 869
809 615
975 311
538 17
6 679
638 657
903 728
835 813
211 173
804 685
960 545
284 512
804 326
746 435
491 361
105 795
416 82
574 40
558 28
470 879
684 410
800 781
590 943
143 452
505 266
109 55
126 520
442 79
371 277
238 194
641 353
982 809
627 682
120 126
20 640
809 174
881 626
713 657
683 549
894 986
214 47
643 305
457 790
878 620
685 216
100 885
252 924
864 399
50 518
452 233
376 357
377 831
328 36
609 48
416 255
914 819
105 322
61 54
227 49
608 733
919 873
62 720
359 127
259 418
183 838
615 757
74 287
733 806
970 673
413 282
337 41
117 872
763 646
129 194
419 502
430 671
594 996
526 341
500 753
734 588
870 653
730 807
955 349
587 383
793 67
862 609
476 893
713 81
372 250
417 789
499 533
904 374
118 875
162 6
639 777
575 412
20 868
139 19
437 667
905 239
167 6
814 356
228 31
232 565
967 413
900 926
218 783
75 356
215 994
416 52
175 408
531 876
656 25
26 462
299 354
130 20
288 581
336 715
731 76
458 683
942 459
870 314
455 800
629 130
247 873
457 88
815 400
198 719
910 183
481 98
18 143
708 317
766 893
764 208
370 825
320 428
403 384
525 825
608 576
589 804
356 784
787 4
476 311
273 782
756 120
237 596
643 182
903 609
714 562
108 569
56 166
392 360
796 205
581 672
178 948
468 819
541 915
776 352
400 930
343 454
53 363
720 912
388 664
260 505
667 896
196 926
424 633
405 235
102 276
946 866
191 860
108 986
969 91
356 252
137 722
985 436
546 887
451 729
523 729
52 469
102 399
757 143
876 298
357 390
782 366
142 708
241 574
715 976
736 157
434 190
916 448
517 388
232 415
336 496
236 266
833 99
210 948
968 227
623 22
219 251
480 417
260 200
204 918
502 361
719 663
634 142
420 549
857 782
973 65
409 298
579 567
740 799
814 335
841 366
436 153
490 639
546 244
935 511
580 274
71 694
64 390
559 329
193 656
307 447
352 33
215 22
12 734
905 698
494 801
976 999
386 941
691 757
666 926
243 639
364 689
686 564
956 222
845 212
276 636
620 608
900 464
602 587
803 119
667 663
597 769
489 342
713 538
206 85
316 613
877 768
456 522
813 323
624 880
162 360
898 597
885 53
903 91
651 922
694 644
354 99
63 788
928 830
458 689
479 685
923 134
14 557
594 27
744 237
453 528
740 702
308 697
345 779
307 585
455 825
597 192
525 405
217 841
480 307
816 555
461 197
360 977
14 815
517 47
324 46
69 52
712 619
527 736
774 642
571 667
36 2
973 662
669 584
298 180
23 268
683 774
793 883
705 901
741 591
918 410
334 415
404 280
111 947
806 457
862 206
927 256
291 207
660 335
25 515
678 410
570 720
453 993
60 949
654 641
499 107
491 23
578 958
603 245
106 645
530 908
846 501
149 535
803 230
194 477
14 803
26 395
654 110
687 38
498 968
263 796
251 440
463 257
147 668
228 448
204 965
426 364
42 76
752 110
455 970
522 352
75 594
888 789
716 745
548 883
102 834
340 292
374 553
358 458
299 775
182 836
351 759
190 361
131 966
33 757
38 718
667 890
521 235
617 206
168 78
174 227
897 614
268 213
567 469
243 52
359 234
734 654
726 657
158 844
796 183
983 849
709 466
986 581
536 424
424 95
931 593
826 632
188 761
64 176
345 867
267 650
870 779
339 846
67 988
469 889
598 106
352 163
251 518
299 750
861 284
237 771
147 302
516 576
276 254
962 637
250 458
505 547
295 105
855 870
177 325
33 200
710 202
891 15
59 254
123 565
646 410
355 385
488 939
769 502
649 248
358 598
505 376
472 189
847 580
857 580
764 962
406 554
835 121
440 324
873 96
722 516
236 410
865 34
632 167
837 6
858 776
801 963
144 996
510 580
673 529
234 29
14 466
75 135
11 47
758 758
362 202
386 605
336 947
176 456
136 871
282 52
287 890
699 978
452 233
422 221
563 8
177 446
902 974
23 446
61 429
160 942
523 893
931 571
48 816
78 612
963 909
146 641
393 28
184 12
354 161
406 137
33 380
295 458
318 877
998 922
143 266
968 664
390 149
164 736
904 516
740 237
200 852
641 464
154 467
133 942
423 136
744 48
156 706
584 854
772 920
115 562
217 499
28 588
792 550
976 328
675 988
450 272
896 135
870 852
761 669
721 201
395 804
158 799
387 937
521 105
859 32
382 552
940 797
963 363
6 709
573 255
37 839
400 430
145 914
65 553
619 770
690 134
222 462
905 504
391 75
981 138
781 876
348 263
385 527
