4000 2000
175 538
613 386
386 6
878 190
553 211
401 862
982 538
717 806
685 841
344 164
728 566
320 356
69 568
372 205
796 842
441 79
55 488
362 951
273 703
599 840
647 550
881 160
994 396
135 822
342 401
454 268
197 437
228 610
418 458
411 946
40 365
524 315
824 512
966 286
846 741
80 628
63 914
153 550
395 10
372 759
436 934
762 984
599 518
709 715
861 624
160 277
452 331
782 583
995 339
836 150
53 549
699 135
478 719
821 111
669 620
311 292
539 224
647 187
112 844
422 214
97 843
595 469
719 674
787 264
440 340
360 358
791 238
744 773
682 793
198 183
205 229
774 272
399 325
234 171
768 925
268 338
691 126
573 379
372 310
627 613
541 292
917 441
758 210
390 426
909 702
261 793
578 521
299 371
721 264
524 242
551 987
893 664
444 484
656 769
163 906
645 537
635 676
453 782
631 656
730 671
580 778
469 195
879 848
518 161
11 36
322 436
709 444
202 654
50 903
435 198
503 715
962 585
606 431
231 594
873 630
216 421
439 654
123 809
744 15
701 312
73 568
712 128
75 201
296 945
597 552
845 839
511 966
913 282
992 92
592 339
229 941
379 345
575 518
480 280
59 404
955 769
243 319
766 667
206 209
635 198
928 574
788 661
119 159
876 453
378 761
716 748
656 902
792 941
964 326
331 214
428 586
474 178
924 705
348 545
945 822
673 371
819 134
56 619
341 607
751 588
111 804
151 542
570 616
441 772
454 482
601 844
675 681
362 648
443 601
393 503
634 232
569 399
470 396
286 71
500 294
866 339
989 966
694 197
436 570
217 185
697 910
890 716
825 841
912 66
331 760
509 132
811 508
634 30
221 153
487 811
87 853
6 726
741 448
643 114
908 321
234 486
374 422
190 987
208 642
846 897
345 267
398 339
279 976
400 799
197 832
986 686
552 683
228 542
833 722
303 29
877 718
862 674
833 711
68 656
466 382
459 379
721 738
555 441
105 886
208 158
305 263
899 808
26 855
430 55
725 636
957 21
477 654
963 349
535 536
627 877
910 526
783 847
642 894
831 77
787 169
499 965
803 781
234 768
306 686
404 434
182 935
789 570
28 766
479 774
396 15
289 564
625 137
103 397
144 135
665 64
884 855
818 896
118 759
383 81
403 736
789 762
846 591
482 568
257 522
983 67
22 25
745 656
71 62
275 173
926 198
94 787
277 943
229 736
980 644
500 896
96 159
761 869
845 199
908 686
546 314
502 829
401 210
584 467
297 413
989 276
672 19
459 271
890 182
268 897
878 923
151 337
773 963
913 214
97 77
60 473
52 253
932 459
912 557
322 656
948 755
887 291
921 168
290 917
976 390
372 247
467 987
490 216
679 788
965 90
849 950
826 729
595 865
869 211
448 410
491 924
95 39
644 645
605 86
897 216
226 38
740 660
145 534
309 298
563 869
765 348
635 248
336 572
871 141
77 592
620 757
187 729
870 621
104 24
691 707
216 134
309 833
836 525
434 650
816 650
429 261
648 290
29 121
816 313
360 483
23 142
426 679
599 455
651 503
278 766
842 443
534 446
516 467
639 508
784 717
616 315
156 66
817 713
227 733
945 802
617 266
438 938
509 210
764 788
563 461
736 191
860 893
74 324
214 364
274 344
708 400
424 773
571 367
951 226
449 321
709 798
545 961
455 654
608 941
221 197
169 511
754 869
913 724
188 964
907 385
708 450
437 967
894 196
90 27
586 525
578 368
268 213
458 373
448 516
835 910
881 530
208 125
745 587
260 504
218 797
184 309
294 643
105 800
700 50
342 776
207 523
724 106
679 680
992 639
375 388
467 247
281 670
716 646
294 627
209 115
525 504
963 179
321 968
386 28
376 860
693 571
246 641
224 527
117 456
377 540
641 254
677 965
328 637
128 668
107 763
420 915
472 617
186 283
677 418
355 810
172 650
217 970
364 793
604 621
664 221
601 782
959 284
909 46
568 384
814 570
525 58
869 240
976 508
527 715
161 80
239 291
413 367
427 796
442 30
15 48
328 373
107 220
520 300
332 308
12 252
541 316
496 629
64 362
164 771
9 761
836 483
284 857
796 111
947 943
805 681
514 892
75 517
43 713
130 64
924 461
63 18
761 145
892 489
828 748
638 799
239 145
292 602
113 453
725 187
830 292
780 973
637 325
696 833
285 777
4 942
902 773
745 183
289 600
649 633
63 484
246 118
485 762
958 92
783 955
699 621
444 965
300 427
632 684
775 686
540 893
754 148
195 316
94 188
399 791
341 319
561 463
288 1
560 464
517 585
502 564
8 344
545 662
890 793
710 133
775 663
386 351
617 387
317 787
198 394
286 457
873 701
253 665
279 372
295 78
286 786
389 474
482 645
10 168
365 333
802 113
139 501
899 103
276 425
568 202
557 851
392 696
645 112
756 29
184 731
725 83
809 68
518 140
32 46
615 667
339 276
888 920
254 962
6 27
426 907
321 810
376 501
813 580
732 680
386 244
541 507
873 222
899 71
965 524
373 396
120 894
133 471
748 917
174 908
685 159
476 505
177 203
616 391
272 835
893 66
637 366
537 577
836 853
102 2
602 234
832 192
456 536
66 908
560 48
731 711
98 878
255 622
147 634
768 266
984 615
220 870
759 1
15 387
558 881
930 403
585 152
608 548
591 499
871 930
792 621
905 60
667 554
726 152
760 9
839 429
672 633
341 890
332 651
135 544
807 115
522 340
937 602
481 921
196 377
950 719
290 79
691 70
692 253
11 490
781 815
966 236
40 876
858 74
681 597
231 513
33 350
660 171
185 141
826 491
368 35
389 380
205 973
875 598
836 534
620 878
458 566
711 472
963 340
192 319
852 675
322 902
492 334
557 797
561 627
756 244
669 213
211 182
692 196
15 712
651 126
191 429
884 600
742 705
292 385
262 567
43 801
641 315
455 953
575 231
784 909
944 416
345 930
898 890
968 954
153 833
611 209
666 409
502 913
128 191
682 907
149 811
970 637
89 433
618 18
836 69
528 366
83 559
927 531
683 300
469 48
548 814
41 9
216 381
755 211
896 326
917 89
268 23
439 616
582 312
490 496
36 638
255 436
226 399
406 28
590 755
602 976
774 787
361 474
162 508
191 729
153 851
556 789
625 87
33 896
996 444
333 33
922 129
144 51
354 274
13 716
346 10
617 394
909 808
416 141
136 24
180 35
76 930
729 950
996 550
667 39
517 332
579 934
584 1
546 929
615 240
9 416
566 611
92 71
553 601
253 333
566 262
309 356
168 185
202 410
563 104
56 512
135 499
371 734
902 88
738 795
957 909
723 749
371 760
231 410
390 499
473 797
605 993
612 467
38 780
993 133
736 525
832 600
153 901
464 379
723 227
229 557
569 211
783 92
162 374
423 466
979 884
631 957
445 56
234 547
591 600
508 825
332 977
107 111
853 971
441 361
201 344
136 814
431 606
223 145
868 120
693 1
914 418
578 597
67 519
835 443
788 773
333 744
823 474
901 990
114 30
442 381
451 268
991 956
117 841
152 772
264 326
485 998
257 577
629 698
878 389
532 759
548 731
599 91
743 977
907 89
10 283
863 733
264 364
670 244
491 965
315 430
683 512
817 374
837 990
513 650
718 773
464 50
110 88
839 857
393 164
324 824
605 17
35 109
198 205
717 741
197 351
859 362
307 610
565 233
21 940
287 982
353 372
758 461
866 132
749 870
782 496
574 487
831 629
842 557
271 680
586 959
112 801
854 959
885 515
691 890
634 225
180 384
84 330
925 314
4 851
164 343
327 802
508 8
628 201
821 218
531 994
730 733
503 358
812 800
522 665
919 483
906 672
73 480
474 692
89 302
605 249
880 728
569 773
200 10
40 807
287 658
455 151
666 646
493 4
551 741
532 831
303 341
733 468
886 516
703 373
329 82
883 466
542 237
818 806
811 35
792 444
485 562
568 298
565 946
653 362
410 661
809 950
865 994
749 853
144 776
230 203
660 876
678 137
403 2
486 720
4 263
851 684
161 77
53 250
443 979
308 417
824 692
120 406
120 774
748 296
289 287
61 891
542 859
563 617
323 834
12 215
376 240
182 106
719 57
197 394
507 294
270 300
904 371
172 424
869 432
195 572
861 988
756 989
134 862
225 892
172 226
167 10
34 734
809 812
710 204
990 121
925 959
275 783
388 605
20 403
453 32
131 256
273 69
499 683
721 379
152 509
549 293
775 582
628 927
160 145
643 936
763 48
434 243
567 396
119 853
615 225
290 352
298 31
84 717
558 303
100 288
52 263
386 913
687 779
922 924
171 752
646 21
201 503
64 592
805 422
857 298
875 370
870 877
388 6
78 578
200 273
800 682
544 281
157 13
960 105
959 853
194 889
777 593
195 121
227 775
924 840
770 824
331 433
603 812
809 304
142 865
353 953
589 262
772 260
908 541
832 939
931 662
626 367
626 423
627 75
210 970
35 933
867 436
144 428
702 783
742 732
382 429
972 660
505 88
557 25
694 52
67 476
20 610
276 817
184 477
520 113
822 714
944 415
648 304
268 665
308 847
281 626
898 827
460 282
770 469
762 898
631 397
989 798
597 524
518 662
698 226
326 952
958 756
357 305
262 181
277 292
900 483
50 748
204 100
135 37
25 516
474 320
322 615
215 486
286 122
696 913
549 538
674 826
569 650
580 251
749 199
183 591
39 262
244 274
66 420
912 412
802 348
911 888
38 86
723 17
580 25
386 223
292 956
728 975
755 155
878 458
534 126
526 842
350 808
335 574
847 761
505 20
624 748
855 805
913 590
388 886
438 1
527 97
828 547
373 584
377 248
787 136
129 702
841 552
582 378
27 385
771 653
709 458
715 244
410 451
193 595
864 92
209 798
212 153
576 469
697 726
357 971
86 31
95 123
885 833
884 894
419 988
255 96
158 842
538 635
539 874
552 344
189 978
259 847
131 193
135 420
527 814
157 204
661 376
508 441
292 238
120 413
108 757
415 143
572 450
627 589
472 337
691 386
330 687
156 886
613 998
287 783
881 680
318 347
127 481
580 813
89 747
238 4
276 713
179 534
578 208
783 719
287 360
587 279
302 226
503 956
492 246
74 371
329 224
251 179
270 474
352 660
754 415
240 732
744 140
537 314
945 656
137 769
717 320
358 868
42 541
874 904
264 896
778 25
917 383
150 471
223 576
984 70
370 242
621 409
518 849
616 994
193 701
179 861
416 159
715 663
154 186
863 898
18 640
372 660
919 963
844 219
564 94
468 49
435 365
972 289
566 904
177 469
686 994
676 194
940 491
89 495
570 543
850 961
671 681
201 81
537 961
108 102
755 238
97 57
451 709
216 385
72 923
78 537
531 496
248 185
579 26
399 220
718 908
622 128
609 124
247 309
775 71
588 153
593 348
955 736
408 873
455 520
683 868
393 400
894 912
707 876
712 196
405 230
276 348
300 633
456 209
139 825
598 819
295 929
181 63
123 621
773 963
952 758
462 384
499 61
425 993
326 156
770 785
825 314
761 681
959 213
786 48
295 584
50 380
187 30
819 924
202 449
867 583
769 582
443 253
726 843
126 555
814 518
407 151
469 761
565 350
788 933
196 842
763 208
783 984
743 425
134 230
164 306
945 259
694 1
45 751
346 547
607 636
500 129
258 404
760 648
858 218
570 268
640 45
459 596
195 880
551 563
841 633
445 587
261 701
288 578
431 184
725 871
384 114
259 937
219 587
36 822
304 4
633 133
920 468
433 569
892 585
843 885
122 258
550 406
311 763
762 943
496 727
968 447
45 979
50 13
483 340
381 884
316 985
527 527
314 178
512 411
603 132
737 676
753 206
371 853
361 807
85 272
93 451
60 792
110 497
665 186
851 742
886 153
501 447
349 806
558 788
215 667
593 748
718 841
446 154
611 422
686 3
572 349
728 488
373 266
8 100
225 979
244 43
562 814
703 178
923 358
339 724
256 635
150 158
272 719
614 653
407 899
390 55
666 141
261 320
625 336
28 981
506 555
973 492
965 849
122 385
686 804
413 819
662 164
730 541
153 970
642 94
695 545
823 32
947 219
565 106
334 607
750 805
527 632
42 766
956 413
149 882
81 1
779 862
634 749
828 490
942 92
941 510
830 443
462 601
208 873
957 282
192 502
229 469
393 633
251 637
118 297
131 928
707 217
521 662
379 572
494 588
637 629
652 63
975 470
142 309
303 59
777 349
539 238
72 329
779 404
13 64
456 225
703 213
309 36
757 678
810 77
696 132
771 722
147 836
496 750
255 258
393 806
882 589
772 564
522 468
525 461
529 156
110 706
8 549
835 510
509 850
162 692
98 920
193 344
11 57
8 175
423 300
548 45
509 652
846 30
435 606
589 250
657 697
521 118
568 786
871 664
83 658
709 428
457 47
852 547
497 774
640 137
192 400
28 310
101 475
354 151
578 988
365 6
997 687
614 622
167 723
926 875
329 702
911 424
638 529
834 383
50 24
830 286
918 622
270 340
843 340
365 499
783 664
951 28
156 68
825 807
619 442
308 266
244 278
923 677
979 739
216 716
31 437
248 59
214 979
691 204
118 537
819 914
492 868
462 273
551 794
718 661
290 938
769 55
77 112
837 96
540 522
635 570
187 930
473 588
610 253
636 78
776 220
857 31
834 719
660 58
90 209
728 292
195 753
204 982
304 763
124 790
330 150
944 963
92 965
814 532
955 123
211 51
24 164
371 31
210 257
526 425
488 641
232 119
971 724
505 262
550 977
509 928
361 928
672 317
698 301
149 497
832 982
678 600
311 947
426 664
707 629
651 915
172 746
737 449
529 788
306 292
747 915
361 10
64 193
181 865
668 723
252 264
71 529
413 555
446 353
458 373
430 102
682 993
372 931
796 513
391 551
499 3
980 155
675 89
346 318
12 282
782 285
57 51
776 73
941 323
927 180
772 436
841 802
660 661
51 408
141 826
592 188
651 191
25 699
945 88
357 336
347 13
402 643
906 777
170 225
460 961
849 450
391 337
972 247
355 319
737 838
659 597
225 726
856 497
64 761
243 730
297 175
546 938
335 22
255 244
132 742
41 555
210 731
621 352
69 709
563 990
844 45
115 613
965 897
735 364
836 602
625 333
143 664
408 190
206 561
389 38
217 706
11 935
329 273
868 977
756 632
303 959
880 313
305 222
819 730
22 884
522 347
349 768
919 57
591 547
949 601
16 274
49 589
940 540
202 500
188 635
329 104
655 698
45 55
967 111
21 397
443 751
614 384
346 16
833 846
184 240
243 754
226 709
290 69
330 753
135 469
45 919
383 158
685 292
298 747
788 442
284 188
199 124
236 833
557 362
28 690
897 544
75 291
905 700
898 21
308 275
316 104
222 494
42 94
590 120
923 615
939 348
743 347
160 964
114 676
769 345
204 670
264 972
266 960
975 15
996 72
333 934
439 357
53 805
854 645
890 997
530 647
71 136
782 295
814 109
733 109
545 888
25 721
262 10
148 730
533 438
537 650
891 500
453 567
626 76
166 982
464 968
641 560
874 429
584 825
177 502
677 95
831 527
35 614
782 624
101 426
350 81
889 299
253 761
21 939
693 293
821 969
391 720
596 959
151 427
599 404
777 937
955 479
703 61
522 752
964 618
429 522
880 342
726 400
250 243
984 319
439 417
802 276
560 381
105 527
509 954
795 525
860 871
40 677
62 655
191 23
690 527
992 120
576 797
932 782
393 376
578 601
51 13
778 105
675 573
201 264
873 543
439 684
499 151
826 909
559 971
402 825
163 197
774 488
813 856
252 970
677 463
52 101
72 701
847 553
953 629
22 656
828 27
637 697
482 554
235 923
220 282
180 627
674 106
190 281
708 123
168 391
731 618
518 472
630 725
299 146
38 475
820 46
351 519
227 31
308 448
178 800
833 414
658 930
469 48
445 920
797 845
450 728
921 826
466 983
239 845
361 700
161 922
318 161
863 6
465 75
915 493
846 816
289 178
289 85
771 193
680 510
820 678
613 364
947 370
206 977
661 728
223 930
101 429
238 804
4 616
679 94
816 134
321 887
740 300
228 246
498 686
227 208
803 104
251 525
764 855
798 695
346 214
835 955
932 126
371 846
440 326
766 726
389 69
959 464
238 895
382 225
654 896
432 445
895 822
518 643
179 339
549 740
468 332
875 570
530 624
619 987
797 779
835 555
938 64
737 624
702 804
667 123
139 140
969 42
102 290
126 216
427 509
322 996
950 4
679 556
966 430
27 298
810 521
731 443
534 535
355 307
128 553
756 699
710 113
123 171
945 180
8 570
741 179
373 632
883 702
322 39
472 763
829 124
202 602
912 33
839 156
661 452
483 340
444 320
139 35
390 314
56 745
459 494
224 842
312 51
227 910
640 648
582 430
876 997
343 404
64 956
850 615
638 828
186 93
537 382
628 843
47 220
277 173
265 891
980 797
52 70
79 844
353 812
130 523
559 468
201 313
270 163
507 595
30 98
981 756
273 150
148 361
895 838
538 193
325 536
844 66
248 479
126 507
227 192
761 220
94 478
506 862
351 114
386 667
465 580
272 532
138 778
380 58
910 305
462 874
827 710
741 463
361 718
355 339
20 83
721 62
662 45
36 373
155 957
247 714
142 535
410 727
747 269
751 711
326 775
63 697
954 798
567 56
136 410
862 824
120 299
821 193
578 87
824 762
973 438
857 344
689 245
754 629
735 37
414 413
403 871
342 178
956 207
900 97
782 892
510 44
683 925
243 581
739 846
133 407
381 643
493 394
518 812
979 207
864 791
909 348
848 235
750 469
199 421
874 655
460 46
52 222
200 317
893 182
42 113
398 983
633 877
560 488
229 754
898 113
317 766
170 738
885 545
792 302
760 205
310 111
45 642
946 412
658 475
249 323
877 630
103 548
739 992
629 524
726 256
551 575
945 60
690 720
214 373
895 343
943 512
345 710
210 355
404 677
523 947
736 164
806 814
623 881
815 592
820 529
62 20
529 650
255 38
519 284
109 775
947 785
260 55
677 899
285 697
368 969
334 253
246 719
744 84
232 78
788 35
229 926
951 622
506 733
118 207
953 112
523 885
201 927
716 59
441 461
359 694
368 759
661 286
648 406
639 241
290 237
608 973
721 838
153 118
639 894
151 392
819 243
330 330
630 124
711 465
645 101
972 92
76 970
420 751
369 54
260 811
65 420
606 893
180 666
983 506
39 983
86 88
776 155
326 473
80 970
428 498
517 509
4 736
82 559
415 24
146 591
271 883
516 285
344 81
757 136
879 975
674 439
709 912
786 477
998 321
317 332
48 161
767 637
639 371
202 666
801 499
942 412
781 477
62 441
971 398
335 545
11 418
329 844
242 313
53 741
37 700
483 266
771 224
448 445
920 689
189 102
647 136
101 880
165 1
158 874
36 485
72 376
169 498
430 21
960 303
996 236
625 54
317 57
658 185
647 217
134 919
769 243
799 232
439 953
862 824
270 658
201 301
429 64
94 256
583 252
223 129
814 906
52 958
993 25
782 247
833 838
422 897
92 132
336 231
303 620
155 32
572 903
738 981
23 782
645 601
873 722
479 428
158 278
168 533
17 749
280 923
548 475
934 82
550 736
141 829
466 542
89 655
173 391
921 424
247 902
242 987
742 314
793 117
816 39
996 65
276 349
179 960
971 38
995 713
904 339
319 879
791 873
950 118
258 450
118 444
311 513
429 117
928 879
733 86
147 73
652 383
435 208
838 863
323 986
12 761
85 585
957 250
905 566
931 324
573 667
450 712
233 755
761 482
389 604
843 204
835 472
528 159
233 119
129 131
895 30
632 837
483 152
366 33
554 759
390 901
673 982
844 973
790 308
340 209
463 479
909 34
845 330
597 285
996 755
942 39
141 881
700 826
283 78
146 448
927 724
996 19
766 209
640 595
892 167
748 231
53 399
475 987
849 887
13 841
580 676
448 775
975 526
618 198
229 202
808 82
816 988
3 371
203 836
896 173
732 422
922 367
120 383
386 233
842 888
537 163
208 841
661 904
505 74
556 196
800 547
646 697
448 883
414 809
558 630
669 587
459 114
776 724
816 288
428 382
651 885
247 882
487 438
559 941
609 342
547 793
530 57
29 151
959 135
175 928
882 923
778 252
70 935
778 452
390 672
67 537
291 952
285 879
813 125
710 172
129 352
769 426
408 949
502 939
414 992
195 535
262 107
753 787
817 176
710 892
829 215
558 977
370 406
250 363
392 568
326 991
990 360
258 503
101 879
199 832
946 721
124 896
32 216
474 516
201 698
348 273
630 645
790 360
861 78
662 162
381 273
924 266
133 736
503 723
226 14
981 623
286 423
811 289
694 634
65 216
515 887
452 716
679 887
835 649
486 112
956 220
912 738
592 274
886 331
289 281
691 380
396 41
423 836
521 882
784 696
405 217
501 310
526 449
766 397
798 769
473 659
879 384
473 814
369 70
491 607
982 502
432 162
555 652
766 7
379 192
924 27
944 716
309 613
447 102
847 583
888 170
413 276
11 736
793 804
902 176
244 8
139 668
24 445
603 396
750 627
302 536
864 494
978 575
25 549
338 248
197 400
821 992
844 228
934 211
224 532
834 256
29 981
493 332
33 865
284 538
710 8
424 308
306 743
772 352
753 578
439 175
772 793
412 30
576 239
821 462
822 710
827 719
797 492
742 332
777 12
463 509
582 55
430 547
277 857
936 404
285 747
958 812
263 733
954 127
559 141
73 716
9 902
152 91
168 622
493 820
85 607
767 550
850 37
676 706
157 469
759 219
445 452
641 820
718 318
633 65
155 11
483 798
351 402
352 985
774 460
8 676
660 258
601 156
647 467
505 348
999 615
784 12
228 170
438 653
543 78
58 867
229 498
365 284
629 246
869 205
33 504
719 782
200 181
786 189
235 501
249 691
504 636
512 426
176 684
339 755
674 502
431 979
382 577
222 181
535 746
483 28
306 766
723 991
774 783
950 655
845 536
375 84
881 305
457 498
341 339
872 937
224 154
482 954
842 216
370 881
796 843
44 94
374 544
383 90
458 240
675 904
137 456
233 903
241 982
36 424
717 320
825 316
967 995
612 874
330 993
364 987
587 56
922 395
932 964
739 445
383 333
74 452
724 476
208 650
588 98
18 144
434 804
196 453
591 785
849 754
215 494
491 559
509 383
383 199
640 211
680 733
486 768
743 138
434 403
127 765
755 669
968 3
300 281
776 269
474 313
603 281
807 432
981 452
316 333
732 178
694 63
35 918
790 516
565 887
451 768
357 504
251 43
636 829
287 200
924 826
564 728
870 766
126 485
113 152
795 584
281 967
702 253
755 960
542 14
660 206
139 734
387 783
525 840
507 476
411 301
846 982
954 575
79 427
883 340
641 923
841 831
951 309
246 147
420 853
288 933
762 506
962 285
694 30
484 337
998 856
980 565
692 999
835 207
722 356
585 37
969 426
765 44
97 22
471 942
291 862
979 602
835 256
281 834
720 617
106 819
222 301
924 352
993 389
793 489
749 836
326 165
78 941
225 369
666 29
796 971
962 603
524 320
291 297
204 943
312 486
179 165
264 735
825 994
47 672
129 523
756 637
64 153
940 481
596 432
633 453
987 476
433 263
564 989
370 244
627 821
324 896
423 847
539 423
757 68
599 297
430 678
815 675
813 411
133 602
612 361
199 804
898 717
245 675
978 56
505 608
587 284
79 839
223 991
86 48
372 455
64 541
233 122
174 117
418 476
857 951
398 60
691 476
428 566
995 646
824 536
721 787
616 873
505 692
544 367
314 299
462 967
630 710
173 568
457 414
488 365
99 724
655 290
590 657
925 38
921 627
629 249
465 81
65 492
219 987
725 176
773 924
649 121
496 15
616 129
281 87
15 865
725 188
382 29
271 271
684 589
846 331
913 500
712 168
591 290
33 280
662 828
19 14
998 35
841 647
500 834
586 768
301 534
512 682
325 300
191 227
968 218
533 753
143 52
686 960
668 510
533 215
178 479
261 385
885 66
364 569
266 190
950 944
903 447
780 795
157 22
178 533
507 428
56 831
514 388
726 835
492 680
416 304
369 935
730 47
364 538
244 872
98 97
402 973
421 865
969 957
285 797
689 36
607 920
760 298
480 268
378 55
399 769
745 784
424 908
426 224
875 455
988 134
735 288
51 194
165 273
497 433
648 549
155 45
116 938
270 601
447 141
314 118
265 989
833 515
136 82
827 728
475 320
93 237
386 267
378 953
1 611
205 822
998 25
984 688
995 301
713 654
309 401
239 666
467 440
511 262
278 471
327 554
225 947
739 720
989 73
207 69
630 232
494 239
250 401
774 468
459 324
718 844
31 938
811 41
921 450
137 480
856 397
691 177
624 451
330 568
418 835
31 630
670 367
76 413
818 56
674 170
764 468
894 514
502 505
555 796
432 688
458 221
618 803
334 371
238 234
623 234
739 255
568 608
159 867
575 162
924 145
729 788
743 154
959 288
415 680
72 480
355 145
37 591
960 822
315 745
836 720
164 647
73 405
522 818
978 547
312 65
515 524
90 191
991 994
607 766
2 687
864 488
802 613
735 891
347 939
531 806
204 311
335 903
600 870
313 922
910 936
90 553
753 451
603 225
936 91
59 414
681 388
502 495
47 371
275 940
745 617
195 510
845 716
789 789
613 689
427 48
67 108
594 603
719 284
908 12
289 683
611 916
68 711
797 499
993 468
488 72
273 111
630 541
78 26
385 680
899 733
529 251
958 61
741 162
869 812
173 131
247 682
756 367
74 769
649 745
782 718
644 38
164 466
669 733
110 316
244 205
781 809
630 868
70 506
986 559
887 455
180 843
491 194
729 859
715 570
676 36
650 183
123 724
224 274
688 362
836 431
555 400
646 243
211 119
359 237
700 475
475 3
819 754
191 549
177 897
501 223
119 722
767 96
848 412
638 400
874 576
69 821
69 433
720 376
332 286
11 286
618 464
122 319
798 683
345 915
136 469
749 636
41 53
775 236
236 737
932 890
90 511
107 709
263 843
332 649
569 529
892 11
997 241
155 536
251 82
55 902
532 976
591 53
927 320
528 845
107 455
582 40
14 125
139 825
512 177
365 208
838 463
663 103
370 545
674 227
851 418
671 745
253 216
401 242
22 786
43 330
99 417
84 221
938 785
253 347
448 507
108 537
791 900
506 402
152 222
532 51
603 931
637 384
231 425
733 485
215 448
506 26
822 789
440 342
221 719
125 298
307 471
384 102
979 46
199 714
955 560
655 413
390 444
38 289
97 820
82 173
453 552
247 53
298 470
965 87
476 69
117 672
678 684
786 350
791 826
861 188
937 722
142 756
474 280
99 116
867 320
189 648
780 489
170 531
553 529
534 378
978 25
112 672
469 438
309 661
944 144
652 670
118 648
975 943
947 905
941 991
85 584
10 204
644 442
473 915
722 756
153 523
404 351
673 556
513 697
635 640
275 682
559 273
892 7
112 310
245 126
321 582
64 980
263 150
837 766
634 580
614 615
380 829
440 873
232 444
190 947
524 800
81 459
262 926
860 924
555 196
104 12
584 793
47 753
763 503
708 848
433 136
225 893
848 225
983 939
19 743
716 416
147 742
554 592
210 706
139 109
311 783
743 295
362 707
751 835
177 275
731 840
160 306
286 207
822 911
209 955
102 8
667 811
100 458
215 755
331 538
365 4
807 11
907 623
739 281
92 135
534 359
442 31
1 305
697 372
906 435
37 945
617 601
344 479
999 735
141 765
138 753
570 646
703 499
558 784
228 111
946 93
97 86
900 112
214 80
947 374
309 533
585 133
698 111
968 65
386 96
206 608
678 986
591 616
560 511
643 208
21 464
542 363
803 435
13 807
239 178
892 48
377 376
961 593
205 68
681 588
658 780
67 868
785 533
607 576
311 431
889 785
431 588
592 109
929 446
528 137
990 494
428 866
261 611
171 130
589 515
376 705
851 859
876 296
177 518
392 89
473 932
604 413
486 783
332 717
666 452
229 291
200 11
868 435
155 329
145 471
653 417
963 835
827 536
282 296
33 533
444 88
209 699
153 170
87 915
867 338
370 533
332 628
500 827
66 343
288 932
8 348
202 507
308 315
984 791
60 20
221 673
75 201
427 956
968 224
374 152
763 763
833 852
390 553
285 507
104 57
379 264
315 471
150 835
455 891
277 345
823 996
183 172
356 730
522 308
954 509
406 18
73 852
748 304
956 240
810 216
135 615
803 18
821 257
214 91
363 16
960 817
248 953
938 201
12 606
625 313
977 732
803 996
392 269
600 378
13 914
779 981
134 325
936 903
727 626
831 231
123 235
409 933
104 439
255 977
65 603
199 147
13 113
70 945
707 974
101 988
854 858
449 662
427 418
740 833
487 18
699 306
480 849
310 434
793 721
147 982
18 866
167 752
473 190
614 154
347 313
352 600
370 482
294 355
807 980
232 587
415 225
781 833
647 122
215 292
457 326
197 135
312 882
572 39
415 189
544 422
111 161
757 506
147 63
196 472
233 466
243 215
879 153
606 680
770 380
499 867
11 58
393 318
772 340
528 965
270 940
45 52
904 174
333 199
1 379
577 925
626 804
205 343
160 457
967 330
906 484
244 54
640 265
745 398
507 790
521 27
279 163
109 770
325 916
538 515
798 530
567 250
360 611
29 279
619 992
43 470
178 222
455 867
948 496
241 933
863 679
286 359
491 181
768 366
5 420
40 651
284 287
196 218
584 100
494 571
22 315
771 182
491 781
44 682
610 546
327 133
564 683
678 374
770 455
354 455
882 679
73 965
873 584
680 969
270 662
222 643
648 565
494 637
902 933
45 858
770 603
537 202
602 297
715 150
553 686
488 731
113 895
454 548
366 286
277 955
196 36
813 339
476 952
565 111
154 963
596 68
628 841
673 68
380 368
718 993
258 203
58 416
177 321
165 378
8 449
724 778
39 851
216 667
528 68
298 831
802 107
845 458
825 294
529 216
967 166
205 505
166 404
472 869
897 306
12 935
103 408
604 166
649 96
730 286
569 826
380 140
576 356
841 987
820 587
787 430
169 278
250 910
226 799
925 115
192 443
447 729
451 354
340 874
401 344
985 777
703 579
509 76
711 806
787 444
904 273
235 506
731 84
874 398
791 582
968 129
365 361
335 128
469 437
408 452
363 176
238 239
451 809
251 365
648 325
272 378
290 451
335 491
386 131
564 542
102 416
889 860
398 538
115 68
965 870
684 576
633 191
334 800
761 330
200 468
389 284
826 876
791 6
284 758
542 381
127 121
587 574
707 694
359 285
75 7
718 638
245 586
201 589
568 831
925 636
653 268
973 616
93 374
621 313
867 323
46 328
314 942
484 481
882 704
587 419
294 949
567 543
467 951
669 64
69 748
107 696
382 633
25 569
34 780
276 552
147 774
223 601
381 414
951 211
133 404
247 427
140 64
258 258
419 270
458 506
527 160
522 196
252 67
361 563
273 674
891 288
605 700
431 318
706 402
208 866
160 208
59 283
470 39
459 555
977 757
693 904
376 40
943 488
879 8
669 416
206 428
496 311
849 148
655 886
97 532
735 759
325 906
421 736
722 151
205 343
804 21
576 311
274 8
955 660
639 330
338 838
50 113
670 126
402 287
697 18
503 71
166 47
830 443
45 140
607 253
35 39
962 163
271 695
253 903
556 27
677 838
927 800
274 400
831 257
839 166
670 723
247 337
756 110
413 837
422 619
303 165
305 163
879 135
140 496
872 9
891 280
292 488
361 887
52 429
121 507
794 567
320 861
398 53
298 616
53 145
926 94
619 346
832 775
161 870
60 78
976 658
409 187
704 485
268 414
666 992
898 46
990 268
742 346
357 266
126 868
601 758
687 523
242 699
184 727
25 971
627 932
702 513
613 125
515 928
798 119
123 637
355 389
261 249
888 471
774 323
916 995
654 872
777 626
558 735
259 479
389 964
372 511
686 844
667 55
882 934
299 120
167 368
448 786
946 496
354 183
431 25
517 768
15 988
249 741
101 940
546 144
126 382
688 255
600 180
150 180
10 726
445 857
590 640
502 375
341 192
432 635
289 701
915 64
198 585
189 510
647 143
278 138
790 844
163 445
197 769
670 791
681 291
358 786
266 206
38 882
303 408
840 118
480 572
427 419
352 354
656 398
32 353
903 979
524 174
746 225
917 628
527 713
420 372
100 148
647 713
735 555
15 724
15 682
293 875
645 359
769 4
240 205
155 635
184 645
625 414
710 607
966 979
963 606
197 853
65 560
120 11
969 524
253 375
713 405
172 958
983 951
160 2
729 250
697 370
646 592
32 253
181 155
753 380
504 749
236 507
211 115
351 287
858 66
671 42
863 180
516 890
342 327
528 172
535 868
528 979
842 95
379 302
860 561
816 123
488 115
999 539
696 520
503 152
909 848
558 321
249 361
561 487
953 415
157 176
266 745
572 539
726 340
825 173
941 907
599 765
692 573
182 330
502 283
283 443
787 218
746 626
997 978
233 294
695 137
619 448
146 796
974 628
90 956
55 656
882 372
376 686
847 907
133 450
619 260
64 713
817 568
575 162
810 613
33 382
62 247
831 348
81 571
144 358
265 933
68 56
150 925
781 699
982 855
756 259
530 299
148 982
859 402
527 314
131 416
184 520
944 7
787 85
208 925
254 150
230 313
230 512
339 355
534 865
510 982
247 885
839 319
108 853
419 538
359 963
200 376
674 629
304 862
802 197
360 11
498 333
948 506
641 679
749 678
225 545
15 579
480 663
71 230
310 367
178 170
658 148
837 493
314 329
958 673
18 907
50 917
330 21
70 944
426 368
619 716
320 916
838 704
98 636
498 486
396 546
830 803
99 524
175 416
277 64
330 910
990 355
314 570
730 745
587 663
739 199
241 740
542 607
484 368
180 347
881 97
463 76
819 567
819 219
419 1
896 772
679 975
809 483
926 942
379 62
595 805
445 216
223 274
545 377
953 516
204 520
959 475
229 873
531 370
328 156
179 526
476 351
404 166
982 90
715 985
128 113
408 684
956 563
739 291
123 335
247 363
294 561
573 802
438 634
458 881
525 827
565 631
349 526
851 73
820 243
842 518
932 339
245 213
890 682
213 842
590 112
953 225
341 438
58 16
976 535
380 313
342 184
682 833
269 310
233 597
336 296
542 484
867 896
895 782
582 823
912 407
862 792
764 636
413 482
717 971
823 388
838 409
998 974
448 801
730 39
640 244
342 35
355 658
879 472
603 489
326 344
876 990
333 630
811 990
156 405
803 882
389 944
14 907
8 847
394 593
454 870
71 215
844 333
651 629
564 928
103 882
263 420
546 44
735 178
757 528
91 253
364 651
135 359
518 340
996 232
578 518
701 539
22 697
351 192
929 911
851 313
747 495
961 291
60 823
766 782
507 702
67 165
479 95
467 968
382 101
685 926
220 378
515 121
729 458
113 462
646 973
155 52
888 695
771 948
54 443
917 770
382 545
252 940
58 866
14 38
522 238
123 438
548 67
573 878
712 279
702 92
699 888
479 46
912 350
527 456
92 998
166 290
583 803
965 694
348 274
879 729
786 968
526 707
952 60
978 686
343 516
190 288
810 298
493 34
332 540
790 563
760 674
607 983
10 494
852 988
222 926
510 602
221 387
226 879
952 567
789 366
830 964
259 998
895 454
796 933
705 578
9 328
556 397
590 714
10 698
715 101
506 278
198 748
638 344
487 258
381 402
691 73
642 953
97 839
784 717
228 405
852 626
537 669
37 545
508 653
450 856
35 216
926 926
670 729
490 816
354 345
577 82
367 382
73 780
67 132
575 685
315 529
889 623
628 842
632 162
465 623
509 555
261 483
6 570
512 739
42 524
317 664
532 820
472 52
621 314
932 85
226 511
205 480
517 405
761 175
249 542
721 78
159 162
892 911
9 402
422 944
311 143
706 93
909 552
207 614
531 521
864 718
485 425
863 266
877 219
742 624
329 114
927 974
474 453
227 977
237 175
631 403
887 583
508 120
486 740
787 36
259 867
