4500 2000
91 384
581 938
277 707
548 964
33 296
248 212
282 230
604 379
480 69
883 599
358 690
968 201
951 723
45 175
667 472
14 227
294 434
208 548
253 588
460 986
638 985
563 679
354 882
79 937
263 715
643 503
355 109
627 483
508 44
736 858
187 42
683 295
971 845
669 231
523 483
264 876
412 779
75 9
9 5
472 695
797 645
373 532
559 870
962 22
274 823
808 780
7 671
438 695
759 437
427 812
599 8
840 319
467 111
166 189
375 126
175 696
547 292
40 733
548 246
409 791
699 139
593 140
923 772
277 301
663 564
612 421
8 852
864 311
597 730
351 573
831 146
967 205
950 654
948 278
44 195
481 223
929 68
276 386
115 680
606 377
432 346
907 790
904 347
777 828
183 450
368 90
758 730
895 974
227 800
915 256
86 126
993 27
456 831
977 203
524 614
716 238
170 146
123 924
783 672
396 403
551 459
686 820
259 80
274 715
71 140
920 51
463 186
363 378
319 442
363 156
779 184
12 358
30 975
747 936
76 855
519 768
174 867
989 790
570 689
177 790
979 171
265 198
873 257
668 253
529 69
611 876
147 954
132 178
405 251
416 653
369 359
449 8
809 393
874 407
52 831
28 333
476 74
660 635
692 33
168 1
347 776
321 732
151 68
648 110
416 906
945 1
942 713
919 813
638 665
551 233
173 899
664 14
469 50
990 113
69 665
255 248
836 924
171 884
326 219
342 499
56 69
297 503
535 279
170 328
44 270
579 29
975 569
650 276
661 555
329 676
829 761
92 500
342 129
383 105
968 983
884 635
952 579
164 476
921 942
165 59
981 802
793 180
597 806
991 758
405 948
773 983
253 493
204 30
343 992
940 965
436 574
420 188
124 211
136 687
147 297
530 348
782 822
29 5
476 288
209 598
395 941
597 976
60 10
108 364
40 180
56 712
996 244
848 19
856 664
292 914
655 858
834 707
594 715
482 618
28 249
686 244
708 125
90 670
364 730
705 783
405 474
96 611
296 135
277 356
79 701
643 361
988 836
12 95
79 155
601 491
586 40
764 18
681 973
70 594
716 443
443 39
242 207
680 127
133 254
209 4
861 633
541 254
131 498
142 109
450 648
36 514
616 804
286 554
122 8
45 367
94 929
100 837
280 339
722 166
51 431
177 914
525 658
184 683
943 645
777 941
594 85
392 231
823 41
281 761
348 4
798 603
821 457
519 744
271 427
146 579
921 739
406 339
261 20
696 197
301 307
412 652
914 51
135 736
445 389
74 669
778 403
70 92
644 204
547 437
404 896
902 757
520 980
102 632
277 689
866 911
370 99
456 822
538 235
328 839
509 430
916 629
275 829
606 876
571 810
737 39
86 644
560 965
43 494
342 585
852 229
439 270
819 97
357 166
950 162
750 783
111 525
632 216
297 697
638 489
197 871
577 759
853 919
115 474
69 412
275 114
747 531
440 781
20 792
402 677
978 207
127 279
9 957
788 653
894 65
247 851
734 944
217 448
40 841
125 869
120 565
782 428
880 767
737 745
452 752
979 26
950 949
753 746
621 902
679 62
729 797
93 310
576 778
921 737
103 376
896 9
318 808
996 903
683 861
612 665
988 965
695 34
495 118
847 298
148 120
148 99
542 204
677 444
19 751
587 41
302 707
81 641
109 625
490 337
116 574
487 15
685 190
479 783
278 375
976 579
773 653
320 624
171 209
640 717
795 234
875 372
722 925
43 963
352 827
774 632
641 124
891 683
655 804
240 269
113 352
892 327
312 472
621 179
16 1
947 53
710 923
219 379
490 517
11 683
910 863
732 385
653 199
681 408
134 153
809 340
726 140
274 407
974 127
775 714
963 51
574 657
228 316
848 738
135 374
441 828
311 555
554 772
605 621
610 949
563 591
55 710
196 549
578 563
370 884
702 200
227 697
740 924
771 823
477 976
223 491
764 387
478 752
127 560
575 689
391 590
855 639
530 266
767 94
849 879
300 448
744 944
420 234
620 304
653 456
358 350
223 998
763 245
105 355
735 988
138 852
567 773
580 199
272 739
754 410
607 691
302 598
475 49
206 466
124 77
37 564
986 364
746 996
390 621
819 765
829 609
622 539
2 884
500 663
47 969
582 214
822 976
592 676
811 58
948 795
91 763
205 870
251 51
845 351
888 31
109 637
512 122
351 875
399 49
368 192
650 657
510 932
989 632
979 901
802 174
132 213
322 381
22 810
758 492
431 250
458 990
976 175
318 987
775 817
335 71
309 493
837 93
929 160
89 145
679 540
847 651
898 69
684 395
661 426
422 924
753 522
68 811
607 498
575 63
794 917
467 315
523 336
178 701
20 587
583 848
932 279
260 632
142 11
803 647
227 26
415 789
624 231
658 412
420 404
393 802
289 736
245 169
118 252
987 341
121 934
961 293
784 605
525 891
248 812
458 757
205 807
628 313
275 659
340 271
408 410
730 310
143 212
77 66
638 525
246 267
441 747
698 490
231 736
738 170
837 570
717 79
202 80
804 707
248 920
442 375
546 126
711 825
565 432
543 839
951 296
803 292
646 676
173 206
149 27
17 117
86 463
493 341
166 891
659 602
729 485
126 522
618 715
40 191
168 626
20 833
913 502
795 10
55 611
961 191
607 603
333 237
819 669
930 346
765 796
536 122
234 587
194 20
629 73
810 837
203 701
586 555
987 563
557 319
528 81
528 794
258 296
860 195
441 144
569 717
692 465
412 199
864 947
12 334
471 84
557 985
633 665
597 944
129 533
902 75
361 434
650 113
435 646
86 315
324 564
618 705
721 797
425 547
49 970
655 10
314 511
108 682
888 345
641 222
310 459
119 13
488 496
926 719
495 377
36 655
732 891
810 290
450 431
606 119
591 154
422 804
301 223
719 918
779 858
240 142
759 520
791 912
458 428
103 228
529 771
704 342
517 1
189 875
570 71
278 543
773 495
359 415
57 444
127 827
290 48
42 250
85 407
541 59
621 45
725 517
225 872
3 913
579 912
58 747
6 463
119 396
790 277
616 525
188 743
562 756
449 690
578 525
589 424
66 279
327 950
401 64
164 216
968 804
94 535
708 775
746 867
897 815
549 684
976 621
589 255
217 986
734 263
299 661
619 699
913 306
476 381
379 405
850 517
727 68
46 786
853 999
378 508
671 378
171 679
749 368
893 774
291 701
355 762
400 777
132 987
982 398
393 357
869 126
347 245
237 826
618 801
271 58
964 244
148 696
555 882
54 427
632 926
290 257
389 846
461 54
557 671
242 630
127 341
192 912
909 68
219 341
798 764
927 541
815 853
405 968
241 138
291 110
150 304
62 429
177 896
226 88
573 272
229 537
409 342
722 767
600 998
738 655
452 298
417 263
655 1
230 74
510 302
230 148
508 882
812 492
519 47
15 1
120 852
221 771
744 765
152 398
842 113
962 347
389 174
255 702
327 569
887 246
155 376
969 904
585 853
924 919
5 626
370 556
453 222
422 124
514 614
356 909
635 544
331 124
282 580
166 535
951 177
94 113
893 594
474 56
819 5
303 307
188 87
66 696
732 399
750 25
998 22
406 408
340 843
581 425
795 733
477 396
506 202
947 114
740 237
990 566
825 893
629 273
935 46
227 247
360 300
189 315
430 545
469 945
145 53
79 94
297 68
24 691
471 270
341 547
654 954
502 43
792 762
929 742
744 176
747 531
781 357
957 519
98 853
834 305
859 932
5 599
812 262
412 244
453 556
69 970
492 462
734 962
85 482
85 247
694 118
141 336
67 896
677 934
554 853
536 741
162 137
423 367
915 655
269 630
431 145
522 445
741 756
622 306
516 254
177 50
570 886
55 150
198 387
338 40
765 331
948 230
302 87
13 711
886 449
462 840
93 297
519 429
232 264
755 804
469 939
877 316
207 726
916 43
772 436
554 839
974 218
689 483
167 903
470 742
264 560
487 653
977 671
767 876
853 109
288 954
392 204
34 67
690 987
15 585
153 27
967 910
947 183
776 830
366 874
738 399
747 830
373 282
324 65
379 470
106 766
218 24
877 585
61 768
612 261
322 561
302 529
802 907
278 304
489 517
505 595
561 552
871 404
978 168
146 5
453 827
548 257
449 167
123 278
518 305
113 595
168 69
453 157
253 755
361 923
665 183
37 49
717 276
496 225
23 267
51 19
805 555
345 508
15 35
513 645
809 319
447 940
398 491
242 368
550 452
433 952
850 279
904 581
682 485
278 714
230 865
598 874
888 480
184 816
606 811
149 895
557 777
826 391
164 772
916 233
328 809
836 451
431 249
821 303
570 493
657 838
315 594
160 352
676 712
9 901
689 786
167 46
17 366
617 829
557 345
459 806
358 282
130 81
778 498
432 622
812 367
973 324
75 861
864 617
159 869
466 124
659 341
444 335
708 30
165 326
771 468
402 684
178 390
754 271
117 489
293 92
561 834
380 619
652 822
670 182
750 612
856 539
510 62
331 402
474 968
336 209
221 958
737 33
103 207
384 483
518 296
896 950
825 45
704 666
761 572
800 683
866 750
626 576
858 305
740 606
19 250
479 368
115 513
611 213
546 20
290 853
682 415
21 838
334 152
398 747
220 497
292 723
102 845
716 852
440 245
242 486
155 60
890 760
815 283
582 506
274 234
480 570
896 423
602 515
328 745
77 808
717 909
510 391
182 459
520 432
832 437
267 297
511 613
846 662
329 899
246 325
152 550
712 639
484 363
318 950
245 300
420 544
581 760
794 56
883 835
139 9
537 772
165 558
401 332
274 464
443 721
47 989
794 973
82 50
40 867
82 542
515 615
486 938
767 175
101 487
959 850
28 444
570 456
96 139
785 324
680 730
741 128
451 859
275 992
548 194
994 375
844 732
980 837
9 842
785 275
701 356
521 682
6 288
153 537
628 958
443 983
106 720
734 388
966 259
445 400
187 918
453 846
166 440
667 557
779 135
770 923
260 453
155 905
543 909
638 239
647 282
593 949
623 71
635 291
180 223
703 100
230 994
799 984
595 685
795 352
893 964
109 93
294 693
179 911
947 453
749 165
880 4
458 431
931 779
518 23
445 969
973 846
204 878
818 714
520 64
94 215
585 964
603 610
760 684
884 694
185 478
472 577
258 330
223 922
439 11
568 707
733 685
342 610
865 3
913 192
527 229
418 151
538 372
387 232
317 59
944 561
913 532
917 641
976 48
426 481
908 729
371 128
339 119
969 633
63 467
162 594
497 860
270 613
659 530
661 315
863 961
375 821
868 583
208 263
92 507
911 227
957 354
893 487
472 747
383 268
514 608
63 722
527 369
123 83
195 655
185 80
135 72
843 131
193 912
743 252
297 736
154 941
31 173
520 910
963 930
618 931
352 357
412 272
211 804
832 897
56 259
791 921
386 880
99 105
722 808
152 585
123 39
158 940
614 995
43 409
686 655
818 270
70 67
585 168
547 58
9 133
224 602
87 509
330 231
634 437
583 529
199 963
674 860
433 591
16 692
883 480
126 260
642 387
413 278
891 53
9 469
834 886
193 903
820 337
908 806
486 276
609 367
648 629
3 783
11 741
194 303
152 745
230 777
671 12
800 788
985 5
717 222
939 115
348 187
276 426
93 370
164 351
954 596
824 647
938 543
157 902
179 131
28 64
376 335
764 605
461 19
623 380
490 925
194 978
270 441
288 412
226 135
886 9
329 652
59 50
443 833
768 797
913 142
236 673
375 455
613 803
223 305
609 801
523 140
101 131
329 370
19 750
110 276
571 352
988 275
997 637
21 758
630 953
499 492
661 642
463 512
582 743
938 483
330 828
356 72
795 414
996 113
662 600
945 687
384 688
605 909
338 256
343 468
645 126
691 105
737 949
337 97
928 810
866 551
321 79
235 789
152 21
109 650
456 190
808 478
947 495
339 786
97 31
799 757
330 203
296 339
778 759
444 436
404 388
349 449
868 797
946 101
757 214
875 202
720 495
198 502
869 752
258 189
57 525
196 915
4 144
584 915
185 824
165 573
497 377
893 91
7 201
918 378
349 293
148 625
984 962
430 737
298 160
264 281
33 304
979 402
189 45
555 563
514 659
799 663
52 397
138 530
304 753
39 850
26 679
516 793
910 648
358 79
48 138
669 760
401 951
231 84
196 502
188 98
583 364
887 794
662 332
362 904
456 903
543 941
927 64
462 611
55 783
574 149
665 467
705 547
198 82
445 292
412 898
222 264
974 206
473 866
615 130
714 447
421 111
82 345
967 584
153 716
442 719
744 297
577 128
804 374
857 141
907 188
944 81
174 200
877 738
441 621
884 798
469 163
140 492
592 447
713 18
195 684
842 195
122 670
639 213
295 48
84 480
293 586
311 113
85 846
103 77
832 538
100 464
388 155
311 779
956 238
650 180
418 4
965 244
353 988
522 257
361 36
222 987
379 953
379 674
664 895
514 454
517 474
304 949
446 602
647 136
906 833
863 971
825 862
143 515
284 363
419 14
120 306
555 148
329 805
760 242
698 836
176 516
490 246
735 702
459 256
504 814
964 315
954 152
241 66
581 950
497 892
294 348
61 497
797 423
26 391
281 465
770 820
127 883
787 633
848 53
169 963
323 9
861 866
627 484
365 597
288 920
92 64
993 802
880 13
228 978
163 578
486 707
584 614
245 869
310 983
229 752
201 501
257 324
896 136
65 760
126 340
403 10
776 110
595 768
974 531
971 527
964 807
259 180
484 256
499 126
152 233
990 467
502 791
592 754
853 625
837 264
485 616
179 598
408 72
214 46
574 716
468 967
210 325
134 367
62 917
321 806
483 111
753 920
853 139
365 556
467 211
324 485
355 904
656 194
141 225
791 77
133 936
497 465
263 304
143 963
826 599
482 643
168 529
623 693
436 723
772 695
353 973
174 213
433 421
521 369
872 582
584 138
218 548
226 265
576 246
598 979
386 384
490 92
36 937
69 688
219 150
711 144
392 79
653 161
871 583
799 611
108 633
729 942
390 755
797 890
911 596
669 366
888 150
601 12
798 214
339 895
748 344
824 529
150 239
998 635
70 305
45 113
735 148
87 3
241 546
148 264
951 234
830 40
785 899
689 89
16 582
236 181
741 14
161 624
440 62
968 482
431 822
784 412
704 498
98 719
122 382
741 265
25 916
153 793
28 437
378 242
37 432
394 492
744 74
492 636
337 848
465 962
875 695
219 795
600 554
269 25
11 105
505 693
359 431
841 185
413 713
489 930
519 644
748 877
524 15
191 869
496 229
133 721
686 195
852 288
498 350
480 108
633 301
329 329
454 182
881 313
743 155
192 130
654 985
728 15
222 81
441 748
880 55
437 653
384 973
525 190
72 878
906 702
604 913
873 614
912 786
811 863
954 368
713 429
114 733
889 332
953 254
402 703
555 239
650 834
154 859
139 308
296 792
793 285
392 11
785 563
396 774
317 385
214 551
270 174
536 63
544 150
713 314
199 509
766 862
873 232
147 764
957 982
932 829
342 201
621 61
294 414
585 518
82 400
789 540
597 105
752 630
830 410
100 492
361 738
726 663
273 599
896 934
573 79
517 211
393 458
313 564
131 838
779 723
720 106
873 345
76 836
787 847
314 931
696 378
470 41
538 69
979 818
704 839
706 20
928 317
215 463
718 207
90 370
237 607
3 75
272 264
700 214
595 346
128 542
714 51
548 419
771 696
732 339
25 140
286 895
25 944
657 219
867 575
592 584
116 543
225 530
155 68
938 600
830 142
753 247
65 405
470 913
108 443
605 584
831 674
20 774
666 564
638 408
396 546
304 433
880 93
894 996
525 355
271 102
414 806
454 793
364 524
755 439
410 104
133 372
98 617
992 75
737 671
179 763
832 255
717 208
203 536
42 177
638 136
790 955
299 919
348 233
620 523
599 845
267 566
426 659
133 267
879 552
563 564
264 854
87 206
648 8
584 256
171 699
788 697
981 750
807 173
261 156
531 892
731 286
877 468
161 888
388 492
69 255
380 434
614 186
610 492
66 362
958 586
649 406
355 757
816 551
496 8
524 40
148 339
277 729
566 762
491 349
700 104
805 580
705 259
856 751
861 774
326 253
365 201
146 143
117 184
356 478
403 354
344 391
211 306
519 895
13 518
261 535
855 936
88 527
657 857
501 306
17 695
518 844
76 589
935 887
694 889
997 500
346 834
934 955
939 327
664 774
878 927
721 770
621 835
142 267
545 965
655 551
463 960
925 842
662 140
311 773
900 294
552 217
682 367
784 568
484 172
325 295
791 86
689 509
241 659
756 544
345 722
620 449
605 434
690 450
729 682
531 159
612 867
389 133
878 445
606 140
938 650
657 950
957 847
595 443
809 763
970 418
631 21
526 935
234 782
868 593
881 588
116 297
243 252
175 177
446 48
614 111
597 739
98 567
263 571
139 234
202 418
397 40
466 365
565 298
262 619
919 393
270 902
712 5
545 140
575 556
450 751
781 872
734 866
786 327
32 233
26 715
199 806
605 220
951 380
195 248
954 984
355 396
546 75
169 584
33 641
441 801
968 562
422 938
12 903
445 883
790 179
700 31
809 534
111 375
643 167
332 885
667 14
664 787
127 941
358 406
1 870
52 684
95 759
118 131
186 563
51 370
160 215
429 997
905 761
50 179
200 403
472 182
39 255
564 769
950 791
341 957
316 877
969 718
162 872
922 424
520 54
832 900
137 883
801 822
169 288
946 490
682 286
232 392
658 405
481 405
409 332
342 73
574 392
636 581
265 394
432 683
128 635
277 677
33 421
42 689
366 529
920 685
920 934
773 897
875 633
591 475
74 195
895 596
370 325
520 939
794 27
338 332
256 918
696 767
790 21
715 247
974 323
328 546
730 432
574 300
755 49
443 915
484 153
600 140
861 616
93 978
913 384
570 790
37 152
167 873
911 490
29 135
840 694
161 261
118 902
123 392
676 334
241 492
504 90
430 21
870 657
451 178
282 408
783 33
38 21
951 805
171 248
551 749
177 420
651 993
549 840
393 57
986 89
159 824
357 869
11 614
222 981
780 749
569 651
977 136
135 135
192 333
848 780
261 291
580 656
968 136
417 551
856 921
478 239
353 9
960 689
596 144
466 971
359 678
343 872
622 566
467 201
719 828
237 659
780 207
357 317
86 394
464 734
793 890
715 858
889 752
522 309
335 556
411 985
408 657
432 672
312 411
205 104
31 723
332 44
152 226
78 7
872 786
737 165
505 680
590 467
750 663
258 969
892 475
193 494
753 412
797 817
986 991
647 716
476 410
771 679
223 811
56 728
334 140
378 137
82 978
743 901
905 355
533 70
206 904
565 655
207 35
624 642
235 572
993 790
440 333
969 812
528 128
745 841
222 420
522 691
44 275
709 551
746 260
553 514
17 176
742 309
887 785
465 50
338 313
108 182
526 633
308 346
51 440
540 155
823 934
393 888
558 324
770 686
764 996
344 316
836 633
738 637
165 188
504 771
190 454
535 94
382 406
874 461
275 304
152 555
595 621
138 146
972 177
540 250
319 475
852 593
191 10
599 543
404 222
131 652
66 321
750 969
977 56
898 939
826 62
481 989
212 39
651 93
830 356
23 150
20 40
258 772
846 236
222 840
792 28
908 512
280 335
266 496
460 965
753 280
266 415
207 24
986 14
128 767
941 423
586 556
83 124
606 122
881 774
592 404
297 451
683 715
581 683
39 197
427 111
933 668
222 681
527 325
517 654
21 991
318 83
850 696
890 90
774 649
725 408
750 457
553 214
654 506
438 68
759 396
784 370
234 69
237 994
965 339
764 257
476 734
523 42
478 202
767 686
808 582
747 116
224 905
471 301
195 835
842 204
604 93
603 284
829 449
147 865
724 27
273 613
813 809
11 617
289 608
811 429
654 743
204 180
591 531
795 548
496 962
689 407
729 379
528 354
96 409
404 36
370 790
597 110
238 884
628 820
488 684
129 442
278 181
932 461
716 983
242 794
299 419
666 561
2 37
68 309
992 29
769 571
336 43
945 764
644 595
338 39
712 941
367 380
207 887
538 514
270 114
724 746
2 132
202 559
373 402
369 753
311 801
870 10
519 763
199 964
679 862
985 3
863 207
214 640
476 41
806 147
849 15
705 439
942 738
112 572
23 599
833 478
394 790
572 435
645 457
914 471
143 894
824 527
478 115
94 290
242 757
272 891
496 40
942 948
77 588
965 179
957 61
116 817
176 581
348 132
325 738
20 370
389 357
37 76
394 490
354 143
972 282
379 980
676 252
60 184
787 366
109 665
422 988
129 166
648 776
590 731
547 964
210 349
62 106
115 669
530 934
235 465
252 332
817 324
15 172
401 161
737 720
169 942
988 256
820 958
998 877
534 769
993 586
272 1
23 859
209 531
437 623
580 935
458 442
294 21
918 347
510 169
582 405
621 732
901 155
954 323
680 100
737 712
890 117
660 654
401 613
695 977
358 450
596 633
169 204
554 79
240 445
775 847
148 558
502 949
247 939
902 906
35 354
315 197
76 799
396 782
468 307
642 726
93 374
188 305
527 755
381 999
271 93
902 2
478 205
342 11
82 80
583 73
403 188
164 353
928 110
550 656
475 305
495 74
712 418
391 750
174 314
891 430
672 69
643 312
644 765
713 854
117 55
677 400
612 895
738 632
512 492
839 46
381 537
935 268
421 434
883 357
885 258
93 670
816 216
504 117
974 503
655 257
285 430
240 707
78 357
810 805
727 490
479 90
239 852
34 556
985 170
611 849
641 265
554 968
558 786
111 380
693 713
467 332
706 759
622 669
734 633
941 619
593 656
600 94
517 328
655 795
795 398
492 677
898 242
703 172
824 589
62 849
306 516
852 605
602 213
759 410
34 154
944 805
660 275
143 221
942 661
583 925
474 670
984 643
22 364
67 609
6 554
58 375
213 863
526 531
291 425
224 832
178 214
925 702
77 162
905 645
337 850
265 485
448 987
865 640
50 394
464 169
34 749
145 83
884 352
920 108
860 889
55 286
358 751
303 333
400 598
609 509
882 658
305 470
163 416
716 99
59 3
638 790
596 757
762 182
350 345
412 517
487 144
418 156
512 811
918 172
284 717
515 916
298 96
228 780
815 648
418 475
183 791
379 465
563 515
728 707
397 463
765 770
57 430
959 374
943 896
851 563
94 741
263 311
863 982
277 812
231 49
531 252
834 828
861 571
932 816
381 676
232 559
20 747
296 428
575 997
728 799
510 10
457 220
338 794
443 662
601 953
963 388
448 261
421 959
462 490
912 91
607 51
341 503
724 243
832 153
699 182
645 28
658 252
671 56
528 963
404 681
463 197
577 989
349 608
821 782
876 326
219 972
878 423
857 522
85 41
358 380
790 958
651 872
166 279
357 675
648 756
986 257
667 107
555 298
180 518
625 418
14 883
660 685
624 451
989 927
632 470
723 798
385 251
465 947
216 340
824 852
57 682
774 92
817 65
557 190
881 703
412 662
519 539
651 969
166 867
599 933
150 373
794 928
816 593
378 552
717 981
320 696
190 81
725 950
469 31
693 842
481 308
789 545
291 47
150 878
257 100
415 682
241 787
232 299
252 206
484 412
895 584
507 945
181 615
856 309
117 493
581 680
536 247
315 838
727 566
909 431
960 542
668 53
778 212
172 737
342 157
375 35
704 75
310 561
388 63
817 246
351 719
475 567
232 155
720 641
198 982
19 630
947 783
336 287
372 763
996 461
257 17
784 636
622 879
764 944
975 800
621 399
970 644
999 899
267 583
191 622
778 25
732 20
477 429
271 197
42 123
975 457
379 172
759 490
467 305
150 512
576 348
36 783
438 444
243 747
70 358
961 82
854 957
1 172
98 556
60 652
490 222
916 335
66 169
28 256
488 795
254 328
680 820
173 442
752 427
520 571
612 179
112 477
408 774
700 998
588 434
757 107
681 333
419 489
794 178
894 316
102 554
994 991
53 282
241 998
692 300
902 93
371 281
573 580
772 56
921 454
62 763
805 447
401 662
412 876
377 478
910 478
965 25
120 552
632 662
860 514
577 407
830 940
208 350
362 779
868 691
79 530
52 729
927 511
345 170
895 659
738 4
986 770
124 763
779 162
812 96
678 977
663 695
970 547
614 292
646 671
515 76
513 712
827 169
447 615
633 864
449 277
564 527
302 802
411 275
120 258
687 33
418 55
52 263
161 131
276 799
919 739
384 998
843 482
554 958
465 192
604 86
93 628
467 999
573 410
848 887
349 205
708 452
301 654
463 664
510 104
370 920
453 741
551 604
632 232
608 192
439 701
44 686
81 139
700 757
956 237
419 686
310 903
633 426
728 421
269 227
914 228
173 152
740 963
389 396
209 527
512 818
456 184
817 650
202 651
472 405
340 441
652 283
429 503
838 377
771 721
553 781
145 696
951 253
724 30
357 394
957 92
79 497
850 482
325 362
541 708
171 857
710 839
368 528
38 951
207 388
510 481
193 111
260 672
773 539
784 145
762 167
884 71
394 642
1 8
79 946
939 655
82 139
776 492
953 465
293 565
735 988
864 506
983 914
465 322
565 273
770 41
403 780
573 498
737 324
401 439
39 848
367 252
322 417
534 135
289 391
873 603
251 707
392 12
450 859
50 483
198 636
356 325
269 382
213 125
633 600
452 156
108 539
172 996
341 229
301 740
475 279
269 376
979 813
13 506
417 967
305 477
461 348
457 216
246 35
291 99
129 575
477 45
344 184
730 485
41 337
67 132
904 219
11 478
996 584
120 733
52 801
846 376
939 300
512 467
240 504
820 44
340 425
356 152
582 548
565 561
559 373
854 853
939 87
523 466
318 673
978 945
839 852
186 995
469 623
489 606
171 693
496 123
814 351
734 549
97 10
271 313
451 405
80 591
461 654
599 365
965 727
946 110
237 270
840 8
97 862
958 817
569 429
150 510
802 445
680 149
433 46
712 210
582 512
813 685
225 816
934 926
914 39
857 870
505 213
566 123
282 125
852 869
989 313
706 123
537 507
431 618
255 127
229 729
685 432
367 602
112 991
336 742
102 590
641 878
612 899
584 881
743 182
313 575
404 923
115 368
601 175
560 874
445 808
176 166
331 626
834 328
291 914
571 837
345 241
540 71
999 599
541 861
409 322
313 337
321 606
609 496
899 569
893 874
793 155
845 779
450 608
185 669
21 596
688 122
880 515
794 520
286 582
728 502
757 708
879 537
547 905
805 947
571 722
754 962
367 346
672 160
166 154
408 671
707 575
102 509
838 394
167 353
493 713
7 113
465 848
997 45
921 741
54 424
92 446
958 935
237 580
914 852
237 535
274 652
726 162
768 701
228 247
882 921
192 249
397 181
375 552
98 777
52 208
831 128
414 408
381 532
34 686
937 467
934 993
909 188
685 530
12 866
424 918
80 876
277 169
770 16
746 327
767 867
159 556
307 79
642 460
744 494
441 145
736 897
272 93
31 4
34 806
13 868
2 170
824 727
973 141
122 109
102 344
408 887
924 275
395 310
109 664
279 881
530 231
403 281
446 836
439 102
379 929
626 202
228 736
669 666
226 265
280 608
247 683
39 354
933 282
723 748
28 960
580 533
642 642
134 448
785 248
988 85
887 710
923 760
320 835
432 494
612 144
139 198
325 106
444 716
830 730
823 936
906 416
247 316
775 808
838 197
551 482
530 354
297 88
691 407
579 319
177 192
386 739
704 456
458 829
696 393
498 387
982 536
206 679
93 321
989 325
989 161
206 538
439 217
459 480
304 71
532 72
82 44
514 180
215 594
991 850
41 353
32 965
100 137
115 11
156 507
173 178
762 909
83 612
270 45
758 18
472 486
648 667
274 49
577 544
292 20
562 37
871 306
450 314
148 197
571 96
13 208
125 39
968 869
528 874
565 465
703 329
197 713
315 871
146 780
746 811
97 812
640 982
333 242
869 996
203 107
611 751
253 943
63 931
470 487
25 57
397 284
370 405
847 327
276 128
811 615
680 544
778 183
62 938
573 33
649 122
331 612
443 792
568 158
760 132
68 957
170 135
292 624
527 598
822 925
909 693
315 400
369 755
184 644
699 879
528 230
133 72
9 43
466 464
50 342
493 960
5 314
287 906
46 854
845 656
599 306
808 374
352 419
403 267
70 684
765 520
124 687
558 993
432 828
390 138
768 910
519 625
738 345
31 696
565 829
480 509
370 439
759 378
310 784
948 27
740 449
82 782
270 971
221 895
564 275
853 34
992 164
886 733
336 597
972 833
830 298
796 941
410 867
305 910
895 196
419 647
145 678
324 733
10 711
347 841
326 826
455 837
407 99
57 218
554 241
113 247
313 216
602 296
291 254
866 629
77 168
572 123
616 775
121 743
889 898
924 526
188 686
46 330
675 508
976 388
170 520
644 742
98 877
747 148
56 323
218 274
745 291
32 748
526 54
632 26
533 873
271 600
364 809
577 622
219 619
733 537
674 511
116 345
725 991
704 506
407 126
140 799
766 738
354 81
817 971
501 410
704 837
641 607
148 295
616 420
341 904
442 607
358 176
295 568
219 865
764 541
711 819
62 972
102 10
756 469
180 141
664 445
503 695
374 636
395 269
208 644
577 766
279 458
724 410
570 489
347 430
717 745
153 969
895 608
42 361
371 122
901 747
662 558
362 860
35 262
776 153
543 778
281 894
567 736
758 566
343 600
75 960
950 138
395 303
917 93
155 26
666 705
531 152
565 679
18 131
872 729
670 682
678 793
339 141
48 197
760 382
729 407
218 503
129 93
873 787
125 662
102 41
41 827
654 131
972 97
963 880
697 895
592 43
257 988
638 422
429 936
493 244
944 479
553 822
506 396
604 852
722 812
411 14
407 803
616 763
421 640
102 81
877 566
324 347
214 314
531 830
260 512
124 893
545 980
483 518
437 498
613 811
773 986
595 278
417 714
438 187
28 785
314 670
124 789
631 473
556 366
471 874
104 838
995 426
434 79
514 210
506 264
588 186
671 114
558 131
587 172
48 803
201 84
11 222
71 467
833 85
256 57
300 822
396 348
330 928
943 500
291 406
297 298
664 463
217 1
161 544
41 611
265 383
489 860
598 890
182 579
359 872
689 992
966 771
56 671
36 929
383 922
601 275
687 995
770 755
560 597
894 272
151 985
554 390
210 797
905 780
160 314
542 742
612 374
181 636
928 108
130 776
696 341
737 972
722 641
285 729
627 988
441 252
567 38
964 172
775 669
512 273
608 552
878 139
927 304
109 670
312 847
967 206
974 50
589 191
649 880
129 318
777 607
689 371
486 104
203 63
767 165
442 382
558 95
689 839
371 859
636 854
728 777
625 612
790 165
736 571
251 87
651 209
829 646
586 127
194 696
119 604
936 744
660 76
352 992
549 329
189 956
560 704
352 76
905 290
916 625
369 260
790 206
523 723
35 702
949 679
959 685
325 263
846 447
68 45
272 85
349 515
626 561
449 67
772 699
248 521
900 120
320 130
474 947
325 536
381 899
777 685
861 95
329 70
297 80
686 146
343 141
711 640
343 587
800 424
41 963
861 320
683 824
872 777
612 309
42 698
308 525
616 181
122 923
987 105
65 668
575 856
878 430
292 319
414 363
680 234
503 873
769 171
83 669
995 584
813 456
589 974
350 209
692 10
506 454
947 468
993 719
674 563
239 908
352 552
805 853
42 298
478 646
357 124
90 93
141 462
498 300
431 871
223 573
7 618
181 635
997 396
241 260
193 112
603 218
423 988
872 131
717 598
388 671
509 373
193 83
383 131
698 124
638 63
216 789
548 80
883 797
112 748
787 474
266 156
256 373
271 622
624 950
204 49
72 989
584 951
88 877
782 306
890 186
21 228
245 192
136 559
411 533
131 334
617 993
890 683
779 15
905 351
709 297
815 163
172 118
222 672
354 897
892 838
889 730
735 531
682 252
559 647
497 572
766 51
151 362
915 32
990 849
764 602
648 50
858 96
833 47
439 777
312 799
659 868
229 107
328 745
344 118
771 828
271 200
683 176
315 447
86 731
330 512
270 743
911 422
782 619
100 973
2 968
737 864
547 59
510 283
410 475
767 210
769 523
807 729
51 349
938 976
935 406
647 871
418 873
351 309
844 437
325 264
522 148
778 122
33 349
150 221
113 820
594 226
217 517
656 79
313 135
77 543
929 215
136 688
385 362
622 37
974 479
50 410
787 126
208 501
77 143
949 675
6 668
975 508
926 970
796 157
38 681
74 986
179 74
30 55
680 255
402 564
640 621
848 847
181 715
941 628
332 911
363 886
87 401
783 259
126 487
764 575
93 278
943 197
251 368
247 595
418 552
543 847
656 76
842 23
327 130
299 98
457 188
849 496
192 797
931 781
925 490
899 815
298 550
874 6
429 357
693 835
640 276
35 882
986 693
701 462
963 907
421 66
520 239
717 397
72 565
452 670
671 662
830 728
985 665
264 398
632 332
688 493
162 204
460 751
65 360
418 296
41 945
100 338
85 372
263 325
137 199
966 117
736 658
14 568
725 608
450 630
899 985
206 465
39 963
314 339
642 916
463 907
863 988
498 357
437 619
797 985
766 395
538 191
256 47
425 22
763 622
748 12
908 742
499 797
402 441
582 344
851 204
784 845
536 295
614 765
301 576
589 653
540 334
329 36
735 888
508 39
875 62
630 775
715 426
729 669
535 238
570 582
102 627
173 74
803 366
609 788
831 595
75 325
977 109
408 430
119 320
257 344
695 868
575 941
358 40
126 220
59 227
388 559
255 306
316 28
500 523
896 36
395 375
600 332
117 239
385 193
859 789
606 950
115 460
296 739
188 19
210 690
47 396
499 174
655 506
387 41
184 55
991 413
672 779
199 779
820 198
439 540
173 382
180 155
369 937
944 528
343 955
415 501
897 604
64 640
347 492
845 965
538 900
305 270
60 896
415 419
192 191
685 496
903 387
261 514
27 959
176 452
592 186
360 30
506 149
785 998
802 329
573 699
712 886
306 763
81 421
305 155
344 448
699 614
701 497
976 560
225 214
155 327
99 932
369 985
195 841
136 832
449 410
431 313
151 568
464 480
644 282
695 984
484 298
390 453
724 260
633 68
247 431
807 177
746 892
303 368
263 709
45 110
29 523
902 779
508 181
954 428
81 641
919 67
356 767
103 89
542 887
489 958
536 10
158 879
494 307
990 365
194 302
207 581
980 669
862 801
775 989
330 995
997 509
158 999
353 716
363 58
1 171
76 304
24 229
499 463
335 744
405 623
840 310
794 262
461 26
180 395
174 264
295 206
339 379
154 853
534 335
923 963
545 200
395 96
527 176
224 526
557 787
410 865
558 119
490 7
495 755
968 359
965 353
318 448
834 575
116 503
245 51
682 175
89 208
267 465
987 151
146 471
779 28
49 360
108 123
270 279
128 88
622 193
411 879
862 532
269 599
766 828
631 608
677 42
148 330
98 156
978 591
800 85
218 326
131 498
805 303
260 72
64 417
579 885
630 296
516 498
318 969
772 656
844 560
760 390
454 572
884 279
367 911
887 756
73 200
882 123
808 391
848 200
714 495
249 33
182 327
663 378
25 193
851 411
436 31
197 726
864 658
694 434
568 640
630 480
978 234
484 465
433 798
129 453
573 127
343 7
897 640
205 179
179 751
440 506
411 843
82 224
752 138
266 141
457 557
93 600
63 830
996 799
487 559
220 743
722 422
310 778
293 689
30 757
562 278
274 740
91 477
257 413
574 565
948 615
433 884
400 888
293 316
353 899
495 966
197 356
694 463
295 397
294 880
378 829
743 563
652 931
221 667
908 479
752 440
524 352
481 107
186 886
905 482
705 730
977 568
660 855
818 157
447 780
520 903
671 296
774 864
538 41
617 252
550 546
284 972
201 834
435 879
691 647
737 194
671 916
35 22
490 335
823 513
801 655
704 782
192 821
431 323
424 661
181 912
207 876
633 246
863 178
812 953
66 960
247 746
377 423
754 371
150 914
595 990
898 384
372 190
798 654
869 14
357 654
708 112
303 669
554 584
900 163
286 584
805 134
203 184
698 452
656 293
351 613
824 365
523 688
882 228
469 624
124 109
690 495
247 942
493 258
511 697
540 564
13 768
248 778
344 254
245 934
304 431
345 978
355 590
298 645
315 147
28 503
200 118
602 864
98 778
133 1
904 266
380 723
934 370
795 620
693 846
227 953
393 541
650 990
690 273
383 62
219 110
446 327
43 161
301 960
995 389
919 68
76 315
221 417
345 636
881 38
194 116
399 809
591 864
307 847
631 188
759 970
502 275
709 802
324 991
378 769
445 101
814 493
465 988
94 499
707 48
32 726
526 107
192 6
184 900
759 903
295 894
279 565
68 297
169 831
10 599
760 468
815 178
646 182
350 790
5 154
291 430
95 686
321 756
831 182
126 454
925 138
781 865
205 165
568 332
234 597
790 434
989 569
137 952
380 599
518 915
70 975
807 937
65 224
530 126
667 877
968 214
915 844
87 881
56 842
533 759
753 395
261 845
156 890
843 570
150 261
732 153
415 279
929 239
308 633
516 455
854 119
297 195
98 240
818 940
407 730
926 457
370 275
497 503
853 239
853 345
377 941
241 876
532 319
471 702
425 222
430 165
997 919
30 980
730 251
244 579
276 192
199 571
807 76
404 636
172 718
317 277
384 95
894 223
865 749
196 798
1 474
906 578
376 199
551 331
327 961
181 510
121 254
991 486
55 158
952 884
270 787
18 584
751 382
930 43
463 923
749 387
604 20
451 780
722 176
296 207
897 597
134 385
568 579
713 104
620 572
985 370
239 994
721 122
263 968
685 80
260 13
486 139
221 626
785 49
525 90
969 545
193 186
227 933
932 835
825 835
983 579
8 922
253 472
602 316
61 451
933 703
743 343
583 491
410 300
302 996
538 391
173 562
299 680
340 272
868 146
140 208
633 763
683 899
332 816
531 473
306 42
621 803
562 402
563 517
668 153
664 421
541 656
180 268
965 695
783 366
972 28
462 599
786 332
263 42
99 468
558 186
389 486
550 94
985 849
904 555
911 556
73 626
862 108
766 600
316 894
870 853
395 613
490 426
629 134
720 124
219 429
226 370
864 159
493 166
834 439
772 695
282 501
866 427
502 966
572 293
532 805
943 10
524 632
500 39
513 453
699 176
695 732
700 883
119 411
612 701
51 725
422 679
900 540
333 889
69 208
150 66
94 174
636 263
358 606
154 170
532 765
820 250
567 287
278 511
357 943
18 901
769 742
135 975
423 615
130 366
819 419
21 543
666 199
911 284
419 246
41 633
408 701
422 214
658 541
564 516
627 202
231 277
619 959
537 174
551 616
293 494
788 867
977 948
96 532
228 523
351 369
472 604
573 611
705 319
247 875
53 582
875 289
907 118
632 500
846 612
938 708
565 789
909 112
585 46
266 776
117 48
690 766
376 181
859 179
996 591
915 502
73 997
392 164
158 607
7 681
313 813
319 589
427 541
436 32
995 236
205 536
51 945
582 448
753 531
225 425
562 380
206 188
866 649
127 369
413 741
387 494
183 703
360 187
320 159
328 357
122 383
449 590
125 1
963 715
263 798
790 179
47 57
643 817
249 339
598 410
122 100
977 275
303 165
184 882
893 636
660 51
643 432
102 542
897 475
765 946
570 842
689 244
370 625
425 392
590 798
376 889
201 918
124 408
592 45
667 582
18 634
988 675
319 914
433 895
964 186
907 531
604 287
194 284
60 577
23 566
831 50
861 75
477 801
228 848
614 159
16 501
458 962
456 878
637 308
61 495
445 75
633 976
911 285
266 58
383 337
246 361
314 151
766 707
21 424
630 3
825 822
843 538
257 150
548 67
798 55
102 399
756 533
606 93
494 37
801 752
654 439
826 391
141 44
409 452
679 107
936 40
298 961
629 71
828 922
211 432
11 436
977 623
126 286
25 276
470 332
470 532
80 496
92 849
916 983
10 368
316 398
520 835
38 488
442 189
617 883
371 94
141 981
177 564
350 914
65 905
401 827
436 763
42 258
58 688
781 916
764 680
907 428
504 405
674 221
889 96
179 541
352 86
672 704
703 260
88 545
965 196
256 284
65 770
989 315
951 345
763 643
605 847
70 387
553 928
413 594
557 357
674 192
599 394
89 579
18 918
271 706
447 855
82 595
771 502
34 490
681 581
530 203
730 919
517 338
178 646
876 498
323 340
417 910
448 945
429 915
23 469
881 654
81 697
968 136
603 473
558 947
719 843
395 440
67 441
654 135
197 938
675 446
879 729
632 429
382 60
932 670
327 952
973 236
873 224
