4000 7500
840 726
671 894
658 242
837 295
324 865
134 980
683 299
70 606
168 598
306 833
744 74
408 377
375 478
916 335
835 935
407 21
338 569
739 821
116 873
222 563
183 31
914 412
820 19
46 157
358 423
552 585
828 502
740 733
850 887
91 497
961 424
875 278
504 178
291 813
686 481
748 160
181 922
599 146
999 316
867 6
215 859
482 120
5 191
650 612
301 118
44 925
372 698
957 48
469 761
158 18
694 935
212 569
838 326
207 896
736 756
843 5
673 765
446 676
358 164
757 22
209 658
45 481
890 47
386 320
312 496
85 989
958 533
445 3
323 410
872 819
40 778
163 725
473 540
533 937
116 750
45 203
578 119
676 673
251 118
155 187
794 735
11 300
865 580
65 285
455 840
872 743
381 859
648 320
382 964
591 851
196 149
31 596
239 842
601 241
213 887
938 89
641 282
65 310
205 736
857 788
425 617
928 644
63 425
519 14
705 47
895 821
721 578
119 404
626 392
758 772
473 694
923 352
117 403
520 656
915 413
887 495
808 505
455 578
973 640
990 636
55 679
461 218
977 980
424 360
52 174
442 851
206 949
22 147
541 414
949 422
978 574
253 647
332 759
472 328
522 254
972 511
750 182
843 31
658 893
231 353
505 137
919 267
419 995
285 902
305 138
715 666
834 754
280 893
959 877
327 904
250 175
828 898
929 277
29 883
983 659
739 759
801 719
704 495
59 549
295 849
499 965
685 824
132 865
110 319
179 736
991 503
832 198
630 958
618 210
967 132
668 112
209 934
630 196
796 712
217 711
254 77
471 617
568 337
615 704
791 540
678 292
265 65
694 959
858 988
167 712
537 418
324 361
110 512
778 664
695 226
693 771
174 207
124 116
368 357
305 228
115 424
661 876
333 231
35 498
322 675
808 808
970 96
98 840
332 919
398 61
526 374
872 904
305 270
802 508
488 634
538 706
3 953
379 234
833 775
946 569
794 714
394 707
690 683
698 658
71 403
174 895
932 412
953 726
240 204
475 681
59 842
968 314
348 653
8 632
261 76
479 861
942 816
745 737
61 33
781 159
506 348
711 71
669 630
173 710
415 78
121 645
280 664
104 439
651 241
81 6
587 55
490 435
380 117
102 574
526 844
455 611
634 779
191 339
144 666
265 414
199 701
267 604
290 446
516 918
469 117
999 658
103 616
569 858
511 840
125 129
781 726
886 429
693 74
296 890
931 169
631 682
349 368
513 242
996 139
550 852
679 855
254 920
821 962
687 29
439 787
104 438
565 765
565 153
154 331
600 15
553 336
132 160
96 740
162 861
476 979
449 216
681 795
756 662
144 596
567 957
214 430
74 555
264 416
77 266
340 51
600 366
638 308
952 898
481 846
292 648
956 712
212 606
370 351
492 239
649 751
148 609
761 198
314 142
459 931
308 51
856 451
799 172
126 812
35 589
291 659
785 999
150 999
575 677
792 438
670 559
189 590
302 828
899 896
249 180
186 156
230 895
263 186
314 276
121 841
236 690
152 680
153 868
257 713
297 786
130 780
421 618
112 152
967 380
936 629
533 297
944 51
516 986
181 542
635 961
858 571
643 602
51 340
631 84
67 490
217 724
855 130
975 445
83 317
286 563
423 685
924 302
800 164
791 632
23 97
145 891
547 13
351 211
366 931
793 514
65 363
318 276
244 978
984 150
772 438
908 365
52 778
51 927
168 261
660 951
46 454
917 654
424 619
525 915
280 757
239 242
684 889
247 872
190 28
485 989
730 616
396 183
15 570
836 843
843 316
540 1
788 660
587 741
226 786
109 342
188 148
5 995
643 464
650 840
714 28
224 190
774 435
586 691
236 62
889 115
802 270
350 434
456 442
843 333
736 966
687 294
984 682
565 726
658 470
667 759
202 389
450 633
402 195
711 297
430 856
128 951
389 506
30 430
299 502
467 305
8 44
69 365
350 906
916 927
39 617
617 431
942 920
27 348
939 295
198 51
162 101
517 653
535 327
225 518
915 933
139 633
51 561
345 948
448 866
421 537
182 559
282 338
885 566
864 518
760 545
203 767
358 823
724 214
170 783
164 263
161 656
265 219
172 864
781 703
391 51
642 6
883 283
22 997
549 844
198 823
428 492
555 247
106 212
428 506
751 344
807 386
966 933
340 87
945 650
419 538
710 244
393 310
668 589
145 124
436 61
599 623
372 21
184 136
34 44
338 277
333 661
571 966
640 418
633 414
712 499
570 605
726 580
808 472
362 810
560 661
746 568
155 625
51 864
929 277
714 403
31 761
575 712
102 370
594 823
307 687
663 504
369 70
728 668
232 231
601 808
570 670
590 508
721 405
503 741
655 600
103 659
706 652
26 943
243 75
891 456
947 999
651 918
121 309
759 675
133 849
245 538
674 503
586 141
687 683
741 997
24 883
31 907
652 941
169 718
981 555
663 549
890 471
510 499
574 798
32 233
160 628
298 604
177 244
996 722
827 19
972 530
555 955
825 965
765 811
644 839
544 482
760 875
556 927
583 475
386 951
752 131
868 213
836 793
323 896
374 163
777 420
97 45
128 535
514 869
477 560
585 772
696 634
802 346
218 865
590 127
431 784
661 774
463 756
13 251
830 21
666 809
41 958
566 116
36 618
234 483
491 242
427 725
572 199
976 391
323 604
774 408
155 553
131 967
626 48
14 67
477 485
668 941
854 166
555 715
387 295
361 210
731 488
9 710
589 625
964 676
746 383
441 797
828 243
319 862
556 707
825 894
73 251
906 374
591 281
854 816
840 771
256 912
7 138
116 855
967 456
391 630
129 277
881 535
893 51
800 995
184 291
497 292
666 396
112 273
974 66
345 892
49 88
980 124
814 315
786 334
154 881
386 816
444 363
727 710
390 557
658 886
421 534
162 685
430 837
478 966
458 573
717 455
672 359
787 21
814 927
271 783
523 275
842 30
493 702
650 227
263 78
971 922
714 58
529 309
484 286
162 346
980 593
871 824
757 498
394 713
946 826
440 222
197 7
69 642
23 748
628 137
778 489
411 162
69 760
277 890
688 794
835 570
65 358
934 258
415 23
683 341
585 871
506 66
753 726
881 807
413 270
553 334
673 536
809 136
860 394
775 429
453 782
865 207
938 555
438 121
790 134
294 791
618 444
428 811
446 221
440 733
409 888
251 784
215 764
141 947
240 695
820 906
53 825
349 695
410 102
461 818
459 339
935 691
454 269
94 383
68 913
136 91
120 246
723 139
401 264
107 959
509 583
904 25
994 405
468 926
646 927
899 258
886 217
426 942
394 975
636 745
795 416
928 428
745 812
223 336
283 364
868 781
393 672
589 696
893 867
844 542
336 476
66 360
207 261
147 200
161 231
86 352
467 124
710 119
271 66
581 194
929 924
316 979
196 643
500 707
686 72
2 179
547 819
413 506
705 209
146 582
914 612
159 262
26 444
860 805
110 855
280 969
915 397
67 538
880 669
174 735
861 229
355 203
284 314
241 42
842 595
552 813
373 501
559 498
446 501
860 883
734 833
443 81
214 342
386 791
788 258
722 312
144 438
945 382
983 940
550 245
377 952
924 574
21 875
174 809
144 663
570 860
478 600
667 64
578 124
941 670
113 58
578 514
945 283
357 832
558 902
591 248
144 136
116 164
651 829
621 378
858 181
208 401
528 172
896 191
777 154
398 652
690 67
934 854
303 685
948 333
478 74
526 739
39 378
264 124
628 155
863 429
767 356
768 235
95 372
507 505
416 393
772 852
862 923
637 162
862 220
655 31
53 485
355 379
273 732
63 910
823 822
342 979
880 402
862 902
411 421
637 98
693 863
824 167
453 206
987 38
63 707
502 88
906 525
925 330
860 199
793 597
94 900
241 165
802 798
875 900
809 219
282 328
124 635
130 20
214 207
781 620
219 614
389 261
386 898
382 342
990 12
968 964
610 312
958 739
896 503
154 241
573 578
915 136
887 717
307 301
948 472
358 650
530 5
59 761
44 20
794 430
883 881
434 413
499 677
695 193
244 845
52 339
367 389
508 826
87 568
807 46
893 563
295 436
303 366
244 440
351 520
882 277
733 726
837 298
877 67
436 280
927 939
166 644
216 10
224 541
194 747
224 815
271 680
546 654
481 322
385 809
13 153
92 727
994 85
240 811
99 820
172 336
420 283
881 764
247 926
538 1
445 780
634 906
852 626
188 97
259 16
179 522
910 470
882 125
225 558
715 261
840 591
269 513
162 930
558 377
240 406
150 341
336 254
860 58
21 283
76 770
764 614
285 735
938 866
381 708
262 63
366 277
531 498
303 879
224 29
493 708
952 161
983 439
619 433
332 298
935 121
742 263
955 514
5 31
759 136
596 168
138 790
178 360
762 324
488 141
867 787
983 27
887 384
73 852
702 563
560 253
266 470
254 461
500 432
753 823
370 359
74 323
759 379
26 62
213 558
886 288
743 993
41 476
905 629
159 480
341 845
393 48
364 538
241 156
193 923
775 764
940 671
650 302
189 975
650 886
284 375
450 748
538 50
298 48
763 910
908 15
10 557
48 32
215 762
275 486
102 518
48 228
629 504
839 567
843 437
764 361
244 290
819 870
496 639
532 267
297 212
92 454
981 614
609 444
896 84
374 421
532 113
444 757
534 102
579 292
52 400
903 923
902 228
152 37
577 747
524 360
363 149
608 187
635 117
833 933
656 381
735 703
695 21
553 879
462 746
241 237
931 788
368 154
218 33
123 502
410 153
359 578
427 766
833 932
591 580
214 198
187 380
731 902
996 308
429 225
474 162
851 140
127 699
257 992
520 70
263 164
200 749
99 13
846 116
38 996
378 904
817 885
398 378
357 245
130 411
993 126
585 358
390 708
837 539
454 923
687 343
957 539
346 29
220 794
101 913
73 684
561 541
206 509
970 483
998 634
303 759
400 464
469 746
185 296
752 958
595 231
571 284
254 738
572 741
461 442
511 600
984 300
628 569
487 826
546 407
632 516
829 781
871 456
386 834
93 459
722 396
556 896
646 230
246 123
975 940
930 663
993 844
619 117
735 327
398 102
117 164
377 319
708 17
686 362
726 669
427 351
616 831
561 209
889 520
361 246
928 782
590 566
694 128
460 589
630 389
659 630
439 797
260 13
826 72
863 502
375 92
327 773
369 989
561 517
106 340
695 915
782 325
230 954
590 8
710 531
982 837
357 931
453 687
627 77
481 808
754 40
630 441
391 397
262 908
376 268
683 113
793 169
556 733
577 994
490 369
266 821
542 491
197 698
805 743
521 869
15 977
410 102
929 754
285 47
621 191
521 838
597 829
91 493
670 668
598 532
964 504
916 293
259 686
699 589
336 699
684 301
532 353
694 515
833 875
611 427
942 164
637 621
726 336
11 590
969 752
237 681
725 358
631 942
89 692
746 214
364 364
805 297
669 541
981 369
937 897
902 220
138 324
941 390
35 924
169 148
339 676
212 788
647 87
119 696
390 411
676 983
425 686
762 496
991 940
92 290
747 68
306 57
917 535
450 562
856 377
71 364
338 304
928 928
529 681
528 24
143 553
136 932
679 238
529 2
740 793
835 590
452 963
526 214
710 946
783 389
879 410
267 357
433 759
719 893
527 395
681 50
923 768
268 421
606 530
116 725
404 244
851 12
961 639
930 302
268 898
763 327
95 312
579 905
414 749
555 438
109 138
467 448
126 286
220 749
435 741
975 915
177 582
105 950
839 437
281 412
563 710
617 125
610 432
756 509
992 574
26 287
837 458
468 290
71 69
968 984
435 653
140 731
99 10
235 794
772 11
71 950
75 114
785 722
772 808
34 380
716 841
496 689
461 366
45 188
200 92
151 980
758 492
251 154
359 864
704 738
230 159
835 653
61 422
382 767
633 914
623 799
696 19
774 13
61 992
533 332
136 106
558 217
822 425
121 240
867 259
723 459
578 678
810 648
617 748
17 50
893 599
170 652
723 567
849 451
219 646
68 859
834 659
355 522
917 240
558 240
470 531
800 647
910 164
554 482
756 326
888 888
243 461
562 918
492 330
613 522
427 329
342 313
994 605
579 141
917 777
442 435
27 157
65 641
669 318
7 642
480 206
734 586
30 503
449 54
630 766
583 747
236 360
206 860
284 803
243 298
554 623
473 453
305 871
756 554
932 885
896 856
989 760
459 147
937 617
939 126
932 149
545 227
855 905
878 692
921 654
386 716
151 198
429 336
762 397
22 559
51 162
495 36
539 634
637 487
523 296
354 899
201 1
629 581
352 599
101 316
446 843
553 260
917 8
253 308
605 794
732 424
499 418
157 25
288 303
245 303
934 341
589 230
569 960
859 163
439 941
188 590
605 183
715 11
237 355
8 221
143 173
723 36
976 617
406 923
620 732
194 171
55 938
580 661
749 685
168 952
510 395
87 772
731 710
270 222
107 284
559 117
248 533
214 199
396 357
798 974
501 303
320 422
562 727
268 62
443 637
615 73
754 4
423 385
680 977
764 188
940 461
971 677
867 487
466 266
589 582
734 686
868 766
118 755
469 261
627 434
287 772
805 740
791 309
180 261
964 906
636 799
466 527
961 553
151 975
791 59
67 167
919 570
843 609
67 723
79 620
368 317
415 397
405 306
253 719
731 412
724 676
355 481
351 646
879 809
865 555
602 800
445 720
266 319
913 899
112 662
810 303
886 989
904 547
286 50
248 678
381 728
806 526
578 551
234 95
86 596
561 720
112 353
709 52
583 785
593 992
46 207
861 177
795 327
170 328
446 102
331 35
4 617
658 872
657 798
16 752
249 996
441 924
496 117
223 190
925 436
673 549
737 20
731 461
619 660
353 482
390 33
600 806
499 709
333 431
449 372
91 814
343 99
429 813
105 89
385 289
804 399
286 538
976 919
25 441
766 492
980 938
37 515
228 682
282 361
680 718
830 280
586 387
899 360
642 555
522 714
742 435
699 720
968 251
286 375
578 116
236 847
275 697
971 924
138 256
234 815
223 73
284 331
961 468
946 265
801 609
324 861
620 224
442 882
318 756
328 482
47 18
960 720
535 21
335 322
687 948
374 843
259 75
653 604
670 306
964 406
111 521
770 328
44 967
906 910
683 783
26 482
743 530
915 142
147 950
359 524
432 221
908 865
556 889
117 342
428 638
496 771
875 568
770 56
699 112
837 903
512 755
77 236
440 321
997 449
586 312
369 799
498 24
491 161
796 836
970 327
803 523
331 677
12 894
500 197
977 83
960 941
715 768
540 514
95 570
437 11
855 980
627 899
797 976
398 7
769 622
995 910
29 85
305 934
400 522
812 658
738 79
18 879
454 997
505 504
510 590
397 118
93 619
875 355
853 124
278 325
916 359
166 99
302 17
263 119
848 60
30 193
284 588
524 429
919 610
981 529
855 613
406 536
617 580
720 876
574 701
697 232
347 362
413 570
699 997
238 49
172 365
124 982
722 568
894 640
495 938
225 885
896 393
872 395
462 357
286 163
756 453
786 67
170 588
314 87
158 360
974 957
206 779
112 403
635 351
865 100
256 398
263 867
148 684
439 759
582 933
457 138
229 513
972 649
394 906
725 356
158 766
916 256
365 844
952 55
102 429
556 145
135 423
76 902
788 85
735 637
145 128
285 223
722 645
279 349
482 170
919 418
681 325
86 488
547 959
422 207
555 527
865 279
956 741
457 482
132 741
343 344
70 96
386 465
896 78
739 932
906 604
911 574
678 1
758 591
395 832
989 591
51 683
187 996
537 135
206 602
96 240
894 825
733 94
866 794
609 884
813 536
333 439
78 609
666 458
645 536
982 177
766 458
934 19
435 622
362 280
659 71
995 877
117 312
318 284
355 821
151 157
806 539
472 331
588 674
956 321
529 826
417 242
213 6
822 74
549 762
125 969
481 324
283 807
250 220
968 958
840 691
615 487
502 666
335 737
619 130
712 562
70 397
252 630
788 363
609 906
850 796
962 157
683 85
967 460
505 723
576 579
399 320
147 344
83 670
530 24
934 64
709 511
477 640
844 673
662 262
901 252
637 436
33 484
605 124
217 842
636 947
183 964
887 323
31 31
188 948
432 440
179 679
156 375
770 907
201 353
535 617
438 39
638 457
212 137
335 669
855 288
574 566
331 591
100 463
357 184
494 932
99 402
253 310
184 748
6 484
781 766
199 733
732 384
736 383
232 89
918 21
494 929
618 292
817 686
9 556
620 957
470 10
722 26
29 260
965 237
314 577
472 235
587 576
752 457
295 791
547 23
66 390
282 97
699 895
238 191
954 300
378 323
784 454
296 259
557 418
740 734
632 459
319 614
945 992
769 748
538 881
264 704
689 660
301 187
76 991
184 915
485 799
217 566
709 389
214 130
755 202
478 718
138 238
73 269
36 471
690 573
51 917
108 671
151 512
289 499
824 902
567 816
799 923
948 174
263 570
219 603
974 793
260 920
184 904
749 946
160 103
225 966
498 156
152 695
363 292
25 775
608 101
164 197
120 768
641 304
279 620
667 570
944 153
999 459
610 33
695 898
74 441
525 615
828 903
462 574
135 817
50 984
162 387
581 271
972 859
721 696
673 931
689 155
680 675
793 237
425 74
632 84
161 641
197 119
196 221
99 386
633 921
797 688
336 145
9 574
294 233
507 799
738 104
621 736
447 417
15 600
698 85
969 994
515 340
364 809
950 44
179 716
431 750
155 906
200 285
426 703
221 556
954 208
165 362
755 173
45 809
905 393
807 539
122 592
406 24
193 610
707 530
739 590
60 865
151 969
354 584
992 66
984 705
294 35
286 265
489 517
549 13
999 598
712 602
788 826
795 805
787 578
954 564
670 880
965 210
224 591
710 426
327 626
417 670
824 129
433 468
501 517
519 332
440 358
689 975
860 438
917 593
672 389
141 71
111 31
973 331
891 58
542 898
437 578
595 690
524 997
974 532
719 301
955 45
411 727
629 430
890 433
173 195
886 644
580 99
857 44
464 880
309 949
432 453
982 712
365 126
825 301
197 500
697 197
322 396
544 604
287 612
2 246
12 308
127 28
346 36
582 134
903 8
31 819
152 964
857 356
534 17
304 336
417 349
53 307
286 483
822 206
280 717
368 186
538 906
911 132
969 858
815 250
854 853
545 767
860 698
250 509
106 798
70 885
311 525
444 964
393 882
808 878
132 145
219 654
778 27
867 929
543 643
233 120
603 851
379 395
991 828
749 173
729 812
698 652
847 929
658 720
70 735
302 599
909 616
753 109
121 819
520 267
155 310
919 920
555 695
223 551
251 849
946 195
337 615
886 546
656 563
226 697
765 632
951 148
398 140
439 344
409 738
658 721
53 282
944 790
673 764
297 188
37 53
218 682
827 441
842 655
29 766
313 78
799 510
898 525
816 462
578 239
891 299
730 580
881 791
157 336
3 41
168 301
560 648
827 615
35 806
211 759
111 425
317 437
309 279
70 749
459 829
698 237
479 222
734 983
180 421
978 826
810 59
485 697
245 190
554 300
451 592
455 911
893 729
780 415
489 939
612 471
645 872
822 621
62 294
194 35
237 969
659 773
946 696
15 897
38 767
595 485
293 264
507 605
734 128
508 441
733 599
531 480
313 832
471 481
455 331
108 146
868 58
539 360
85 806
372 620
264 315
973 900
488 82
109 260
101 462
673 556
180 464
907 804
607 157
904 437
471 496
695 522
541 136
28 503
732 361
485 237
117 365
984 126
26 611
70 29
59 487
221 473
655 843
976 108
39 319
317 934
839 360
324 562
591 945
674 331
448 700
921 890
595 495
438 758
766 703
63 587
292 191
459 562
936 259
313 580
858 986
211 373
153 944
945 271
303 630
309 134
692 792
854 764
726 296
106 292
946 248
868 866
899 320
383 51
181 557
471 817
885 716
418 575
754 230
653 61
787 173
837 895
357 835
877 873
818 308
201 633
256 442
803 285
629 743
617 559
597 398
844 110
366 822
929 456
368 472
461 453
204 687
997 549
832 914
303 742
666 4
990 11
434 122
541 319
876 763
420 394
596 990
763 170
374 696
211 195
190 836
83 639
235 725
156 607
837 511
154 936
920 64
113 999
290 143
155 503
733 240
565 136
424 263
625 366
341 888
917 567
187 606
33 390
675 491
872 869
442 733
471 130
279 81
89 482
895 929
402 128
935 100
695 765
118 153
116 379
543 331
323 799
245 967
191 545
277 142
432 431
509 64
800 412
807 257
931 767
756 658
12 252
917 387
452 915
6 478
806 988
429 655
290 239
520 90
598 434
19 249
122 686
987 988
468 565
902 956
532 528
170 45
799 720
384 888
20 324
600 372
184 218
933 564
865 710
195 315
917 754
647 949
52 691
328 288
301 952
137 66
676 13
854 719
770 340
245 24
535 720
943 62
210 539
432 966
471 820
204 111
709 189
260 47
801 499
925 227
269 396
7 17
743 881
117 367
590 157
602 920
472 52
103 135
532 827
437 504
540 380
780 545
419 678
866 636
356 391
880 353
657 696
892 585
508 817
183 503
96 526
686 461
279 139
269 522
199 453
117 679
758 65
443 179
219 692
530 556
878 847
418 410
803 267
937 853
796 618
903 462
760 433
295 70
826 18
447 692
822 179
122 198
278 948
178 827
809 380
661 971
844 987
353 410
360 824
487 812
108 295
651 869
887 176
686 304
564 803
884 680
549 188
173 241
799 96
367 180
438 169
501 758
940 999
226 462
97 919
320 239
832 428
962 282
732 543
83 310
507 444
652 913
887 13
580 29
753 615
793 991
170 711
412 230
852 365
491 550
591 535
95 266
39 940
74 156
557 957
418 235
936 741
836 96
917 221
742 743
617 727
617 645
716 636
10 185
209 782
203 468
943 808
734 484
180 550
350 691
70 635
432 562
854 817
259 979
140 210
475 66
206 268
708 549
574 172
509 233
182 498
644 585
754 31
922 852
933 338
510 530
975 740
514 52
292 1
110 340
985 144
137 844
287 921
6 453
867 493
826 375
937 846
543 302
63 575
406 94
277 745
179 424
740 263
518 608
717 288
816 736
25 250
257 732
440 696
258 932
556 12
825 261
105 732
34 62
861 905
6 717
493 99
255 568
946 644
274 324
764 980
425 742
192 521
407 337
464 454
81 711
250 758
792 573
928 866
187 347
483 562
123 805
579 188
659 805
970 513
998 545
256 836
43 369
375 419
869 628
458 314
167 963
594 836
23 149
596 595
577 907
326 672
429 149
460 818
664 797
391 380
212 779
598 466
560 69
349 299
331 710
501 281
668 627
838 286
859 980
185 713
596 849
590 311
896 349
423 686
446 838
91 266
673 462
328 295
121 530
468 634
151 741
758 78
504 851
138 554
911 710
629 377
411 772
96 677
80 266
390 176
832 662
453 928
377 887
29 279
372 845
470 48
532 727
316 792
8 220
797 457
144 44
160 711
784 464
47 354
940 365
31 28
897 847
28 661
67 714
36 812
47 629
720 886
595 39
512 471
607 409
304 111
100 962
271 254
815 990
986 439
937 968
305 342
43 309
991 405
566 337
850 30
970 254
466 623
920 265
582 363
987 812
135 837
831 782
496 237
490 747
331 261
599 381
380 952
665 620
25 649
618 260
164 947
866 526
188 854
35 636
766 815
855 944
485 458
157 73
186 775
1 241
861 746
440 884
181 781
981 155
123 299
694 245
936 592
865 889
618 395
394 25
300 124
143 403
44 488
620 780
283 422
785 186
184 315
109 76
334 761
654 283
231 21
970 73
681 133
552 896
808 350
495 653
183 61
676 179
809 571
888 290
797 357
872 526
584 960
982 80
592 382
60 484
821 558
338 388
731 597
221 821
622 800
548 546
312 664
207 54
692 765
431 73
923 512
398 891
722 570
993 566
822 755
906 358
189 351
333 240
268 376
156 455
200 721
961 425
460 884
646 634
988 648
522 915
145 717
267 548
240 802
972 491
469 636
511 677
670 796
808 159
281 544
846 911
657 584
959 680
275 843
96 158
474 792
70 707
792 501
552 754
659 285
35 715
998 328
807 614
254 993
585 311
61 733
148 190
258 905
128 884
506 954
284 660
969 361
167 537
18 98
379 352
935 244
325 812
209 857
65 417
306 776
655 944
809 384
182 15
4 365
388 319
47 121
288 815
909 748
162 595
518 953
721 296
771 467
653 385
529 343
674 612
676 368
604 275
429 173
628 87
212 26
672 162
342 546
475 460
805 5
11 987
377 236
441 310
220 484
472 835
94 125
323 265
622 658
765 756
890 331
169 980
59 712
651 760
206 625
624 329
277 156
50 50
179 889
702 829
952 458
80 981
276 295
720 957
996 177
552 718
307 71
382 298
550 333
422 40
598 896
545 868
797 9
680 76
214 470
383 300
323 164
697 993
755 59
984 251
598 299
714 255
263 302
513 138
318 399
39 348
497 219
129 418
3 807
572 546
893 244
444 607
532 65
393 999
801 785
50 850
192 60
578 254
991 194
10 727
843 596
312 574
927 41
217 637
788 734
615 988
125 217
363 762
42 521
383 880
836 707
618 726
893 900
885 310
849 124
441 920
950 108
152 512
217 432
978 610
402 628
980 846
408 530
788 632
378 581
882 587
705 82
399 571
484 817
727 147
647 36
574 33
366 622
201 627
375 868
558 426
138 138
330 210
670 258
542 638
197 835
111 221
664 308
138 775
871 49
352 858
271 817
372 33
624 542
135 596
100 855
449 893
846 356
838 41
714 154
752 268
333 683
898 18
293 184
451 833
504 463
883 636
652 429
98 367
553 713
214 401
261 551
925 512
893 87
530 674
741 864
394 518
524 874
606 932
765 957
43 403
474 608
241 964
804 14
555 719
557 15
314 145
457 985
256 569
245 305
12 241
727 514
324 967
141 944
287 596
892 97
256 520
177 634
861 57
609 471
331 45
347 783
700 114
696 518
860 283
87 976
160 456
990 161
281 403
207 609
606 480
254 291
823 34
650 535
590 380
849 324
323 737
164 228
210 13
844 135
837 77
696 355
875 773
703 880
651 297
438 578
428 991
284 465
766 24
839 635
764 847
300 590
290 776
224 635
674 880
278 586
496 761
904 791
225 101
589 812
229 559
175 144
349 907
57 803
384 698
949 540
668 539
25 652
219 631
315 946
305 807
947 635
3 854
342 826
832 236
815 423
933 898
210 389
410 188
144 275
117 172
399 374
628 104
698 591
858 184
574 156
513 834
632 816
51 835
534 794
241 608
936 173
306 31
203 34
901 234
151 687
141 435
952 539
839 264
896 14
595 431
292 793
443 879
309 124
81 122
837 821
799 41
282 331
573 824
9 669
273 820
655 408
640 480
135 633
479 845
706 830
761 208
807 212
948 297
183 775
221 569
743 717
963 207
220 993
875 971
601 428
220 216
501 586
153 430
235 501
194 338
643 990
324 15
259 769
913 118
537 437
558 735
935 678
548 430
149 287
540 33
417 349
320 456
611 768
111 981
67 555
173 602
296 578
205 493
709 950
805 789
577 560
28 996
722 204
709 19
551 647
202 50
857 239
537 178
524 209
518 305
700 152
303 349
995 804
465 989
642 383
715 970
710 945
864 522
812 888
537 786
308 323
32 503
764 112
786 990
250 142
795 772
859 155
494 668
944 688
180 136
81 396
349 976
832 368
60 39
117 4
192 504
121 453
183 45
898 511
965 489
645 980
159 795
855 976
742 568
569 37
109 468
581 44
351 435
997 392
93 899
236 397
565 826
656 942
844 970
241 687
42 149
715 629
505 127
70 327
924 292
163 671
854 837
607 860
395 560
209 694
949 967
611 505
189 713
254 564
147 308
400 806
549 595
204 280
237 686
812 828
510 61
3 341
430 857
749 638
474 964
818 373
341 164
663 113
403 680
776 512
571 754
84 974
447 238
124 694
497 165
333 866
205 267
827 110
312 841
950 745
347 317
561 469
455 585
549 212
504 215
337 295
265 285
476 981
843 531
705 516
776 326
531 727
857 148
235 814
50 925
298 966
789 256
932 516
360 476
585 278
954 77
123 241
807 84
542 916
818 607
9 503
319 45
224 955
72 625
649 584
498 703
603 475
581 404
24 85
644 250
995 250
60 186
850 915
175 269
1 261
37 790
635 247
809 50
921 576
672 500
57 877
655 194
94 89
304 372
346 32
38 712
339 50
509 139
682 88
24 140
397 335
94 550
697 368
605 113
126 530
847 640
895 839
342 886
52 501
560 221
33 226
10 300
189 412
390 671
386 240
681 652
161 871
740 928
570 104
57 16
725 765
767 916
306 431
759 647
193 602
68 279
617 42
614 515
320 518
624 137
517 990
536 876
274 160
564 658
664 652
989 76
679 7
263 812
991 36
993 260
185 573
403 844
76 681
296 39
984 437
861 434
144 324
669 65
495 634
367 478
61 333
718 942
32 863
490 879
891 525
128 623
413 723
813 140
113 810
65 255
379 202
645 633
880 178
742 749
141 128
25 369
197 988
949 871
6 530
772 820
363 2
185 167
801 828
485 299
852 364
539 809
647 534
393 421
458 214
557 768
518 925
415 380
441 784
490 669
371 223
772 526
895 840
42 139
519 137
483 196
853 479
936 62
679 803
286 873
912 979
320 971
656 39
665 307
92 731
771 909
384 786
136 977
331 727
615 208
521 158
298 541
922 678
492 299
223 907
539 338
98 162
184 541
575 593
508 987
814 774
537 798
236 323
632 871
699 624
794 444
657 472
619 996
180 585
344 434
85 439
323 497
844 568
712 999
120 439
753 104
704 180
143 157
112 68
447 622
985 231
263 895
744 430
638 516
205 991
968 346
429 481
701 750
452 121
215 919
921 413
677 479
94 193
710 286
203 724
314 629
950 656
355 316
425 374
776 327
236 458
593 448
499 978
950 466
871 940
582 662
350 485
640 57
602 826
49 261
722 337
502 838
138 682
484 416
741 971
264 215
691 11
185 837
105 490
528 871
669 518
944 44
573 247
697 50
389 315
411 672
207 488
359 689
303 684
25 628
812 286
276 383
436 68
597 751
931 487
754 328
935 884
357 697
782 245
286 330
998 26
24 509
41 60
702 764
237 870
41 560
587 794
420 865
319 441
380 988
330 183
13 781
88 645
706 870
984 464
547 397
654 753
81 70
181 911
419 294
658 311
843 107
276 806
436 929
237 236
9 445
834 977
60 916
962 588
184 139
244 755
667 125
925 478
536 950
362 725
261 68
491 364
519 983
508 80
857 366
445 580
89 283
366 614
933 109
669 336
325 931
115 694
19 193
902 105
443 609
311 79
523 330
352 591
798 653
35 798
979 92
624 566
269 585
497 109
929 69
709 256
796 190
240 300
343 703
356 762
821 379
431 512
241 225
829 917
765 342
185 880
447 69
167 467
786 567
147 865
126 378
725 260
532 199
803 601
415 233
182 309
598 995
298 250
727 439
419 202
581 221
384 906
451 395
951 110
713 313
80 640
458 66
406 713
654 107
387 736
939 3
630 870
323 268
494 717
118 903
183 645
421 981
703 718
693 402
970 960
692 556
482 467
195 346
883 611
968 345
878 832
167 867
284 620
982 256
671 120
854 314
162 641
855 159
781 887
479 347
623 996
430 853
283 414
149 471
550 199
934 565
74 289
961 565
651 57
2 542
358 317
956 41
936 882
850 529
459 443
742 336
928 613
335 325
918 602
660 628
99 426
465 343
175 911
955 279
713 217
599 823
412 33
339 61
38 898
323 81
186 819
652 781
436 785
474 449
361 709
60 544
168 491
757 382
130 690
214 217
867 857
195 9
14 260
348 207
836 326
712 553
244 230
729 732
507 108
110 371
284 936
501 291
109 870
169 539
106 596
771 417
876 34
556 640
96 373
490 626
180 431
932 424
128 716
301 744
888 413
570 434
767 723
221 415
985 134
871 802
213 179
919 552
244 394
946 327
79 114
652 805
55 580
797 849
556 538
32 420
575 340
475 152
985 377
657 618
451 453
478 437
558 469
249 256
649 374
997 843
653 209
362 278
495 229
137 296
531 881
456 288
79 998
895 383
703 822
256 69
84 816
955 594
190 673
491 931
278 537
803 328
321 989
487 285
323 133
729 708
627 972
976 109
890 514
674 875
551 928
933 514
812 514
983 815
244 883
971 524
81 858
644 10
74 694
642 731
411 771
471 232
710 567
947 927
330 128
295 556
138 445
205 425
430 510
154 716
847 737
809 375
415 992
489 579
624 385
261 62
458 727
324 831
298 499
916 514
237 520
20 577
435 945
99 122
508 322
825 110
296 124
767 58
949 248
481 51
835 34
714 220
327 763
333 159
524 892
344 38
3 869
672 493
965 74
433 413
131 380
520 806
901 912
397 336
673 981
634 943
732 809
81 631
981 459
411 458
720 438
409 291
548 526
18 698
900 24
351 522
248 24
14 442
860 835
660 44
360 395
938 947
572 984
319 982
331 962
965 273
267 728
258 622
688 649
431 979
193 420
982 252
657 905
478 828
145 391
285 412
258 328
892 89
320 594
433 389
657 35
634 947
915 448
542 544
286 961
681 46
216 773
567 135
991 980
927 639
326 964
806 465
277 875
926 241
560 59
435 816
132 750
960 267
998 20
381 69
380 143
959 836
559 110
114 921
233 798
251 668
870 241
630 548
861 479
184 270
614 226
921 377
495 898
1 375
63 348
169 846
479 969
302 462
672 644
902 593
269 601
772 688
76 45
302 299
275 172
156 310
47 686
950 476
75 75
192 523
48 980
186 237
125 654
542 393
322 621
206 937
251 173
338 690
843 745
208 22
117 750
646 831
629 585
379 32
111 337
494 409
887 989
158 709
612 416
180 331
332 893
670 895
354 391
380 626
376 873
42 334
690 784
858 423
640 227
859 291
837 837
146 725
220 162
826 6
504 512
819 32
766 392
472 442
441 731
932 674
901 364
3 387
371 990
654 143
124 778
106 396
796 910
457 453
11 763
944 846
284 799
313 119
414 11
379 607
638 559
359 670
25 813
435 752
404 94
428 593
764 547
761 312
463 74
482 630
850 306
409 176
253 342
82 612
764 637
890 372
286 833
439 194
738 597
453 287
439 317
924 617
204 604
926 177
678 416
459 340
900 737
472 543
673 171
974 580
166 928
77 754
743 479
593 546
387 107
623 743
974 201
298 815
752 776
814 605
662 531
949 747
406 597
294 181
120 445
482 236
889 146
113 681
856 626
687 769
249 81
371 528
649 276
148 389
357 865
56 803
78 175
938 33
627 238
902 951
183 984
5 813
89 908
517 303
358 576
550 757
122 503
375 825
293 660
977 964
821 423
930 250
997 170
229 586
46 677
211 575
294 850
447 395
604 602
961 137
526 755
893 883
125 693
54 32
221 885
526 124
96 956
543 701
238 934
380 129
521 101
481 663
822 78
15 238
393 130
952 76
616 674
152 858
475 283
903 668
685 321
150 654
439 795
859 382
567 792
878 523
319 86
680 626
227 52
549 578
683 664
270 745
740 664
296 610
391 961
874 23
604 184
361 614
338 891
633 656
357 187
97 862
4 376
180 677
21 742
733 261
842 36
434 531
931 278
257 390
658 582
835 278
636 505
464 16
489 805
190 402
589 867
959 518
792 676
872 66
932 504
343 938
107 433
898 134
942 250
29 865
329 108
152 184
393 556
839 332
6 433
847 936
747 967
440 543
787 935
956 52
32 718
888 653
298 930
206 819
699 685
275 95
411 420
589 993
177 311
866 629
853 177
429 393
705 976
434 26
174 520
327 211
638 363
175 307
192 606
338 835
743 392
923 371
928 221
723 85
208 724
658 849
279 698
796 834
195 116
480 495
20 828
503 894
305 898
441 344
316 996
886 988
642 201
401 467
156 865
602 187
215 442
552 230
865 145
29 254
766 446
389 242
80 703
137 495
784 739
50 110
496 787
706 433
20 179
385 121
145 928
518 890
147 483
376 697
475 178
232 147
21 759
970 587
171 565
841 45
878 466
847 176
370 929
173 753
332 238
978 126
766 862
942 986
37 203
868 934
76 660
810 784
870 729
4 569
