4000 4000
34 161
149 925
556 607
35 664
505 339
746 523
531 840
706 319
467 219
714 451
854 320
748 450
29 315
747 278
340 854
693 311
25 837
967 298
895 326
850 707
246 561
866 40
287 328
654 517
243 185
695 523
518 160
404 108
439 303
438 743
354 561
589 591
258 540
816 760
505 354
287 303
640 654
594 513
186 515
909 163
995 866
908 172
359 254
552 757
664 794
877 921
283 98
712 365
409 694
89 525
846 312
871 463
157 543
390 620
664 117
593 599
635 573
437 484
441 156
893 412
871 592
95 438
3 235
727 981
955 417
867 647
840 67
791 973
317 395
274 868
915 587
628 683
395 549
359 62
358 644
760 121
810 834
753 466
539 600
276 235
652 297
123 281
222 137
334 970
539 563
238 645
477 668
529 870
62 847
598 216
363 668
395 613
228 732
747 431
856 25
226 58
39 474
516 961
122 107
15 226
718 357
249 940
472 61
673 525
516 120
803 950
717 349
338 977
365 731
745 427
331 588
726 421
727 740
85 558
986 53
22 189
487 194
170 110
914 299
65 958
786 279
40 365
259 270
523 318
666 724
91 29
131 281
898 881
125 133
646 305
562 307
148 203
443 652
91 342
989 817
875 591
90 303
991 980
848 180
123 211
247 582
567 653
761 792
47 835
589 204
36 927
644 822
195 980
785 753
37 522
877 909
498 620
663 672
973 383
828 841
445 775
613 280
321 348
954 954
933 689
649 144
977 133
52 659
309 708
8 349
846 594
536 5
424 752
581 602
891 55
930 993
282 398
484 928
577 597
305 183
197 885
649 213
350 800
996 403
197 586
144 570
256 483
859 232
879 590
608 558
530 132
50 414
151 371
27 794
846 81
47 816
324 247
918 259
982 727
415 831
490 965
43 857
878 141
881 57
542 874
915 266
301 819
814 326
244 565
436 700
265 172
267 158
120 14
831 450
163 458
900 861
683 970
441 771
190 610
545 959
679 165
690 649
449 859
796 978
275 645
824 7
770 605
625 717
134 418
285 890
744 164
103 531
878 436
180 807
790 131
8 53
292 881
681 453
690 231
210 695
423 195
768 799
624 548
875 608
798 584
685 316
217 530
391 815
460 107
143 171
275 506
864 552
371 309
909 322
551 771
476 604
426 570
142 354
728 858
633 492
809 504
600 984
157 34
395 919
614 39
656 277
833 985
675 141
856 640
110 836
473 63
769 53
698 3
870 596
36 229
782 867
346 289
531 701
272 846
429 360
267 443
26 377
751 353
845 449
559 691
710 845
709 246
137 433
101 186
856 337
12 976
58 221
890 133
114 877
331 786
69 220
896 967
106 665
784 942
854 979
137 808
678 88
732 701
902 315
80 151
475 359
616 61
947 385
701 637
520 932
84 213
814 951
538 886
21 590
564 831
270 993
639 190
111 530
729 77
816 249
618 642
416 675
416 641
823 84
481 644
749 650
935 222
803 692
210 277
406 599
930 708
473 397
339 248
328 532
870 496
826 757
263 857
634 56
168 391
204 187
248 585
19 703
600 153
23 943
498 391
204 848
477 314
415 619
753 500
403 640
261 995
515 676
371 943
312 660
400 664
269 363
990 417
277 428
757 412
86 131
870 855
549 933
293 608
548 443
649 725
941 476
565 894
954 47
424 80
925 101
538 170
254 842
430 525
867 425
507 133
158 297
917 645
362 830
193 355
332 846
600 898
837 909
886 315
151 737
649 485
935 472
99 628
739 295
554 696
345 178
750 150
677 284
48 25
780 731
91 371
51 978
516 158
839 169
649 204
407 909
962 756
166 945
431 416
321 273
585 694
746 963
855 220
853 304
23 811
164 189
549 988
861 127
942 89
806 177
983 321
888 471
375 576
855 555
369 819
63 857
349 831
838 428
921 890
527 97
731 616
586 530
673 856
372 317
567 869
164 635
132 690
146 743
200 965
544 786
672 89
860 439
501 452
793 621
81 804
339 85
978 639
762 181
620 696
928 10
823 123
749 305
291 205
611 762
737 631
820 106
852 922
15 14
405 945
276 566
6 461
756 688
882 597
910 567
823 191
923 143
398 543
390 417
287 633
781 827
313 334
964 848
350 742
710 348
42 695
978 531
707 446
369 620
581 608
279 885
78 410
565 793
160 658
649 369
631 511
173 832
885 44
335 151
462 45
543 995
997 846
980 970
587 541
347 504
611 694
818 158
947 839
260 312
523 370
587 871
50 942
20 408
340 893
410 812
198 650
962 858
731 47
927 805
838 82
610 834
409 567
471 228
931 596
376 62
718 26
95 616
612 89
278 786
787 253
591 151
68 472
89 322
492 538
493 25
585 355
278 47
112 438
676 637
495 87
206 824
837 882
393 168
539 838
667 963
994 379
782 679
76 420
798 304
688 678
462 680
943 330
498 18
577 853
171 21
666 699
704 216
355 159
125 52
919 827
260 343
130 982
764 841
757 690
444 665
804 405
128 12
880 792
177 130
363 974
677 208
856 905
935 348
803 360
583 722
949 896
304 983
965 69
290 717
185 352
345 820
504 964
400 121
915 439
922 932
165 108
816 242
480 107
268 261
229 790
15 701
498 409
8 201
267 653
561 286
635 241
593 409
236 190
992 715
292 936
574 878
69 745
327 785
110 796
761 224
922 96
220 6
949 778
689 189
777 900
323 521
163 731
409 349
53 440
708 32
811 264
953 387
849 891
709 771
259 617
493 253
66 688
811 155
994 353
479 959
533 493
409 686
466 131
467 872
874 246
580 560
681 175
961 344
435 118
679 924
488 656
379 241
851 847
951 716
505 506
89 691
65 438
430 753
822 181
579 610
784 475
300 886
672 889
776 672
221 801
827 239
13 601
10 570
710 724
334 397
430 687
479 19
655 366
251 349
581 113
509 41
298 981
966 61
267 876
692 811
421 698
762 775
934 872
358 195
219 278
339 504
168 831
279 967
645 584
241 491
751 769
780 316
837 435
879 52
536 219
283 161
41 157
604 65
34 764
745 958
383 214
114 723
71 148
355 384
466 384
144 150
662 523
469 81
60 166
91 24
98 10
892 291
381 550
433 950
397 910
202 314
147 510
940 897
451 739
702 317
104 985
308 607
541 561
913 646
897 235
601 471
547 583
143 498
876 650
313 443
592 232
686 549
888 855
812 972
57 778
304 694
229 22
916 456
820 154
610 746
761 798
171 6
355 595
570 41
202 536
131 815
701 671
180 468
790 414
435 723
824 877
849 283
181 697
957 494
702 153
372 317
618 233
296 383
517 720
65 47
281 902
183 521
595 305
433 623
457 383
835 748
589 216
181 748
639 32
746 618
640 533
48 93
194 156
645 371
244 235
83 237
209 870
313 485
79 358
798 132
786 757
476 756
408 64
509 672
482 792
614 116
562 331
625 678
853 691
391 193
203 115
99 107
421 497
849 577
604 189
105 675
764 642
786 83
618 487
366 713
930 916
587 334
873 901
529 224
509 60
374 470
887 377
998 714
97 160
623 750
83 892
238 75
854 686
351 290
198 34
963 477
968 208
292 533
94 366
168 341
787 497
458 959
475 13
574 623
594 550
783 381
410 122
604 721
801 201
599 109
663 162
674 394
211 152
438 10
423 196
373 907
188 850
873 315
97 492
313 122
264 820
89 795
480 735
288 154
984 162
553 3
465 528
789 796
732 12
588 692
938 110
339 617
118 921
327 428
675 808
254 914
144 802
268 411
546 820
266 257
114 373
278 307
933 401
351 977
881 156
372 754
799 140
552 181
746 568
896 566
431 40
367 163
263 238
938 496
996 33
405 281
530 339
156 394
316 749
277 638
449 685
952 112
756 491
248 702
882 767
953 851
427 840
55 388
243 54
35 3
637 655
224 326
539 512
480 256
65 910
472 703
822 934
163 262
626 674
851 259
968 15
705 366
740 184
533 829
157 820
906 966
55 769
803 849
635 339
887 292
826 338
858 476
837 627
741 87
687 8
731 489
402 18
163 998
894 965
994 680
417 893
875 429
375 747
637 264
902 193
574 294
137 667
118 942
584 847
246 79
322 716
823 213
756 840
674 312
977 887
385 641
912 563
459 954
403 24
770 523
642 642
19 839
996 148
773 359
177 206
268 311
473 718
52 649
833 237
444 75
914 656
123 142
456 940
314 639
626 773
921 19
259 287
960 117
854 993
211 196
748 699
229 71
36 538
632 837
531 587
565 952
173 882
423 496
291 233
597 102
804 278
207 622
452 265
5 102
616 336
424 645
874 727
610 312
99 515
707 502
958 490
189 204
186 576
211 205
375 598
489 596
757 540
350 821
68 581
564 586
928 690
357 439
240 136
4 943
421 720
258 484
520 706
794 687
453 206
534 825
21 530
97 513
127 63
475 648
666 990
155 864
673 918
455 761
834 693
308 606
862 114
221 39
221 309
130 177
720 361
410 22
577 124
588 939
841 873
482 317
804 818
715 353
110 695
982 677
300 391
323 425
245 739
614 6
461 387
914 389
526 691
252 827
841 164
984 277
649 692
596 379
905 267
378 569
958 88
446 516
23 29
746 594
348 941
633 752
437 129
426 735
679 248
187 310
509 768
136 884
823 209
683 393
571 214
737 670
113 474
999 981
931 277
164 189
657 414
664 862
100 123
153 413
566 180
473 606
337 439
99 933
802 136
806 433
258 127
13 959
647 12
154 730
835 262
818 513
920 276
899 820
919 919
809 61
996 38
350 951
884 996
462 996
715 533
156 973
541 718
181 987
811 806
346 950
908 626
147 299
950 750
78 543
985 765
535 370
115 745
177 269
195 709
328 156
559 88
727 556
972 513
817 303
870 927
70 883
252 851
479 876
148 90
410 675
359 791
237 593
325 40
299 753
758 720
843 493
615 272
655 178
786 255
919 146
249 178
943 259
248 238
760 769
540 120
271 738
188 516
853 621
409 988
416 557
388 778
958 865
888 980
812 171
379 365
137 148
383 257
909 370
836 826
347 320
713 119
640 482
118 595
508 418
715 263
167 476
979 753
115 59
175 435
24 769
470 461
911 230
928 116
468 999
740 516
758 764
358 109
538 29
645 664
608 194
555 116
181 343
613 732
286 88
743 998
25 506
415 673
47 729
780 397
364 818
908 7
732 854
950 796
154 516
871 149
17 450
83 225
192 59
261 212
776 309
495 72
481 119
32 864
991 150
376 364
275 630
6 800
750 427
910 749
559 507
969 97
135 982
902 511
148 707
297 885
920 186
763 437
769 726
773 12
214 266
6 104
728 551
4 760
22 210
344 343
914 277
1 724
982 620
944 452
933 907
805 13
639 750
265 200
83 946
892 699
302 844
786 60
739 888
448 84
442 204
363 548
968 577
787 138
542 901
58 970
475 385
754 734
224 403
96 312
374 3
826 668
448 879
8 516
126 876
231 306
684 576
860 783
844 258
738 712
873 582
216 800
726 767
497 618
949 789
862 472
781 538
405 734
157 321
300 977
255 581
57 524
513 911
803 764
522 202
877 368
91 803
91 361
948 683
179 585
740 977
789 671
760 485
701 115
929 158
352 175
29 137
734 231
423 835
916 656
165 99
299 670
706 862
454 516
291 558
1 480
436 586
379 125
388 74
395 778
347 393
762 91
866 887
562 632
75 801
622 280
188 485
198 430
906 812
331 290
638 283
656 388
548 96
575 588
935 372
681 130
658 285
518 547
396 61
293 54
427 4
325 792
494 621
284 371
691 61
424 389
693 107
249 554
681 266
150 901
612 357
765 829
477 36
910 529
303 415
421 753
512 881
184 424
177 52
375 628
5 894
889 919
758 216
844 746
297 575
218 118
591 565
604 871
466 520
370 616
261 93
350 275
182 371
767 474
213 871
652 118
619 978
746 905
901 838
229 817
269 503
835 107
743 50
678 395
904 327
871 695
441 357
548 53
31 119
740 608
628 424
725 807
455 836
58 982
360 608
999 359
579 612
538 63
130 195
719 566
637 473
83 100
876 124
903 910
523 995
970 942
859 428
155 226
65 129
738 33
992 552
980 672
480 605
379 701
221 594
754 73
8 115
759 924
740 733
561 120
510 771
251 608
423 839
536 515
260 762
597 254
236 178
949 898
901 212
352 156
493 538
968 574
659 972
529 203
307 457
29 676
228 339
473 18
503 198
399 6
914 722
278 43
575 682
118 282
837 784
587 940
360 195
195 111
526 904
590 304
754 690
412 823
506 94
324 513
374 905
385 839
803 795
362 95
497 263
90 188
630 484
436 986
418 298
180 694
798 661
272 375
960 8
323 95
147 607
592 996
823 137
177 288
530 653
312 921
180 717
453 497
404 656
807 214
167 804
369 226
664 602
212 590
902 133
847 787
248 454
178 193
998 14
195 671
495 166
199 979
410 94
938 901
616 573
592 999
155 130
242 353
301 76
42 67
998 76
583 771
187 213
143 871
23 42
746 844
964 938
458 745
758 358
473 432
882 734
765 132
404 580
588 713
820 493
129 592
118 240
167 963
323 690
182 293
780 813
556 788
898 117
62 437
346 415
832 406
376 572
32 181
888 390
308 830
446 998
836 353
826 901
732 230
211 323
345 905
829 420
526 783
923 566
524 305
283 51
378 942
495 744
53 10
193 962
713 293
319 260
11 982
21 666
254 595
949 152
996 618
674 256
326 692
969 122
880 951
745 601
386 34
444 654
695 926
554 457
480 183
451 143
22 561
592 573
678 676
512 431
436 891
481 281
999 380
989 863
678 236
335 937
468 63
571 701
314 949
187 543
731 233
905 373
847 103
785 57
992 399
375 844
7 615
454 513
417 598
240 788
451 626
428 565
668 253
715 374
598 839
151 606
675 245
305 365
219 567
692 852
282 980
574 73
330 129
176 445
418 250
918 443
428 789
6 745
568 107
186 91
6 713
425 597
540 517
200 321
483 907
903 46
372 365
398 303
699 30
106 10
348 68
913 592
352 477
691 817
817 725
987 719
56 968
59 983
353 964
619 258
796 213
161 824
433 104
751 950
837 415
874 426
736 948
920 971
222 642
643 898
836 489
184 910
524 316
446 336
954 719
457 608
604 916
525 647
840 76
898 510
860 757
71 526
410 101
880 728
81 255
490 652
112 508
163 357
791 461
197 640
373 340
839 506
337 2
587 732
889 83
983 939
178 658
931 518
382 564
527 587
231 646
910 569
189 839
686 699
90 373
481 950
538 980
73 938
849 734
338 95
948 733
629 538
587 327
415 662
856 509
100 710
963 884
485 779
757 748
5 237
533 549
882 710
868 725
951 573
901 52
575 288
933 246
552 21
197 265
625 306
590 873
500 784
828 747
858 868
322 401
883 847
614 785
636 949
774 640
369 703
490 310
275 408
96 180
477 36
915 373
528 781
19 953
399 503
20 606
693 624
775 471
609 34
465 576
153 49
890 971
430 936
738 445
174 632
62 879
360 524
426 698
214 539
985 481
66 95
550 527
765 201
83 464
974 825
467 221
245 143
97 141
517 829
205 366
189 784
357 839
521 47
184 893
647 735
56 582
364 601
287 787
119 684
134 300
576 897
998 974
604 632
661 361
534 425
415 520
371 219
910 480
928 700
440 820
684 40
425 442
583 52
84 420
359 874
249 677
995 781
955 430
532 935
353 35
409 120
105 545
546 551
802 785
132 36
482 245
637 384
479 842
522 699
447 410
265 546
824 921
926 860
500 431
476 413
501 177
164 724
274 101
42 197
260 923
621 959
211 492
156 910
307 575
379 562
74 610
967 132
183 232
436 906
69 50
460 682
91 25
998 107
793 893
817 386
56 793
296 801
470 695
371 300
327 534
729 941
657 164
763 815
306 508
957 826
36 941
858 440
20 872
468 194
437 391
722 146
678 521
158 277
859 103
250 208
894 474
883 532
2 412
891 154
570 602
378 43
238 135
940 424
554 902
938 75
677 140
590 688
261 68
676 62
292 206
976 883
992 279
147 261
511 858
630 62
89 122
112 148
278 163
277 883
290 474
349 843
15 650
868 316
459 628
403 655
490 248
962 894
655 526
51 862
773 605
938 469
855 410
135 864
751 554
117 476
749 875
88 175
841 96
837 542
68 750
657 207
45 694
392 234
499 972
420 41
767 22
657 52
980 414
721 679
574 650
296 915
645 742
76 966
645 59
584 702
991 478
125 803
747 674
162 580
643 565
138 681
932 203
783 598
258 936
580 838
796 499
851 529
909 131
493 641
637 680
365 706
725 490
410 252
829 25
366 465
994 320
486 432
625 597
956 2
858 93
581 221
893 525
715 698
310 50
182 761
432 953
172 186
643 213
983 883
84 56
830 723
202 475
893 950
403 315
674 593
339 102
230 484
777 581
624 877
657 909
216 919
747 132
52 430
355 237
70 360
730 349
150 692
149 373
723 55
196 937
521 996
390 804
755 853
910 783
329 103
379 397
617 123
907 974
642 777
927 408
509 219
130 901
344 884
247 788
73 626
299 106
251 312
230 424
597 961
996 520
79 755
394 377
918 827
363 401
968 324
614 240
634 224
436 499
53 836
731 306
936 916
331 283
384 363
693 772
373 268
243 117
498 311
894 39
806 383
219 188
202 732
978 932
2 598
978 213
680 408
271 784
513 816
921 935
930 262
221 918
56 452
396 573
88 191
620 954
590 686
753 940
129 737
983 927
576 647
676 95
542 583
698 14
924 767
413 242
529 39
716 456
805 194
634 194
850 3
65 370
32 470
584 785
34 324
210 264
323 739
167 689
983 54
669 46
906 437
287 181
841 96
481 934
889 109
47 554
487 121
414 445
355 17
347 519
595 27
534 288
167 909
95 575
850 694
896 23
376 329
949 231
776 643
901 520
500 610
405 947
638 953
9 107
885 534
877 955
911 376
935 191
863 481
307 7
493 587
14 939
21 75
868 198
47 815
413 696
538 778
356 229
378 893
18 811
692 333
949 120
850 382
681 907
422 433
399 48
456 119
295 86
273 424
430 813
282 390
796 116
816 380
198 40
405 574
474 555
977 311
722 93
327 87
824 404
843 638
676 980
592 607
809 626
543 55
685 448
772 771
807 728
515 424
161 642
967 727
789 546
656 200
9 711
547 70
90 653
296 70
960 571
422 65
47 902
246 669
985 863
158 578
302 938
559 692
615 983
234 917
403 652
615 135
449 599
614 439
382 949
269 463
161 157
228 174
41 552
107 45
491 644
926 717
627 24
283 406
596 268
397 42
260 100
841 463
792 392
780 9
401 14
562 775
457 947
179 317
870 530
838 359
315 864
375 155
989 872
969 758
490 183
496 776
841 22
859 859
721 253
200 868
757 53
145 598
439 549
864 255
417 818
712 66
113 109
811 911
570 874
957 719
906 866
888 850
835 892
949 50
287 385
714 527
364 88
449 986
659 484
504 874
294 997
249 276
303 359
333 479
424 58
409 540
638 540
755 176
24 798
911 686
485 221
387 322
621 444
576 483
163 521
103 774
463 718
285 610
157 494
770 948
207 12
705 479
650 596
50 468
742 64
340 425
503 870
770 14
101 70
299 164
288 754
676 290
786 797
787 979
433 600
865 415
609 4
133 775
317 879
530 70
864 618
469 577
255 179
321 364
811 925
113 483
714 641
689 138
474 260
286 53
100 472
995 662
918 5
796 284
18 928
856 622
787 8
418 547
635 240
584 303
119 556
179 163
235 486
225 382
470 157
911 687
689 780
341 694
226 221
646 930
314 864
122 255
770 38
404 983
312 38
663 212
133 454
344 694
653 795
836 983
586 838
249 635
237 343
866 49
68 886
106 144
739 920
947 819
559 373
474 965
803 122
67 663
824 249
272 268
63 328
844 32
410 694
304 193
143 440
852 733
307 191
378 407
608 208
159 54
868 201
299 37
728 398
218 119
585 536
44 787
757 534
773 191
586 509
139 829
361 660
719 830
131 422
360 235
676 970
7 728
898 38
687 792
708 362
678 697
143 159
115 948
815 62
467 951
760 329
777 701
186 51
433 735
721 702
37 265
361 81
887 842
18 122
125 627
565 288
411 511
801 268
642 104
605 438
311 440
664 718
261 291
712 349
39 83
307 689
266 273
691 956
864 189
754 824
88 88
494 709
649 297
830 620
611 261
937 293
793 783
367 636
498 399
136 498
289 312
881 962
785 691
682 969
470 586
647 488
124 106
128 881
52 788
865 480
435 291
558 270
79 241
944 68
861 643
847 427
158 561
286 943
336 163
15 418
285 508
447 639
145 73
199 279
178 900
454 420
856 179
336 464
737 11
196 849
343 286
246 771
35 25
138 765
450 538
914 961
386 755
981 157
121 74
34 63
432 232
745 203
784 639
804 19
118 555
576 705
893 246
597 161
714 879
282 909
986 726
474 286
172 319
916 859
845 333
511 341
161 498
663 403
201 215
431 758
891 882
304 49
732 454
543 700
653 497
805 960
912 836
347 208
903 128
134 868
435 587
293 807
465 580
721 556
460 225
131 806
679 897
912 378
102 919
903 258
142 764
943 621
879 125
730 63
959 333
390 958
199 371
412 566
416 826
713 697
739 921
647 962
812 992
457 787
746 463
320 669
506 488
746 256
682 985
754 668
977 670
456 937
67 555
864 177
841 894
497 830
142 644
342 670
455 740
419 728
877 5
858 360
577 308
5 463
865 562
734 30
110 498
936 554
142 698
558 383
471 512
345 19
949 771
56 741
539 870
346 560
379 650
867 248
972 820
595 744
954 291
766 868
897 552
784 949
739 226
693 353
659 163
569 618
80 26
259 687
174 726
497 428
577 495
237 957
946 361
436 552
332 152
336 556
131 448
970 231
210 881
747 104
801 421
333 101
214 741
463 444
925 762
661 904
751 215
787 763
934 85
329 693
271 426
405 349
873 463
392 408
461 661
451 208
851 824
324 354
976 3
959 495
332 992
885 948
522 901
595 843
154 413
921 895
285 675
948 478
804 125
596 404
162 580
82 666
540 666
300 695
617 379
65 629
184 225
190 973
969 256
620 291
358 882
458 558
994 436
119 43
643 936
724 113
981 998
450 52
912 377
876 174
205 247
478 263
785 831
802 168
934 15
32 780
140 825
924 881
753 470
46 989
933 784
920 66
156 535
634 615
995 5
122 431
544 735
960 364
355 883
794 430
953 823
188 2
625 617
272 443
159 128
928 648
625 659
172 634
221 383
792 70
335 824
230 823
607 455
425 911
925 184
369 295
138 951
692 716
111 613
397 695
298 187
183 686
744 913
337 304
7 17
741 220
123 193
949 743
175 166
33 681
979 705
317 527
548 844
248 908
335 515
218 632
719 205
865 646
355 662
596 443
346 696
849 136
863 797
554 468
581 815
270 657
390 715
862 357
481 186
344 295
840 284
660 309
449 78
885 615
615 6
246 981
313 618
246 10
833 46
697 439
533 146
892 192
600 387
259 657
979 819
18 165
602 185
668 516
306 51
485 211
196 668
267 90
532 924
295 982
809 507
466 439
985 213
829 771
957 440
120 556
853 234
722 757
440 589
32 739
961 441
914 776
132 631
72 42
593 665
598 219
734 819
593 721
99 350
214 13
634 404
197 533
564 984
18 221
787 994
214 782
801 683
309 362
620 39
288 545
39 501
263 96
300 485
820 514
585 607
930 88
947 865
77 399
33 8
516 780
473 576
966 616
765 57
102 952
970 912
192 169
992 454
520 778
301 511
369 241
405 576
825 411
645 950
362 598
658 383
908 373
295 307
421 352
109 179
588 457
258 594
197 44
250 524
392 309
681 229
780 938
53 217
92 684
245 273
673 655
420 821
923 946
319 817
33 302
903 992
557 414
56 7
209 384
113 488
737 148
850 618
578 213
918 415
736 150
404 807
742 688
670 118
967 931
975 621
501 470
992 188
946 802
824 743
820 495
219 103
351 259
32 168
671 676
840 56
794 199
124 836
662 524
876 889
78 270
581 859
96 127
329 10
444 927
872 826
548 411
896 415
463 379
422 491
599 828
857 931
394 974
659 274
993 321
453 220
518 86
718 943
748 245
824 847
498 904
549 947
841 722
257 387
565 677
12 627
558 287
493 213
482 391
906 155
876 377
120 3
849 894
978 599
128 804
259 716
777 585
988 685
354 172
72 754
359 924
885 14
658 757
128 894
337 467
632 860
407 189
346 865
803 815
446 908
499 902
714 740
468 647
175 535
931 826
318 814
875 998
645 602
327 383
460 181
182 277
831 899
32 910
646 390
476 538
510 73
393 952
512 184
502 408
885 999
724 202
482 380
892 899
412 610
798 7
68 548
411 55
464 727
811 315
783 174
825 179
395 801
498 207
347 767
374 615
829 384
197 86
887 598
534 868
15 521
128 813
749 734
606 681
304 551
364 341
751 418
600 408
731 937
943 307
246 227
347 111
368 624
599 878
888 934
713 35
525 179
931 914
843 127
556 749
711 514
638 4
41 279
456 17
765 273
801 654
129 359
568 38
351 743
355 408
475 112
776 400
150 60
417 812
708 545
896 770
173 373
60 367
916 617
469 135
431 876
286 91
845 986
329 256
131 763
234 335
17 980
26 985
232 658
237 723
117 190
789 583
108 428
66 221
846 25
454 585
904 656
162 840
888 950
613 260
896 110
162 766
936 615
690 306
38 317
775 961
204 497
993 462
873 12
222 777
418 111
662 503
625 916
368 901
29 890
50 537
258 669
522 628
672 654
297 210
583 741
443 295
702 549
571 17
415 174
407 743
292 457
315 767
869 664
114 791
854 497
873 995
750 604
591 840
78 275
712 207
77 642
409 593
4 189
63 799
872 291
992 820
251 277
397 676
686 43
762 827
55 212
623 161
825 192
278 353
648 221
884 754
866 940
288 611
907 308
836 353
971 894
758 369
742 68
678 773
81 10
268 259
602 966
999 756
412 244
138 819
54 276
425 472
778 764
803 907
709 375
245 358
510 166
349 919
689 575
406 632
154 192
26 963
705 939
380 458
652 41
466 973
524 104
328 674
56 162
734 744
776 815
200 693
553 91
405 321
92 994
228 690
539 226
371 631
773 59
804 348
26 377
748 912
146 491
923 836
558 86
245 928
248 128
937 841
734 293
341 882
164 798
631 827
552 550
415 426
392 379
728 457
218 833
543 609
76 735
240 257
568 741
566 163
509 669
604 740
419 880
37 444
709 998
187 136
795 816
764 16
40 802
44 817
20 554
391 215
808 684
130 7
296 98
83 447
132 695
259 520
314 867
923 792
423 600
139 555
66 72
659 344
642 363
456 954
974 811
925 702
482 117
457 344
776 532
48 278
621 78
436 212
610 903
491 178
241 805
681 57
955 171
792 355
189 114
224 832
672 864
355 922
906 630
898 662
752 294
669 322
546 513
489 438
593 35
110 727
412 965
850 842
318 772
231 588
866 954
313 798
33 625
106 620
376 439
813 927
971 555
276 721
319 926
454 308
931 347
161 499
347 769
851 733
960 278
509 812
156 607
107 186
135 419
811 479
720 20
670 624
40 659
202 523
490 903
539 20
954 26
345 58
809 34
36 697
458 717
535 447
352 774
981 956
323 262
226 651
399 180
754 794
670 426
830 112
277 607
947 6
569 620
545 48
378 28
497 851
17 888
395 583
610 156
281 295
740 707
54 505
184 573
869 430
393 410
679 914
898 91
153 203
235 59
858 12
826 209
408 300
420 847
990 919
773 975
75 933
712 884
903 568
456 912
414 502
857 326
220 137
187 507
878 53
434 968
320 788
52 188
370 705
373 73
110 930
469 846
60 806
637 141
820 751
432 323
992 978
620 229
242 534
897 199
720 566
914 582
244 581
633 269
902 893
732 295
597 946
846 921
152 922
276 668
128 41
291 474
521 292
40 198
665 821
889 440
282 29
963 844
622 813
24 238
681 108
717 752
794 386
822 261
754 406
499 142
767 391
421 437
182 726
498 38
456 826
701 20
11 75
767 919
767 605
996 109
792 568
549 153
657 666
728 392
811 885
383 837
704 759
87 839
500 148
602 120
512 538
377 507
51 147
167 920
620 251
557 394
769 684
37 676
921 231
897 689
357 794
954 992
250 609
88 462
201 305
70 152
136 572
542 192
811 534
898 84
55 698
604 983
261 682
505 12
554 233
534 223
159 403
62 963
922 134
396 72
832 102
181 514
542 309
377 711
630 325
101 616
219 527
403 687
333 338
259 389
167 487
595 995
475 30
795 727
426 275
134 592
899 755
532 102
789 795
603 497
711 874
766 431
445 450
582 212
35 488
744 745
233 304
328 541
282 7
308 701
65 640
540 903
759 230
997 66
267 829
223 343
768 300
949 275
581 824
120 844
244 196
559 221
259 144
906 264
281 921
492 524
357 953
492 451
600 523
32 359
743 115
528 520
831 9
477 586
163 661
893 555
256 71
612 75
344 807
814 126
573 92
700 390
280 522
200 189
769 452
215 393
508 15
422 58
703 255
299 668
612 126
761 757
482 110
283 500
866 20
920 536
173 553
563 880
741 616
12 86
187 430
400 917
997 41
266 960
853 140
837 277
390 837
442 314
647 308
33 910
719 906
990 812
13 202
737 504
46 710
805 111
749 488
398 501
463 683
372 447
458 966
891 155
375 178
598 450
341 888
411 263
891 685
799 554
565 238
334 638
934 789
357 999
685 322
716 674
297 374
355 998
98 458
448 653
897 995
35 825
219 772
23 149
495 559
175 755
691 537
877 344
693 873
82 33
149 20
503 859
801 20
187 558
972 287
993 875
982 954
613 618
681 486
684 982
726 113
548 523
461 716
735 256
402 76
747 681
388 871
355 192
348 204
774 738
522 528
904 284
679 824
232 310
52 37
723 706
884 344
155 992
201 428
898 974
748 744
431 851
561 461
724 474
240 630
77 910
369 725
695 265
92 117
763 284
522 823
219 583
768 419
653 822
256 145
534 962
724 76
540 364
312 185
784 554
864 547
166 986
729 684
87 358
807 89
334 278
444 342
347 390
210 483
977 663
140 38
372 552
122 535
366 517
124 443
273 307
671 71
697 122
478 43
104 910
437 966
611 502
526 929
774 813
848 154
208 529
728 161
585 58
302 945
142 616
506 766
336 563
610 714
983 256
415 577
866 169
767 94
851 737
492 568
662 448
78 910
925 97
387 512
232 36
203 152
389 548
760 841
386 334
960 60
573 231
174 260
586 18
184 234
156 791
713 449
696 187
32 763
353 962
545 806
421 498
870 61
917 500
360 721
620 423
27 435
27 3
427 60
986 599
185 911
72 254
633 330
297 594
258 649
46 522
969 305
613 546
507 461
415 727
873 862
797 508
336 166
576 810
682 903
708 27
219 528
856 252
79 278
224 574
374 680
954 708
755 263
656 31
733 664
155 149
550 642
750 450
783 462
458 156
496 555
999 855
488 556
260 189
827 526
621 700
656 944
298 541
757 315
5 684
768 429
36 529
376 825
971 653
249 437
819 79
384 453
330 200
574 475
849 714
508 886
641 354
238 642
679 874
744 738
572 840
494 171
233 777
658 962
256 23
633 637
483 182
767 577
182 691
495 914
899 103
774 38
158 790
69 271
310 812
901 960
660 41
152 38
815 487
167 613
885 237
775 754
160 869
244 523
629 784
964 352
208 912
282 160
428 52
52 42
957 104
534 424
881 559
244 308
499 46
821 74
578 902
823 440
373 160
352 815
52 10
748 607
517 406
342 338
15 18
820 897
409 311
470 808
925 28
601 225
770 901
503 220
956 847
144 400
245 56
237 254
756 328
906 314
804 558
304 668
882 325
722 825
531 524
164 862
34 871
291 731
575 895
859 182
551 528
989 12
26 202
138 109
444 658
324 210
964 837
235 299
143 458
530 599
705 475
124 423
501 837
811 781
2 577
487 118
830 881
765 509
864 554
769 423
515 16
561 763
530 517
276 645
406 706
309 223
315 367
478 827
84 377
33 577
25 661
445 52
511 630
423 407
837 714
169 147
204 983
826 826
239 33
896 365
363 782
91 642
379 308
22 956
98 527
551 164
865 201
352 654
168 108
873 260
887 96
180 261
288 694
324 610
520 121
329 245
456 609
676 17
20 318
715 139
920 233
210 531
870 172
882 716
17 285
425 8
280 415
444 74
932 90
826 82
933 486
128 703
768 445
774 588
406 690
295 614
892 238
240 601
918 454
422 65
689 235
921 442
72 101
698 7
139 230
254 917
318 903
262 554
410 664
353 427
674 889
133 65
755 115
698 977
444 375
272 217
110 599
888 225
255 975
782 748
278 441
451 447
125 983
710 834
909 831
723 793
327 472
849 888
731 337
232 827
973 351
351 475
57 53
381 550
429 138
489 569
158 364
163 156
356 56
795 234
270 891
844 315
929 758
405 695
16 156
677 31
224 82
479 797
742 410
281 213
822 40
137 783
451 611
878 859
433 249
338 235
103 296
706 356
105 769
312 355
536 448
658 62
570 408
313 310
243 103
61 221
618 852
569 239
570 793
448 683
581 292
128 639
476 866
683 573
782 778
957 999
808 899
519 215
127 656
609 970
484 379
824 72
903 311
174 782
221 316
750 659
943 593
772 654
611 811
839 600
852 838
849 412
269 218
397 709
746 786
356 447
515 997
706 258
733 349
346 484
784 616
483 614
522 964
855 944
928 438
424 144
602 982
835 339
71 959
921 299
569 417
574 937
3 183
955 954
143 752
616 902
712 531
283 37
579 688
992 65
111 643
199 288
980 550
581 675
236 854
959 876
788 612
861 73
871 27
723 672
582 757
281 437
893 962
403 911
741 356
632 938
899 766
999 292
261 384
895 121
661 616
613 556
901 181
691 879
692 839
48 613
902 467
841 451
874 836
773 8
712 261
322 284
647 449
85 946
202 692
202 616
295 831
229 896
292 243
658 364
307 270
571 444
478 975
135 146
250 887
956 551
149 939
388 524
729 615
234 442
469 553
173 832
346 553
651 820
327 970
682 865
529 446
604 382
209 263
532 907
673 330
244 902
14 135
61 93
202 27
157 371
542 539
815 755
933 162
715 740
638 995
253 421
30 843
498 503
371 20
84 510
374 115
859 496
568 136
495 195
441 38
427 387
538 695
104 281
734 895
42 469
2 938
96 24
442 975
20 312
813 877
365 326
193 963
887 138
811 646
803 210
159 962
169 58
136 487
42 236
66 850
358 355
927 759
704 885
410 679
383 281
682 425
271 249
803 397
645 695
203 499
68 834
522 736
848 291
117 827
76 440
801 669
694 677
165 28
565 73
254 667
873 351
385 149
931 366
898 644
457 352
950 207
637 687
760 671
216 441
871 603
182 172
283 600
330 289
913 539
621 117
869 227
224 945
132 602
719 341
225 981
851 132
404 273
78 342
254 389
902 435
133 747
34 875
920 970
574 94
602 491
802 805
811 38
192 171
885 117
26 592
366 70
510 925
826 387
822 173
842 146
923 382
731 811
468 411
314 39
907 660
696 729
323 872
959 553
809 221
353 517
291 971
45 633
708 550
720 630
759 728
990 928
450 189
353 711
776 139
685 378
985 807
425 44
740 124
618 22
513 694
92 967
878 424
65 295
850 194
811 551
446 81
159 558
268 480
699 506
372 868
20 724
721 747
330 375
784 422
739 266
332 282
811 849
374 329
582 205
390 762
462 18
469 2
227 616
181 939
49 317
472 758
158 514
995 731
133 838
755 746
872 229
553 557
197 516
681 711
567 471
320 729
269 260
67 164
575 717
948 767
750 593
384 946
33 725
533 599
307 37
490 443
847 872
329 59
528 881
49 517
475 984
938 979
497 825
800 360
399 189
461 867
431 412
472 157
494 812
394 773
261 707
366 852
504 730
889 305
877 201
179 779
537 18
343 325
10 105
860 23
692 482
561 630
101 526
442 88
383 90
59 158
207 135
136 523
996 510
197 299
579 89
679 344
224 462
105 926
837 602
653 760
781 801
108 753
894 928
203 336
232 774
295 878
866 890
651 411
58 516
203 955
669 901
90 517
838 429
57 39
822 196
257 728
905 984
885 517
879 472
4 450
753 556
514 897
535 721
107 494
440 860
119 161
847 529
795 583
744 265
203 455
