4500 4500
861 795
175 738
437 722
241 782
870 683
109 318
441 544
178 267
534 429
994 569
74 931
59 172
220 476
600 908
246 218
42 34
340 69
200 551
541 606
221 794
886 533
874 865
560 230
874 241
884 220
805 402
434 96
328 607
723 642
392 398
652 129
337 154
6 78
740 54
490 196
179 346
843 622
435 478
43 496
687 361
258 456
303 372
776 669
787 349
48 998
846 197
250 581
189 218
72 646
590 626
713 19
250 852
583 82
987 862
114 469
867 851
231 724
609 858
516 762
853 883
802 116
450 197
471 926
536 297
294 887
712 970
798 757
794 525
465 918
417 479
289 631
795 763
478 649
589 328
922 649
323 840
795 559
238 101
543 296
107 227
321 966
360 399
697 134
213 587
316 304
294 310
399 239
915 449
838 792
556 592
122 524
604 351
791 366
273 739
345 878
940 351
792 971
990 608
288 589
390 561
89 80
291 362
684 214
223 100
290 477
621 960
141 488
350 73
624 555
7 895
196 968
180 607
913 893
133 417
214 50
748 753
331 129
283 438
827 892
258 357
474 617
168 985
85 574
795 189
430 828
807 508
980 448
274 593
63 248
387 124
894 414
728 229
3 30
406 797
656 943
846 220
868 227
357 990
21 765
62 33
296 607
502 315
711 926
191 316
229 271
873 74
399 348
140 384
584 320
98 782
161 947
859 639
472 633
810 50
701 98
22 136
373 365
393 641
953 447
485 893
288 989
238 799
992 284
705 18
415 857
571 354
61 656
976 840
448 25
227 798
498 80
820 784
408 218
547 281
232 899
17 996
507 675
727 22
494 967
172 587
771 597
758 164
834 967
678 734
64 515
76 769
81 248
489 804
595 376
11 611
360 322
489 858
361 740
854 259
183 556
34 346
678 644
439 942
657 261
881 3
793 66
370 242
918 151
319 992
618 30
931 439
137 657
170 676
410 516
44 378
424 728
653 923
14 676
814 942
432 601
222 678
673 789
18 641
822 568
49 60
435 969
431 407
223 690
704 728
975 390
681 239
786 909
388 924
864 971
581 652
199 376
687 193
218 335
255 519
688 462
646 705
887 518
624 929
433 267
571 927
761 109
462 143
760 608
884 815
677 329
636 341
602 377
466 48
63 907
694 650
121 750
487 212
388 662
104 464
521 719
200 535
640 380
966 510
923 298
348 822
250 621
538 337
577 949
340 154
287 305
227 237
776 72
799 568
987 616
301 865
473 410
941 827
703 152
144 91
275 315
892 489
137 420
499 774
233 285
539 446
834 788
357 222
448 67
920 951
457 254
241 266
334 361
237 371
16 756
217 105
113 440
704 826
862 403
589 858
333 138
977 515
916 901
986 606
929 231
358 972
678 214
62 554
13 18
894 38
783 701
417 751
186 509
893 213
789 12
861 420
859 653
336 474
782 38
851 346
528 10
979 730
665 676
134 200
590 106
358 311
136 57
980 359
480 122
81 956
36 552
440 539
244 686
404 128
952 746
737 502
925 832
173 905
161 523
167 934
65 727
895 933
12 579
805 906
755 725
87 823
637 347
683 687
419 88
192 497
965 431
608 752
455 769
316 880
178 359
69 820
67 139
328 918
341 108
382 790
295 743
634 584
427 707
708 149
655 689
667 261
82 812
757 356
682 686
152 540
560 873
668 505
514 761
893 854
306 262
67 268
782 284
718 833
311 950
314 372
993 166
272 71
769 228
724 106
289 296
808 848
421 66
322 186
293 449
928 269
626 816
352 399
440 91
742 488
956 278
82 886
864 648
708 475
88 47
897 117
275 679
593 897
413 700
277 793
170 140
998 298
593 828
130 627
27 198
727 915
118 702
200 19
680 194
378 683
484 8
802 85
333 280
677 495
77 853
408 32
565 124
674 125
86 329
330 117
786 839
838 109
843 200
201 825
153 311
191 180
448 182
627 844
322 474
505 915
519 630
519 695
418 163
414 106
326 986
814 938
910 438
704 760
857 346
439 298
280 517
250 222
979 126
45 390
228 87
257 328
473 236
937 679
813 179
705 756
140 697
835 826
650 913
108 800
495 250
274 497
946 464
234 467
430 946
964 552
990 934
605 235
920 116
952 690
860 111
644 254
203 522
434 442
127 498
425 52
449 105
198 618
498 43
627 678
441 6
976 562
953 505
838 282
15 692
517 591
209 591
356 186
923 103
36 812
198 634
297 803
918 243
424 567
668 527
303 58
553 968
273 777
662 116
693 287
581 858
515 556
456 995
500 361
833 406
125 529
857 564
225 955
936 442
999 99
542 117
72 359
57 348
141 58
451 716
78 741
996 612
506 799
475 381
509 437
337 999
255 891
787 190
842 439
952 245
413 29
499 290
714 811
568 539
540 697
290 131
554 959
180 367
719 115
768 24
296 879
434 569
521 368
3 820
992 614
595 752
75 191
930 117
545 437
509 147
36 974
331 505
184 715
381 670
252 658
691 600
815 43
788 752
104 891
574 510
503 514
588 714
328 896
775 199
608 592
118 361
745 759
471 748
659 775
81 694
562 692
923 883
11 960
313 426
620 855
916 116
421 664
253 200
579 377
431 940
370 827
657 71
830 260
71 395
488 330
82 243
346 197
729 421
712 232
152 120
455 355
5 388
834 886
254 993
399 19
796 130
843 828
326 828
72 134
390 402
588 288
955 705
915 269
81 400
386 828
493 103
372 864
938 915
750 308
220 409
938 639
998 830
334 408
483 271
706 8
386 352
912 766
653 787
413 639
439 937
334 755
571 947
136 391
372 487
378 566
9 235
238 269
758 839
281 839
744 292
945 232
572 21
678 854
387 206
968 453
255 475
759 254
31 650
785 291
280 4
978 689
780 664
569 604
133 278
397 668
171 397
59 57
43 531
465 788
942 857
565 383
556 767
501 262
154 199
396 616
235 955
308 655
261 523
493 662
341 238
753 526
798 602
492 563
715 615
14 367
420 795
38 664
757 901
20 475
214 848
992 88
352 711
586 846
963 853
388 403
503 659
142 519
839 183
712 650
540 520
21 987
238 860
231 572
505 118
761 890
621 855
865 498
55 796
515 908
842 910
294 395
260 835
535 849
128 455
28 287
911 526
824 545
921 938
697 444
345 464
251 245
418 471
557 950
43 656
954 244
779 902
78 937
489 945
199 11
268 963
639 772
73 955
707 428
919 685
944 599
935 626
789 503
244 115
876 989
149 420
51 490
602 714
812 304
603 939
228 169
122 464
235 23
909 769
945 882
946 510
766 560
626 939
370 915
923 327
799 944
238 249
79 411
176 844
345 812
54 920
57 960
425 213
423 78
386 778
95 965
758 466
953 253
488 192
656 789
55 849
669 241
855 775
667 268
724 59
441 86
992 46
550 581
378 178
93 556
488 560
435 914
608 140
105 790
206 284
489 790
112 397
175 791
446 676
51 314
349 383
467 663
561 272
660 648
1 419
713 845
235 38
770 632
163 104
407 142
469 938
647 448
439 42
872 435
616 783
386 899
482 662
488 85
618 30
274 109
84 235
302 152
445 571
849 40
393 506
434 824
592 651
144 995
443 664
192 131
85 96
381 217
71 88
758 980
77 198
510 931
680 581
191 955
845 569
482 596
989 894
980 722
47 523
351 654
334 776
162 387
324 820
642 716
338 868
212 900
841 818
167 809
321 903
849 135
258 166
442 427
578 996
349 608
188 277
587 576
537 244
761 11
696 591
182 305
730 569
265 979
417 279
202 218
265 989
29 99
40 916
639 151
288 819
621 881
524 862
288 665
773 461
221 961
864 258
13 794
820 282
15 6
860 393
505 600
588 515
739 238
780 889
79 543
336 915
870 470
205 686
655 194
849 396
703 490
211 269
908 913
997 738
728 682
904 804
577 408
570 73
112 680
834 338
116 887
182 351
492 409
790 239
371 184
660 655
287 973
387 501
73 552
982 933
95 241
137 618
514 198
375 437
901 371
203 107
294 918
261 593
56 780
403 972
953 548
730 395
49 313
337 320
187 334
784 53
53 150
265 367
869 62
686 573
593 659
507 177
715 661
232 631
910 493
562 362
683 714
681 433
109 4
785 286
686 913
701 260
492 132
703 160
715 798
186 442
590 687
605 870
518 393
428 148
707 513
633 154
589 762
369 321
393 637
740 228
371 406
7 223
539 290
735 615
535 215
93 125
789 468
68 507
47 899
387 885
112 216
73 729
326 78
973 816
738 210
143 718
305 955
637 892
356 998
521 597
480 957
22 987
304 860
353 679
350 911
544 483
125 14
677 904
66 555
609 766
64 283
550 386
626 936
807 334
819 802
11 975
986 275
451 148
437 432
717 67
339 220
393 578
184 974
957 870
855 503
202 942
496 743
390 996
701 241
173 57
420 675
524 908
601 611
687 104
198 352
860 812
434 340
699 85
462 191
197 46
375 370
770 514
127 16
128 675
556 776
585 621
448 514
407 122
851 974
43 58
108 730
355 488
145 288
830 171
435 427
612 682
344 709
560 406
589 694
279 2
836 992
915 215
820 38
108 263
813 54
166 340
595 422
821 988
508 542
974 718
926 59
372 774
617 238
307 930
826 600
245 233
116 138
888 157
224 292
978 855
75 124
357 295
550 718
19 642
390 436
372 510
981 365
612 129
572 189
145 477
347 691
786 351
508 60
315 633
463 172
607 543
997 359
469 191
235 559
183 191
942 69
265 763
683 212
335 107
769 343
354 872
222 479
43 742
772 693
651 996
509 581
864 177
933 352
720 736
983 776
743 473
414 531
242 961
457 626
281 583
859 337
80 141
110 687
91 896
770 937
331 657
541 931
256 586
906 568
902 669
255 822
383 573
91 200
248 164
653 111
368 105
265 708
276 711
222 312
647 162
277 379
531 364
635 281
452 912
673 830
343 119
325 931
116 417
435 902
203 390
269 868
375 872
763 922
662 181
314 858
838 20
65 94
124 151
131 502
712 102
154 718
179 986
791 999
957 149
916 389
854 135
844 884
904 481
586 685
28 648
79 385
951 929
117 734
703 534
377 54
910 336
427 548
947 94
931 422
388 706
775 466
48 971
70 293
1 799
179 761
579 776
868 729
838 155
99 39
220 874
478 758
608 681
353 994
172 453
892 344
789 638
931 256
106 961
288 730
830 738
631 841
586 968
407 709
689 455
321 439
339 355
690 84
392 349
575 441
198 687
122 584
194 501
737 90
56 152
430 767
80 383
254 702
989 956
526 419
348 288
672 751
159 378
774 93
847 704
444 809
317 663
271 535
954 861
250 712
716 786
372 56
757 245
637 296
66 280
322 394
198 959
359 15
961 819
754 284
782 4
438 156
132 151
295 916
501 252
133 551
831 437
594 1
846 167
348 380
787 398
987 46
133 277
544 460
518 708
416 37
526 959
760 869
573 512
929 489
521 478
547 247
175 342
250 445
445 320
645 553
508 873
271 980
604 181
326 957
150 439
877 473
833 429
23 71
138 755
314 455
402 731
338 237
750 892
490 285
466 733
414 808
288 887
67 778
18 993
94 42
748 438
656 925
534 985
293 976
654 717
836 900
748 422
217 332
514 489
464 48
537 359
317 295
818 193
310 557
469 522
181 927
67 276
519 180
683 146
395 972
397 300
845 584
845 470
130 314
930 899
300 230
227 332
429 877
561 680
741 973
64 340
760 357
508 635
599 319
518 444
265 94
560 718
602 939
519 658
390 399
808 425
973 886
196 945
283 541
342 910
712 917
932 499
618 876
642 275
119 210
541 29
56 575
751 367
742 158
84 765
619 593
933 981
665 850
989 10
384 87
284 294
135 933
358 730
131 922
451 330
289 989
383 286
224 57
806 944
421 443
325 247
823 886
62 94
610 243
808 976
34 325
541 671
437 561
386 675
91 976
100 664
717 282
294 858
326 175
909 310
949 217
72 566
845 881
971 853
944 629
895 834
146 459
492 96
37 23
835 425
141 738
859 195
265 219
387 570
90 407
325 60
913 86
761 303
145 911
560 828
91 597
150 977
966 387
824 608
722 394
498 647
775 25
251 937
530 186
943 487
589 990
842 31
983 448
486 878
929 525
106 483
935 537
37 431
896 221
159 839
392 283
37 82
375 483
974 374
212 388
438 826
527 422
34 970
434 124
339 354
105 557
737 687
763 326
527 159
808 902
266 648
439 119
526 219
662 964
343 375
196 248
946 37
624 697
928 448
621 387
507 363
559 634
370 783
122 299
744 116
394 418
392 663
778 533
871 574
59 446
192 156
482 47
30 951
307 154
814 625
709 551
408 948
710 734
864 258
968 868
307 609
131 671
293 684
507 441
994 365
695 565
397 648
441 78
891 491
130 33
896 15
720 357
216 215
23 744
26 740
872 405
78 903
292 680
393 457
622 200
663 988
758 192
680 880
831 908
400 493
938 665
279 494
909 580
238 895
68 866
801 870
915 967
224 762
621 171
351 940
850 520
452 193
559 387
880 243
468 176
910 602
755 534
984 163
883 227
85 448
382 491
306 365
886 17
94 104
16 707
656 289
561 948
36 618
905 444
294 484
890 819
854 611
27 120
811 142
44 279
604 567
386 35
99 876
735 260
544 674
614 558
214 517
221 7
836 641
21 144
993 568
190 687
597 111
693 513
851 126
786 208
946 210
280 986
286 394
418 590
380 157
172 652
516 800
716 825
438 858
458 298
780 438
505 761
799 791
760 684
692 244
660 896
436 880
666 201
617 600
553 604
629 822
720 482
178 665
791 241
661 88
742 942
944 867
184 817
512 208
130 485
199 271
206 278
228 291
416 756
706 470
116 527
108 517
615 903
864 885
807 327
921 711
732 168
619 188
102 650
344 399
324 620
994 687
58 38
398 559
313 61
127 673
697 35
134 36
437 301
637 644
304 725
368 357
281 925
911 371
528 119
819 77
339 432
403 255
216 323
934 822
983 255
366 60
414 995
885 997
525 706
337 219
975 503
944 125
194 997
208 608
785 639
160 29
891 168
444 367
593 202
34 163
637 183
580 133
159 816
703 265
122 257
729 784
858 322
464 343
150 644
872 493
826 715
585 434
591 611
216 596
902 10
108 260
900 962
546 843
443 886
43 600
706 723
799 531
779 859
274 997
533 296
767 127
687 559
571 881
612 434
191 932
385 10
950 53
321 337
327 90
80 390
274 493
23 832
581 71
303 338
476 840
747 840
516 371
807 532
22 578
412 708
989 304
527 65
288 415
315 85
565 524
800 919
171 894
654 389
716 220
38 23
863 731
154 413
848 772
525 923
981 984
674 558
820 560
978 575
518 248
590 599
195 893
525 139
984 786
509 204
488 708
574 145
762 199
53 284
830 141
264 629
992 433
724 995
111 515
770 549
460 26
768 454
268 914
309 370
424 860
681 960
767 422
557 945
535 371
178 56
144 968
96 878
645 179
319 802
351 236
493 471
349 928
665 686
949 515
57 981
161 132
383 394
198 696
693 597
262 89
166 426
783 711
247 613
170 386
124 787
936 898
591 663
722 795
185 604
801 712
368 742
814 887
609 607
512 707
759 273
706 209
613 464
875 404
587 230
347 567
396 999
660 677
840 376
466 324
125 622
445 393
488 972
669 226
727 286
766 136
14 954
193 432
961 607
861 765
438 626
895 998
451 714
247 703
735 508
425 502
122 665
383 904
602 226
676 993
955 523
739 984
846 831
447 934
65 541
312 229
877 990
685 788
979 697
966 837
283 204
168 742
814 640
628 884
147 236
209 469
273 179
69 937
48 735
88 719
363 962
92 1
57 64
228 315
312 389
893 59
143 662
945 228
648 58
889 301
762 912
843 872
370 820
784 989
787 672
193 426
276 279
493 865
556 173
962 336
576 419
531 701
989 787
434 746
396 696
879 28
467 780
473 448
983 611
244 429
844 35
679 249
174 661
502 919
32 910
174 211
625 611
335 99
380 959
983 433
966 895
194 358
900 87
72 304
997 642
446 257
894 936
553 193
118 344
538 992
563 712
7 387
653 692
667 713
846 712
948 904
254 805
646 72
178 810
447 800
215 255
160 771
977 50
549 518
818 888
85 643
191 634
901 158
155 443
964 15
25 363
793 819
603 540
611 879
108 961
603 726
742 366
945 370
635 745
556 564
489 355
47 920
233 193
756 110
218 73
596 824
609 629
850 131
116 123
385 331
524 659
47 975
686 781
705 439
297 345
863 671
479 456
882 337
765 386
103 534
239 340
555 987
32 12
268 422
781 386
44 561
404 259
840 502
764 525
79 634
749 903
89 400
792 776
563 116
382 757
20 894
106 480
668 642
411 90
797 312
584 197
668 259
665 503
632 399
46 676
872 4
752 152
741 258
99 497
45 533
934 852
107 822
790 322
494 544
288 916
399 753
235 451
687 946
234 833
279 379
595 936
91 259
872 639
914 222
998 767
854 431
932 945
258 636
720 20
313 320
457 451
203 583
191 151
922 923
125 10
744 896
546 600
156 623
270 515
683 922
133 511
619 166
466 680
613 984
792 950
324 562
655 527
264 693
904 112
832 479
348 841
949 305
211 870
91 633
653 379
392 752
933 690
470 648
862 171
688 84
474 25
68 852
269 726
994 734
36 799
569 602
120 396
508 752
539 717
614 47
638 963
86 720
42 558
391 150
585 444
229 730
998 771
149 147
358 626
312 822
963 741
701 216
828 343
714 567
316 580
78 770
640 176
108 190
966 247
225 628
851 32
506 46
269 923
218 826
597 974
645 977
834 969
863 512
510 55
571 534
794 236
120 648
887 370
99 441
674 61
73 427
493 765
653 68
326 923
589 951
514 105
722 648
923 777
372 264
38 485
280 943
493 863
738 303
351 97
129 851
328 688
59 783
598 305
776 816
389 907
867 826
161 468
55 257
158 342
174 257
292 606
3 300
852 837
480 159
760 54
159 954
448 193
227 168
899 429
955 402
548 683
574 782
303 436
618 816
270 720
782 514
424 337
819 650
212 198
651 511
298 491
769 323
553 180
383 129
466 786
669 33
783 284
216 689
351 522
158 37
674 161
400 944
435 13
483 229
924 959
600 723
271 721
595 461
27 475
484 767
389 678
77 144
967 993
183 143
407 809
599 488
360 927
285 951
736 162
469 417
443 345
215 278
870 422
839 593
361 918
385 868
722 767
259 684
697 443
763 962
733 213
300 666
696 125
595 121
338 52
193 636
980 728
440 303
659 827
257 311
649 937
923 652
716 173
827 406
261 205
821 171
334 82
145 888
543 988
14 558
994 664
707 688
302 489
4 176
646 409
627 381
999 38
937 6
905 449
503 47
427 698
288 906
10 331
788 209
586 244
205 137
297 349
522 816
511 520
319 667
502 637
890 603
689 100
220 14
879 798
140 424
55 156
341 653
187 33
646 713
400 651
155 608
861 974
770 114
660 951
454 884
630 110
657 477
767 221
189 438
11 184
552 545
711 834
177 159
695 839
430 486
22 816
711 460
348 600
343 373
244 666
664 49
66 926
656 926
29 613
484 99
401 619
325 278
292 504
682 569
390 118
213 824
530 28
433 130
970 903
324 300
536 771
990 391
881 218
92 414
7 395
160 757
821 279
895 838
897 876
346 861
24 808
796 974
367 118
117 716
292 510
593 999
245 916
455 707
45 16
59 606
717 303
316 17
114 225
521 847
772 998
776 455
308 483
287 47
549 183
913 91
669 565
295 940
30 213
706 874
172 776
193 710
851 290
890 339
249 977
181 12
986 566
390 302
309 714
382 938
444 548
362 717
636 320
555 523
88 544
915 188
429 679
134 358
611 581
196 575
655 375
324 474
977 1
846 208
714 961
923 678
346 717
696 846
895 445
999 543
423 989
197 173
185 513
581 682
288 416
903 490
922 92
991 615
275 240
366 119
275 144
283 210
696 521
850 398
499 516
363 991
742 592
76 699
852 361
76 949
644 73
992 685
588 119
216 308
313 697
32 752
107 477
143 910
965 607
921 173
296 394
832 650
51 88
623 951
926 104
620 253
668 611
225 312
846 131
956 135
965 497
857 556
782 560
2 243
890 861
516 789
79 150
112 512
51 58
410 28
531 179
876 993
476 799
913 583
8 940
19 62
307 87
993 889
409 593
487 14
941 149
843 335
992 557
455 673
675 483
749 526
487 217
563 785
369 226
17 730
5 54
912 341
541 515
296 453
817 948
240 465
98 870
862 250
991 562
613 87
695 344
918 525
940 841
467 977
755 224
961 620
462 739
338 615
939 926
538 440
363 584
519 219
296 781
600 733
341 637
410 526
530 958
958 948
972 940
362 738
826 958
895 436
400 819
379 789
694 458
558 194
653 316
738 530
645 814
839 631
868 958
450 931
82 561
559 844
77 689
378 218
528 298
846 814
775 936
807 752
90 22
160 880
131 532
630 643
152 825
988 423
171 528
856 255
306 845
161 161
227 698
165 922
292 648
598 947
447 877
867 874
716 995
367 369
157 214
149 707
328 890
112 923
207 242
836 690
108 178
218 658
249 604
782 242
885 397
89 806
956 620
763 364
393 607
639 714
278 537
557 792
756 631
777 753
353 766
636 410
485 862
713 366
451 307
670 927
262 289
359 537
582 101
315 272
509 387
111 722
821 729
524 921
231 281
659 457
352 292
329 964
152 968
275 909
150 235
484 651
880 461
433 567
206 237
314 752
344 442
721 393
297 743
66 38
38 322
161 809
94 640
145 336
431 26
332 449
104 695
174 800
81 209
155 876
570 726
644 914
107 505
296 640
685 615
473 592
112 323
693 158
109 672
547 535
819 651
71 12
499 711
837 11
723 602
667 806
681 374
585 348
93 540
194 772
747 936
184 516
469 17
513 720
696 764
347 190
883 787
282 619
288 558
38 875
679 556
231 766
598 408
44 767
125 669
516 945
191 81
113 163
947 740
782 454
75 666
468 366
712 537
712 753
382 93
312 64
193 992
442 805
646 584
440 59
168 823
941 688
643 884
649 101
787 80
33 307
983 80
827 339
293 794
485 253
589 903
792 618
875 185
826 947
23 234
44 576
250 770
567 52
27 28
596 491
234 346
851 426
503 814
954 623
695 957
941 280
778 727
233 519
221 518
139 690
506 700
312 341
542 654
67 125
551 68
405 703
644 461
532 723
536 197
319 853
907 321
619 882
546 598
470 232
840 109
394 405
164 996
814 131
163 996
482 638
532 829
856 281
984 743
874 122
211 582
284 116
426 356
391 1
156 982
686 974
838 339
146 407
831 763
224 480
522 830
533 678
864 108
632 150
373 787
942 418
163 315
281 577
752 768
611 28
714 992
772 117
179 338
771 690
705 794
567 730
254 808
746 792
255 221
192 415
275 604
157 280
231 258
38 651
188 138
894 301
12 2
889 419
94 38
665 654
75 606
624 543
447 391
915 988
416 193
788 379
735 871
55 825
702 308
378 600
873 312
922 488
160 45
54 181
625 346
241 270
599 914
338 20
106 992
885 46
349 220
258 911
754 580
514 20
223 658
205 16
354 524
846 643
969 934
114 336
523 862
60 578
988 258
185 376
965 801
882 587
803 502
619 392
344 33
981 160
142 813
302 201
749 683
816 623
583 403
408 488
412 882
522 715
971 370
359 117
743 324
86 298
803 658
126 94
127 749
476 467
21 276
467 793
429 89
216 889
753 676
19 123
726 102
749 592
746 157
289 94
742 440
194 74
993 18
854 889
30 666
571 18
242 487
942 960
497 958
749 509
391 456
189 916
773 219
522 232
946 535
337 228
100 229
231 391
998 743
910 203
631 418
539 553
298 186
338 216
87 821
921 873
217 937
362 623
342 313
188 276
525 41
382 910
540 165
611 404
853 800
6 950
263 826
628 915
191 598
842 244
925 267
365 184
214 235
518 878
350 645
317 353
297 110
897 211
193 814
520 661
588 807
208 749
564 838
309 562
251 786
106 541
59 505
187 416
852 972
96 493
640 13
46 512
245 2
46 736
933 867
598 11
818 584
273 949
186 507
130 973
586 288
861 257
258 342
400 201
85 905
407 742
740 889
699 921
668 710
57 64
387 682
576 596
989 362
387 839
921 174
881 775
15 595
614 190
191 94
556 543
245 392
28 670
532 900
344 249
739 7
482 829
970 163
207 863
87 580
694 887
841 207
251 646
85 527
779 400
178 270
398 323
963 688
169 11
553 30
815 454
105 340
53 447
605 315
636 899
198 470
837 207
396 203
995 359
388 785
912 272
504 363
445 892
297 481
950 672
793 896
979 23
592 851
402 454
923 909
564 459
126 155
282 984
593 588
519 171
946 597
897 31
155 217
432 305
511 606
679 288
12 411
329 470
554 60
826 88
713 281
597 703
562 760
459 481
241 354
103 545
531 581
832 14
323 393
803 433
797 967
943 913
679 937
949 570
551 165
486 538
834 431
696 37
59 564
677 564
913 147
148 69
191 548
519 827
285 247
248 737
634 822
359 591
587 607
113 334
518 207
264 909
165 362
452 685
739 333
37 556
454 827
240 837
852 448
594 246
520 185
578 192
955 545
486 934
604 275
30 459
640 413
115 999
53 371
561 822
474 229
525 412
69 497
136 824
715 203
329 581
129 213
751 651
809 670
573 354
633 66
304 73
625 544
273 877
702 257
168 318
823 269
210 811
131 664
23 405
937 220
152 330
815 956
545 107
327 645
795 541
147 432
895 69
261 727
122 865
811 454
935 239
436 643
314 775
301 484
172 767
936 920
282 824
964 403
853 3
95 487
509 800
875 619
444 868
65 585
556 372
7 335
39 431
486 328
472 549
888 223
358 93
619 146
531 403
942 313
493 703
892 614
118 358
616 997
130 724
78 175
178 108
518 33
743 392
172 833
296 341
554 742
621 483
328 7
395 123
798 603
433 154
871 93
62 116
204 283
70 63
393 767
174 483
764 582
950 387
147 551
66 393
114 875
830 802
689 164
941 315
575 800
705 86
603 423
1 542
49 421
354 379
806 809
644 989
46 650
571 985
284 648
731 425
534 357
55 31
493 713
383 132
20 167
514 324
470 373
602 797
25 279
737 669
71 338
611 563
873 733
252 302
71 456
45 619
243 337
920 134
570 668
116 987
48 107
756 93
972 301
177 853
466 487
444 130
392 691
386 520
280 819
925 86
342 972
543 603
402 868
313 227
552 618
585 688
763 563
524 960
598 734
608 569
946 246
336 76
573 109
529 99
14 513
548 949
997 46
623 307
330 533
815 842
206 431
494 261
438 103
646 612
311 848
21 868
441 713
712 134
434 392
855 71
523 869
802 334
446 991
569 609
180 445
77 797
106 692
863 674
996 398
447 530
429 922
610 108
167 970
445 598
196 655
757 113
520 71
215 203
169 282
568 356
105 851
101 465
807 891
804 317
966 223
231 146
510 482
845 655
55 160
599 560
656 618
361 926
964 726
931 68
954 93
654 533
240 253
33 28
517 306
523 510
64 248
27 478
715 579
579 170
726 27
347 247
521 496
504 869
158 117
757 733
441 173
10 801
948 74
970 235
342 437
339 798
405 402
239 762
348 596
546 736
146 217
351 250
604 383
968 866
491 808
30 306
120 989
101 252
919 955
116 627
103 117
77 753
12 630
313 937
278 701
573 555
420 214
976 96
607 213
715 490
810 856
991 117
827 102
468 231
45 971
869 582
865 978
976 170
14 48
467 351
52 230
342 665
853 237
688 44
695 77
522 991
342 748
463 908
302 362
559 530
653 657
219 973
604 474
38 804
445 901
736 12
177 985
172 491
495 11
9 704
790 166
616 674
890 63
88 602
759 616
521 84
116 249
965 933
186 172
504 136
398 584
204 451
658 634
349 4
273 582
451 352
614 693
418 666
568 495
952 699
826 842
37 981
259 316
104 160
953 233
997 273
497 569
553 394
277 365
417 269
59 275
95 145
605 727
301 104
206 54
880 334
451 533
191 973
940 196
210 934
482 943
535 873
547 721
609 431
812 413
314 805
970 88
520 43
85 543
617 584
694 205
707 122
285 263
321 349
3 977
698 510
729 415
907 197
435 879
572 948
616 312
962 127
855 62
49 631
466 114
757 748
328 870
747 529
592 59
6 861
111 654
366 762
974 937
848 265
450 991
957 410
789 835
130 748
799 437
488 772
167 738
937 589
99 548
410 233
313 313
913 691
14 555
430 323
205 956
595 192
666 425
133 687
483 166
345 130
402 896
695 374
425 185
57 705
201 552
856 458
804 285
758 424
844 578
718 273
722 775
540 626
350 126
10 331
663 160
540 888
82 756
705 51
798 10
472 365
89 419
494 5
100 269
504 509
769 86
919 605
410 882
392 567
909 137
968 697
299 277
429 664
592 945
160 745
210 932
933 452
145 923
894 158
7 355
387 9
592 754
882 536
158 238
539 876
570 880
490 237
192 180
42 846
146 577
953 86
912 877
603 676
753 968
13 812
905 995
505 687
555 576
585 227
628 177
66 33
681 958
444 193
719 797
415 852
95 275
569 769
81 3
991 521
56 917
375 70
410 815
125 673
356 198
941 808
744 120
656 435
400 733
422 976
492 141
489 732
12 482
164 995
40 190
572 260
285 616
162 91
652 869
785 558
810 554
838 49
834 293
655 296
547 426
283 796
583 617
800 676
689 596
674 12
867 981
561 268
215 860
876 210
267 195
699 810
255 710
682 210
765 775
975 665
106 681
531 958
376 187
407 391
409 102
188 195
346 7
835 423
275 522
41 505
806 648
250 817
755 164
620 701
824 193
654 867
467 660
877 810
452 967
647 153
964 768
820 695
819 427
97 682
958 242
531 674
781 922
225 767
786 753
571 633
549 736
681 334
483 486
188 625
437 973
767 402
850 839
381 246
940 689
34 21
163 190
38 553
731 274
860 45
714 802
917 477
778 527
57 148
450 672
567 217
467 784
687 1
223 119
356 82
411 290
368 898
316 405
231 654
196 993
868 664
626 776
717 625
426 156
984 81
976 234
656 584
860 159
949 539
300 553
567 505
7 865
1 574
66 658
952 486
513 909
775 205
672 910
853 205
949 19
211 690
34 191
276 117
207 122
291 809
522 696
229 417
548 19
863 41
898 666
949 964
37 850
785 216
372 746
155 288
691 998
940 522
245 766
954 810
569 177
384 354
474 895
439 166
113 850
662 620
130 582
59 781
988 953
373 916
240 235
275 311
776 581
112 339
935 383
60 646
431 830
520 273
532 320
703 361
8 706
759 384
592 221
294 847
672 369
398 842
24 467
670 352
487 244
461 801
647 786
175 913
413 813
559 37
126 362
647 148
107 322
755 766
867 239
932 839
37 678
857 157
730 707
965 978
797 708
29 449
813 466
505 841
581 40
736 576
744 155
60 235
580 139
733 807
877 969
3 424
674 735
747 355
37 730
862 862
867 336
122 734
484 197
289 254
274 673
493 320
20 63
770 392
64 595
710 384
411 909
109 50
204 893
24 435
528 721
837 539
391 322
264 352
917 592
893 920
107 267
889 194
115 109
466 334
132 564
14 702
235 755
283 841
636 885
702 500
126 771
150 88
808 504
287 217
311 707
999 782
30 1
686 30
956 540
616 421
631 794
390 998
845 93
873 308
857 108
17 108
140 869
138 236
940 949
335 665
597 197
91 759
640 278
204 603
641 441
266 671
916 749
312 521
981 950
369 16
972 392
37 891
626 808
520 313
546 68
396 342
840 516
415 552
106 386
768 143
732 988
148 730
420 326
659 88
66 640
976 154
555 719
332 396
497 514
149 607
166 471
843 637
212 13
321 491
627 655
331 352
466 967
95 393
768 103
298 963
250 192
223 972
208 770
763 32
533 672
354 896
80 141
674 583
732 372
278 166
21 706
785 459
755 876
170 882
906 963
646 649
481 85
549 305
366 626
658 739
505 574
172 502
527 206
716 869
391 495
466 186
479 237
30 952
884 792
409 182
236 634
375 864
227 686
175 273
145 330
750 624
680 189
498 146
502 127
95 428
748 564
710 89
373 561
294 187
79 251
473 849
823 167
528 752
624 772
966 922
220 453
459 78
398 230
217 646
458 724
675 534
750 907
769 664
565 505
182 290
914 566
464 239
186 165
555 493
24 218
719 970
977 311
826 953
971 323
621 705
752 132
951 336
641 212
843 772
892 697
284 500
612 424
867 881
320 831
768 456
588 484
705 323
489 480
474 590
354 531
158 183
5 974
22 805
878 759
542 894
226 711
28 633
609 239
361 181
882 436
555 104
458 983
207 717
751 681
86 753
779 414
978 862
182 935
692 345
192 711
352 29
47 621
575 381
655 98
521 737
733 6
111 670
390 165
630 815
351 155
158 163
864 363
664 165
728 890
183 620
568 247
799 102
366 872
764 717
143 906
890 9
626 503
120 882
797 211
343 72
504 748
103 643
622 93
759 248
405 77
48 81
655 306
923 54
362 830
634 829
491 481
362 941
944 163
807 381
489 581
294 490
9 261
589 758
928 428
142 106
138 935
234 951
6 768
737 226
340 100
405 993
893 809
395 843
789 788
530 210
837 15
186 914
780 71
566 499
760 950
546 792
218 211
303 615
836 721
346 222
59 34
975 588
466 657
619 395
858 271
266 543
125 300
53 72
158 121
167 296
282 108
235 335
471 656
113 335
402 439
403 961
533 985
737 322
989 487
656 437
685 13
963 903
451 552
102 234
67 224
440 57
752 994
676 526
753 89
462 520
981 679
702 252
19 195
7 715
941 878
381 702
582 237
984 243
249 222
249 188
998 929
415 416
157 630
989 367
454 292
200 502
632 912
256 311
180 717
217 995
291 440
259 425
453 848
348 486
694 818
639 727
928 198
599 373
121 817
806 296
94 265
247 508
937 979
254 7
272 483
71 93
500 838
186 499
213 449
973 628
672 824
328 165
857 82
763 177
830 140
567 548
985 483
656 909
308 448
113 139
424 132
937 953
139 661
995 118
948 331
732 178
160 64
807 456
549 153
624 337
295 770
832 524
925 789
646 693
246 542
226 483
18 466
265 150
62 794
244 48
101 167
196 877
67 640
840 265
521 453
173 983
102 687
191 213
865 708
126 982
200 95
87 941
151 487
949 211
434 152
333 440
651 939
310 599
366 597
941 860
67 305
595 648
409 788
431 131
57 681
644 292
443 79
433 433
850 131
201 996
272 242
232 354
434 812
394 222
904 881
746 398
710 714
89 266
871 954
26 60
724 639
190 580
864 822
994 25
716 757
749 940
533 78
934 63
984 471
653 726
178 97
465 781
718 253
808 368
358 577
458 988
877 470
900 491
913 331
244 137
934 336
186 61
360 222
34 797
536 925
505 663
672 775
797 439
352 599
756 375
980 825
123 337
880 27
393 247
456 501
119 40
123 538
971 141
785 159
498 480
701 575
793 504
238 94
550 206
102 911
442 294
936 575
778 973
708 23
392 13
71 547
595 298
557 565
563 994
206 461
263 750
216 4
667 127
167 480
877 523
851 752
502 889
657 899
583 93
194 300
421 141
727 988
411 368
68 397
694 18
296 676
964 211
691 915
577 57
102 620
288 751
582 364
813 456
422 291
122 692
733 703
541 233
395 760
489 598
910 947
757 742
889 415
937 632
699 977
707 737
997 488
458 105
799 42
72 374
986 563
84 706
174 557
993 868
529 748
693 158
788 327
418 37
478 565
147 26
953 409
312 8
408 655
357 790
147 759
250 321
890 297
686 221
87 643
205 908
516 264
446 366
360 368
475 280
380 330
809 600
664 430
233 146
565 362
647 769
693 425
609 390
228 185
892 225
268 125
149 389
561 264
469 791
903 301
940 761
5 369
581 649
317 706
265 815
836 782
727 234
113 843
993 314
197 811
617 227
711 313
637 294
183 683
175 424
542 990
834 400
585 60
939 242
274 921
392 940
991 277
651 162
684 670
260 537
207 794
998 94
729 763
275 286
99 847
922 435
493 372
562 931
193 789
346 913
687 120
808 459
593 852
910 598
937 604
75 205
499 574
742 800
929 131
813 715
273 722
504 105
717 315
48 500
801 522
888 53
669 702
290 316
527 601
500 341
431 78
286 966
806 623
66 381
572 398
606 291
118 442
248 575
724 958
380 847
440 99
477 612
303 794
886 477
851 738
479 351
492 604
213 65
319 772
513 622
32 8
260 234
962 7
765 524
261 622
238 712
620 973
683 581
669 994
988 990
287 900
220 466
422 63
383 658
447 644
809 397
423 925
261 849
259 732
775 137
28 449
864 108
175 748
142 856
442 810
878 961
872 446
650 640
894 182
606 947
764 599
750 340
403 492
744 370
929 346
370 151
600 843
134 740
172 715
18 621
111 997
878 105
640 482
751 802
417 510
505 77
100 395
619 379
473 960
286 222
152 753
180 120
887 150
654 343
769 205
469 16
369 400
136 249
825 622
903 910
772 505
158 497
633 83
173 766
47 660
739 94
222 217
588 600
992 471
80 866
612 392
275 397
577 490
791 64
882 73
137 866
212 238
712 429
736 664
492 235
149 822
242 212
203 444
563 874
687 660
187 616
271 924
737 607
609 349
135 533
285 385
537 160
233 779
347 435
471 173
441 630
242 169
922 157
110 680
623 750
289 226
746 934
392 331
3 338
652 844
681 47
745 883
821 940
777 371
210 967
692 395
761 948
128 879
956 85
460 693
906 171
744 403
134 455
681 441
494 378
943 173
196 53
243 880
309 801
856 47
271 833
508 4
108 369
793 662
922 457
478 186
993 986
696 469
340 873
248 681
763 202
710 731
821 387
479 317
446 39
637 96
978 163
12 798
979 398
592 205
655 222
311 99
721 485
161 622
742 499
788 72
878 754
669 125
135 543
174 642
156 377
92 959
195 257
941 783
10 921
17 657
960 958
254 768
713 277
232 519
346 159
188 925
727 992
248 544
856 328
653 453
304 724
778 643
242 440
101 150
977 441
873 102
329 36
412 61
840 937
650 842
614 320
964 847
117 377
506 60
651 200
902 779
592 888
653 590
652 389
491 639
942 174
718 463
309 425
111 640
686 512
272 444
637 158
762 35
899 3
790 99
597 69
274 439
975 564
335 248
874 345
243 473
123 642
350 916
851 624
198 291
153 413
633 281
915 909
351 324
295 297
379 77
373 628
561 627
908 598
867 369
381 225
732 39
386 207
848 818
362 821
910 569
403 294
832 587
666 222
735 205
604 631
761 293
22 769
245 119
856 456
749 650
25 415
496 293
734 190
583 826
509 707
72 15
31 736
927 522
910 292
914 770
296 38
352 398
984 955
557 227
886 538
121 704
223 573
881 136
583 195
335 551
906 881
597 515
989 383
274 458
904 976
410 709
460 570
991 823
605 232
208 676
842 167
15 304
723 525
30 593
868 367
215 400
121 823
54 892
933 147
181 684
798 951
581 44
347 905
549 123
613 211
454 467
525 278
184 426
744 457
245 36
820 941
391 572
841 274
539 119
758 424
952 995
600 430
530 358
799 805
17 1
278 692
112 546
377 542
270 540
752 987
476 973
179 677
565 934
737 219
386 31
634 384
545 571
901 484
299 67
805 11
399 954
389 38
683 506
523 351
915 688
796 689
752 619
416 583
559 284
869 87
467 751
498 972
956 435
527 744
496 156
902 512
292 576
228 40
155 237
775 551
292 220
155 137
975 772
927 984
208 131
766 747
896 153
516 884
189 557
923 839
207 375
939 733
10 115
326 781
458 766
100 935
390 255
664 694
387 919
159 939
426 6
174 748
77 274
876 6
376 280
511 31
929 665
408 266
828 958
111 472
42 402
636 661
322 366
522 267
539 633
832 241
761 870
568 218
555 467
374 368
393 237
83 857
776 91
550 887
904 376
507 962
325 29
984 251
45 964
365 913
126 845
450 589
548 849
796 460
666 396
475 100
869 914
879 23
466 567
177 19
581 504
813 238
259 458
108 464
596 301
53 493
634 516
513 271
881 688
249 107
1 205
585 494
710 564
504 621
768 566
834 532
753 663
301 805
380 935
93 166
19 865
702 455
980 881
529 29
304 66
590 593
542 859
8 6
408 252
342 455
362 308
805 260
998 470
912 248
532 460
101 141
133 345
187 806
574 52
352 562
788 535
930 953
434 415
356 40
611 917
226 345
706 593
690 398
620 382
653 216
612 295
862 758
127 699
780 852
3 281
43 369
217 520
368 486
364 11
133 842
690 135
300 40
103 651
653 337
325 260
501 745
880 412
957 156
933 732
365 355
397 850
322 728
427 944
258 770
396 467
279 766
222 608
115 374
310 161
719 150
474 753
307 714
512 165
393 125
60 2
23 67
370 456
828 820
194 308
424 490
223 325
909 583
848 930
889 916
955 229
