4000 6000
868 41
212 850
48 338
587 658
779 772
17 942
118 801
966 759
306 835
655 70
588 686
196 46
715 31
729 847
930 956
77 260
6 122
695 581
10 819
242 495
917 314
916 369
299 278
230 504
812 702
760 701
704 832
111 340
451 53
733 111
688 779
223 530
545 732
102 434
287 63
296 585
472 278
365 932
292 503
305 662
189 314
697 163
758 613
7 816
635 602
516 217
759 462
675 693
422 465
607 330
676 304
837 928
827 252
339 969
393 989
117 439
131 637
778 909
996 808
239 192
671 693
953 605
83 172
958 798
712 651
474 794
2 980
279 843
923 117
516 523
225 849
440 495
641 337
206 938
492 390
434 375
765 665
435 440
989 113
417 132
137 434
27 213
374 774
871 635
416 676
648 732
604 769
315 334
953 535
355 542
462 719
665 769
967 662
880 888
601 122
835 396
281 312
802 225
942 740
580 538
436 737
966 579
600 463
689 8
921 986
759 21
839 269
58 798
201 968
909 662
654 701
648 833
914 766
529 85
382 514
238 523
490 337
919 77
136 54
848 875
692 593
664 787
206 789
329 254
903 501
380 348
708 58
758 709
75 573
167 420
574 480
47 296
536 261
734 297
961 986
656 516
553 916
368 697
822 387
55 128
233 207
812 517
130 910
599 37
406 796
679 378
947 272
747 759
809 896
277 544
641 105
462 861
412 66
356 174
668 132
619 897
915 983
137 142
536 792
330 155
798 115
802 221
958 830
790 361
682 430
618 554
115 287
301 501
979 853
166 744
98 853
629 554
436 117
174 389
478 325
111 37
329 507
365 353
249 909
59 644
914 601
46 200
600 466
822 310
409 181
274 870
685 959
777 191
999 133
720 342
729 301
883 960
874 377
759 748
400 898
261 505
741 313
534 195
1 747
765 511
541 224
526 347
358 621
555 101
480 399
823 373
677 882
887 428
595 479
444 771
411 928
433 431
908 323
341 515
244 274
306 232
853 451
588 272
468 278
756 193
802 996
384 505
178 345
585 946
81 657
933 31
450 407
239 938
706 194
639 429
771 994
762 892
812 220
441 470
700 540
125 414
861 576
168 624
203 615
656 220
282 154
193 45
406 152
259 47
197 606
778 989
252 167
379 862
523 583
807 968
236 10
292 233
143 69
127 533
137 379
160 563
298 284
378 113
626 806
670 272
640 378
191 797
667 514
659 540
708 326
963 215
86 673
736 719
467 349
819 296
875 71
55 34
950 611
170 572
135 549
133 988
566 278
588 918
281 695
744 127
627 900
642 932
699 944
730 767
405 541
544 294
76 181
187 39
535 817
76 666
557 980
642 917
897 876
727 61
471 416
87 880
903 174
84 321
305 532
642 833
656 748
38 180
916 665
487 858
650 67
210 403
189 568
667 64
491 981
157 281
84 98
691 111
35 776
154 424
663 775
747 587
148 15
120 695
639 704
598 716
161 640
953 943
88 98
882 561
351 57
405 817
13 547
908 50
255 731
11 926
902 502
13 965
316 516
476 537
998 585
249 969
118 169
751 482
41 9
58 847
474 123
947 619
913 221
692 189
542 172
865 424
824 975
613 685
707 176
395 289
980 825
994 19
39 793
137 467
805 552
643 977
4 493
192 575
234 200
197 390
15 41
353 8
907 720
272 732
530 884
234 549
171 51
883 334
42 22
121 432
494 504
750 597
251 32
342 133
744 795
840 103
75 820
362 177
949 143
973 632
912 156
317 333
646 292
512 702
657 604
853 340
529 889
647 571
990 325
43 870
860 354
29 372
562 35
548 263
87 446
2 740
179 884
94 465
522 265
984 219
956 44
411 230
701 345
190 424
541 832
367 196
542 941
38 510
826 317
403 361
888 148
810 827
308 863
610 97
312 950
754 639
69 78
263 314
229 340
279 850
868 785
722 446
384 899
595 103
890 656
131 198
211 407
375 192
918 742
443 262
534 173
133 72
481 876
89 680
123 662
617 51
372 44
316 427
917 615
697 596
790 276
637 126
774 116
650 536
607 351
288 995
559 93
247 777
15 311
419 320
371 20
421 629
719 939
831 669
708 258
870 821
556 962
29 948
483 103
511 74
342 979
431 696
141 523
774 574
920 801
176 979
264 612
288 654
554 639
495 302
918 441
918 656
54 464
820 242
660 937
686 824
880 339
504 419
943 278
665 216
138 127
352 38
767 238
216 390
71 997
273 275
479 690
62 687
731 754
218 962
4 740
269 72
137 791
714 160
425 865
648 390
612 108
274 975
841 287
331 722
75 663
945 944
951 434
609 61
425 544
674 756
490 690
986 267
583 614
579 482
573 581
244 697
477 87
957 860
831 471
270 842
415 796
680 512
762 563
170 123
91 213
317 220
376 72
514 216
442 576
100 712
613 52
858 612
383 898
542 603
540 825
399 204
572 247
533 690
518 342
49 448
435 768
554 71
878 953
504 569
798 633
389 552
21 123
284 146
376 16
329 915
649 491
119 525
60 240
133 296
772 294
715 140
70 685
988 540
213 934
253 491
241 619
918 605
859 672
632 837
157 288
240 781
904 644
988 717
536 429
614 691
195 865
391 437
581 109
30 794
814 907
342 43
543 360
271 60
763 299
945 272
122 298
692 846
153 932
511 66
278 750
233 321
774 401
182 67
601 924
40 313
129 252
510 442
595 549
455 503
337 989
221 607
240 160
133 884
837 142
842 299
470 675
413 689
697 321
844 408
706 165
695 448
137 212
644 304
304 27
797 768
463 659
786 475
396 554
208 234
749 622
89 599
364 69
472 178
940 784
434 340
400 545
171 58
519 903
109 620
70 283
964 579
601 235
683 661
175 432
642 411
322 680
824 898
880 244
66 154
923 565
437 708
77 591
205 844
731 546
283 371
336 628
165 187
635 51
276 242
521 694
713 214
33 679
687 989
765 824
164 788
195 311
953 303
698 108
887 968
552 733
229 547
398 39
123 76
273 695
313 667
17 177
856 66
530 737
551 333
241 407
743 205
809 574
462 426
884 64
302 796
2 365
458 240
516 649
996 590
880 802
632 463
580 203
32 941
39 425
284 943
272 179
570 475
56 131
377 673
263 373
264 47
878 219
314 445
50 298
554 64
904 645
108 283
454 702
82 39
142 414
300 115
960 518
742 8
869 890
57 778
82 961
859 392
145 620
939 163
186 840
867 227
116 169
285 903
934 282
2 778
435 19
996 624
589 765
366 787
113 81
995 864
537 176
389 253
531 751
131 290
442 979
191 392
207 205
990 103
580 870
199 129
755 54
266 332
327 14
888 760
509 133
788 618
29 291
839 578
815 824
112 209
160 907
447 508
718 997
460 795
310 535
323 258
222 422
403 14
11 937
617 948
764 346
370 800
612 466
509 551
121 997
125 949
313 991
544 675
236 542
715 853
877 18
766 778
450 905
951 757
917 142
774 482
158 90
697 330
973 844
448 178
128 158
374 440
31 632
238 637
707 578
793 77
145 435
847 377
701 935
253 883
87 199
84 310
842 149
990 496
425 581
761 456
223 833
124 195
600 993
692 337
359 512
16 43
288 187
272 520
329 211
630 568
173 966
93 553
975 435
684 50
748 821
510 630
614 62
461 460
654 182
332 38
18 56
502 23
551 962
26 507
46 966
108 169
467 155
209 373
223 488
357 888
149 720
112 668
149 764
68 595
306 640
236 151
109 411
263 156
960 152
369 923
67 17
826 825
994 572
190 202
419 932
729 280
528 410
945 315
36 725
434 912
846 799
943 483
792 783
93 988
455 442
757 914
529 761
699 200
529 573
464 847
166 925
878 418
246 920
83 33
390 448
160 451
758 167
501 986
139 933
986 701
113 175
83 224
361 310
132 517
546 470
504 158
262 248
394 97
918 905
481 97
364 214
880 144
271 863
965 628
671 35
672 932
365 416
637 199
691 433
917 993
284 107
311 750
266 189
240 296
368 639
730 78
740 626
613 632
874 962
92 498
938 392
41 729
480 925
339 110
62 191
301 505
909 189
165 875
211 698
374 786
279 262
505 69
918 665
647 603
310 636
689 16
548 264
186 969
437 849
419 728
343 880
51 183
690 170
975 555
357 114
146 387
109 736
837 819
100 595
889 889
227 5
454 631
750 366
295 195
104 513
807 265
429 124
278 428
651 561
434 728
941 677
639 884
991 671
773 885
784 473
576 14
440 337
693 332
110 622
435 523
589 407
886 359
479 746
770 968
259 92
108 62
883 866
806 863
846 572
83 173
921 122
342 785
731 893
269 860
206 475
424 698
668 109
987 601
20 806
218 489
46 305
334 429
804 87
631 92
309 874
821 457
692 317
273 921
714 546
336 344
734 58
654 762
329 312
251 504
872 362
652 224
558 584
728 605
923 481
781 792
112 425
70 262
362 467
684 478
211 937
678 335
311 896
688 452
566 426
894 750
814 508
599 341
901 48
610 783
133 172
131 187
495 954
628 464
655 523
44 831
861 767
327 56
942 679
811 433
974 145
207 884
5 302
661 643
902 931
225 456
638 89
512 476
423 477
529 917
708 525
268 574
925 660
507 675
770 78
839 339
227 13
151 290
840 732
321 356
600 994
218 630
854 965
184 402
234 433
785 465
175 542
724 726
719 767
113 956
880 882
247 648
786 309
23 576
688 212
80 434
938 342
407 873
838 114
840 5
407 909
84 293
994 531
979 277
580 996
293 753
122 65
105 576
452 211
190 558
380 357
264 362
770 506
44 697
727 92
867 609
858 673
573 233
248 789
682 688
651 117
928 309
748 339
798 276
84 845
547 38
725 375
205 429
552 736
93 186
452 708
625 414
686 401
986 413
252 213
799 436
600 309
835 819
966 546
847 953
287 175
500 892
158 648
820 527
996 672
804 851
88 448
686 288
206 597
144 524
614 81
820 678
396 835
99 151
894 43
285 315
148 483
158 859
41 883
607 228
406 645
914 829
938 403
127 251
636 446
77 722
486 574
211 281
67 905
15 670
658 71
323 315
153 209
671 774
904 370
658 249
26 792
130 392
510 92
221 48
536 542
704 691
272 713
784 208
993 446
230 584
438 456
262 701
418 308
762 695
906 44
904 162
595 31
563 930
518 943
8 691
693 283
245 48
789 716
456 342
150 729
433 839
136 938
604 917
467 577
986 40
381 321
649 62
87 783
524 170
603 297
733 579
254 686
533 473
152 835
609 59
779 255
391 245
581 521
180 388
789 299
95 219
658 568
151 80
999 763
716 26
473 778
429 513
134 838
746 878
20 749
432 915
734 515
327 435
351 328
851 648
779 538
669 740
419 705
280 128
140 966
990 156
904 816
276 227
241 847
278 379
666 224
95 365
553 617
389 555
772 398
328 398
878 277
826 238
309 746
230 288
324 799
690 832
69 640
404 496
915 202
906 751
401 72
411 471
441 58
712 360
986 815
381 731
804 286
603 248
5 706
66 168
661 638
38 269
435 880
840 557
13 966
449 174
757 565
342 886
774 168
756 482
212 802
159 206
351 397
11 337
80 284
161 552
63 514
565 303
3 778
708 820
338 981
855 899
313 826
928 125
593 908
446 74
686 611
585 772
693 91
220 834
238 543
637 737
786 136
946 789
335 386
125 892
982 49
51 28
825 676
820 54
734 520
73 713
553 728
387 266
458 672
57 704
546 273
123 722
677 375
531 910
697 868
290 853
920 979
929 651
752 155
218 970
796 805
270 565
374 294
352 364
3 365
358 854
528 407
330 450
544 660
713 462
814 243
123 137
896 338
336 288
973 144
169 211
538 958
32 336
74 581
194 379
851 730
839 573
130 924
307 294
866 445
892 245
584 275
661 537
67 984
211 387
596 18
814 945
657 490
818 529
835 98
162 976
451 514
83 950
839 703
969 539
282 921
29 624
380 968
45 330
505 927
921 957
352 57
565 606
830 731
877 759
810 874
446 129
385 815
478 460
461 959
787 471
727 973
694 955
561 439
116 576
285 568
789 422
633 853
807 951
450 747
291 405
62 254
259 499
168 873
799 253
526 126
279 139
128 238
992 29
47 796
329 650
886 321
268 713
632 426
196 158
736 745
821 539
589 849
828 465
140 85
64 897
228 112
905 452
474 327
850 963
467 372
126 706
397 734
471 996
538 436
347 865
627 174
179 410
522 475
119 208
832 629
368 674
833 990
677 486
412 543
618 473
617 252
559 939
748 770
865 806
695 910
692 829
493 160
353 517
650 649
808 924
292 990
916 827
488 590
571 554
320 693
629 751
351 62
980 843
418 457
470 435
21 562
434 928
450 504
309 286
967 172
606 321
173 227
277 888
658 67
124 651
384 527
306 81
359 247
611 841
912 147
511 62
619 730
484 597
10 612
831 595
857 984
458 132
778 324
784 888
38 668
688 476
321 158
741 613
15 812
975 816
888 587
505 516
423 161
769 609
829 411
768 792
54 644
94 454
528 94
305 216
21 255
498 519
183 531
829 361
423 632
739 227
364 942
795 693
403 922
252 58
351 965
748 326
149 173
991 481
728 333
163 224
971 125
700 343
431 847
19 539
206 606
817 278
504 8
262 543
480 923
96 670
385 874
392 17
277 973
295 357
863 438
378 341
763 221
184 899
654 837
7 30
772 67
37 795
388 924
273 720
845 843
269 674
460 931
424 115
460 880
350 534
632 236
556 392
527 478
287 266
377 385
705 886
207 584
517 393
356 626
830 914
928 743
367 511
717 487
143 450
974 431
600 562
154 589
168 583
204 703
796 837
592 101
632 226
165 933
337 870
345 455
178 275
741 898
708 514
620 535
432 953
41 781
888 484
827 704
31 488
665 289
405 242
135 161
237 757
285 418
880 444
207 218
126 554
85 654
533 13
589 716
793 258
487 914
796 59
100 912
451 815
574 567
631 906
913 4
402 484
507 198
655 929
315 124
597 6
273 831
264 759
149 499
559 715
935 667
830 923
687 614
723 35
509 999
133 230
84 111
149 728
944 984
68 774
922 707
536 628
533 663
715 692
700 951
487 618
551 877
595 4
469 346
527 552
511 613
523 195
553 571
55 501
224 222
226 368
106 804
671 748
896 315
516 439
646 980
96 521
914 480
847 286
915 887
54 988
369 463
468 593
447 760
216 504
648 867
613 35
46 138
328 674
576 52
388 306
310 622
34 80
837 998
139 357
185 320
121 890
805 26
855 773
227 801
488 428
408 533
545 536
729 272
330 304
236 165
434 699
126 696
751 770
149 899
658 449
743 607
293 574
525 277
696 939
310 185
936 294
506 521
68 518
586 813
727 429
141 54
225 680
500 487
367 66
162 493
106 936
315 232
547 567
692 178
202 724
850 662
67 377
533 647
874 930
267 795
731 745
333 615
245 35
697 868
528 338
464 621
138 588
223 598
868 737
22 157
494 540
20 748
954 960
944 892
795 768
967 340
896 252
70 985
321 485
898 459
413 552
590 84
113 185
936 293
35 907
629 673
837 536
130 563
1 639
252 321
378 616
30 595
403 674
807 602
953 11
33 720
687 276
310 450
532 121
39 171
430 267
136 583
962 690
928 633
701 990
203 690
504 688
306 391
483 625
219 502
395 126
257 857
492 573
356 576
876 691
586 734
61 545
232 979
270 799
878 646
713 799
618 92
951 120
565 508
416 724
484 508
167 593
927 448
989 705
365 369
290 866
949 98
799 526
314 925
152 833
972 923
940 611
727 930
42 736
970 836
203 716
76 937
831 463
50 132
499 972
462 766
645 640
654 812
543 317
594 329
38 922
95 899
68 766
585 296
513 133
829 225
615 540
875 428
251 459
458 82
780 352
408 464
562 171
899 84
778 194
387 437
661 720
281 952
304 276
677 968
232 44
280 95
534 611
65 922
536 892
883 458
4 564
291 243
904 334
116 336
550 525
491 902
122 63
652 916
832 415
998 205
687 520
557 569
953 66
344 498
423 698
238 195
187 326
183 900
827 634
486 901
653 437
581 720
975 190
631 346
596 56
72 377
998 203
448 35
824 938
338 123
252 257
869 823
143 40
119 372
862 542
696 395
729 965
141 620
971 269
165 567
555 600
45 671
999 49
267 476
64 679
197 365
407 438
432 328
627 38
970 398
326 514
618 166
449 340
304 747
664 680
981 672
403 477
525 317
881 909
109 458
465 411
267 599
557 201
768 77
651 958
696 423
607 900
898 81
21 998
127 837
345 229
584 181
906 828
114 594
794 889
495 447
599 234
706 91
919 523
764 322
251 466
210 780
352 732
808 152
395 465
84 572
437 718
204 367
412 166
292 771
139 261
207 891
679 542
363 984
433 143
535 238
254 993
998 866
532 84
604 36
373 697
463 237
215 666
343 442
602 503
282 9
310 427
972 933
736 940
707 292
548 391
769 843
494 163
324 675
388 539
699 393
343 581
91 492
348 747
164 261
429 357
767 933
132 860
256 767
556 961
712 749
690 45
99 915
212 222
536 787
381 434
861 983
786 482
245 440
871 103
664 451
349 263
3 87
177 123
324 90
498 486
135 237
874 241
139 192
426 488
148 228
412 734
526 91
484 550
456 554
860 879
40 104
448 648
4 558
646 524
99 486
162 201
394 486
863 72
600 995
924 511
814 310
454 906
676 336
424 170
938 169
256 703
101 392
185 638
557 626
395 146
182 250
92 624
209 97
562 950
646 157
119 607
521 758
537 729
965 420
42 26
976 715
996 424
811 412
333 126
790 236
986 948
950 291
262 365
58 773
598 302
384 525
151 738
934 304
657 796
980 358
700 647
677 665
689 183
802 324
524 975
470 498
606 983
732 311
697 45
429 209
707 185
635 148
264 121
144 403
339 70
5 113
825 771
528 100
198 869
314 453
696 87
228 276
787 571
572 92
104 724
901 91
514 115
564 766
204 228
261 970
416 971
368 684
997 791
118 524
152 582
969 255
123 492
289 438
575 82
579 413
648 977
925 606
855 964
148 244
314 500
275 579
32 975
460 307
746 984
890 856
329 236
184 671
308 718
529 618
610 943
884 233
380 211
521 521
89 114
592 723
601 442
900 299
146 987
690 63
272 514
803 181
633 59
235 452
792 230
627 296
326 21
5 345
356 925
754 854
669 652
805 745
233 390
315 161
300 856
671 953
272 95
808 410
110 420
829 641
534 430
627 23
241 673
626 675
441 30
869 444
728 862
910 655
260 754
225 610
912 976
975 358
498 309
211 147
480 536
133 93
466 549
180 896
49 134
766 524
827 318
310 558
18 721
98 302
452 661
453 251
658 461
895 846
963 909
474 831
453 669
252 399
355 445
675 770
992 246
698 143
643 993
316 590
877 168
608 179
472 5
727 907
422 61
525 8
272 775
24 475
371 629
600 969
162 803
661 440
899 536
470 781
721 145
699 832
551 278
447 500
462 920
143 834
670 348
142 134
271 702
922 545
820 470
446 827
555 602
998 350
340 542
963 945
12 139
99 270
578 943
642 786
250 962
348 912
978 15
162 768
922 529
333 884
158 453
707 421
497 234
146 250
794 730
323 44
552 557
836 526
313 837
957 557
610 988
167 724
29 134
89 906
826 283
301 446
186 868
18 880
442 196
547 961
794 872
987 682
563 998
51 979
754 740
186 759
404 346
578 583
548 943
55 164
828 46
244 465
963 656
579 685
616 452
763 301
115 216
623 982
74 185
308 64
280 394
466 99
934 923
221 139
39 574
118 46
61 173
801 445
949 524
478 469
80 360
13 170
837 159
388 703
73 319
404 472
530 321
625 785
548 375
662 50
488 347
815 831
478 47
824 981
38 605
191 151
837 973
744 272
256 563
740 318
141 946
68 226
764 451
527 543
687 839
243 672
773 407
882 707
739 577
874 991
512 665
81 714
443 377
123 76
610 108
664 42
431 798
917 824
49 64
754 952
264 187
696 769
31 551
814 747
991 225
73 401
43 371
915 466
931 504
349 963
310 876
996 374
55 804
583 686
845 520
744 865
662 463
454 459
438 451
839 481
889 297
448 144
493 503
654 610
615 921
710 540
58 715
421 235
966 578
525 411
472 180
362 608
579 200
535 369
126 128
74 186
15 888
157 427
685 752
354 972
633 95
797 584
143 42
292 342
365 258
641 313
909 195
64 419
521 916
239 833
490 967
371 820
230 922
455 588
390 671
68 436
123 785
88 958
523 767
638 112
966 339
938 598
993 599
271 940
919 963
50 822
653 41
902 307
916 773
91 42
623 588
876 998
299 463
999 492
288 182
219 651
405 745
698 658
471 496
21 387
811 252
990 120
508 919
423 143
415 294
87 207
859 864
588 377
383 125
159 973
648 494
267 684
151 882
99 50
636 98
171 518
632 834
515 422
113 141
278 956
855 721
881 562
745 570
102 206
630 315
15 315
61 64
102 449
57 7
692 929
381 480
421 752
98 895
424 141
317 716
520 707
70 9
844 192
533 423
74 455
315 929
928 542
660 145
380 486
204 533
691 137
905 15
457 719
299 230
486 297
354 944
212 609
77 913
517 602
377 81
738 42
314 82
252 59
217 918
201 79
988 29
674 532
982 230
208 529
423 327
359 194
288 456
602 907
549 823
177 663
934 774
700 887
940 73
496 359
716 805
312 670
49 197
677 53
658 278
243 541
426 453
884 287
460 891
26 530
821 697
785 685
958 708
461 440
195 616
311 594
891 684
135 679
575 640
767 119
212 382
689 987
744 390
267 969
965 242
141 25
950 17
336 611
480 731
443 947
933 515
484 791
817 527
552 612
620 261
14 966
595 401
436 828
656 603
284 164
471 106
501 224
399 678
89 997
60 741
14 439
456 470
750 840
463 987
807 14
669 193
954 406
65 100
711 634
144 84
670 90
655 862
314 773
409 234
640 133
981 856
694 32
288 50
36 338
844 319
435 470
93 580
24 573
5 44
580 675
134 332
927 724
513 113
720 449
607 57
300 430
749 745
393 339
111 29
395 44
386 224
839 643
408 669
607 407
3 386
476 17
806 886
615 304
745 236
323 316
438 274
831 188
342 865
690 425
396 966
918 639
250 548
194 835
890 471
427 177
550 945
469 98
336 582
831 894
331 807
284 369
642 556
196 437
339 211
422 860
342 593
1 803
543 259
908 719
378 380
632 231
846 850
17 64
472 985
487 766
537 688
853 79
814 190
802 535
767 260
804 972
167 209
588 852
286 137
907 668
843 787
658 234
159 471
388 191
908 503
813 726
873 904
585 566
404 77
997 104
336 204
225 920
481 103
56 550
950 140
679 155
152 455
249 109
628 319
425 65
752 393
696 487
340 524
967 475
729 468
614 28
646 475
21 684
68 808
226 89
406 128
219 949
562 308
691 617
734 778
320 539
758 925
337 754
516 460
602 464
973 66
439 595
300 382
938 863
374 407
823 136
756 475
329 723
162 758
408 159
624 852
314 650
113 356
860 359
5 390
442 839
375 828
422 12
887 132
698 248
97 424
811 446
494 342
487 1
600 393
237 107
625 481
69 109
551 820
119 700
400 786
220 540
899 710
261 402
98 505
909 969
100 142
112 830
491 537
902 846
926 672
49 594
683 18
643 319
29 152
392 185
511 115
413 839
288 122
305 289
587 382
186 837
972 715
111 536
27 967
647 745
227 149
941 776
397 769
465 379
455 710
110 836
40 500
138 349
678 274
762 739
344 8
252 573
209 602
330 816
682 708
197 73
73 291
825 307
969 609
279 101
330 119
718 413
620 992
886 121
855 838
170 688
29 990
824 875
428 211
156 231
146 887
254 969
806 216
235 892
205 176
296 861
877 774
366 576
261 519
773 846
60 380
656 657
782 84
614 882
343 833
280 403
558 418
562 416
561 125
769 500
148 894
227 594
415 945
741 28
31 374
706 14
385 695
367 532
444 158
982 525
175 574
762 54
465 465
125 306
503 646
946 180
354 724
349 26
397 857
17 600
254 869
361 466
366 580
877 756
333 347
25 411
860 840
606 100
419 549
671 956
279 87
487 312
474 73
426 179
180 767
809 863
659 645
672 227
445 648
369 828
265 450
727 198
157 422
869 471
14 471
222 672
652 602
639 855
253 79
130 397
223 873
659 348
503 470
49 489
234 416
45 27
768 298
296 832
931 531
244 494
766 714
410 643
987 70
217 200
753 292
32 202
90 881
886 834
207 693
584 733
675 684
844 359
714 998
274 953
547 915
939 167
339 843
712 652
859 104
267 321
394 685
527 74
922 652
933 868
277 695
370 461
838 841
173 622
29 602
547 889
451 350
108 198
341 114
371 205
85 58
58 263
626 429
845 650
786 857
526 666
240 34
600 96
971 831
429 785
160 480
35 666
108 676
793 89
734 724
312 553
336 220
937 959
102 838
851 607
721 275
830 759
643 772
126 8
877 639
356 653
243 545
692 203
677 887
806 868
841 567
589 587
544 536
512 278
689 835
370 376
879 860
777 146
309 556
364 51
205 279
703 885
860 383
959 581
793 531
942 540
91 619
306 468
26 840
823 636
392 785
49 802
217 586
317 744
889 365
231 132
398 536
111 344
218 504
522 567
446 243
886 28
407 661
179 594
577 158
273 78
956 799
173 429
82 800
574 992
284 877
698 256
722 521
895 736
571 777
712 442
646 792
889 866
703 940
686 499
563 213
900 371
146 800
809 535
854 259
97 897
405 637
955 357
936 641
871 81
954 544
100 427
344 649
937 635
967 864
478 252
26 308
655 860
337 182
816 619
888 775
527 578
789 579
184 98
794 925
309 673
975 636
795 492
774 393
683 206
212 619
61 186
287 458
760 936
522 369
911 418
765 583
62 452
33 277
43 46
653 854
254 782
376 158
804 214
411 453
584 612
349 869
970 391
76 610
272 377
16 739
475 961
94 770
319 468
987 683
72 193
579 890
793 776
310 671
189 45
355 790
320 851
793 88
965 757
462 296
223 999
939 832
515 16
293 300
224 837
152 263
868 198
695 199
14 874
236 422
486 93
335 910
996 698
449 734
427 798
717 158
980 531
959 70
930 653
718 783
183 767
84 890
575 673
10 981
439 587
286 124
662 288
490 263
765 609
115 750
747 797
900 785
972 663
51 27
301 892
942 767
290 643
839 103
730 425
878 870
487 60
586 591
772 365
833 672
76 676
780 218
313 686
601 917
309 460
897 735
866 613
144 648
442 279
28 775
511 29
319 708
712 525
948 164
433 184
527 152
847 886
716 654
70 101
271 97
823 250
549 486
702 934
82 43
440 653
999 863
981 901
599 654
618 851
762 679
195 965
360 1
891 345
44 10
998 544
49 520
56 186
242 523
361 433
487 457
672 33
498 942
264 932
972 490
360 210
917 196
801 184
422 918
200 883
988 109
424 463
62 226
201 758
134 601
591 532
193 40
996 36
57 68
281 305
87 693
459 225
790 204
463 676
344 477
540 755
388 912
81 408
241 861
16 157
512 284
614 490
483 618
539 251
828 621
336 408
583 948
427 900
154 596
687 830
700 485
67 51
876 289
586 384
720 222
924 548
129 346
158 435
325 468
856 739
310 514
579 892
233 169
938 253
49 822
874 752
141 942
52 229
483 649
377 589
423 684
939 417
612 137
352 721
562 800
84 758
917 119
563 668
645 771
178 325
913 562
438 498
815 892
288 745
244 529
654 407
169 483
713 680
763 241
545 852
201 9
881 685
156 182
36 806
25 937
486 658
243 658
311 922
493 176
738 195
937 760
68 968
585 618
794 88
903 988
477 135
890 440
862 763
673 378
919 924
915 554
800 668
677 421
636 689
933 624
822 323
405 514
129 244
737 448
766 406
94 425
541 68
448 947
62 856
638 454
129 83
405 813
829 412
773 473
747 964
958 437
244 65
124 394
344 98
477 588
694 854
855 766
952 41
442 631
542 502
736 709
497 11
669 947
280 68
517 525
34 93
588 517
259 926
146 281
492 800
656 846
586 139
202 107
904 376
337 421
106 982
262 961
135 49
953 832
92 111
254 960
245 850
840 501
913 291
279 423
676 131
459 26
429 245
544 93
404 824
928 863
129 284
371 853
511 477
237 838
545 455
994 419
146 869
136 413
337 423
843 644
206 653
18 97
831 553
681 593
466 369
427 23
805 981
209 981
806 703
158 31
904 327
318 710
437 537
907 210
254 721
470 69
520 944
951 302
876 244
915 164
327 350
963 335
164 685
167 326
947 30
444 928
712 760
257 905
330 544
775 301
672 641
940 496
495 935
166 626
674 103
689 992
442 987
932 942
632 321
480 263
490 809
764 397
976 526
928 465
198 634
704 324
735 198
332 359
36 458
449 1
659 697
543 431
47 542
532 351
583 939
759 96
92 843
363 602
655 783
49 613
298 942
296 696
32 875
4 405
988 953
114 590
377 856
949 183
9 171
786 320
289 942
240 3
40 901
944 705
787 187
83 10
845 164
819 785
87 851
112 857
226 648
151 985
274 119
774 999
661 572
600 537
224 967
578 462
541 211
977 880
780 241
203 40
266 928
656 287
887 813
218 618
746 281
136 856
852 793
593 95
501 310
81 212
351 486
884 763
175 494
204 851
136 120
514 500
695 332
720 600
396 925
387 463
100 374
622 337
611 982
549 807
240 262
998 911
655 630
546 340
489 49
618 605
937 516
161 755
95 791
37 536
182 63
81 355
721 72
397 446
477 332
619 228
323 468
112 42
289 881
334 108
941 920
386 545
588 930
485 289
420 797
218 737
265 801
415 178
498 244
663 66
436 840
834 850
519 647
242 51
838 514
94 859
160 120
234 817
858 180
463 267
207 626
102 203
909 595
75 301
672 296
741 740
430 535
82 290
277 819
305 913
436 835
917 219
793 680
317 644
888 717
250 306
653 641
785 789
406 690
190 75
731 905
465 256
397 31
41 78
858 525
883 531
594 601
861 606
812 554
589 959
32 771
668 245
358 784
363 258
254 19
312 865
380 831
647 235
384 263
632 180
413 417
436 59
61 23
291 829
883 474
265 312
292 887
422 86
265 157
819 703
419 575
351 409
591 363
266 630
99 153
810 963
454 467
526 28
83 191
542 491
512 320
174 59
60 431
394 879
923 981
90 4
287 611
479 570
56 857
982 916
482 335
256 544
31 765
812 922
287 789
208 911
715 696
498 680
561 44
3 607
114 489
911 296
767 529
328 942
176 315
178 103
996 637
532 342
116 134
127 732
73 96
431 183
359 120
998 268
421 123
370 780
310 10
430 326
648 764
61 474
208 333
947 880
990 621
217 952
168 460
706 978
51 52
72 318
29 757
955 739
17 973
37 490
938 678
122 362
942 791
796 510
747 47
238 676
586 677
426 79
969 752
682 490
533 12
67 724
196 586
841 77
984 647
689 778
78 923
582 935
708 655
32 380
625 484
165 749
147 685
974 666
810 781
89 640
276 821
860 927
892 851
165 319
187 726
546 438
763 858
548 886
707 977
411 505
312 890
666 501
991 133
347 416
427 414
943 594
377 54
233 240
193 88
579 319
215 69
886 81
546 676
939 265
61 216
591 348
652 806
418 679
425 29
677 46
421 683
528 865
128 669
414 762
708 650
804 961
230 33
368 226
610 21
494 134
405 9
297 606
788 579
746 171
566 269
144 880
555 110
716 460
282 305
695 393
616 616
990 958
87 762
270 659
870 938
604 556
626 862
335 308
671 869
584 984
282 456
249 716
832 850
550 184
698 915
676 480
389 788
567 249
671 405
140 689
612 571
420 205
970 809
372 723
887 598
626 525
155 736
873 526
563 146
896 229
410 203
405 906
976 272
478 748
173 577
525 503
172 666
344 730
787 241
336 485
313 8
466 373
300 952
523 104
142 595
803 942
820 844
771 325
125 33
851 256
195 161
303 779
883 577
492 655
916 465
316 54
693 529
526 212
346 431
937 719
777 831
598 605
595 748
174 35
794 760
496 495
471 114
150 455
66 991
26 773
829 312
108 723
975 187
459 225
117 58
200 307
893 550
655 499
651 411
996 220
520 116
903 962
866 537
556 927
368 183
896 62
37 215
999 915
835 295
336 78
450 524
300 558
55 397
901 312
24 593
139 876
531 55
43 525
285 575
406 237
511 822
633 188
356 531
165 924
396 17
901 742
536 75
648 494
53 13
819 813
21 955
315 855
134 597
61 728
90 509
795 683
145 903
148 123
333 780
162 651
63 302
688 466
556 533
604 559
244 301
280 465
964 927
992 619
837 153
414 821
667 758
238 986
564 523
163 61
185 53
488 95
491 718
260 929
698 506
717 301
506 768
106 389
862 274
456 680
223 715
59 703
18 701
977 19
647 997
250 369
641 367
843 567
399 165
955 869
89 526
447 266
933 538
924 346
459 89
134 76
46 479
242 261
519 547
160 715
337 403
206 386
512 446
689 656
463 782
582 497
294 630
916 17
189 769
664 71
579 310
626 874
928 347
51 439
765 972
414 71
981 482
892 619
330 250
843 296
613 577
134 820
658 217
511 703
433 789
960 754
359 712
235 567
156 988
119 784
757 151
312 517
500 506
698 844
331 639
974 8
558 662
657 336
854 708
632 245
573 342
875 704
205 20
535 666
113 181
576 50
515 731
850 648
118 900
642 333
658 612
221 216
602 766
828 668
114 652
485 966
252 169
639 335
813 617
317 294
830 621
913 181
367 714
385 613
652 612
630 457
178 278
790 340
680 601
507 162
135 519
782 484
919 949
388 561
955 978
350 285
26 9
885 608
425 640
99 218
313 305
477 936
214 20
364 132
875 225
491 78
531 976
22 65
707 781
233 580
339 972
143 785
453 462
383 741
318 481
940 864
645 745
39 593
744 21
356 473
931 921
363 127
513 597
514 633
360 532
330 417
253 202
536 459
354 896
553 390
826 894
651 32
834 806
273 686
335 815
647 5
943 557
12 27
728 245
883 36
575 767
391 700
309 147
157 487
451 321
289 525
266 21
978 445
705 718
544 260
715 937
995 866
529 535
11 302
839 963
334 912
53 831
814 661
50 286
597 455
678 973
40 435
469 551
752 342
960 24
575 536
244 996
982 176
492 200
373 319
566 391
290 136
130 776
82 84
619 885
356 608
671 906
313 952
327 738
313 157
958 905
117 314
35 14
279 893
749 42
779 4
984 852
588 342
282 27
68 16
167 27
927 826
421 843
554 147
295 409
455 713
49 833
632 778
856 487
366 517
589 171
750 219
669 878
300 786
695 670
774 470
223 8
270 368
931 22
290 359
728 169
155 652
806 948
809 784
648 202
100 680
495 351
917 710
133 984
97 716
671 449
355 904
210 266
389 859
849 976
334 420
222 409
46 881
721 933
624 190
264 723
113 37
700 664
988 458
627 706
793 871
142 987
197 911
819 778
463 408
479 694
868 423
5 873
554 580
68 428
579 433
818 19
91 723
440 474
401 962
940 150
33 437
976 41
808 315
53 84
641 456
508 813
808 443
886 110
204 965
311 114
241 130
78 626
51 729
315 122
518 321
545 278
77 904
721 967
145 275
996 515
728 475
753 243
754 697
98 918
844 583
620 748
205 864
905 579
401 860
200 240
781 615
81 681
320 760
289 260
173 968
290 790
462 379
497 255
957 50
658 192
944 580
596 677
357 586
50 971
799 489
595 75
785 407
73 215
860 67
846 562
237 404
346 374
68 454
79 92
850 317
84 726
996 445
973 148
728 384
774 950
675 516
4 454
91 488
271 719
198 627
677 413
547 73
303 466
168 958
652 219
786 155
276 235
435 887
554 150
991 900
373 321
56 651
472 584
702 438
285 206
940 859
852 692
201 366
831 953
369 676
687 478
79 717
272 957
283 620
194 581
346 292
210 266
280 744
122 74
877 193
704 97
282 400
191 709
797 954
372 879
958 932
4 703
142 472
816 10
560 939
658 752
162 124
247 58
122 711
132 800
971 92
246 150
301 134
24 868
702 743
944 123
645 962
266 791
636 196
979 488
145 722
92 247
887 303
8 231
511 563
92 996
736 468
757 362
98 502
665 108
634 462
421 440
986 277
998 489
284 555
755 878
776 282
490 937
502 22
721 891
57 664
414 383
415 381
104 201
481 238
35 834
644 674
234 772
546 928
