4000 1500
546 958
856 978
707 556
953 951
477 712
6 121
434 511
187 788
342 733
970 494
46 965
885 242
116 864
953 707
572 913
949 464
858 900
628 301
649 587
542 785
584 301
799 849
181 639
190 235
289 718
363 357
241 997
182 108
533 825
166 769
149 259
589 315
935 229
131 709
905 590
797 656
127 954
94 338
483 195
99 23
258 737
633 664
359 983
374 331
113 186
61 699
723 654
671 178
331 512
331 485
704 398
586 639
502 263
759 507
109 671
628 963
248 515
396 726
378 335
395 233
519 919
818 645
566 115
418 811
777 800
548 205
268 550
466 46
432 470
513 248
735 922
932 625
5 659
412 967
49 503
987 745
300 510
790 707
562 283
928 959
499 956
366 948
258 920
517 936
939 573
130 976
878 822
511 436
278 90
168 794
417 810
263 715
485 69
196 498
383 126
767 354
306 716
179 925
32 815
161 268
158 130
817 83
939 752
566 591
51 625
539 777
30 850
812 127
911 839
264 523
863 273
90 155
848 385
219 874
74 124
894 625
608 652
720 79
674 953
598 514
960 465
678 355
113 446
421 154
838 820
843 134
741 779
250 98
281 942
3 258
736 4
835 756
37 725
930 105
870 841
236 864
733 771
689 355
820 166
676 869
319 818
625 867
305 294
588 616
46 282
950 514
803 953
34 196
293 885
576 955
296 156
430 765
433 376
809 643
7 341
939 318
983 83
584 474
843 912
177 399
324 225
179 764
394 303
112 171
942 862
709 309
789 612
71 598
796 160
497 866
493 678
874 887
474 36
957 430
724 702
966 487
157 800
57 630
45 92
441 492
43 983
420 638
331 502
776 400
185 776
678 335
451 555
265 828
783 865
230 228
123 974
482 785
722 745
874 397
421 224
320 415
387 858
5 874
96 756
41 790
697 327
806 920
102 689
489 257
637 987
985 400
845 109
738 413
945 525
355 307
946 742
215 300
250 643
873 299
649 949
215 682
726 98
320 751
873 691
509 643
494 47
92 412
645 144
367 509
556 384
877 631
844 306
521 904
809 681
326 773
193 672
786 674
476 596
380 973
835 357
593 30
835 214
216 8
141 844
24 818
743 165
481 15
400 767
86 116
723 796
301 368
176 363
156 750
519 441
229 337
766 587
962 350
578 524
994 531
503 668
869 50
844 871
595 127
898 709
978 197
173 977
315 794
506 40
808 118
530 458
285 949
781 205
654 213
12 383
483 88
202 768
190 134
668 804
531 699
391 428
686 294
476 353
566 317
174 509
476 538
451 61
786 487
233 685
267 859
944 865
386 928
85 199
376 683
829 863
685 334
302 645
37 314
517 84
52 640
944 896
11 621
675 194
996 223
542 577
371 99
48 909
625 964
112 417
26 422
705 253
260 293
509 992
273 238
333 157
141 943
100 316
666 666
612 470
100 830
710 56
417 659
226 742
368 513
44 562
639 394
49 305
516 794
795 647
608 181
192 244
678 707
393 385
546 527
781 187
241 344
591 947
744 933
785 947
91 170
273 270
305 404
786 120
862 864
691 446
758 927
779 596
957 639
552 664
875 124
993 855
968 97
1 949
768 547
198 961
737 655
610 685
677 371
199 17
918 116
537 178
569 771
339 466
431 426
43 561
67 273
984 679
738 358
985 133
593 112
216 20
170 13
976 516
890 993
95 972
807 335
644 995
734 786
197 788
547 180
913 995
429 489
31 951
918 547
446 284
630 480
811 828
551 837
84 707
801 698
668 148
869 149
238 986
595 766
78 220
324 621
600 489
729 900
332 219
144 798
943 6
619 404
869 274
415 205
349 364
964 882
294 679
510 802
39 602
404 667
321 553
875 459
447 878
589 201
262 259
594 707
995 3
895 635
552 38
324 120
566 853
66 730
405 711
484 764
490 361
363 637
308 580
505 813
356 99
957 724
684 313
932 750
344 576
802 917
853 415
543 492
48 95
650 662
491 217
900 806
405 813
759 483
631 904
919 356
724 342
954 871
29 468
297 991
135 890
924 411
255 809
788 389
905 409
467 725
665 741
652 148
450 80
423 721
443 863
894 972
256 713
470 865
301 354
512 485
848 869
73 970
92 64
787 590
142 315
850 577
553 940
774 288
240 223
185 451
292 887
921 996
320 960
266 881
728 620
539 242
388 429
102 76
90 342
22 87
289 418
597 580
721 333
757 71
183 67
975 570
886 610
738 306
990 6
916 313
227 260
315 598
877 663
555 138
865 773
908 587
237 373
324 160
181 395
599 524
963 722
12 186
247 491
264 807
704 279
841 856
560 606
417 846
44 755
259 47
413 273
24 952
674 664
165 48
887 513
726 3
432 717
970 723
511 675
164 599
146 349
789 50
107 704
828 445
702 157
781 287
878 56
320 378
407 836
603 914
887 912
366 504
909 304
436 927
162 376
973 974
43 358
201 94
13 755
596 158
743 474
70 117
624 831
506 883
766 576
567 520
799 192
408 246
783 12
767 734
182 200
33 944
352 178
108 957
877 528
141 165
130 46
509 442
767 473
291 881
453 789
648 614
637 204
480 92
483 251
437 392
829 8
815 325
846 689
825 774
361 584
790 771
804 123
549 96
964 59
114 712
198 962
562 315
540 894
531 470
269 541
663 665
577 202
28 57
833 44
965 818
373 931
478 8
161 197
27 362
478 354
208 310
273 966
168 869
529 192
82 734
78 771
326 129
282 90
870 239
402 805
164 89
277 671
155 588
825 467
290 381
456 890
678 529
911 892
325 573
530 43
175 300
485 607
299 89
229 586
450 457
103 64
899 733
617 471
673 641
718 164
901 221
436 793
256 391
438 280
562 100
690 278
279 774
224 648
153 511
54 587
174 77
766 525
243 66
973 744
944 609
682 886
351 835
33 191
683 802
38 480
240 460
339 86
1 702
454 913
340 905
724 153
210 276
571 375
906 859
731 91
144 364
166 291
342 295
429 7
752 565
108 243
230 335
971 296
961 91
856 752
918 590
626 668
275 352
802 216
266 434
445 461
689 901
276 64
834 6
139 646
274 253
694 761
129 490
338 160
999 403
853 38
809 85
279 9
479 773
239 797
865 126
329 462
858 884
710 712
660 784
157 717
509 808
385 295
264 401
25 776
173 289
229 921
320 270
229 107
688 661
387 463
931 887
105 412
57 755
791 768
471 183
685 737
500 401
107 909
583 457
922 94
84 785
883 398
626 550
735 164
572 852
836 918
343 507
697 27
899 325
702 385
372 460
918 802
868 759
343 770
721 998
937 41
998 159
526 241
295 128
338 150
233 629
693 404
790 764
190 446
615 336
775 882
152 863
845 717
48 441
240 608
674 677
206 517
405 446
43 512
118 452
131 714
542 496
969 772
302 716
510 208
769 136
497 525
117 470
136 694
362 399
594 78
527 843
759 102
199 486
919 499
498 331
280 977
926 766
707 68
736 42
99 895
401 230
158 364
320 744
475 944
911 656
239 446
132 200
960 518
101 902
655 390
57 973
864 217
262 541
378 135
362 255
367 773
701 219
152 888
257 330
614 284
915 619
437 556
834 43
237 229
569 405
324 100
120 771
296 206
487 151
346 354
452 840
346 859
823 500
959 126
524 394
531 964
542 516
989 259
912 512
299 279
197 474
441 843
524 744
114 167
787 167
628 603
439 155
652 132
737 350
826 948
430 19
113 247
541 279
99 643
667 142
87 354
377 845
925 119
790 465
147 293
568 103
16 350
900 667
183 966
623 405
546 24
216 816
583 429
959 582
219 625
889 144
79 220
261 388
346 209
977 17
745 867
46 692
601 487
910 898
673 775
446 446
817 402
856 935
591 726
605 722
351 254
11 989
563 795
692 507
974 81
860 223
404 96
665 519
74 644
205 456
825 133
891 929
888 485
729 776
910 735
889 759
748 124
737 98
859 257
643 862
583 15
808 639
887 628
577 969
291 395
876 142
594 14
859 373
804 100
240 373
87 629
527 226
984 961
876 238
496 914
442 393
470 638
234 402
854 976
227 789
244 57
878 9
996 918
146 159
687 490
921 112
656 159
485 578
328 396
633 611
15 284
604 251
678 804
927 358
620 317
528 761
73 714
38 799
424 850
349 805
377 55
479 991
933 289
445 303
849 87
10 343
854 676
637 543
556 640
714 227
640 345
657 49
201 242
335 6
614 661
978 434
20 312
81 704
588 485
751 610
19 26
399 817
30 667
415 674
138 174
900 372
953 431
123 737
195 57
310 553
348 25
998 632
413 680
2 823
200 121
532 537
433 432
674 176
510 24
546 124
932 326
86 210
333 236
886 44
609 571
824 127
68 830
304 383
177 600
396 625
537 458
611 409
238 307
497 948
722 258
39 931
744 200
628 520
590 365
552 342
177 40
710 564
351 977
482 217
824 646
471 697
623 661
25 683
771 906
606 761
540 347
659 845
647 437
749 67
42 629
299 47
597 705
562 419
180 191
283 139
369 530
403 395
621 241
749 475
721 790
385 161
964 810
250 399
649 667
914 225
812 131
368 174
994 368
659 646
953 821
620 505
779 852
477 528
35 393
955 688
616 873
256 293
301 501
86 260
310 159
587 970
255 516
886 402
611 237
747 440
451 70
426 385
124 775
585 915
84 477
650 465
498 667
187 351
18 38
897 734
72 716
469 124
417 496
474 312
413 154
739 689
551 257
764 955
488 211
780 585
517 719
478 294
666 9
324 579
61 995
306 338
988 763
637 169
735 949
135 833
559 368
533 214
966 64
718 493
639 791
217 761
685 140
294 804
573 683
931 80
942 44
795 452
942 495
232 906
222 309
588 395
155 608
385 66
204 551
852 859
611 470
126 227
911 948
869 12
558 394
984 378
631 2
941 396
45 428
290 440
202 640
647 659
762 597
998 900
147 763
633 203
48 677
792 924
215 146
285 242
3 594
332 20
908 113
130 6
912 551
693 547
973 761
234 282
306 73
306 19
460 424
130 340
362 152
541 649
542 56
543 543
684 265
548 424
482 19
877 856
914 621
468 364
693 771
235 390
117 381
671 787
187 391
393 138
625 896
626 106
168 648
939 64
975 67
359 75
24 110
677 896
976 778
706 20
833 713
94 846
103 571
104 611
423 352
887 753
796 178
431 108
58 61
896 120
295 688
535 860
744 452
810 716
276 867
270 808
284 551
505 252
268 734
106 264
986 494
639 94
331 114
486 977
924 44
911 628
983 477
262 143
749 591
817 942
115 219
907 136
710 202
334 823
153 711
966 540
374 469
436 920
175 570
796 12
751 849
736 677
651 873
481 879
149 454
278 545
787 28
710 779
229 285
551 447
122 405
126 877
407 482
388 631
28 619
746 27
741 524
3 344
568 953
598 199
712 762
892 484
680 367
213 473
980 949
150 809
648 880
160 901
783 679
370 682
291 941
325 642
194 180
697 321
975 34
171 866
73 66
640 465
368 986
94 418
666 643
571 229
108 655
324 138
192 197
534 82
980 437
334 76
234 355
229 145
833 144
961 446
95 781
313 81
772 83
546 601
832 881
794 15
680 691
999 556
291 91
103 636
592 351
103 424
895 492
191 921
190 514
192 776
529 249
246 883
703 286
751 935
745 673
1 793
198 351
242 294
535 863
162 829
913 74
911 108
835 175
456 246
547 1
812 684
611 255
64 843
924 848
156 612
628 187
470 607
989 389
118 105
897 202
613 18
504 858
933 965
860 500
649 44
96 607
473 357
887 451
820 986
306 903
414 406
14 297
332 159
739 243
492 131
494 577
119 784
342 321
621 226
775 953
803 399
876 454
177 156
483 838
774 789
857 768
717 275
854 841
389 133
259 29
403 587
901 683
655 664
504 50
280 516
54 735
727 848
195 131
294 602
896 566
605 999
497 257
250 225
933 88
479 311
865 826
540 294
188 458
992 622
705 273
853 321
56 54
788 819
906 3
956 648
273 291
769 149
604 812
330 413
598 458
328 125
876 992
890 72
874 84
222 545
545 341
764 975
772 976
532 350
13 606
167 29
578 395
601 318
709 836
883 614
255 563
886 439
803 699
407 84
846 405
967 594
759 426
444 806
562 764
515 990
54 186
450 157
995 471
81 616
35 648
329 185
935 88
422 609
184 950
699 547
829 309
780 547
579 553
923 588
5 145
162 521
638 520
414 962
27 764
530 408
678 661
794 997
22 295
791 257
430 870
232 629
443 716
946 737
704 195
520 714
546 57
465 358
636 104
203 401
294 624
438 413
25 225
498 623
708 32
209 462
134 91
876 354
34 822
615 952
200 716
319 733
330 917
255 496
850 461
429 754
412 419
129 906
199 328
528 281
899 80
528 268
556 95
776 386
627 968
567 401
438 948
632 415
435 497
253 974
638 771
177 364
146 464
259 209
349 837
484 196
426 238
674 646
344 64
509 907
183 911
397 289
907 89
263 307
582 955
741 258
765 308
364 539
240 811
661 591
537 474
601 839
447 347
81 336
166 522
650 596
568 887
309 653
806 542
360 375
590 82
662 247
39 781
657 429
512 170
561 42
138 359
920 725
57 519
815 400
924 202
92 737
150 689
714 91
970 598
689 8
899 789
402 844
867 99
434 641
821 801
251 824
925 172
585 514
860 696
504 110
283 778
380 547
130 856
554 343
957 502
435 757
283 647
334 767
204 783
686 79
624 804
807 127
363 898
267 703
532 97
40 492
735 78
181 514
279 322
90 142
154 697
540 590
177 761
35 610
243 11
288 40
666 555
979 701
900 555
541 10
42 225
156 693
900 354
497 97
440 454
353 898
664 199
878 923
829 508
170 413
273 691
606 190
513 990
7 203
435 47
605 581
408 181
971 920
165 396
562 549
703 870
97 485
976 569
604 532
641 506
593 753
293 90
783 612
470 130
261 819
907 820
169 759
116 591
784 601
344 118
105 776
490 272
232 730
641 916
888 116
566 454
605 358
483 283
846 57
816 131
911 697
727 441
748 305
642 185
360 832
634 532
704 433
611 882
800 535
255 836
759 305
467 10
208 648
372 259
167 3
498 806
663 951
367 738
646 313
118 89
588 622
170 586
674 483
554 641
783 742
993 367
723 826
143 46
382 140
546 585
381 591
838 387
939 299
553 167
885 617
471 551
953 742
33 267
19 830
553 116
834 165
790 835
225 293
597 439
674 727
962 317
742 884
857 303
254 667
664 657
368 539
310 168
295 868
941 255
559 256
451 750
490 576
136 383
399 509
790 369
620 702
577 576
745 829
903 892
669 668
152 258
145 709
132 77
717 49
650 588
504 839
637 903
185 702
515 222
676 111
683 135
728 379
560 909
541 74
77 836
856 233
297 806
720 286
603 824
639 352
766 253
966 517
88 17
928 78
363 619
338 209
895 286
436 716
281 989
735 992
820 937
413 855
810 538
102 315
760 392
95 760
108 15
960 674
266 318
28 217
368 825
539 111
776 68
245 290
570 940
599 601
278 504
222 356
634 291
895 451
916 372
215 641
56 502
593 941
460 866
534 961
799 885
543 97
233 563
15 976
177 635
452 234
560 704
893 600
347 343
148 360
947 297
946 33
265 621
105 269
965 65
954 589
327 354
843 678
650 69
760 945
749 30
92 102
398 936
686 852
642 128
792 158
468 186
415 355
200 454
654 325
533 806
319 428
37 547
770 625
523 468
360 776
993 236
590 133
797 984
250 650
88 941
500 14
203 773
816 208
895 932
279 304
99 23
181 19
148 162
156 674
432 21
848 530
107 537
708 243
248 803
855 806
569 606
136 772
923 181
954 659
507 494
546 844
92 419
232 542
688 598
800 784
756 637
459 817
712 724
28 957
382 473
661 761
916 62
722 335
978 126
647 809
166 49
616 636
151 341
221 6
252 66
456 323
859 320
524 704
32 319
198 953
692 766
280 437
991 300
47 232
740 872
927 283
673 676
222 747
804 215
317 534
379 906
10 741
682 65
727 440
662 644
48 529
66 659
579 638
244 575
820 920
657 712
448 515
969 889
901 622
537 61
427 749
70 89
865 417
677 609
45 393
277 640
422 782
317 231
366 857
253 334
725 170
598 166
865 570
208 531
560 393
606 984
26 897
772 270
710 84
703 750
865 90
145 91
951 584
458 771
178 528
337 714
565 224
375 94
469 741
595 89
696 518
267 333
369 411
854 614
515 958
419 20
720 874
364 627
247 416
165 428
345 469
359 57
322 803
373 333
716 279
244 749
797 211
388 228
594 979
764 748
722 838
463 589
629 335
452 201
781 885
362 103
945 216
318 574
123 598
145 88
949 708
417 497
159 257
542 953
983 294
30 799
352 488
794 670
278 407
849 666
978 111
192 844
198 294
662 835
817 475
85 937
635 309
73 866
274 209
34 194
57 170
596 29
68 442
859 539
568 322
96 774
555 157
337 563
68 280
334 480
262 486
557 83
173 949
241 317
382 574
764 149
181 352
639 223
737 371
6 851
330 691
677 6
864 860
736 998
982 804
172 687
484 23
762 504
524 548
290 767
436 452
684 93
506 15
348 585
820 536
106 417
880 232
536 404
663 53
141 582
878 419
942 651
731 73
362 54
190 650
302 536
502 555
792 732
511 229
456 69
576 809
430 470
202 762
460 743
815 750
136 583
402 285
946 205
566 466
786 169
558 766
433 715
223 371
534 472
40 551
105 799
420 467
701 302
621 963
839 424
725 316
287 998
578 135
241 127
492 9
935 606
428 99
962 811
333 497
261 335
742 13
536 868
395 806
925 496
319 139
383 413
804 937
175 710
746 876
124 972
441 590
190 721
8 589
720 615
299 798
285 754
635 599
634 159
33 247
569 293
490 458
574 711
939 411
278 647
707 580
886 182
550 599
318 822
624 864
931 180
884 827
717 412
769 890
176 164
37 177
288 486
238 916
473 597
918 354
988 296
820 812
123 144
210 37
497 473
132 477
607 268
161 242
197 355
2 669
648 139
65 386
488 805
442 323
761 922
953 519
320 814
785 732
37 996
788 797
159 826
792 9
428 593
736 577
981 687
623 940
212 77
887 513
139 919
229 6
897 914
37 298
537 84
603 963
225 402
53 890
600 519
965 465
250 317
250 423
167 860
745 730
322 980
133 594
344 740
514 930
122 774
588 637
197 917
209 791
31 293
627 616
170 204
951 941
801 636
325 612
625 842
777 572
752 869
535 60
835 218
48 120
853 429
734 302
713 479
990 931
6 579
692 119
664 63
302 920
845 880
673 114
840 544
10 381
849 174
15 866
904 800
301 313
433 4
456 941
485 799
453 918
3 118
558 395
800 79
44 929
846 27
992 950
434 834
445 948
689 718
870 858
423 383
55 95
443 635
341 829
196 701
628 550
959 330
564 911
405 730
267 624
435 203
191 990
148 900
662 237
104 716
795 84
29 152
626 141
693 546
710 854
506 504
616 320
364 517
846 500
127 267
393 253
899 319
463 227
529 545
918 17
828 999
932 274
65 314
568 521
274 721
295 664
206 124
823 351
367 975
558 497
1 923
675 87
310 200
509 382
366 493
896 60
837 19
658 644
283 592
216 417
681 7
129 134
983 274
961 330
335 371
494 88
151 287
219 686
153 852
572 546
23 713
27 121
862 379
31 317
194 366
34 526
899 295
386 858
757 214
460 866
409 348
838 304
982 812
585 323
552 558
545 880
845 405
530 622
445 32
175 160
481 625
306 410
474 712
828 499
974 813
614 26
297 877
25 561
37 947
24 20
188 448
196 11
434 601
1 292
944 400
546 493
56 974
441 726
794 2
257 421
321 568
337 599
948 985
141 36
141 554
632 521
843 478
219 297
91 171
872 890
964 733
35 125
393 367
37 71
107 55
604 905
588 26
660 295
948 465
930 159
997 192
994 683
675 520
345 719
343 194
320 371
67 510
933 217
139 646
830 471
583 37
47 784
794 530
604 392
538 368
724 927
37 29
356 843
607 697
913 70
885 322
51 772
716 853
352 369
120 259
300 673
944 354
886 686
761 171
227 792
184 592
727 104
86 490
414 220
483 139
96 791
987 986
997 772
961 420
370 255
699 310
636 487
616 5
398 954
112 635
601 977
930 393
945 944
553 591
677 390
64 561
382 796
70 507
646 960
743 831
955 726
134 816
670 684
411 431
103 151
676 696
100 440
305 412
764 65
967 255
347 471
219 303
918 136
452 487
383 100
511 144
456 329
848 78
858 979
714 435
616 176
548 175
36 259
428 864
318 829
464 294
384 704
331 728
206 183
579 28
239 234
579 974
383 208
550 962
714 409
691 92
972 915
817 890
922 44
909 671
136 609
536 136
868 742
298 692
450 637
405 981
41 619
967 973
11 23
350 308
875 148
658 526
824 319
123 348
635 898
208 700
745 970
738 815
485 880
101 105
506 442
385 205
313 86
289 889
182 965
282 700
140 833
690 623
986 288
222 334
985 32
505 951
287 81
139 214
590 573
185 708
624 485
37 693
690 716
622 461
523 193
863 129
176 919
413 498
491 802
481 881
175 806
799 695
134 610
562 467
218 856
684 325
593 856
159 759
315 564
28 720
164 719
719 101
873 875
838 643
78 743
429 74
496 74
100 246
146 300
311 636
356 760
175 226
427 56
790 226
817 123
305 621
698 589
392 18
979 848
769 313
721 456
196 199
299 284
327 412
717 415
795 743
918 421
690 451
737 139
293 63
365 720
568 111
174 728
227 949
415 244
509 58
710 158
54 611
881 793
964 469
950 353
507 810
374 547
967 480
747 217
948 728
247 841
414 351
1 617
120 904
173 362
419 211
86 400
404 660
562 512
586 732
603 159
619 667
682 855
272 761
9 853
171 231
113 894
743 992
253 969
294 875
564 556
360 263
603 844
337 644
565 662
327 160
771 942
370 687
330 770
667 472
583 308
511 223
409 467
967 143
159 914
193 93
663 75
250 829
631 164
520 101
515 869
208 227
527 842
736 569
494 478
888 83
574 903
118 885
792 490
804 526
367 620
812 998
784 434
537 626
12 384
634 434
544 449
723 715
336 29
129 605
147 216
786 677
451 347
49 885
791 564
216 684
372 815
543 82
234 963
852 290
104 215
746 804
873 875
687 199
969 191
731 864
976 520
841 622
359 46
173 414
685 453
575 94
741 908
380 414
142 915
260 236
315 295
476 743
293 820
965 880
615 830
270 823
213 943
911 740
288 515
350 34
579 779
132 566
659 507
338 230
80 260
995 211
437 129
336 807
463 646
681 186
902 695
958 167
517 28
762 23
779 110
430 308
357 351
412 820
684 444
484 392
281 841
804 546
933 482
153 734
884 718
734 624
377 203
952 70
125 42
250 490
905 775
207 54
218 317
606 942
230 383
9 487
617 219
226 336
535 684
980 251
65 860
382 316
404 423
88 661
310 243
814 652
552 765
612 415
145 666
764 156
402 723
921 757
953 186
941 910
862 525
528 450
369 59
830 831
199 243
783 880
107 556
209 599
190 157
11 932
733 13
27 229
193 788
558 368
135 632
764 508
192 440
615 827
447 243
101 264
742 717
274 443
910 781
629 326
29 625
884 339
627 852
7 242
197 718
29 131
282 773
649 86
237 245
970 508
6 685
243 659
566 938
750 780
986 21
710 766
34 114
582 989
385 593
412 745
949 822
768 824
726 798
482 164
878 252
740 188
343 51
963 471
108 744
38 973
415 246
228 672
987 94
473 460
580 469
205 91
109 346
318 657
180 204
21 887
610 941
394 430
43 7
466 585
740 297
432 771
300 382
570 159
106 956
496 524
974 3
424 244
893 904
217 525
485 514
336 30
68 419
852 849
272 439
226 931
75 731
355 491
398 287
684 379
522 878
167 537
431 764
191 538
604 671
538 311
682 292
762 893
821 724
580 283
44 842
817 148
41 454
145 557
698 989
701 84
822 673
599 144
155 456
218 598
864 685
7 824
989 546
531 888
685 747
248 716
788 48
152 556
902 993
615 225
684 594
137 412
158 471
250 277
151 92
741 255
487 305
821 318
655 502
94 169
697 538
907 299
267 384
674 57
816 241
296 423
826 944
39 182
265 671
209 356
405 479
615 46
480 64
667 189
857 724
277 327
273 839
197 995
300 657
744 454
577 479
584 819
952 17
162 402
858 994
387 703
16 5
517 385
440 781
716 779
441 516
173 548
488 253
455 351
739 763
753 315
338 435
263 978
808 861
940 509
630 353
581 119
22 663
498 679
312 88
724 48
97 324
160 166
527 656
224 260
47 576
985 537
636 789
504 391
401 620
89 231
28 794
118 669
490 105
435 781
92 467
713 183
356 462
145 717
694 930
62 993
273 869
680 56
151 232
821 89
965 876
972 416
309 161
276 428
86 346
42 517
835 66
313 770
9 430
833 102
584 765
503 557
97 44
919 314
984 166
729 157
931 971
477 675
435 405
253 747
132 489
545 555
402 135
376 952
704 69
305 528
931 21
286 171
786 676
738 352
207 989
369 682
903 363
527 888
204 703
877 416
60 9
651 419
114 112
605 980
250 751
584 713
373 172
679 754
300 593
670 572
952 456
281 594
495 707
675 266
728 757
764 664
807 741
608 568
452 383
274 946
373 192
818 486
197 15
219 420
633 925
529 57
76 667
939 999
925 26
477 726
74 345
677 298
779 799
507 919
738 601
533 647
848 985
27 663
291 523
554 797
177 224
945 139
513 970
779 540
988 962
268 811
982 74
69 684
298 410
915 520
85 343
304 870
529 187
885 671
926 19
267 263
263 132
573 513
989 766
658 684
246 557
132 49
242 702
650 628
427 863
187 145
233 81
812 226
603 522
230 802
157 433
777 924
952 984
991 970
285 164
601 652
784 910
932 894
561 512
55 927
839 933
199 61
374 677
521 200
691 880
567 639
888 278
48 151
876 700
161 42
864 182
204 947
483 694
855 576
672 808
383 732
907 358
489 721
265 326
954 140
421 551
5 208
530 70
489 793
455 364
104 662
817 587
227 508
824 658
849 37
485 657
104 189
822 123
493 163
853 786
355 949
719 152
307 403
479 651
489 794
734 327
273 37
494 667
901 441
51 571
344 280
974 540
245 593
383 347
702 820
78 229
563 514
846 306
51 998
545 952
980 683
230 114
44 844
772 17
939 312
945 197
7 32
789 862
826 999
948 277
887 841
34 571
300 666
497 398
696 95
493 97
509 531
662 162
763 260
451 791
7 624
177 347
531 140
872 432
667 887
280 230
738 626
508 490
615 485
210 300
29 622
375 867
513 76
631 147
424 154
283 953
908 460
886 80
887 160
355 907
733 847
951 969
291 191
456 278
679 82
883 374
206 421
485 40
206 605
966 39
349 455
499 140
559 849
840 806
640 46
118 864
351 293
77 148
470 783
953 838
87 700
838 860
205 615
428 414
790 197
713 109
976 361
914 574
984 258
756 261
772 456
506 219
968 261
743 7
136 77
8 329
704 182
133 463
901 448
995 537
128 902
440 247
395 396
349 879
759 478
263 601
221 462
378 371
182 961
163 169
999 520
937 343
853 415
538 950
469 62
373 574
512 553
856 392
519 685
473 802
551 182
287 617
796 253
548 596
183 749
737 414
57 302
918 217
997 607
35 438
441 242
724 491
520 347
802 842
678 317
273 823
429 887
532 256
122 550
87 609
777 172
678 205
917 784
953 391
36 772
273 392
879 408
622 843
388 602
11 163
37 295
36 809
594 241
73 149
638 884
742 177
912 958
589 889
16 976
413 449
253 982
630 527
948 702
769 767
925 858
502 373
511 585
322 438
490 168
886 504
782 857
943 534
597 882
457 401
501 485
298 342
534 342
2 208
921 403
879 612
275 78
356 643
167 249
680 767
559 863
108 515
881 245
107 199
592 978
540 476
672 318
747 64
484 189
160 791
176 440
798 622
473 782
730 113
708 929
953 837
770 294
273 70
204 1
158 782
202 423
841 121
982 31
967 595
357 103
544 441
856 339
685 353
244 302
385 64
573 27
784 879
854 315
856 411
446 62
972 246
777 670
1 471
536 177
949 992
922 794
63 795
107 153
120 74
828 200
867 919
705 241
199 433
753 576
742 23
966 481
82 234
33 711
660 549
9 833
871 137
359 536
171 78
939 688
676 284
442 517
527 702
969 580
490 463
871 89
954 642
371 749
281 240
416 590
216 622
300 14
797 130
805 403
400 92
161 607
348 615
612 144
210 136
629 221
470 24
579 489
986 357
61 59
532 675
668 645
315 853
975 342
188 679
203 427
815 450
823 172
173 146
708 459
963 513
428 350
837 65
567 27
40 508
624 942
336 406
882 24
697 325
871 151
232 821
892 982
517 89
863 686
524 684
380 561
983 945
290 287
270 711
362 713
850 681
324 102
416 281
856 41
344 508
372 379
933 349
603 588
233 38
526 254
137 990
972 71
670 40
122 243
468 22
326 765
353 966
960 4
402 477
804 91
382 787
106 149
954 527
582 50
861 445
944 598
507 695
154 142
981 846
688 409
764 180
96 821
762 975
20 902
410 879
146 599
356 458
27 4
285 639
615 733
464 221
405 358
886 447
352 546
86 999
881 324
599 822
644 18
700 823
651 18
31 966
48 190
181 23
169 591
523 497
852 680
809 942
208 453
475 383
444 697
992 967
203 752
701 286
868 579
171 737
786 18
472 934
822 528
924 108
857 94
130 759
582 443
999 105
33 594
439 840
823 394
623 859
295 909
729 411
395 128
841 976
611 405
94 186
883 173
167 625
964 979
389 144
719 484
624 330
246 328
274 643
566 492
755 526
396 891
698 856
90 339
619 119
581 742
773 750
465 429
59 570
667 208
67 733
804 65
194 175
556 193
948 300
619 162
956 40
741 2
719 843
963 233
182 377
897 34
655 238
975 692
34 380
853 537
267 61
448 339
601 112
752 899
73 720
526 657
306 31
961 31
859 314
63 201
789 545
570 731
944 587
124 106
222 172
274 272
335 361
281 973
431 426
335 456
215 800
764 792
698 786
381 428
965 567
91 23
732 337
875 629
648 935
716 616
514 897
342 795
721 794
804 976
829 733
112 562
755 455
721 114
214 396
124 76
248 566
45 383
738 190
367 739
88 499
689 141
244 342
433 494
971 705
56 38
557 372
791 177
121 503
32 132
292 289
165 492
435 796
549 453
105 745
361 699
696 256
499 316
313 251
581 172
153 652
582 371
720 158
592 48
754 786
861 542
322 769
390 708
47 198
535 101
616 510
86 476
829 891
633 65
546 673
725 376
32 597
690 339
992 430
198 873
681 550
485 573
287 130
187 101
29 118
356 639
104 368
608 843
391 970
728 221
983 487
22 524
347 458
543 267
598 668
193 221
433 253
334 980
702 358
562 56
631 580
106 786
708 648
268 458
341 535
38 695
430 650
573 601
212 208
142 465
272 25
592 288
520 239
168 985
583 814
659 544
790 999
26 475
44 230
439 108
841 354
227 475
350 791
202 959
927 183
460 819
747 91
758 179
51 278
540 373
400 680
671 735
419 654
295 279
965 321
324 251
785 672
514 963
175 519
555 818
361 336
994 751
205 641
87 207
172 228
355 498
427 96
391 391
547 644
211 902
225 360
603 776
207 365
191 387
569 500
224 638
205 253
855 95
661 164
217 473
856 896
481 781
599 924
118 429
599 658
910 956
451 232
783 797
477 778
669 449
355 636
500 37
581 28
488 560
236 442
403 929
155 252
888 712
401 397
503 149
632 141
355 860
548 689
511 402
789 422
485 479
914 854
658 340
248 107
96 720
219 181
655 3
997 365
420 282
440 217
857 786
242 761
469 169
434 672
118 124
836 432
375 832
369 540
377 17
684 582
647 295
540 727
150 639
276 599
77 528
389 163
818 670
560 503
951 423
995 593
724 756
676 500
800 63
933 634
9 506
579 904
231 645
417 149
629 42
107 198
81 802
914 252
642 759
106 596
572 955
810 304
223 975
193 938
261 306
281 594
202 139
35 341
215 664
406 823
249 111
3 673
851 216
60 534
972 411
534 55
556 311
424 183
164 285
869 876
514 98
609 749
41 7
672 879
894 572
496 233
758 850
949 898
849 871
337 414
738 308
256 676
530 757
811 480
145 931
734 885
23 878
84 847
700 599
684 877
623 272
880 607
307 236
616 564
417 480
725 862
911 977
83 42
572 235
911 866
456 681
865 677
269 515
688 255
729 324
283 953
105 576
792 959
380 308
999 135
780 993
17 454
449 54
324 39
566 380
334 499
538 175
827 712
734 726
813 515
493 855
89 556
818 70
460 971
80 324
416 933
697 343
393 865
33 63
253 228
169 883
947 55
772 819
959 419
390 876
488 365
517 540
578 766
799 188
762 141
799 860
505 430
38 21
979 696
78 858
986 727
272 305
270 982
266 3
673 847
459 227
130 171
818 643
170 276
660 829
832 773
507 287
266 817
543 49
133 443
857 402
184 345
152 96
541 943
230 378
308 195
8 639
681 230
644 433
675 886
771 714
629 372
879 983
176 71
368 68
633 263
730 595
199 561
954 698
788 814
491 295
542 603
734 873
598 42
683 755
596 516
956 523
966 253
525 845
823 729
330 158
413 424
841 685
580 779
137 87
104 302
248 84
522 43
359 427
32 163
135 386
213 417
110 738
107 883
860 43
869 574
971 203
484 690
744 778
644 573
443 582
680 759
662 992
248 760
524 454
291 330
353 591
91 295
639 122
692 665
30 350
951 657
281 397
592 213
820 37
601 439
593 285
831 737
286 101
214 581
804 92
213 492
148 861
558 131
127 526
194 630
724 333
966 73
694 177
264 265
63 515
608 30
960 990
811 613
548 123
565 812
879 144
767 380
927 293
124 148
777 644
742 783
144 159
163 613
528 903
797 264
236 441
944 927
699 540
404 220
404 490
251 18
894 812
271 358
833 572
322 715
388 318
416 209
681 132
730 529
34 189
543 194
811 123
157 314
759 944
963 132
508 199
373 564
923 558
277 1
491 205
819 408
190 212
464 499
53 186
990 371
16 892
847 55
403 616
833 717
597 361
787 625
567 566
314 368
165 13
364 288
96 726
967 952
329 488
903 283
284 362
676 161
910 157
153 562
832 748
529 328
868 342
278 338
761 215
811 943
444 172
349 834
781 987
418 36
357 774
470 825
419 599
827 513
141 854
693 989
6 833
84 685
637 989
354 171
201 322
24 846
909 467
148 535
422 987
195 16
527 593
133 257
555 723
264 785
282 850
374 696
990 255
99 712
353 903
113 104
19 648
800 797
175 97
800 636
170 971
501 693
626 393
464 808
519 824
412 907
869 135
565 705
396 891
926 88
407 651
852 872
441 905
924 300
136 167
158 728
336 606
82 457
591 728
164 920
444 117
179 606
277 936
723 999
447 824
169 751
191 937
493 614
904 518
526 5
870 94
327 4
132 688
767 79
848 140
289 911
856 13
507 570
738 678
866 244
61 149
39 435
22 392
84 822
621 850
23 395
680 517
692 944
58 532
994 247
224 447
953 727
703 482
285 463
424 11
751 236
513 332
782 229
548 802
334 485
636 377
870 808
654 212
366 950
850 655
290 913
750 983
444 574
360 529
944 966
709 108
957 236
702 889
183 932
642 958
796 187
281 291
445 341
829 630
685 957
808 981
710 778
891 562
905 832
452 50
315 153
772 374
554 847
277 741
89 607
438 917
483 769
326 934
581 909
123 902
895 306
574 36
293 426
589 157
62 596
962 677
617 175
287 49
784 269
527 170
625 854
547 668
408 625
628 619
679 244
822 936
807 186
114 19
932 532
810 350
844 400
413 606
64 695
944 452
460 168
245 59
693 475
717 733
617 316
353 769
248 558
97 644
214 922
116 898
820 477
87 159
150 527
399 812
582 892
564 982
569 102
973 215
774 218
192 638
745 557
36 274
328 917
44 960
379 161
100 552
58 684
947 135
82 888
362 843
715 412
904 712
719 659
743 651
278 935
989 267
46 227
651 399
79 411
711 741
892 694
555 341
398 254
876 807
335 85
949 298
334 206
876 458
544 829
966 653
403 439
737 13
851 233
431 455
464 692
577 91
616 177
607 784
526 348
478 379
402 323
752 198
302 748
