4500 3000
143 561
213 777
580 334
570 881
473 226
296 501
325 658
397 506
352 732
302 924
46 380
476 197
281 688
102 44
129 403
58 847
505 132
460 248
222 353
735 489
732 618
781 536
268 401
443 696
333 454
563 324
77 560
223 426
43 697
976 648
900 415
737 261
154 856
737 731
242 891
266 107
780 278
559 655
297 187
658 280
158 592
462 501
594 334
518 87
94 354
382 929
586 562
255 749
476 380
999 819
422 152
74 594
139 762
415 747
535 244
314 114
453 983
94 190
111 639
431 651
401 916
571 778
420 940
706 194
953 368
632 901
465 200
569 441
371 32
176 195
134 670
579 95
81 300
219 978
150 536
102 896
899 878
298 206
494 42
856 181
104 292
58 885
551 399
83 241
968 813
393 200
403 990
368 199
622 423
749 652
973 792
992 379
632 845
934 270
88 280
646 265
114 966
369 486
190 104
103 722
7 281
712 758
790 659
405 195
111 137
700 59
454 779
603 642
524 282
651 585
774 452
676 686
201 468
207 951
286 889
151 57
755 284
259 382
924 560
743 560
39 930
855 554
507 412
814 153
576 37
405 651
604 602
409 579
756 438
578 186
304 951
669 129
310 333
692 199
627 538
597 483
825 287
376 466
355 906
715 456
248 63
263 872
383 245
882 122
119 235
534 513
558 822
345 743
103 6
582 84
870 674
29 648
759 528
494 167
970 318
736 363
792 777
601 396
963 573
784 961
128 991
961 566
231 317
456 416
40 81
801 51
990 219
258 487
866 823
447 70
462 818
846 833
801 675
46 878
191 165
843 455
905 26
144 600
798 917
854 222
286 727
491 90
2 738
144 572
404 30
175 693
477 116
584 546
700 464
951 525
616 414
898 117
3 828
677 246
425 43
176 892
576 287
9 147
63 388
774 177
732 811
90 284
91 544
342 816
176 239
496 660
894 96
243 277
396 945
702 761
514 196
904 78
255 328
525 299
656 963
633 833
895 620
337 33
961 616
302 131
193 37
403 853
883 311
973 388
951 213
855 107
793 127
318 660
194 74
967 235
20 707
394 820
557 804
706 225
973 64
230 780
716 528
817 964
938 161
249 543
494 824
395 804
597 504
698 18
577 362
199 997
475 685
533 55
747 381
371 800
375 143
330 838
20 971
405 871
574 584
16 735
819 236
941 998
517 944
313 1
432 201
536 837
338 892
888 816
71 189
268 800
935 796
941 964
361 1
168 463
720 311
169 40
244 252
29 449
130 327
273 100
491 129
207 121
639 28
809 387
145 405
512 734
359 510
506 633
599 103
554 564
706 401
117 150
413 660
191 832
26 310
552 456
340 624
569 111
443 30
862 552
501 588
393 754
264 731
631 533
447 783
773 82
849 509
231 508
797 395
983 599
381 609
37 225
418 269
63 30
69 866
50 59
398 379
359 945
868 138
188 951
1 180
537 636
483 949
148 799
519 398
52 990
455 209
378 100
401 665
456 894
405 837
318 423
9 133
713 155
318 606
456 448
165 575
988 25
877 119
377 151
258 804
705 222
420 30
679 436
436 858
218 626
564 382
429 807
288 464
719 52
77 406
870 882
596 837
609 610
31 973
988 970
989 266
749 807
474 771
454 850
930 613
453 57
135 758
528 13
903 755
831 223
245 453
762 759
279 468
674 540
917 36
726 744
903 185
750 850
373 401
81 935
767 302
238 313
973 763
486 520
813 171
930 394
40 81
232 316
626 944
68 219
780 753
913 444
705 658
582 328
991 193
996 717
50 39
49 592
832 504
675 862
957 502
590 117
876 436
607 124
945 406
938 466
256 574
44 147
619 773
735 645
395 653
647 929
364 840
202 353
264 965
486 42
765 162
99 158
338 910
564 656
36 226
200 245
968 489
737 79
308 41
879 654
10 900
465 98
469 162
111 244
298 765
914 990
19 260
233 368
719 52
975 54
389 80
460 268
880 555
413 216
739 53
301 611
405 660
696 177
63 423
234 363
824 357
692 130
514 353
445 806
477 974
924 593
611 874
863 816
608 872
26 340
464 590
193 505
674 529
397 298
474 369
974 327
632 286
306 46
761 773
249 8
713 745
533 495
463 237
185 359
7 629
772 808
933 696
280 767
646 860
414 920
561 540
595 743
614 427
432 505
206 56
134 517
353 190
789 124
76 263
137 682
64 896
599 122
256 294
246 200
680 147
410 43
949 518
22 885
157 140
768 541
101 724
928 945
402 88
736 74
64 604
451 993
749 272
936 859
982 572
808 616
582 636
251 259
162 819
547 817
650 877
237 403
773 149
368 152
869 277
596 623
884 652
983 592
586 816
501 455
589 779
154 560
354 496
408 704
764 781
445 760
980 314
355 393
667 384
706 121
155 744
298 573
439 905
131 459
214 334
795 430
131 876
822 601
690 539
563 355
621 568
496 157
578 367
69 373
782 281
483 499
499 69
605 749
410 393
713 92
617 443
901 221
97 109
324 140
505 719
446 975
992 793
539 777
923 652
643 666
490 804
179 259
356 130
919 692
943 8
998 282
35 638
216 188
58 323
439 950
863 105
470 990
50 105
232 735
85 480
220 457
686 718
899 814
97 694
313 759
655 830
277 910
732 212
46 686
648 368
214 653
216 792
27 244
237 633
875 457
888 521
245 580
509 278
911 733
508 650
687 780
916 398
377 367
477 136
562 867
239 684
283 317
942 150
502 161
264 112
778 474
466 716
741 274
697 631
613 183
839 396
159 5
111 691
440 370
967 989
58 601
979 493
142 945
107 27
877 33
577 861
717 808
610 817
14 499
688 496
14 936
996 71
439 911
598 672
237 382
866 735
577 437
826 830
400 159
878 182
345 914
297 195
130 251
371 751
881 243
928 144
464 924
642 470
881 353
433 508
35 665
675 490
511 533
649 485
167 732
744 660
796 76
308 952
317 254
694 28
492 220
827 146
127 976
635 316
349 476
906 253
658 831
192 350
281 155
389 170
751 265
708 564
486 268
432 591
311 447
850 589
512 952
741 425
505 25
421 651
50 989
951 811
778 19
134 373
283 714
373 228
193 441
904 748
902 976
556 574
657 245
621 193
485 757
139 151
53 734
442 977
765 155
774 733
390 279
249 896
948 492
225 153
962 432
846 341
242 794
1 720
826 945
404 106
616 235
388 129
933 344
137 402
352 717
962 167
588 13
848 669
337 836
416 442
114 360
783 170
134 870
837 703
218 285
791 251
354 730
608 931
77 837
759 653
705 509
501 800
370 5
471 25
472 967
580 101
82 957
34 742
963 583
684 255
941 920
859 700
569 941
341 504
435 842
418 1
94 104
834 506
630 488
473 885
49 774
591 748
199 453
977 538
584 463
500 858
925 35
926 475
906 259
927 545
896 318
704 711
775 349
697 681
585 446
74 999
403 505
634 340
387 275
715 462
237 885
771 893
907 18
891 451
856 816
183 848
578 46
671 613
303 662
326 561
822 615
943 131
766 655
771 885
195 622
998 821
77 952
644 198
326 980
705 404
124 296
98 617
789 157
193 104
661 918
880 949
388 69
290 890
584 758
922 851
949 500
706 899
267 266
928 769
292 107
706 25
693 890
619 541
758 130
147 298
799 584
542 954
103 221
297 408
32 473
181 78
134 929
486 660
755 17
681 747
118 492
321 517
874 47
340 393
409 439
571 198
722 452
635 112
850 355
457 273
572 790
777 861
170 914
51 897
404 343
781 5
801 767
990 53
756 569
329 388
363 229
381 229
222 1
230 958
727 914
701 98
802 257
546 302
241 602
507 491
269 52
983 738
814 548
9 762
835 845
491 972
744 847
420 887
927 780
795 524
721 907
607 503
671 567
881 57
192 477
451 335
732 221
938 958
183 966
558 602
693 918
722 536
457 516
982 68
477 657
729 482
64 472
869 440
952 102
545 258
90 581
284 281
170 888
335 676
502 597
461 499
103 215
478 701
72 804
312 456
664 791
34 187
404 380
58 482
89 768
688 923
71 602
319 440
479 728
106 563
571 234
438 53
742 210
493 539
37 881
128 548
338 925
74 995
635 786
232 740
777 458
792 355
959 528
642 726
90 342
715 45
390 563
821 1
506 928
140 996
61 88
732 589
896 837
762 312
763 498
996 407
561 147
208 798
976 288
593 994
902 477
75 398
779 383
840 440
997 798
409 483
537 337
993 30
626 957
730 238
564 910
855 134
853 236
364 562
342 472
569 93
840 369
828 585
185 935
135 589
667 859
385 262
66 935
2 101
223 207
5 121
618 650
512 785
986 677
309 368
493 252
90 857
123 803
129 283
465 36
644 726
481 18
479 902
299 784
563 295
408 552
322 249
861 309
286 530
52 415
239 1
567 1
955 121
540 989
380 429
405 821
111 855
866 14
45 469
838 974
636 995
742 697
215 574
308 224
433 264
901 617
139 157
21 860
657 928
299 710
657 348
740 882
127 532
505 804
793 232
31 615
589 587
270 491
774 473
602 171
544 430
820 673
680 93
163 500
552 670
106 856
331 894
129 712
382 807
273 174
197 363
269 693
829 255
282 925
87 846
445 368
900 448
649 978
791 701
89 204
811 37
203 260
353 562
352 95
203 163
737 974
53 727
425 948
794 863
854 73
843 820
217 865
608 942
848 973
809 707
777 809
92 348
439 436
433 131
785 698
302 650
879 512
453 492
335 294
763 71
399 12
101 131
299 214
119 430
961 881
905 131
995 917
673 637
852 364
333 271
186 473
925 969
35 823
5 144
450 544
109 351
364 445
765 600
965 197
961 230
565 953
698 725
778 12
985 860
8 932
660 66
731 98
510 812
821 170
522 330
571 411
859 324
469 848
934 720
256 586
673 911
436 302
174 255
133 528
131 414
236 388
182 29
602 192
919 133
24 989
678 572
745 187
52 781
993 994
333 695
501 729
528 948
859 45
745 585
24 639
67 414
741 544
170 718
746 517
379 119
484 398
907 835
422 101
78 104
385 635
515 142
792 609
493 745
663 620
987 275
871 544
987 820
778 134
147 789
772 846
433 837
501 963
543 112
793 746
411 388
640 210
329 940
590 960
549 545
615 348
406 258
77 927
259 900
8 1
247 407
55 803
994 161
388 340
530 633
725 693
589 624
917 938
12 526
690 409
471 52
820 792
491 959
137 768
596 972
666 836
819 6
963 139
714 752
441 597
934 693
421 365
181 501
556 435
647 414
201 9
725 816
329 930
509 712
471 137
662 546
2 892
349 71
767 379
412 793
271 253
840 812
993 493
238 375
714 532
255 689
800 339
714 100
759 297
420 983
800 823
532 585
362 558
836 862
787 722
743 547
774 916
669 39
991 151
426 480
524 453
359 770
372 134
210 117
699 257
945 448
742 851
106 928
189 518
188 120
421 679
516 980
155 532
145 25
876 604
267 535
793 488
912 870
791 143
957 190
534 537
7 110
911 3
40 568
911 268
548 981
469 523
538 54
414 276
302 872
897 510
431 995
540 110
116 632
262 706
223 349
686 512
79 162
731 684
245 804
124 782
353 54
360 748
622 705
837 54
701 364
249 669
131 367
769 749
84 903
509 602
998 424
293 921
887 791
256 44
533 724
153 154
834 660
209 17
680 912
180 753
724 233
16 565
985 365
67 821
846 97
404 106
502 144
323 759
760 154
497 83
170 777
883 797
453 897
604 912
762 699
106 228
919 10
291 179
5 700
420 983
737 227
158 30
129 911
671 69
121 15
905 133
798 293
31 698
586 263
863 295
438 22
600 534
757 337
546 478
723 297
360 320
764 968
72 218
88 760
387 721
328 489
235 589
944 155
331 230
718 829
724 543
473 414
196 751
268 985
994 514
604 594
581 301
927 776
129 314
951 151
893 249
694 917
673 155
301 260
957 319
9 892
792 218
972 400
841 592
145 601
197 988
420 896
898 883
25 749
942 768
809 323
26 978
341 803
11 508
442 757
412 128
471 692
573 437
24 805
419 117
809 656
751 602
540 72
402 182
139 687
924 698
220 736
612 405
297 410
761 83
454 984
921 310
175 670
602 754
415 352
253 575
794 4
306 247
126 441
583 693
881 978
728 803
608 38
497 635
142 855
124 939
477 742
70 178
482 665
350 740
652 159
493 505
628 350
793 408
133 451
939 147
119 101
256 870
509 196
283 31
277 56
251 278
483 962
894 102
381 217
447 529
21 283
990 434
371 892
710 528
603 151
751 258
105 671
330 497
492 558
831 525
989 579
172 355
68 916
901 22
307 767
306 401
558 228
57 912
6 524
830 162
729 763
540 921
919 166
182 689
755 316
815 728
925 65
955 250
422 945
921 693
306 185
81 174
417 332
562 841
49 55
385 690
885 799
458 604
700 543
409 149
969 715
53 830
620 668
684 182
837 144
418 257
138 717
784 363
793 294
881 624
969 736
503 839
125 911
580 855
631 523
666 271
372 825
632 677
275 450
328 394
457 46
741 204
4 961
239 916
668 189
721 165
523 419
354 401
703 898
503 62
390 893
139 659
901 628
845 739
870 289
635 238
93 469
930 55
593 585
762 365
835 230
254 673
941 677
995 431
832 439
29 456
596 934
361 832
796 651
256 818
794 891
721 604
761 135
783 114
723 634
475 265
936 27
690 690
412 382
14 39
781 838
272 679
964 736
399 476
129 177
81 679
862 614
719 807
598 324
527 464
550 745
49 443
567 742
210 138
169 70
211 136
804 598
553 146
402 241
729 304
474 668
174 493
475 677
396 918
48 312
398 686
48 335
973 294
572 903
708 591
293 320
993 250
293 874
989 177
251 474
854 813
606 131
905 810
159 944
768 1
354 319
150 358
96 184
681 409
834 890
369 712
411 144
437 807
150 674
416 878
291 28
191 159
789 737
617 605
393 520
756 475
737 136
524 372
379 302
313 2
511 977
431 308
717 16
750 439
124 910
114 39
554 257
986 707
247 22
421 796
889 870
883 762
321 952
6 657
296 398
156 134
519 974
865 84
979 970
272 512
557 220
135 75
463 805
886 575
130 559
75 248
975 110
730 264
828 188
226 774
454 370
841 951
815 139
445 511
423 322
657 886
126 759
602 95
755 471
53 260
809 413
55 547
391 820
435 887
640 7
597 587
679 947
266 994
241 362
934 617
16 772
988 629
773 973
19 908
396 910
130 566
977 900
679 684
563 46
874 232
741 838
95 455
328 627
170 500
68 844
404 929
485 48
408 449
566 421
63 431
487 829
630 178
542 478
616 769
239 552
571 403
389 188
275 409
194 642
485 733
940 729
487 224
990 509
174 202
597 671
643 185
701 633
676 459
663 761
624 294
502 3
917 228
498 115
204 392
307 134
226 682
665 554
676 938
715 520
771 77
271 867
925 773
216 158
854 844
4 178
350 999
511 560
500 305
699 827
921 481
312 118
909 998
10 198
872 4
893 663
862 307
547 704
325 975
279 810
965 55
600 776
289 405
537 109
25 271
926 71
549 383
354 702
85 188
611 975
690 167
788 111
185 604
524 82
512 552
262 963
125 342
793 67
673 772
269 888
987 549
33 717
710 327
377 285
325 355
935 280
679 676
947 100
24 547
844 889
656 830
239 319
709 412
590 816
332 355
99 103
728 202
639 784
307 440
713 763
847 652
363 98
565 629
384 40
115 639
509 751
668 588
94 385
24 728
326 321
6 847
525 806
552 339
454 911
384 146
552 561
521 235
220 783
716 667
642 403
497 781
941 172
803 417
845 574
764 374
203 186
920 249
138 981
455 902
77 728
926 287
466 867
544 168
190 697
301 397
228 743
442 651
450 383
440 952
636 421
59 338
189 166
525 864
558 631
687 790
504 549
516 632
455 194
703 411
721 574
666 52
275 195
93 939
920 419
202 49
900 708
271 44
297 458
97 402
478 521
793 25
214 671
867 613
811 12
813 171
48 596
103 716
417 254
93 766
420 321
562 769
781 432
717 904
260 537
883 684
671 505
628 48
48 868
544 594
983 652
941 787
647 778
438 717
843 31
905 179
63 714
375 878
78 175
604 814
175 663
808 725
904 465
497 218
607 32
168 287
387 50
977 843
300 25
560 851
75 300
993 155
949 350
822 166
97 756
331 954
364 219
647 405
960 269
421 257
760 903
917 298
556 249
723 939
175 51
754 347
44 777
591 564
348 924
198 717
445 431
722 697
533 963
951 856
493 908
481 581
17 819
982 241
166 78
787 370
164 963
590 560
913 856
725 403
413 980
210 602
452 776
527 609
403 609
371 996
195 542
270 828
943 177
270 420
527 838
492 882
545 378
287 673
952 725
676 144
390 192
229 196
573 21
121 424
232 218
295 538
888 257
873 622
629 884
278 145
498 349
75 896
411 405
441 82
397 863
953 274
918 207
345 905
57 788
380 184
352 985
921 342
335 830
64 37
930 699
386 759
617 393
645 326
179 20
329 432
579 253
29 14
678 154
620 14
832 597
648 970
174 315
658 920
568 220
932 88
877 919
922 228
960 738
96 884
698 958
705 284
383 2
884 498
262 771
47 507
148 712
298 502
71 176
17 564
692 35
255 78
147 796
557 569
387 352
774 338
909 421
411 231
276 646
594 65
443 195
176 274
960 645
560 949
397 118
776 871
202 406
319 246
890 225
63 798
332 10
662 574
506 71
464 373
107 959
910 496
12 259
238 312
314 824
705 614
363 6
616 564
990 655
465 718
226 367
786 385
637 110
252 541
937 988
917 30
982 634
732 295
355 234
287 137
882 265
313 596
613 551
684 189
583 638
911 620
577 448
465 323
479 936
602 765
1 257
982 108
311 774
41 336
463 308
491 209
893 985
994 762
406 562
446 369
937 930
419 376
423 120
955 425
872 770
406 361
266 940
380 742
642 930
848 125
831 539
542 302
359 530
918 353
749 722
763 289
820 682
233 933
953 303
186 687
642 387
415 534
806 915
612 139
821 24
879 252
66 183
488 219
486 655
442 346
755 425
473 501
487 41
592 118
355 227
703 956
782 975
725 358
237 360
724 334
344 76
526 845
380 223
403 189
41 684
443 12
808 603
390 264
99 919
195 820
994 663
20 929
998 119
320 271
927 229
567 158
634 4
882 901
774 632
901 256
842 726
858 293
562 348
312 298
990 879
894 994
186 966
899 247
984 707
143 801
158 859
541 742
622 398
315 796
935 502
643 86
890 503
432 583
987 273
861 632
755 575
25 171
252 881
106 567
615 222
450 755
998 142
689 149
391 200
103 524
946 18
662 481
257 444
360 207
895 655
548 614
545 394
965 681
896 76
534 593
852 692
465 103
259 853
159 994
112 314
805 806
230 391
948 21
308 531
346 571
619 557
475 240
2 435
606 555
893 108
262 146
729 654
936 892
348 355
651 525
435 333
59 302
810 477
447 278
642 56
311 38
900 773
962 685
960 273
815 197
456 324
768 582
791 822
676 572
251 464
625 734
385 546
941 748
932 802
19 693
109 33
101 180
296 887
329 398
471 545
778 175
780 469
921 996
232 610
542 952
854 214
378 862
389 218
754 407
755 822
386 191
626 785
289 61
592 135
510 534
245 919
232 596
803 421
415 484
741 319
214 117
675 152
232 282
883 23
259 782
948 186
858 484
266 332
970 139
94 598
931 657
864 706
521 596
258 615
680 165
467 354
634 930
201 380
51 584
627 355
411 49
909 161
511 404
596 491
64 574
518 155
135 9
619 772
35 788
963 610
816 401
817 90
801 270
126 528
19 342
100 735
365 615
576 767
969 843
78 803
967 619
852 295
582 739
76 295
715 500
383 803
839 922
674 251
230 863
149 794
780 830
173 652
532 993
581 450
70 449
376 645
218 28
135 526
870 58
990 68
502 342
912 577
894 133
852 937
898 860
399 112
621 262
591 623
385 127
86 94
116 163
645 353
216 125
146 651
838 362
73 155
41 336
863 375
292 936
931 478
270 381
2 342
590 380
128 924
214 875
675 293
792 455
419 694
733 744
425 414
475 428
649 547
407 869
217 321
198 549
549 436
543 9
148 345
671 702
803 328
118 811
88 76
817 538
414 268
52 545
617 526
423 581
389 774
832 260
245 541
162 568
10 817
22 219
650 931
887 204
308 535
240 957
810 254
684 284
345 785
360 123
662 595
15 498
478 180
234 272
483 248
469 133
9 538
942 814
128 373
732 576
994 740
380 14
199 235
75 790
364 952
992 934
30 636
58 41
772 380
888 478
796 733
262 100
419 130
964 209
608 681
756 968
860 556
863 304
565 12
709 561
247 300
113 506
529 392
792 279
884 182
777 362
970 413
909 70
775 121
127 972
678 33
433 267
827 288
436 471
602 999
687 252
618 770
461 835
384 419
296 390
59 729
765 401
624 210
198 596
532 496
375 734
917 29
904 511
784 169
678 596
378 901
393 255
236 245
820 441
404 75
175 866
643 970
252 247
718 751
242 482
387 730
844 776
576 937
613 5
884 188
81 118
233 754
125 349
133 487
95 430
746 762
396 349
854 317
665 956
104 745
838 426
499 594
646 785
708 722
881 921
466 616
352 601
827 799
202 651
96 193
272 460
136 158
17 843
435 502
358 351
736 995
146 444
778 347
788 210
660 882
793 702
146 503
547 319
201 571
603 496
121 246
736 812
375 556
562 946
596 303
859 966
737 140
38 333
103 285
66 779
287 388
979 645
6 761
476 735
691 543
977 265
812 762
765 76
551 286
377 974
436 444
889 467
302 285
730 881
239 310
251 549
555 309
701 517
823 651
776 928
287 897
254 720
404 675
638 349
550 867
911 797
522 840
237 88
631 204
371 390
295 925
851 994
968 975
273 108
458 49
847 60
284 35
442 387
951 123
550 787
965 903
601 551
926 484
290 315
809 854
325 334
771 998
273 937
196 304
357 991
228 31
77 83
816 810
359 822
190 496
429 475
650 685
755 642
985 497
866 554
227 132
829 887
261 127
852 326
523 335
785 674
111 762
987 807
252 91
76 903
331 117
650 909
456 116
580 794
880 837
720 48
84 209
37 475
719 276
800 192
571 979
810 658
978 807
444 476
517 624
97 271
943 533
558 693
461 158
180 760
702 363
269 271
321 777
11 712
346 921
593 844
745 478
359 533
441 253
527 438
969 407
940 411
475 520
69 523
437 921
726 796
444 65
958 823
575 790
892 156
836 618
487 415
224 370
206 881
143 754
485 824
107 162
85 910
887 516
101 401
102 407
648 732
85 878
206 624
762 492
784 98
537 909
997 868
694 951
488 259
635 893
895 578
605 222
404 868
84 357
878 400
793 541
47 681
759 612
768 450
784 532
77 671
82 508
115 230
384 822
99 355
300 452
846 453
890 836
917 946
163 979
106 418
963 147
202 444
28 741
717 625
787 158
939 234
420 165
234 842
500 785
708 343
688 820
886 332
63 194
923 106
639 717
236 424
612 992
406 259
902 809
662 497
177 906
138 113
868 596
211 808
590 962
402 468
316 273
370 161
352 185
266 891
238 713
950 884
636 494
478 755
93 360
24 896
408 32
697 374
471 790
195 85
961 869
459 672
966 717
635 878
125 845
526 418
278 323
466 826
18 376
252 349
236 821
849 655
18 124
647 895
725 510
173 263
375 661
423 53
65 938
67 446
973 864
55 173
507 645
387 260
387 937
753 528
792 629
690 902
291 420
538 788
142 160
602 255
561 81
996 900
720 421
535 133
979 750
99 444
533 872
523 304
958 889
363 652
376 678
923 525
157 44
871 634
690 160
714 479
285 679
661 955
66 857
308 359
254 756
180 906
194 440
684 544
720 679
153 151
130 79
814 196
25 233
631 683
398 348
261 397
797 265
864 567
617 971
965 883
730 524
443 622
30 303
715 729
779 961
551 3
730 371
951 854
946 12
569 68
937 438
397 536
966 745
617 531
118 925
498 956
670 705
497 125
754 419
697 129
868 788
241 94
946 17
4 297
994 227
124 550
627 953
636 330
115 951
25 563
642 50
978 554
894 994
264 349
17 164
821 688
501 469
757 422
509 273
89 188
592 963
941 621
778 99
40 412
436 508
192 170
385 294
689 37
150 452
787 204
438 169
655 653
262 324
262 465
91 838
198 600
831 28
71 443
394 939
132 408
872 273
206 326
420 552
70 754
195 752
419 572
300 343
770 670
237 487
866 176
901 930
331 875
111 366
92 476
857 777
276 324
563 789
230 176
611 112
641 754
801 899
529 834
768 877
707 495
945 455
497 869
550 425
970 424
858 974
347 747
309 355
122 754
376 534
577 42
715 806
44 725
356 297
840 840
797 809
198 985
370 488
407 98
24 264
805 823
239 149
933 976
825 230
535 138
213 505
473 587
220 2
386 386
276 396
82 79
10 257
343 706
288 245
819 446
463 352
691 932
280 318
634 532
548 19
705 831
471 30
59 405
340 917
73 809
260 762
110 515
626 756
161 835
414 781
941 350
214 121
928 656
145 740
669 14
723 479
645 807
438 673
871 963
290 412
828 312
108 224
673 915
149 726
461 450
118 431
813 929
193 683
236 584
599 163
939 842
611 629
926 787
969 495
835 179
591 454
801 641
564 405
870 901
736 256
611 497
246 83
44 568
881 190
136 300
93 561
936 968
556 893
545 608
192 616
322 202
947 830
282 587
579 91
625 412
453 889
417 237
434 713
79 746
554 393
823 170
328 674
320 53
942 684
302 52
463 262
739 350
336 483
763 13
526 344
303 154
457 593
909 324
972 774
757 751
694 954
972 549
540 403
828 897
943 860
452 418
388 684
413 217
578 765
505 226
968 377
792 264
313 860
918 270
878 882
437 289
520 737
149 704
34 249
652 431
136 96
711 15
647 203
478 548
676 603
886 847
272 265
640 281
979 880
110 774
369 431
662 793
3 934
208 358
763 535
174 799
179 123
404 340
945 287
95 929
642 426
733 80
399 926
987 137
176 374
565 372
133 316
751 800
935 932
231 666
427 834
708 755
576 746
185 273
13 639
276 230
60 850
225 439
990 137
740 701
857 109
193 566
612 940
357 847
715 860
676 935
368 675
598 295
31 206
948 78
997 449
302 709
191 310
265 979
153 2
346 84
99 222
213 810
723 662
358 882
552 42
436 826
604 651
976 483
887 619
338 460
109 817
995 932
336 59
780 53
991 126
527 712
336 936
894 711
950 897
604 829
635 848
967 72
446 688
985 679
953 914
952 912
914 127
842 369
687 103
750 101
943 909
546 102
789 97
906 63
398 560
221 650
520 537
258 35
760 506
378 282
225 274
578 956
580 624
515 72
464 703
987 808
411 992
894 469
60 595
321 962
407 659
775 621
251 678
824 464
304 258
227 877
281 878
743 231
645 569
479 98
697 872
531 369
748 863
919 819
312 468
304 452
275 672
754 773
175 17
887 78
488 814
10 477
489 882
808 798
379 861
383 733
195 900
604 30
79 41
464 836
341 675
962 765
798 267
311 342
164 527
159 950
901 245
231 54
414 334
733 888
646 302
618 354
611 926
909 124
841 708
449 344
451 482
427 998
12 173
288 70
188 100
590 242
866 320
462 419
762 107
267 748
829 373
420 800
313 321
798 618
137 649
978 544
473 342
434 155
349 479
38 429
762 270
474 556
303 25
164 219
535 16
682 965
813 480
923 85
97 394
260 342
296 342
653 496
39 284
643 264
327 760
484 494
998 972
506 843
318 753
930 356
754 92
988 727
335 453
381 182
973 492
790 532
116 432
7 155
216 468
165 677
506 988
820 856
553 956
604 33
957 409
710 703
960 778
374 946
960 328
430 799
106 855
669 27
432 363
771 108
377 92
490 301
882 366
214 252
373 865
146 89
590 668
532 36
127 585
318 184
987 284
100 334
787 878
863 980
81 237
931 727
102 564
386 147
164 815
454 618
338 164
151 607
595 515
146 62
491 362
751 553
867 219
661 330
771 938
528 308
378 906
914 23
733 22
556 908
602 569
530 583
596 248
226 410
299 89
545 500
921 567
768 124
871 179
695 349
783 697
718 463
928 348
393 827
918 937
173 612
938 720
922 429
828 500
642 756
823 198
116 122
592 698
563 705
194 548
733 625
48 596
249 415
884 98
455 536
134 359
536 673
840 665
808 897
148 870
480 582
531 95
923 627
272 400
847 154
99 412
880 627
829 769
790 159
307 295
572 162
720 760
901 930
106 877
86 698
769 575
889 63
294 932
886 431
831 367
272 504
678 419
586 285
472 985
269 231
385 748
311 353
650 13
111 481
873 953
301 750
715 748
630 256
999 539
663 431
227 358
247 746
768 148
397 540
438 500
410 768
661 418
190 769
116 729
860 86
805 362
807 731
45 148
448 963
835 286
900 82
642 760
411 152
385 320
470 787
637 342
18 852
253 622
577 932
303 454
342 698
738 486
424 374
80 27
512 429
605 253
42 286
664 8
485 89
199 957
707 213
888 139
566 599
980 218
160 347
467 855
872 321
744 548
117 718
867 402
414 168
754 827
575 883
41 369
436 433
453 533
843 112
684 692
599 232
584 493
179 60
370 947
503 925
16 479
893 31
839 149
434 752
464 421
15 531
925 58
274 516
612 889
324 171
209 973
297 963
482 354
283 321
649 582
206 718
949 284
42 190
71 959
723 324
199 889
698 637
651 14
436 724
876 129
538 395
246 33
920 286
908 408
219 324
796 131
486 226
319 864
258 172
254 902
69 817
594 279
600 977
271 541
332 704
819 510
178 298
197 799
945 395
859 790
448 101
467 870
779 857
534 80
37 467
72 25
85 459
270 246
843 751
293 911
167 887
982 550
819 236
268 324
129 410
8 745
259 959
900 483
702 580
76 231
241 531
887 282
23 480
42 575
980 534
301 416
712 816
323 258
622 673
968 265
927 739
678 176
371 901
704 209
102 663
753 301
251 650
405 35
520 985
85 45
471 131
981 428
260 759
68 256
178 45
444 660
835 5
149 330
691 56
260 575
425 338
617 29
550 666
271 686
279 517
964 664
633 112
489 750
550 622
102 834
895 860
222 532
520 214
116 340
718 453
111 71
903 534
175 547
540 16
174 826
726 123
763 432
850 800
181 542
770 855
307 371
366 146
488 526
801 656
782 673
558 239
3 970
424 41
444 972
726 105
995 332
892 148
742 175
960 780
366 292
21 288
363 720
817 354
926 384
918 391
164 443
946 965
969 89
593 525
715 644
122 201
847 474
941 533
308 974
759 83
186 892
796 889
937 342
466 123
31 302
825 570
135 598
721 847
307 387
148 263
468 180
143 965
140 384
136 201
171 802
639 485
599 428
584 373
363 444
386 52
690 715
862 449
694 4
540 780
59 509
248 855
922 793
814 839
450 857
969 941
468 723
850 104
700 353
405 848
166 357
469 608
485 839
739 340
58 200
19 960
107 22
889 734
110 783
404 319
733 146
403 333
363 765
874 995
744 581
813 417
147 753
655 54
877 729
218 955
733 1
634 631
303 441
869 376
968 416
708 997
42 857
433 994
806 187
275 825
107 716
614 227
975 569
900 656
951 399
711 771
514 973
437 630
774 10
663 495
423 980
604 925
159 332
320 400
190 813
971 529
485 684
267 341
64 992
881 425
176 277
382 506
404 75
524 294
814 430
410 523
573 5
74 8
152 421
65 425
75 697
762 466
200 693
169 147
695 949
531 151
182 907
298 766
560 94
951 881
669 824
567 494
921 218
652 529
659 99
571 218
203 588
82 824
876 762
476 948
716 398
441 420
559 288
997 208
433 173
255 26
988 195
383 741
470 182
350 913
370 930
360 200
744 197
132 648
258 653
350 175
870 961
630 139
972 885
330 709
729 78
749 260
776 116
77 423
240 802
965 774
439 311
984 655
273 123
181 251
841 362
1 339
826 696
23 492
925 130
684 652
152 870
840 821
85 485
59 254
528 809
176 295
653 283
706 971
155 782
358 517
911 954
51 533
515 766
888 808
390 906
181 389
184 201
961 572
297 165
630 203
477 745
456 125
43 631
133 53
871 674
818 743
755 785
642 896
703 969
340 351
263 617
678 815
555 778
219 921
259 356
511 646
974 403
150 781
975 727
266 825
754 452
234 465
327 33
828 957
489 113
189 701
795 292
600 322
573 335
840 912
877 684
522 800
19 729
395 697
993 720
963 131
192 953
949 210
275 88
117 455
326 343
285 786
730 506
438 517
343 335
27 838
487 530
967 817
90 650
434 91
937 894
289 679
222 930
585 889
528 533
845 368
454 678
981 779
514 268
353 417
605 822
229 126
783 739
510 837
768 575
165 986
137 590
752 76
656 628
607 509
595 249
983 80
14 253
541 542
263 392
663 408
502 363
640 28
668 883
468 916
508 555
773 830
465 979
732 881
996 998
704 289
383 738
252 294
132 140
496 750
732 986
240 638
637 992
248 742
828 622
554 145
925 199
758 867
445 708
89 946
624 738
129 994
354 318
510 679
424 652
836 216
257 502
36 27
985 326
651 284
998 910
672 504
537 323
942 230
442 89
64 10
722 313
2 690
411 373
356 258
512 44
198 842
52 389
17 676
410 788
360 749
891 969
242 131
159 763
407 347
18 576
307 677
426 999
252 528
485 433
570 729
437 58
44 185
99 29
197 948
824 121
796 752
260 646
602 942
544 703
496 909
239 753
545 803
703 680
759 691
269 631
115 490
260 614
161 327
951 962
776 360
963 112
986 476
701 47
494 247
845 546
367 725
547 679
208 617
866 768
465 549
650 52
107 929
698 94
53 609
109 882
328 702
170 777
771 625
930 863
630 786
402 201
130 271
991 781
415 995
371 682
721 407
95 492
156 677
876 378
20 149
18 769
887 873
720 428
562 434
915 732
860 833
146 886
338 624
105 802
916 293
55 431
895 503
434 592
816 51
656 794
60 474
338 115
965 868
815 192
974 470
955 961
919 387
870 956
715 661
283 157
717 272
43 141
684 174
702 702
265 508
560 455
991 175
14 853
494 96
499 427
454 134
146 727
376 58
920 930
601 440
581 808
248 596
496 263
874 54
94 40
250 200
684 945
667 974
903 240
106 582
769 47
295 224
38 953
405 554
247 756
67 533
112 317
302 981
665 915
793 889
121 158
534 401
849 866
530 286
840 196
238 415
287 222
351 911
843 276
602 96
752 394
311 717
918 192
369 880
625 301
762 377
815 798
898 591
502 764
777 778
983 401
781 230
866 341
547 776
510 809
65 488
968 15
507 205
739 785
162 429
991 843
667 921
183 826
170 587
858 46
75 757
172 394
127 322
951 913
103 893
483 636
216 508
490 584
999 476
729 901
166 238
772 280
591 428
570 411
487 487
443 171
902 987
904 336
769 663
349 719
178 843
721 45
286 871
40 913
471 160
902 242
659 665
639 942
732 960
182 712
499 106
784 593
199 143
312 111
232 73
834 784
900 436
842 831
427 308
290 176
815 332
964 731
174 861
781 32
769 846
104 698
619 433
818 819
984 484
593 154
464 518
657 917
462 26
602 754
300 876
17 79
93 131
189 162
143 781
612 900
166 107
456 304
173 328
285 898
899 819
518 861
363 222
402 998
546 965
274 918
122 718
804 614
582 563
345 459
906 274
631 60
338 747
5 125
95 560
652 66
11 136
984 688
179 727
658 38
500 681
957 571
467 900
179 839
524 93
253 68
220 265
811 499
170 808
704 774
152 259
394 270
899 243
639 15
833 608
837 15
776 427
157 175
332 965
837 784
584 375
502 561
355 22
407 664
327 481
667 1
457 956
636 191
739 589
965 785
41 521
271 327
549 868
949 374
869 145
142 381
934 560
755 361
308 465
406 509
517 738
538 493
819 321
292 176
256 990
55 762
188 657
462 254
463 594
882 584
922 608
659 405
329 63
794 409
769 991
445 7
354 605
900 549
978 345
966 565
188 7
119 200
930 478
464 58
229 469
823 658
212 466
905 229
123 798
93 284
457 892
293 204
767 898
194 100
880 522
309 454
824 274
595 847
436 590
599 535
674 879
690 310
759 218
85 713
642 536
555 249
413 313
605 730
103 19
93 160
56 352
536 393
558 119
200 632
564 330
302 254
610 513
509 883
353 228
338 141
417 545
848 81
249 513
734 379
135 352
929 644
915 719
424 188
104 893
517 60
333 442
393 286
134 987
276 460
350 456
417 961
24 922
490 2
787 713
247 255
402 414
614 503
498 956
867 529
284 418
814 494
379 941
520 335
379 265
261 824
202 994
770 559
617 483
571 949
167 3
597 118
469 271
263 991
86 274
775 443
520 606
124 699
763 576
438 387
630 467
402 334
118 733
361 292
639 102
97 213
575 322
741 463
678 976
325 859
166 76
464 365
896 631
518 881
713 62
732 513
14 70
3 683
298 153
112 591
889 365
29 895
907 670
185 95
477 574
411 798
611 598
495 472
815 624
838 15
662 86
281 306
31 298
618 233
655 149
185 963
353 395
760 592
746 379
195 109
36 217
374 497
585 933
934 730
549 179
855 801
336 93
636 995
379 444
142 753
133 211
790 426
447 889
580 148
11 691
863 112
751 852
934 800
396 379
202 454
245 809
904 879
564 557
607 690
340 380
571 939
462 538
359 736
977 638
422 85
349 661
131 428
638 966
652 455
580 824
652 774
645 972
572 743
322 124
522 203
912 534
265 955
829 636
667 449
795 275
980 146
580 94
960 76
845 201
30 515
690 552
904 641
725 959
535 602
401 716
953 156
606 412
635 388
541 506
582 12
514 64
518 633
320 577
965 873
393 568
138 874
605 82
740 846
40 885
447 635
209 354
326 406
358 636
368 623
30 618
656 708
249 969
732 156
838 517
458 309
678 220
277 603
969 932
101 281
170 313
987 402
457 150
176 546
405 578
593 272
558 488
744 671
391 599
366 500
954 911
553 543
898 129
647 732
485 274
8 86
341 191
387 522
569 698
735 427
763 959
724 497
281 160
299 523
87 577
452 853
174 841
385 191
970 50
17 892
116 224
842 823
705 857
861 82
989 684
902 229
943 651
434 784
357 586
130 562
656 407
989 451
976 342
244 976
751 650
286 252
550 578
640 222
904 873
387 767
226 16
103 443
577 28
940 429
650 303
277 477
299 579
133 747
408 205
333 76
749 272
288 254
748 887
409 260
592 733
288 652
980 124
303 398
739 359
266 216
49 369
581 601
810 616
770 438
785 124
945 925
825 221
386 429
368 415
671 740
959 194
680 995
524 33
400 587
442 368
502 428
984 245
400 103
716 319
331 647
765 154
230 507
822 361
666 681
71 849
528 17
806 932
193 703
485 512
309 581
469 242
132 100
314 309
550 380
723 277
137 792
220 183
78 849
283 998
210 724
889 910
269 58
385 695
10 569
643 732
79 252
444 21
171 358
621 661
476 347
464 459
423 565
454 862
731 24
63 952
710 776
593 776
998 78
809 895
768 448
329 88
282 783
650 456
475 300
161 635
686 918
482 137
76 469
319 894
899 672
441 157
882 206
961 547
252 409
789 710
124 391
211 75
487 77
45 225
604 37
960 933
279 819
718 950
149 781
693 338
282 42
454 519
788 885
535 828
685 640
499 766
237 216
636 876
256 2
117 891
971 88
827 135
713 632
691 359
888 240
722 695
485 851
997 78
673 60
184 980
504 64
710 815
22 397
916 253
181 721
652 597
472 833
640 96
638 718
281 52
265 814
447 155
435 548
21 668
130 733
978 748
857 277
498 275
893 364
274 535
901 988
653 587
567 782
599 313
109 900
230 349
395 733
768 298
606 786
69 291
423 614
102 663
665 499
327 789
982 659
851 494
658 100
563 68
901 944
240 105
41 107
558 269
524 102
596 670
572 724
580 496
170 480
904 930
997 484
80 463
237 759
269 693
871 811
735 427
726 564
664 810
65 105
194 531
816 536
236 571
654 437
251 989
539 862
554 23
13 812
791 192
880 647
297 975
818 505
46 993
235 51
648 548
617 851
99 680
115 501
392 687
67 880
886 540
974 190
697 324
677 644
578 547
699 788
602 739
683 183
600 616
814 936
650 227
656 763
858 774
181 529
605 207
412 284
942 651
660 704
999 504
461 888
108 865
166 315
802 459
860 766
829 889
292 817
321 410
480 415
329 975
330 920
100 761
550 163
479 52
497 76
579 497
384 516
255 532
955 118
406 642
723 351
734 96
488 704
832 755
408 707
327 704
676 947
141 421
515 837
42 574
293 302
168 842
546 111
748 582
898 271
703 313
447 157
166 536
547 670
218 565
921 450
837 332
967 873
166 775
393 520
336 347
509 608
565 936
832 32
508 646
605 647
86 294
311 520
151 233
462 323
596 672
227 404
685 897
783 64
469 177
37 397
5 978
