4500 5000
805 453
667 461
43 896
139 659
979 298
922 720
618 297
675 955
574 338
461 737
407 814
762 367
941 647
18 59
64 668
179 596
454 342
330 713
391 373
898 457
475 511
446 485
834 895
793 146
419 308
827 84
815 237
373 260
220 596
292 927
587 450
707 177
820 297
785 440
670 917
126 489
177 649
358 41
711 956
401 207
28 964
524 981
644 392
362 824
379 863
405 130
611 466
352 935
554 624
931 120
457 59
147 944
891 604
390 571
37 975
676 328
673 412
429 461
176 825
292 683
656 235
804 195
40 966
201 886
207 947
383 645
947 776
308 310
876 165
193 37
537 807
349 429
207 17
122 929
825 862
888 30
14 389
136 814
675 399
914 882
973 910
871 939
583 97
59 669
724 617
212 287
530 59
645 968
123 937
701 302
208 842
889 306
385 24
150 563
154 520
406 81
611 963
523 757
760 94
452 166
813 111
648 305
68 277
649 593
653 618
928 571
429 168
786 138
104 160
872 283
161 346
671 477
705 55
299 736
677 606
956 92
334 382
901 254
674 455
701 410
426 887
825 783
520 921
2 783
86 398
398 949
422 941
501 443
573 876
19 872
865 733
567 996
916 429
263 150
336 908
574 359
144 708
296 502
605 725
938 68
734 134
180 853
396 800
554 554
161 457
160 343
413 747
118 455
264 610
671 497
823 666
301 318
455 807
574 144
678 661
485 423
526 451
706 131
302 121
850 943
149 815
209 765
227 633
130 141
747 834
519 693
282 190
550 229
440 272
442 756
536 858
527 637
883 397
728 898
731 198
868 747
880 942
251 787
395 655
444 174
635 442
206 271
562 731
473 733
940 172
150 716
175 458
221 85
712 695
340 828
273 783
665 626
750 849
58 995
617 99
678 420
26 482
204 850
322 669
774 273
917 877
193 440
441 819
291 491
539 437
368 49
293 906
377 743
334 689
365 213
185 473
97 73
223 555
929 402
323 821
228 16
430 424
890 621
437 71
846 153
724 738
403 487
259 585
322 668
890 622
127 359
675 303
78 462
857 777
765 317
354 988
434 740
865 445
941 657
693 78
574 519
683 507
835 724
166 632
395 75
941 863
639 858
944 773
849 603
119 708
990 491
822 802
424 609
895 498
475 745
22 855
724 282
792 406
109 95
981 984
301 592
8 41
141 468
819 385
909 659
268 710
644 143
966 182
666 360
790 748
339 922
449 361
47 323
803 667
107 977
520 769
779 836
995 484
754 191
979 470
900 367
597 81
824 916
510 328
295 692
266 270
648 914
188 391
809 33
906 593
558 846
700 680
175 734
990 420
710 757
685 925
877 224
900 112
879 298
569 823
750 398
731 802
732 836
18 846
766 960
179 956
468 774
555 507
41 349
57 650
553 990
340 226
262 440
496 460
508 946
820 915
745 15
300 218
873 296
239 666
230 424
274 889
383 712
685 149
422 11
91 202
999 49
917 551
319 461
692 647
491 590
625 312
654 347
659 890
438 439
618 143
17 421
612 267
849 60
891 734
830 161
429 342
346 832
158 423
738 906
87 673
819 403
102 704
912 824
972 861
511 133
183 907
322 565
961 339
529 713
854 518
178 874
713 81
501 680
568 163
986 668
354 675
569 41
56 477
169 397
26 21
989 839
151 40
66 652
845 566
501 129
574 581
952 755
353 995
135 570
343 376
483 637
165 195
130 797
956 133
449 676
274 987
844 708
817 818
39 618
930 187
739 839
373 484
643 623
711 489
790 933
886 390
920 866
835 8
149 132
403 290
743 740
945 846
495 637
163 444
770 475
706 588
321 843
366 594
101 768
58 110
632 548
414 853
220 794
369 113
126 392
917 77
967 823
158 919
269 944
869 860
544 758
516 309
68 465
875 498
804 181
163 209
692 178
430 968
688 245
471 456
205 669
784 463
259 124
805 742
685 933
99 692
371 400
11 273
494 360
542 495
770 724
892 28
258 169
346 795
143 894
451 662
271 615
106 77
196 80
487 651
440 508
466 740
813 527
413 83
902 80
532 821
682 249
720 91
150 530
356 235
385 814
726 198
407 425
372 59
840 285
99 568
706 214
111 521
68 431
126 560
194 272
591 681
6 840
63 8
464 150
435 282
972 329
303 609
343 232
163 723
861 129
843 261
97 235
178 526
770 417
411 870
86 807
740 657
834 498
8 953
690 203
134 433
772 210
846 368
304 886
990 207
509 568
982 686
901 650
528 227
947 651
281 334
690 126
183 217
753 793
819 110
388 426
959 516
174 54
866 519
819 626
715 990
589 91
190 960
41 371
579 644
828 385
741 448
834 128
643 378
601 816
552 504
591 511
884 535
345 278
672 699
21 218
888 603
272 633
289 312
456 580
629 733
83 776
836 879
999 341
69 261
34 346
695 690
958 929
590 933
119 861
719 948
200 61
818 97
334 764
712 675
900 671
527 933
841 526
682 900
774 8
398 692
21 111
228 123
849 89
174 776
95 993
10 843
252 15
595 330
442 187
530 628
286 871
519 77
705 742
733 549
462 380
845 2
306 140
603 118
543 494
623 820
923 40
401 680
142 766
311 826
597 358
213 893
573 215
834 881
838 442
835 678
756 211
284 640
627 498
460 864
334 430
896 938
955 227
720 497
787 492
444 939
885 508
282 639
47 357
276 371
789 343
745 976
885 981
869 769
442 607
146 312
745 705
941 12
382 426
490 853
690 195
306 836
987 700
344 191
508 48
662 611
956 294
419 944
285 18
834 49
335 138
392 914
901 149
955 798
874 653
100 283
897 577
199 613
464 720
319 128
472 737
322 750
555 882
549 236
439 922
800 389
548 79
911 172
696 805
969 572
765 453
203 359
605 368
942 449
983 229
878 951
494 91
944 43
96 37
578 362
256 740
719 788
63 751
315 261
676 72
902 825
105 725
799 108
87 421
742 754
101 296
21 860
591 520
340 122
386 88
212 351
985 129
892 852
843 294
966 479
520 881
365 707
196 904
559 278
18 490
104 353
533 286
208 715
610 975
650 425
713 340
224 117
664 111
722 699
519 672
934 660
521 12
36 950
18 693
15 699
159 618
40 982
141 51
741 706
208 502
820 529
594 867
593 233
728 180
307 652
454 52
660 241
671 364
168 473
619 556
30 294
633 775
317 569
870 803
42 458
754 223
130 454
53 999
640 605
434 740
985 929
639 432
342 947
810 100
737 990
626 760
475 748
145 237
19 703
301 757
890 110
802 513
620 605
305 192
80 417
113 185
36 415
807 290
724 968
555 242
718 361
820 140
531 262
608 621
369 801
830 140
589 537
524 135
76 72
789 475
215 654
560 376
83 98
255 35
830 893
534 997
346 987
12 742
813 578
11 726
862 26
418 351
248 55
667 149
761 392
758 608
265 854
841 479
478 897
947 608
131 469
182 580
96 442
413 788
401 697
742 924
199 130
158 260
631 996
413 79
385 929
907 393
760 610
1 866
676 280
461 974
867 217
165 886
762 664
570 965
4 225
651 493
646 341
763 965
458 214
886 463
991 919
338 560
578 440
904 717
177 545
566 810
486 510
981 77
764 299
834 30
78 336
703 229
903 890
103 40
424 969
771 685
815 782
492 327
590 268
129 628
893 736
626 511
998 233
827 182
961 733
590 648
610 490
61 983
84 962
767 857
739 123
412 404
143 249
108 694
593 356
23 807
229 121
53 303
194 326
367 539
397 230
664 972
67 611
588 290
709 837
914 285
192 807
941 120
109 358
322 941
175 711
522 609
296 604
593 84
191 508
141 336
551 898
611 423
78 220
418 54
886 311
361 309
602 247
864 557
12 359
945 967
153 661
263 232
278 874
272 423
114 898
536 796
457 917
450 418
216 105
479 64
777 436
970 806
91 153
193 622
194 877
161 102
938 894
520 497
909 211
551 655
50 69
987 787
116 858
408 817
397 3
7 755
588 74
488 334
299 932
344 46
16 398
673 752
19 648
763 328
232 22
706 73
981 232
439 555
50 358
902 276
744 239
195 797
760 143
219 458
955 35
949 876
389 972
629 408
87 706
455 944
194 707
346 894
800 414
571 591
582 649
526 368
79 510
605 375
254 261
623 570
163 66
977 606
946 242
913 551
850 135
227 241
439 302
885 184
275 495
527 790
104 504
319 174
613 892
856 154
589 56
583 515
562 311
296 889
283 673
642 239
107 633
870 652
589 947
274 214
715 593
841 844
9 159
193 198
608 555
158 833
558 604
568 62
985 88
54 577
800 439
517 621
354 420
78 394
420 343
4 960
71 469
263 303
753 622
249 510
837 320
674 623
534 678
342 89
640 45
481 285
726 106
675 987
870 366
434 713
337 110
522 399
160 264
262 623
258 812
13 469
644 734
979 189
954 689
997 105
991 835
428 177
443 605
929 182
707 624
903 848
828 392
295 21
991 193
771 662
883 849
451 492
114 772
533 301
487 269
19 244
628 898
125 267
488 844
609 374
597 677
669 572
579 272
588 76
215 929
775 568
693 257
337 681
778 775
146 299
786 643
326 455
939 385
547 716
614 805
698 16
573 584
498 187
644 854
167 444
604 307
682 963
339 408
289 509
874 109
649 224
413 88
930 967
964 240
71 742
226 271
902 939
494 879
419 127
776 532
358 810
846 463
846 186
581 719
896 304
276 527
293 23
113 880
682 33
928 959
636 221
127 224
972 282
455 610
131 772
511 54
67 169
487 523
987 241
554 238
374 805
629 249
312 477
760 962
731 19
426 442
175 806
61 837
726 188
704 397
484 165
563 768
677 406
41 811
192 351
640 684
794 95
19 996
701 878
163 390
547 239
395 645
539 109
682 765
580 956
504 998
293 161
664 523
485 951
234 91
435 628
992 423
743 901
321 24
880 493
451 882
94 564
272 560
608 214
22 903
772 71
560 116
928 617
824 497
174 507
660 819
544 245
610 905
3 133
982 343
655 231
437 604
152 822
78 466
421 526
172 238
127 466
878 975
844 57
433 420
220 83
827 962
349 644
648 517
196 574
489 542
668 810
738 63
169 119
600 930
317 525
914 815
377 811
55 506
514 817
864 429
18 641
805 243
447 178
626 509
639 457
388 749
244 567
899 415
860 209
553 68
616 364
460 74
912 155
638 273
439 442
730 417
325 778
203 393
962 596
371 185
308 153
906 895
360 130
426 158
127 432
821 609
38 356
17 605
841 593
838 467
551 946
456 127
108 727
611 426
917 922
508 911
842 437
216 328
120 197
654 862
272 419
727 765
825 276
609 94
79 29
398 302
711 267
50 430
148 464
736 544
595 62
629 576
172 437
586 807
75 491
880 772
895 871
413 78
169 921
667 316
982 794
259 366
311 287
772 917
108 702
624 747
207 314
591 942
479 726
67 123
772 575
771 794
811 191
180 376
704 544
166 196
345 75
959 567
811 410
59 293
358 930
362 624
315 249
347 572
379 856
154 110
979 811
762 283
511 375
335 649
559 56
512 97
860 307
412 842
110 81
282 713
33 421
460 346
505 947
201 10
720 333
956 923
544 954
261 203
448 683
854 544
42 363
822 664
204 808
655 658
926 457
793 689
195 533
464 458
241 434
697 810
426 180
656 168
723 818
998 73
85 175
161 614
846 951
805 999
765 950
229 331
751 939
209 479
347 93
88 149
747 128
577 979
916 356
30 580
445 763
374 845
714 393
81 562
589 184
683 482
172 443
714 385
894 200
87 27
764 430
55 382
376 927
985 277
437 192
911 106
858 85
564 297
40 83
752 155
255 443
611 138
771 161
395 640
38 685
187 727
31 128
546 729
560 49
748 733
768 306
890 757
155 338
718 596
13 888
36 654
482 600
557 409
581 314
927 699
74 291
409 454
553 435
182 439
690 196
992 931
278 925
753 250
682 920
12 872
932 510
445 762
814 139
230 960
791 571
807 196
504 348
922 45
278 818
833 168
906 549
66 489
109 318
443 956
372 895
370 152
259 615
975 269
117 655
373 736
673 289
668 223
36 265
551 136
632 666
351 473
905 240
192 110
652 126
391 670
101 998
647 937
263 191
639 822
408 271
213 50
592 89
493 745
617 395
835 276
101 834
26 166
26 906
314 761
300 937
353 590
158 785
546 558
613 668
126 876
581 184
847 647
750 720
250 430
41 572
872 68
231 973
740 589
414 485
521 964
401 823
198 112
596 408
184 356
4 48
532 211
493 339
842 78
297 87
581 740
225 440
20 566
262 735
89 945
686 61
986 877
59 206
804 399
96 314
527 14
751 330
152 613
410 21
23 745
467 932
565 295
512 766
16 906
62 743
663 655
393 448
832 674
6 932
414 967
708 969
97 783
126 716
409 425
686 571
313 584
734 883
736 881
739 775
653 599
181 95
353 460
682 423
83 399
944 639
897 418
928 338
878 902
133 89
431 600
501 846
810 815
524 434
422 115
771 853
305 202
150 29
211 966
629 378
69 538
648 397
429 737
443 344
387 48
453 643
581 241
750 854
352 96
868 640
891 901
633 860
599 610
842 844
870 688
682 645
819 580
425 662
523 118
504 738
851 391
870 345
60 809
80 648
941 22
599 920
903 228
532 849
572 695
495 258
966 910
99 515
945 5
934 917
951 256
775 804
437 34
195 828
262 646
619 683
499 216
886 695
358 262
923 196
930 794
841 496
510 443
910 399
549 579
88 347
793 557
787 756
743 548
862 326
606 521
740 257
378 56
768 881
568 208
221 568
848 362
542 90
474 900
277 354
624 480
114 741
647 460
295 119
205 277
840 36
795 760
698 74
112 737
603 418
415 169
478 51
717 869
204 525
672 683
174 630
178 344
484 957
876 907
934 275
550 396
43 886
870 644
954 245
860 202
721 615
899 995
648 101
410 692
343 1
17 703
25 152
350 99
632 828
512 857
477 515
512 926
403 182
770 682
724 76
172 518
790 309
543 474
631 745
421 912
788 309
918 307
804 741
368 170
335 460
617 281
490 994
497 869
284 133
640 881
495 695
410 970
952 431
826 888
436 891
87 95
283 624
647 126
763 330
6 467
435 736
545 628
310 408
161 792
510 3
79 161
706 143
615 377
84 492
291 461
41 189
182 205
453 195
439 77
491 471
1 149
684 987
80 228
780 706
799 878
750 767
609 353
177 709
305 647
197 200
173 850
771 81
622 212
394 265
80 598
417 470
153 488
468 319
889 844
307 87
820 787
646 717
310 233
888 373
449 762
691 282
765 889
251 125
506 974
940 413
456 339
644 496
371 760
414 968
279 254
11 831
913 626
710 672
458 379
421 896
862 613
723 728
75 495
116 901
250 75
350 317
781 368
825 478
596 855
578 929
90 693
742 742
703 642
407 931
976 644
838 46
930 998
724 323
580 427
366 802
43 860
162 296
924 353
633 414
215 130
651 445
220 734
440 894
525 47
21 557
770 630
888 415
986 684
457 122
904 210
777 250
638 367
944 642
770 71
286 767
663 780
183 262
837 629
676 342
554 657
690 664
208 76
76 111
683 798
655 680
810 386
64 935
72 190
278 192
322 432
468 840
428 625
235 405
502 521
336 526
248 432
786 53
413 507
392 636
758 956
774 931
705 575
269 728
138 619
830 862
584 986
661 451
547 279
899 744
59 176
568 249
809 764
747 594
644 414
250 643
281 875
661 998
935 818
842 296
699 934
352 448
122 231
294 566
295 714
548 327
283 355
50 86
77 810
883 546
521 936
662 874
844 514
34 849
44 425
641 884
342 551
491 997
262 148
2 945
990 512
634 945
73 407
390 502
766 892
565 629
504 453
925 661
468 132
477 30
350 206
29 479
254 892
20 954
417 179
665 774
558 550
74 842
684 225
746 960
762 316
340 925
608 666
1 532
172 448
839 323
871 457
173 442
33 350
587 678
125 52
587 903
16 38
379 656
724 502
820 961
671 521
912 656
543 370
221 772
370 590
958 986
210 716
320 275
858 825
266 104
194 987
739 618
279 892
22 52
6 975
487 945
179 195
608 633
305 980
959 994
611 513
342 930
717 842
50 851
567 281
208 416
617 508
291 42
593 798
453 484
402 470
965 425
583 484
299 834
512 266
190 550
608 788
520 415
483 127
62 158
786 207
405 816
151 925
496 124
789 779
194 753
888 763
406 561
897 181
341 652
451 755
510 647
783 589
129 165
364 766
149 48
353 76
939 865
221 272
498 285
870 581
378 836
20 767
102 150
949 543
566 247
392 326
643 210
188 511
715 622
909 511
368 919
621 873
343 509
548 469
833 763
8 77
865 550
795 369
923 538
260 916
98 73
452 475
653 934
727 318
872 668
141 639
964 861
102 514
149 146
250 962
879 966
842 228
574 594
688 318
301 141
476 501
615 644
519 243
810 605
313 974
314 536
244 556
571 618
241 394
766 449
603 623
758 813
688 364
777 731
506 663
100 391
523 791
154 298
89 611
682 391
641 644
925 329
57 696
66 116
706 483
640 796
721 329
62 497
23 340
621 883
406 157
291 879
12 156
702 742
468 323
357 98
664 292
653 28
935 486
808 895
217 409
135 314
80 594
846 41
690 633
512 270
420 470
950 734
400 519
127 237
878 81
737 52
356 22
679 246
823 366
472 933
4 914
446 769
512 802
83 486
768 235
720 524
970 163
426 252
324 554
296 109
102 72
966 332
905 640
624 660
377 422
112 69
875 491
535 188
812 872
120 147
318 600
73 606
178 179
585 769
580 462
13 923
962 276
520 645
603 83
947 329
205 707
615 837
686 419
515 725
357 304
352 465
383 408
922 617
267 33
920 140
383 589
303 337
314 518
340 526
655 456
759 823
489 214
307 894
323 703
288 392
416 973
632 16
346 992
829 340
969 800
866 955
120 11
780 880
192 55
182 896
364 666
713 725
838 531
668 330
665 679
234 250
372 760
872 870
43 889
911 693
332 518
417 412
762 140
941 504
450 449
264 802
470 548
51 66
230 319
233 515
302 252
537 441
646 303
384 647
684 85
98 192
806 115
941 839
623 810
5 72
960 612
535 654
111 772
495 957
719 963
764 845
234 843
23 893
400 226
543 195
907 656
393 996
861 66
207 164
54 919
223 994
701 452
965 691
939 336
462 628
812 938
445 267
754 303
645 654
272 197
291 48
656 175
2 233
564 386
801 794
51 158
982 389
97 586
541 289
970 993
913 719
678 873
112 36
720 938
920 216
475 310
566 921
278 126
83 142
213 144
257 990
465 127
97 78
455 220
898 834
848 313
868 839
611 808
953 175
348 698
408 417
873 502
508 850
2 867
450 286
212 932
678 183
600 830
102 651
8 458
222 5
238 308
405 856
918 620
740 913
721 461
339 448
64 607
757 403
410 430
723 647
999 26
239 798
310 239
271 399
779 67
516 740
290 472
136 41
226 141
547 436
165 521
559 316
229 663
532 436
842 616
277 57
57 712
747 926
393 503
799 32
356 511
715 11
545 518
968 426
652 599
998 803
86 704
684 669
655 980
493 19
948 621
167 512
594 681
611 922
792 425
950 586
155 881
548 447
179 921
418 94
570 17
698 158
752 929
40 13
726 933
525 464
726 951
328 191
247 549
920 881
528 825
970 674
918 78
780 518
310 470
275 84
853 569
692 468
562 299
481 284
552 233
525 855
775 917
488 378
343 506
601 496
93 897
899 321
432 637
248 440
133 832
848 598
325 975
961 129
992 205
808 403
284 643
936 734
874 231
700 253
198 913
402 725
9 128
476 759
881 83
557 195
193 525
962 871
585 298
297 113
51 4
933 53
351 523
276 798
167 555
680 886
102 826
652 810
71 606
14 847
463 898
943 916
502 49
319 142
424 808
339 387
881 327
565 889
701 882
759 898
90 30
123 920
102 993
81 240
933 70
236 61
818 441
939 343
896 282
969 400
514 812
647 615
512 915
967 943
684 960
654 31
426 396
602 34
37 704
95 312
113 936
276 711
156 193
453 279
606 818
602 192
571 387
704 750
462 248
490 852
436 657
46 827
203 254
177 871
33 830
732 722
926 849
205 411
497 405
324 920
41 870
109 967
92 441
472 595
984 663
46 24
646 650
221 328
442 385
792 833
335 924
143 431
608 492
534 446
925 278
255 123
103 327
118 438
508 484
772 69
601 384
79 762
42 660
669 115
396 627
471 654
659 905
367 444
556 486
925 661
381 654
717 510
665 832
425 10
265 737
67 116
114 568
288 435
972 792
364 392
856 979
520 435
581 206
698 723
749 984
877 16
639 734
14 839
266 605
961 272
503 875
929 611
596 933
57 352
46 330
868 825
523 523
360 451
677 162
640 729
380 447
211 164
315 195
202 362
998 914
684 270
923 534
907 621
644 378
371 845
379 405
595 646
134 12
339 856
731 536
242 834
493 55
638 815
467 105
905 730
415 496
947 862
636 873
807 387
257 86
305 507
894 84
495 611
210 571
409 804
29 835
70 289
769 298
367 279
551 152
831 95
835 211
765 64
15 304
387 732
219 172
449 79
982 143
461 687
139 968
923 266
796 713
612 473
332 37
622 95
944 582
839 294
506 622
773 809
617 171
119 120
580 597
941 574
426 159
209 83
263 96
411 173
744 78
380 59
690 473
751 164
552 754
604 372
258 210
758 468
357 97
218 920
193 356
564 836
246 560
599 187
835 771
774 572
632 219
363 189
253 36
393 619
670 193
237 943
330 790
574 658
143 857
950 173
926 149
184 172
923 13
694 946
249 751
769 731
747 548
566 82
227 824
949 201
536 721
509 136
970 814
987 533
254 563
691 128
666 964
408 865
172 276
274 104
281 898
144 576
626 16
399 191
360 747
756 240
929 403
19 971
494 599
270 902
514 842
689 266
685 414
236 997
390 737
913 5
29 978
970 240
916 696
773 497
565 77
404 402
653 650
77 373
444 947
758 489
52 309
235 93
909 403
814 287
685 96
122 186
750 545
595 413
38 781
496 218
689 501
879 778
294 208
49 173
748 560
289 583
292 971
619 959
664 644
73 633
243 219
346 141
297 182
2 154
472 144
445 434
769 870
549 409
80 995
347 752
237 631
95 40
137 204
987 619
69 992
789 413
979 980
743 39
730 197
695 962
515 837
95 232
672 12
203 183
519 370
81 146
964 46
510 427
252 152
461 150
677 439
61 532
574 815
103 923
954 939
33 138
626 247
122 117
744 859
26 758
422 564
134 296
369 856
612 424
793 223
642 509
183 315
406 372
148 338
485 125
194 888
484 929
263 759
279 504
350 553
901 402
391 832
75 466
110 114
651 376
686 608
420 253
14 584
488 983
245 109
92 712
275 312
333 685
844 124
409 427
159 349
531 603
875 57
437 168
985 430
505 685
839 450
934 617
412 286
672 926
372 939
659 948
180 360
620 194
905 285
127 56
247 548
920 418
275 140
887 619
100 659
804 775
100 648
212 31
523 341
282 375
503 892
913 527
106 567
102 224
83 771
337 954
417 156
384 404
31 894
953 31
552 765
649 852
721 373
502 969
343 860
694 819
152 681
479 334
919 922
754 157
878 771
404 758
641 380
207 988
229 781
179 370
116 69
194 365
196 45
32 558
289 281
312 632
116 335
234 345
72 229
657 701
539 695
396 829
223 900
63 922
227 360
694 539
716 171
284 614
880 351
858 542
40 626
689 35
771 626
93 127
965 301
474 153
842 805
678 982
121 351
295 57
93 241
529 899
754 730
776 69
291 426
375 374
400 917
116 313
272 678
24 10
181 823
561 337
139 106
623 168
788 785
532 87
671 214
795 762
521 17
156 455
963 642
701 97
725 798
27 82
246 370
120 93
701 393
163 125
624 225
416 534
430 848
623 446
338 326
348 913
766 772
117 54
453 68
24 307
563 811
871 954
455 50
780 212
955 850
315 958
192 822
182 318
282 753
945 270
885 125
421 179
663 964
220 549
606 621
655 451
764 660
693 328
382 956
21 953
429 632
206 498
616 654
923 899
970 978
979 113
296 13
722 210
537 11
804 772
156 453
655 515
437 564
298 999
97 403
149 364
213 664
213 586
368 231
310 399
776 241
683 714
628 379
361 143
283 613
719 908
220 114
822 105
449 743
597 320
47 868
705 506
336 785
364 308
532 6
418 856
85 215
416 725
81 744
368 641
164 38
64 343
421 647
619 335
492 497
360 973
182 160
492 59
420 844
447 764
382 599
32 875
244 649
460 891
13 111
944 674
700 629
591 880
627 891
687 210
206 1
697 717
494 999
240 625
760 178
579 665
393 378
699 128
878 834
655 509
293 24
675 996
951 235
740 183
310 240
208 310
314 921
50 164
80 238
498 11
740 207
223 587
199 865
284 944
410 922
572 55
606 411
988 964
86 401
667 210
440 505
130 272
800 836
689 807
529 651
401 253
665 148
245 80
123 901
298 363
598 31
102 326
925 809
108 74
14 625
543 230
994 108
251 865
989 323
301 4
299 234
528 883
14 649
612 529
924 829
466 54
397 492
815 792
557 411
135 278
444 844
219 25
936 483
117 533
650 195
266 598
460 348
187 658
703 372
848 13
753 271
783 729
641 783
643 352
108 669
130 244
912 659
556 686
939 783
761 306
150 124
583 358
660 389
449 920
923 670
473 333
528 194
534 600
526 873
713 453
443 244
141 245
811 223
883 304
598 454
22 601
760 816
710 138
920 627
101 619
58 689
353 282
525 844
657 665
988 699
471 352
570 226
71 137
336 436
962 208
623 371
348 556
346 662
910 484
71 910
426 484
340 324
47 927
178 971
603 395
689 73
948 822
887 122
892 321
362 302
140 581
938 618
23 604
280 149
705 874
104 799
548 121
3 121
885 719
222 65
497 324
192 511
749 181
837 291
869 124
246 747
727 24
435 685
319 859
871 509
45 892
379 453
435 387
831 782
911 964
16 632
659 776
258 314
856 666
428 23
79 996
136 860
8 602
591 646
956 519
22 730
373 992
29 262
875 700
959 436
897 227
296 100
736 624
884 309
521 17
832 809
639 345
510 726
332 479
969 120
138 273
139 649
252 742
590 989
680 163
728 863
840 64
559 692
170 577
105 269
166 250
543 750
238 884
454 440
478 300
271 725
282 792
437 935
719 725
636 344
953 984
240 54
606 227
715 39
970 854
590 862
782 281
341 749
574 572
859 860
752 814
975 421
694 559
614 27
914 614
730 596
372 829
469 285
856 945
701 487
390 502
363 18
886 302
397 184
412 189
759 190
710 147
860 155
244 774
149 619
950 905
485 42
934 526
212 742
918 125
376 638
903 341
449 641
251 557
447 648
561 449
399 52
351 747
887 483
388 820
395 595
443 646
491 301
47 770
990 992
412 387
699 792
775 534
321 332
967 607
304 104
631 303
334 965
765 976
274 481
103 668
90 892
564 728
499 852
718 647
789 934
198 275
53 439
213 122
675 536
359 696
388 117
49 214
407 353
967 522
711 241
306 597
412 613
862 73
475 471
251 924
656 849
887 138
966 596
567 280
303 874
371 60
347 904
665 623
997 623
360 591
979 331
406 646
195 863
940 574
884 620
6 688
14 990
662 596
349 738
630 899
410 729
136 766
286 528
316 520
484 138
441 422
781 271
423 960
443 947
596 330
67 719
320 98
844 606
116 464
829 243
821 366
101 734
759 138
529 838
879 108
205 127
152 313
643 749
229 639
672 242
869 511
896 905
711 284
773 210
623 184
859 962
106 732
262 321
592 928
432 239
453 888
307 424
387 808
434 747
557 145
161 801
790 996
14 273
873 51
307 264
572 895
3 252
561 961
977 251
416 653
221 622
78 939
803 565
980 168
130 966
519 83
807 379
693 847
993 487
312 799
701 362
659 619
423 38
15 558
590 833
141 85
83 403
420 248
391 713
227 281
524 420
679 300
389 807
340 787
592 632
373 245
113 704
140 84
96 48
443 347
954 841
148 284
414 896
9 292
410 154
778 589
348 553
511 930
482 56
487 986
981 552
526 685
758 387
527 514
238 617
992 940
305 625
865 290
170 741
8 944
616 218
373 417
636 873
825 72
807 827
224 424
630 931
800 778
766 255
897 521
580 130
748 81
466 822
671 344
560 888
314 568
827 632
862 946
74 781
924 263
140 575
273 790
632 191
837 884
35 784
705 966
318 797
928 549
242 770
778 435
943 169
279 663
812 815
486 715
668 290
951 725
939 356
801 175
471 163
944 413
681 398
590 680
313 565
273 239
531 223
850 39
909 805
736 428
548 833
184 123
130 337
850 813
439 335
117 290
177 209
562 472
384 808
46 659
243 573
237 41
339 235
452 380
365 144
779 597
848 869
569 804
590 347
298 589
636 465
548 239
506 20
72 590
409 209
914 663
74 802
569 123
596 919
541 223
734 713
94 772
394 5
365 515
523 228
209 975
462 820
444 101
979 810
724 410
923 893
764 791
207 744
853 92
604 156
760 209
419 716
289 277
845 624
840 372
741 706
233 737
587 645
979 910
255 418
594 846
719 403
633 81
859 990
311 825
609 375
733 999
762 110
921 822
784 516
993 83
38 306
845 749
19 941
315 697
322 279
432 830
259 308
613 854
868 958
679 668
776 422
836 174
286 309
371 357
329 479
18 580
450 627
271 495
864 506
724 866
115 172
60 635
712 45
896 473
66 619
604 833
109 381
87 478
396 418
138 620
49 637
802 465
372 653
104 771
156 871
236 886
773 943
902 509
414 858
936 317
677 708
156 27
475 478
824 793
944 78
419 794
30 922
945 897
201 888
439 326
179 319
537 590
507 348
932 307
748 387
123 583
77 309
893 421
602 203
908 663
449 213
869 625
835 183
921 452
776 944
229 755
156 530
579 389
1 531
722 452
966 660
905 801
93 489
180 602
416 57
142 14
94 985
909 718
987 746
15 114
767 162
96 91
271 676
266 910
129 522
276 638
493 612
227 340
759 274
530 800
521 749
652 815
584 294
409 18
464 682
188 35
224 85
744 193
446 131
531 654
281 171
497 650
423 211
745 963
929 74
832 812
225 973
281 810
128 13
134 817
824 712
864 773
829 509
554 120
588 150
205 932
804 424
821 145
527 451
899 80
241 826
196 762
522 741
734 707
848 975
733 288
618 309
312 548
312 463
72 24
642 672
920 71
754 896
865 379
797 219
316 161
269 901
423 52
311 780
910 528
155 488
722 402
474 334
523 312
803 841
403 352
737 273
424 488
967 470
907 751
458 19
409 818
199 395
796 351
86 678
484 782
681 913
447 208
547 954
912 576
398 26
666 395
821 621
698 886
796 947
481 931
370 740
216 860
748 356
788 629
551 235
666 212
755 508
69 324
5 294
976 537
157 461
804 950
208 200
144 256
498 89
110 903
382 260
51 171
440 246
827 763
835 372
532 244
306 733
528 610
443 318
265 648
108 862
303 124
594 246
373 882
338 172
10 985
116 910
237 198
106 604
163 810
556 506
495 613
20 836
564 274
308 983
158 493
214 366
802 385
727 156
64 655
294 613
340 211
602 822
548 99
548 882
224 832
354 357
80 574
482 529
498 292
203 420
165 858
877 159
160 46
357 871
480 587
201 750
394 599
463 135
299 148
373 36
64 236
645 441
570 470
195 336
51 676
852 513
317 888
783 630
341 705
285 855
90 489
472 711
229 724
666 324
554 327
268 378
360 715
975 619
221 621
717 494
350 622
470 469
390 371
386 121
34 924
9 558
456 638
840 2
842 452
934 195
592 704
385 209
242 662
348 126
244 856
252 667
375 654
607 465
829 586
600 407
623 265
628 304
594 958
952 82
198 473
139 326
995 910
588 705
377 777
141 385
644 688
713 798
172 155
417 723
701 192
760 954
516 370
845 259
333 60
581 493
860 96
945 405
620 681
779 681
974 359
507 501
566 226
495 871
54 597
41 316
820 305
643 486
291 290
625 152
753 781
519 978
269 324
968 977
894 299
703 519
707 702
219 276
30 271
281 379
192 479
37 385
69 211
717 587
199 128
589 136
574 101
535 166
58 507
39 695
159 420
227 648
355 152
450 660
863 846
419 967
74 301
27 186
702 255
421 379
288 293
112 912
798 650
753 284
914 846
648 717
440 449
889 266
975 390
785 424
810 684
637 972
618 32
282 478
196 878
508 729
741 411
869 836
802 607
425 578
3 483
27 848
744 669
712 855
579 22
355 862
477 755
715 550
850 681
374 711
536 693
741 843
578 578
184 149
386 706
397 604
603 966
580 716
173 418
807 406
304 754
268 902
359 536
624 490
798 49
568 922
557 602
39 468
494 803
152 180
177 133
370 290
735 265
478 1
534 33
547 336
292 614
978 648
402 444
712 485
455 485
840 106
460 452
565 108
819 735
894 737
991 457
521 491
310 614
431 421
311 819
883 171
237 651
844 135
654 323
37 370
300 22
253 769
844 26
6 169
240 321
54 420
753 939
829 522
810 409
441 984
889 846
4 677
655 407
850 10
698 374
401 557
619 848
973 843
81 369
418 129
464 955
312 830
101 930
219 225
504 992
145 369
415 773
971 389
84 723
928 10
493 904
774 758
936 570
439 887
906 515
824 854
259 966
311 52
145 578
56 522
357 451
442 90
804 564
551 438
831 121
274 130
769 102
32 530
842 755
57 98
57 384
671 359
294 47
24 483
411 644
755 434
809 762
212 125
653 267
162 910
281 196
775 462
603 422
114 380
56 257
757 636
88 278
218 943
481 154
470 851
186 542
96 208
623 797
355 326
711 869
760 948
87 338
596 757
240 454
49 523
452 689
460 572
942 96
952 144
854 364
532 973
72 292
811 873
345 189
897 189
625 622
241 720
964 998
382 663
579 162
989 651
491 354
517 82
913 169
943 795
469 456
999 871
826 380
833 445
753 422
454 577
742 297
18 256
374 446
442 605
778 548
83 683
262 276
952 209
485 354
237 565
79 560
835 884
332 890
188 381
180 948
239 241
879 985
744 663
403 653
271 914
922 425
852 931
973 386
728 116
799 291
678 882
657 47
452 614
989 194
762 76
148 718
816 429
50 982
25 135
556 455
627 896
411 834
79 226
934 110
358 565
317 837
657 424
6 929
439 10
844 780
63 585
126 179
981 973
565 414
164 627
516 45
552 379
621 911
864 73
79 425
26 916
204 469
219 30
819 156
729 156
513 772
282 273
579 716
53 807
669 31
700 116
854 819
12 507
963 316
516 328
660 572
396 554
939 569
763 454
505 441
843 312
667 233
11 790
710 538
898 543
834 316
190 585
489 50
63 233
876 997
956 832
359 849
365 826
295 219
455 168
919 191
244 356
391 669
642 409
815 69
576 223
54 896
336 488
258 124
811 69
687 761
834 494
38 377
161 590
531 601
901 327
699 592
934 237
970 323
937 787
520 122
267 777
641 60
539 174
644 368
332 157
840 450
674 267
901 434
606 263
746 11
601 396
201 790
339 407
948 955
466 730
420 690
112 130
784 116
569 59
381 573
314 230
409 999
952 107
876 122
863 401
457 140
170 348
97 404
444 97
849 391
884 549
359 690
122 341
958 497
81 572
841 578
350 999
161 830
490 630
604 372
55 563
126 266
198 113
739 730
740 300
686 959
186 306
606 891
124 223
371 399
364 911
411 848
9 545
609 80
219 361
223 714
811 463
32 923
728 551
762 354
622 335
844 171
823 611
698 483
409 239
280 433
50 700
622 843
513 96
952 696
702 980
251 116
559 548
766 412
278 811
182 991
339 661
623 572
789 608
845 528
993 77
506 530
953 237
596 974
337 60
404 28
34 394
735 795
329 341
240 769
357 369
524 442
209 791
725 328
160 545
595 663
757 190
958 656
751 937
648 866
202 194
952 249
97 99
95 906
810 8
787 95
57 179
274 876
32 39
429 991
576 239
901 175
396 160
602 334
412 34
770 499
992 262
723 583
593 628
356 814
925 727
29 40
115 141
28 87
323 205
625 201
680 435
314 682
845 619
348 136
302 810
982 759
61 830
674 359
515 574
699 40
162 808
373 878
347 336
937 852
369 487
176 350
835 624
159 747
408 401
901 389
307 811
709 209
298 129
335 570
55 583
724 839
931 628
175 115
85 185
252 474
776 302
220 630
822 258
628 624
447 752
980 251
333 603
98 851
501 481
181 217
775 166
981 197
139 216
449 627
480 480
94 217
534 934
302 470
972 913
385 946
508 640
291 662
840 970
361 438
411 849
691 783
7 244
670 974
577 48
633 563
743 605
417 321
342 652
845 637
507 133
589 969
310 537
886 366
211 974
539 795
409 487
375 515
85 205
777 810
544 298
716 769
497 756
254 399
122 161
516 82
309 690
120 302
783 595
424 35
410 292
692 65
518 987
734 858
541 21
85 230
381 50
863 700
203 617
930 436
135 628
131 43
701 412
728 32
962 74
400 635
895 308
214 504
741 635
7 260
350 149
760 973
941 801
861 944
596 508
629 909
689 828
62 128
295 882
660 620
747 447
107 688
884 774
347 861
563 481
77 990
22 644
426 263
501 127
580 774
599 264
673 359
711 2
444 263
101 855
929 502
655 48
238 199
550 471
672 878
830 800
8 584
483 769
298 854
982 819
737 477
821 555
158 92
879 389
191 896
834 532
240 728
685 210
741 371
130 731
465 51
204 323
708 882
863 301
667 55
601 362
111 900
800 317
879 939
669 881
904 897
571 546
358 490
424 92
356 533
549 583
526 671
113 945
843 431
291 998
264 917
741 444
826 649
82 634
200 583
606 93
457 590
993 559
817 385
648 955
333 970
69 370
983 845
975 303
257 263
37 370
277 974
60 381
9 57
989 184
984 39
763 587
422 847
127 820
796 15
771 919
593 373
360 435
453 403
450 86
695 728
123 548
395 988
537 392
257 37
497 985
895 103
22 843
764 250
548 728
859 935
996 202
437 414
131 796
463 755
200 876
583 651
438 973
98 939
170 88
634 107
420 641
868 185
218 894
246 34
594 572
70 488
231 769
56 994
198 637
579 410
716 124
797 476
250 286
37 36
846 706
348 730
881 816
109 909
112 271
171 980
830 158
99 468
543 938
638 982
504 141
936 107
449 890
983 629
352 684
908 501
351 945
936 126
763 545
33 106
326 240
758 572
611 216
547 311
854 44
667 723
518 529
741 562
729 658
595 770
2 221
965 544
352 35
284 266
771 245
914 291
98 325
92 863
882 538
406 485
330 671
925 752
84 462
125 645
675 305
868 717
134 647
75 293
775 789
774 407
780 644
146 981
32 665
342 76
933 656
205 486
946 436
188 101
568 305
836 825
188 712
956 84
825 868
465 791
708 621
934 285
130 565
53 485
881 37
624 982
439 922
111 587
884 444
355 580
980 414
398 871
643 552
212 518
362 851
752 969
330 266
157 811
610 308
115 748
138 678
904 225
291 522
921 757
376 992
752 334
200 628
104 157
469 73
137 71
343 997
99 74
915 10
818 613
376 330
470 604
333 884
271 270
606 472
935 688
545 64
286 847
763 273
959 499
49 799
825 924
232 862
76 29
556 13
334 779
280 18
862 199
523 50
33 152
756 504
612 248
991 451
861 196
466 693
799 970
374 581
29 913
736 625
869 835
875 606
500 678
923 242
817 44
868 951
230 476
476 541
870 59
423 883
38 74
868 569
656 997
733 199
430 421
898 644
44 61
65 815
521 138
403 510
719 702
50 733
31 661
569 520
820 735
672 741
862 847
212 93
39 216
812 496
270 493
868 62
42 520
153 50
868 449
21 946
305 698
18 825
677 983
160 30
127 316
109 609
776 417
321 576
784 461
372 75
80 903
702 186
638 651
204 753
81 504
181 429
774 716
307 461
512 949
699 730
879 128
656 649
898 25
128 737
992 269
381 32
789 535
757 384
643 672
769 291
894 695
432 863
723 806
739 338
982 668
381 636
844 420
547 238
296 801
597 609
49 117
248 64
507 938
986 596
886 423
671 73
450 313
805 501
634 527
129 645
438 499
399 804
878 994
708 320
387 307
215 143
995 558
969 65
75 285
632 497
624 327
756 880
150 577
16 197
245 706
693 451
416 697
325 642
675 792
679 501
259 597
240 302
759 314
104 219
900 635
557 852
627 417
308 549
772 261
376 599
810 836
676 250
78 209
619 968
655 314
77 211
925 162
844 698
882 620
300 226
545 814
305 262
896 412
723 63
539 570
693 246
635 364
180 854
887 180
285 757
209 569
692 311
796 193
575 317
559 903
226 42
364 853
627 348
979 268
955 391
116 291
254 779
262 820
198 130
859 436
269 78
281 667
245 781
132 451
195 902
963 978
237 339
662 154
624 317
461 788
151 639
206 47
732 553
308 828
338 531
349 250
775 521
125 151
508 936
24 291
