5000 2000
843 749
197 491
953 436
32 621
210 996
538 865
691 676
329 42
963 290
138 379
911 569
453 24
512 184
204 851
546 59
273 862
333 347
351 466
916 220
858 242
917 153
269 727
952 408
312 495
150 633
684 346
285 640
321 822
792 556
808 926
458 897
308 309
27 440
928 124
107 791
54 739
340 428
770 233
572 117
669 382
115 571
447 512
469 155
876 206
586 368
497 355
112 581
753 602
25 86
76 233
110 273
727 360
328 296
381 42
928 992
435 188
824 580
432 379
41 894
818 499
701 517
487 886
293 277
335 190
960 556
68 280
278 813
953 298
46 922
321 117
55 793
177 235
873 762
872 649
440 499
771 361
927 604
935 115
395 272
781 100
588 943
393 869
127 558
493 272
412 398
735 567
417 655
991 319
191 853
625 417
562 942
294 241
919 751
724 218
809 394
475 719
542 596
757 603
166 871
150 478
765 691
878 715
243 951
416 75
400 483
539 452
180 266
816 253
856 173
525 618
995 379
246 427
13 508
625 925
959 615
7 779
834 615
708 473
590 962
217 873
717 450
332 599
114 29
297 233
448 624
321 622
779 685
951 195
274 284
994 383
527 103
759 350
717 254
927 349
782 255
554 871
134 743
497 541
581 900
982 957
171 473
473 213
608 926
98 601
473 993
606 774
873 59
655 466
240 414
601 616
252 472
394 705
85 387
137 254
678 928
16 902
875 799
348 627
210 875
899 216
917 941
739 13
838 940
73 832
538 121
184 111
800 289
178 508
701 577
293 480
942 38
348 538
182 708
35 970
320 92
66 858
940 258
458 370
735 795
717 947
39 674
644 833
618 971
220 931
545 497
508 881
971 565
54 691
402 129
323 781
549 735
827 258
612 854
529 350
122 177
226 341
18 277
925 794
347 893
489 631
130 794
51 18
990 642
179 747
618 657
419 18
659 344
398 866
589 195
369 898
750 994
847 286
683 843
630 759
899 618
57 235
412 831
766 628
82 242
793 381
628 32
834 345
653 29
504 820
841 77
90 936
346 549
505 613
780 261
648 123
801 566
264 752
482 682
214 891
866 995
35 945
297 63
992 572
563 78
986 302
49 47
392 801
270 839
768 275
904 639
83 311
483 598
572 588
668 945
227 229
13 477
194 667
541 357
314 470
517 923
594 438
523 113
133 563
852 604
744 973
628 846
886 353
897 30
695 514
187 546
294 730
575 727
960 807
305 335
329 707
314 27
656 223
256 706
514 172
281 380
182 348
899 220
673 178
752 418
780 764
310 177
413 170
641 634
281 74
615 631
775 144
302 674
406 643
568 281
883 643
76 275
543 67
101 438
612 174
648 65
243 219
905 798
375 659
152 707
817 380
707 704
552 656
315 812
287 328
670 761
716 490
468 644
920 85
189 945
834 275
597 863
774 392
827 239
425 187
178 775
354 59
437 892
582 78
651 977
548 853
623 183
833 465
571 41
144 1
699 499
375 614
155 742
599 339
831 25
101 127
816 287
359 956
784 378
576 202
48 726
344 777
701 607
659 337
635 914
408 650
401 550
142 630
423 435
688 674
437 939
836 817
450 861
140 814
567 549
661 143
544 513
489 558
106 908
240 738
114 549
702 59
746 373
30 800
312 807
682 939
262 777
913 76
992 964
153 330
37 916
408 14
202 362
545 550
714 580
252 195
106 694
286 860
803 606
253 128
183 756
166 179
218 314
955 610
514 236
374 938
565 948
172 170
889 624
672 13
653 21
598 441
876 459
781 548
502 214
541 211
217 578
432 444
231 716
73 37
501 683
432 237
105 833
805 252
132 781
290 687
536 458
707 447
384 759
837 162
717 180
673 621
499 397
809 991
967 375
543 337
555 165
359 891
55 399
120 19
288 37
753 206
824 907
558 186
331 585
257 140
111 531
848 351
803 80
614 174
675 579
784 204
872 209
669 271
180 372
762 213
818 78
336 570
765 897
309 162
907 815
152 946
421 678
55 611
880 531
656 448
926 489
155 710
426 912
61 189
620 857
272 100
306 583
655 327
483 742
708 478
263 558
152 336
634 527
938 733
611 230
2 18
797 911
36 690
278 33
885 406
166 997
361 900
965 725
163 288
684 468
957 874
234 117
146 424
485 144
563 418
440 218
747 432
460 245
423 79
177 607
928 377
440 988
791 192
723 843
452 343
791 205
543 820
718 896
102 106
196 512
88 269
430 715
451 902
508 634
623 810
745 366
245 44
46 175
82 212
97 370
83 26
440 638
477 608
211 595
401 417
498 13
811 800
101 492
903 759
145 404
941 171
751 162
681 389
372 16
927 489
257 233
370 14
737 476
723 401
420 634
577 231
281 68
194 109
540 152
409 304
47 32
657 461
976 535
435 720
943 517
36 354
916 718
453 306
156 887
2 444
857 161
982 544
11 28
664 643
784 620
348 547
164 137
761 488
28 524
939 73
872 208
889 437
754 534
66 411
473 635
691 399
353 673
991 874
348 56
738 688
311 839
341 72
713 337
942 128
270 353
313 382
177 45
800 673
673 523
513 890
415 16
854 734
152 145
309 801
433 431
314 221
30 558
980 176
287 455
246 349
830 647
833 399
894 470
266 471
332 369
876 346
278 889
265 674
492 690
714 596
168 433
330 832
502 953
648 271
237 327
548 409
135 488
914 632
803 196
417 630
388 473
347 25
762 914
92 41
156 30
12 944
27 848
443 11
347 559
45 421
261 794
792 873
86 567
712 651
545 713
829 618
863 876
629 741
918 791
253 600
370 168
433 422
48 364
486 603
662 100
698 103
130 881
694 339
80 850
132 950
278 517
826 555
936 524
379 128
441 839
8 39
341 912
364 437
735 392
984 492
812 575
219 279
609 3
780 706
249 236
268 147
942 326
137 869
550 216
747 588
861 669
485 481
362 48
510 650
361 401
410 706
444 351
391 90
333 206
779 568
33 697
301 876
114 167
835 638
738 36
437 778
92 906
218 759
655 262
656 495
364 138
699 797
18 365
997 194
551 646
70 954
386 260
300 248
568 591
772 704
667 100
776 764
476 563
916 773
728 940
88 55
595 228
450 607
806 901
872 173
775 970
148 979
565 892
15 230
305 135
998 724
438 413
830 858
893 228
816 931
439 213
263 949
749 684
868 445
581 274
787 380
460 732
521 296
525 477
710 515
256 583
11 876
939 662
853 744
567 205
70 851
372 205
662 288
592 381
431 843
728 878
628 20
109 671
171 553
926 77
527 589
585 167
84 57
94 862
546 564
567 434
77 798
34 559
203 404
420 124
997 200
756 163
706 531
810 456
188 73
423 134
723 319
746 302
268 73
973 513
345 75
25 352
196 894
448 658
87 719
518 344
772 273
469 864
109 585
623 964
621 134
989 222
898 13
641 733
770 352
633 834
885 44
817 420
377 858
875 725
413 673
81 200
610 797
759 723
623 227
127 25
353 261
952 745
361 992
481 808
18 623
462 212
475 415
356 682
664 905
730 627
414 638
799 502
426 624
972 416
502 968
176 191
529 521
198 295
619 692
292 5
801 571
327 447
878 867
625 884
796 691
542 472
644 853
702 682
73 43
400 868
721 228
592 39
374 17
645 748
928 369
400 435
782 588
240 381
80 346
302 228
306 49
629 974
283 477
135 35
837 287
195 857
515 795
481 95
297 522
535 246
797 626
256 299
131 453
829 261
361 738
871 681
942 908
31 391
228 445
818 539
521 293
46 955
713 929
924 846
687 519
342 20
804 97
869 101
301 838
355 266
260 932
809 136
830 810
611 889
534 26
41 672
734 420
94 324
974 117
425 134
947 2
787 824
846 936
273 452
541 579
5 684
452 861
189 276
833 712
81 303
572 28
608 193
81 633
575 701
925 876
422 916
404 823
154 859
583 188
638 265
539 645
966 352
146 61
102 297
830 854
277 305
99 353
906 553
571 468
339 180
1 102
232 132
769 252
315 646
838 5
680 742
795 77
42 601
40 597
821 386
650 733
210 382
917 930
769 960
925 987
84 371
229 255
701 246
825 813
42 747
51 779
736 993
371 976
2 255
319 789
862 176
391 678
584 355
370 120
648 951
300 914
661 206
711 927
609 115
851 158
965 651
759 215
596 270
517 335
973 244
25 461
650 537
650 990
978 67
263 537
907 945
282 851
100 663
870 466
708 479
734 196
295 146
399 848
256 652
98 320
336 154
4 853
605 857
583 671
508 606
122 767
693 933
71 644
593 491
990 721
528 19
880 801
666 706
772 424
134 174
816 194
680 641
333 28
71 449
492 203
860 511
552 790
25 387
111 222
801 539
403 129
881 189
296 321
791 614
254 274
133 396
955 820
804 737
958 717
908 941
391 339
949 235
719 318
574 72
729 447
529 589
938 640
477 335
311 948
453 856
932 218
987 11
251 999
76 164
766 513
314 540
257 173
752 233
680 138
967 26
403 739
375 369
544 577
838 499
895 346
679 909
514 353
611 75
738 566
665 881
760 704
197 542
145 986
104 548
670 672
953 810
77 478
810 348
355 428
326 705
813 343
681 90
429 723
378 320
701 876
19 78
875 492
314 300
380 808
219 720
53 286
101 221
968 76
654 366
370 687
81 530
128 19
795 523
375 980
933 945
475 934
936 915
832 618
444 620
478 424
71 530
297 250
80 418
901 672
848 386
36 702
266 451
443 433
952 428
473 187
252 744
951 104
910 105
905 84
836 494
532 351
894 589
216 498
892 770
407 86
636 689
874 139
494 834
457 293
510 788
597 271
140 785
389 393
331 954
553 943
842 834
77 756
765 799
902 119
956 324
62 709
713 50
856 771
838 735
674 56
968 453
947 874
987 253
658 749
509 668
187 13
165 601
397 425
303 788
474 117
654 360
454 18
490 31
522 928
524 420
375 730
21 701
820 52
725 564
758 613
654 835
31 628
749 231
83 905
506 640
964 915
881 101
728 656
610 19
430 216
174 124
215 770
691 996
948 287
335 361
793 245
933 978
972 113
630 396
73 458
249 38
967 18
41 492
74 725
386 519
224 382
197 376
288 98
182 153
219 78
124 537
93 663
539 323
13 302
580 279
60 305
671 97
575 342
558 146
464 738
711 655
399 278
928 800
565 165
607 341
600 423
484 599
47 792
642 224
291 988
453 546
916 821
68 96
337 165
399 874
714 48
724 265
295 410
43 155
384 958
380 998
111 642
60 761
769 955
919 776
658 616
275 385
86 404
234 459
10 823
13 199
316 517
585 298
823 773
148 660
980 151
403 927
905 407
241 614
744 235
775 966
816 332
261 486
837 497
579 644
515 4
740 146
169 684
675 750
356 622
391 29
784 909
159 958
653 389
303 683
810 927
946 544
704 823
25 525
365 585
173 738
1 449
372 504
256 611
396 842
539 909
109 991
863 863
95 464
805 603
418 753
993 717
513 248
624 342
57 353
238 101
640 190
604 562
19 10
744 219
631 367
733 538
417 153
658 876
895 975
280 21
526 518
452 227
532 258
703 923
466 18
764 397
817 359
74 663
672 937
686 798
452 931
638 504
193 495
754 961
975 332
356 985
214 64
381 291
105 786
702 249
632 542
208 76
635 968
135 207
893 43
167 459
319 464
305 968
828 46
296 953
968 96
646 670
331 601
444 751
209 746
468 479
147 989
361 641
711 939
492 412
306 600
483 175
2 360
272 965
207 227
229 273
386 140
444 183
858 310
890 963
307 190
714 729
719 266
782 394
377 343
499 997
669 302
442 514
920 364
573 813
798 363
188 593
836 700
302 834
275 277
892 75
342 68
210 348
610 612
56 715
488 33
707 484
401 600
993 732
534 113
448 415
196 716
619 857
426 30
205 119
305 362
107 945
961 340
855 520
875 311
973 486
199 539
19 364
856 341
473 597
961 962
123 675
943 594
827 772
653 636
483 690
181 977
312 204
718 120
460 761
677 504
725 358
685 702
51 662
306 714
637 590
609 264
62 406
685 900
29 140
886 999
224 636
620 356
886 618
552 124
577 569
446 119
153 151
615 877
952 911
341 767
128 659
380 144
495 665
17 676
470 615
4 804
748 935
380 413
39 673
909 337
693 239
519 431
730 814
382 679
552 880
770 473
552 138
761 56
887 387
778 994
559 819
568 496
601 96
611 363
728 344
167 819
8 972
197 798
538 623
202 850
219 427
928 208
49 492
895 956
643 702
257 283
589 289
983 547
492 685
756 66
263 853
553 573
831 286
642 337
587 840
454 951
584 848
735 36
98 747
261 600
599 341
182 352
209 811
193 519
290 997
856 613
996 476
407 776
295 399
321 318
319 859
209 191
702 729
903 490
492 445
770 936
375 857
371 357
425 235
853 450
157 520
201 386
483 983
865 874
193 30
345 637
116 17
104 849
305 164
107 725
140 579
53 111
657 986
156 223
610 756
762 247
937 751
114 678
575 554
137 345
49 974
575 172
755 734
437 613
35 730
690 731
669 927
221 557
442 380
506 632
280 329
535 941
391 246
553 324
965 898
449 938
181 130
991 108
337 382
676 497
13 217
566 355
369 624
778 272
298 129
906 983
162 830
565 40
968 263
483 81
756 430
519 687
847 122
336 492
487 430
821 700
53 220
805 853
744 511
218 761
423 268
469 434
202 682
946 242
633 959
228 322
146 330
729 594
473 341
511 409
4 475
709 561
656 327
703 919
238 246
493 887
151 881
411 203
115 89
652 437
786 690
166 570
439 24
294 740
971 982
633 295
884 370
169 793
696 934
609 467
345 143
178 716
521 283
46 363
915 586
75 116
666 317
269 418
660 385
56 712
719 469
785 768
637 556
52 305
649 236
365 568
24 730
739 328
735 909
478 671
646 798
185 755
610 88
464 442
634 800
794 707
528 659
749 518
966 34
597 102
269 146
316 408
463 197
816 263
135 609
290 805
710 466
681 896
913 771
960 915
189 287
639 351
28 688
620 259
283 987
700 937
871 398
526 243
538 381
422 275
152 862
874 382
114 991
412 933
623 856
377 930
510 430
206 218
158 579
768 738
164 857
431 358
970 28
698 468
831 122
127 960
968 657
533 73
881 337
527 142
736 937
517 951
373 841
848 781
823 913
52 702
530 143
846 787
317 148
388 641
301 322
582 182
113 208
253 395
267 975
524 836
66 577
920 240
630 881
364 187
86 811
405 259
311 843
683 249
301 778
635 659
184 783
477 775
933 278
590 37
313 310
139 947
835 979
589 439
979 837
462 940
793 717
126 929
71 918
535 195
789 925
878 231
711 599
846 124
999 681
517 877
841 117
221 610
968 868
409 560
132 223
87 386
897 581
23 42
381 934
513 777
146 930
914 729
916 936
828 157
991 518
599 487
909 282
822 720
376 778
626 699
56 801
435 290
85 826
739 54
523 296
499 624
319 411
35 440
685 281
602 146
63 570
181 592
169 637
827 738
2 82
55 805
224 557
724 704
920 798
236 691
110 939
431 533
424 71
926 642
661 748
173 606
772 178
217 943
625 582
705 838
357 909
95 819
39 590
536 527
612 940
540 870
836 449
679 197
40 770
480 25
90 970
574 473
906 793
379 415
50 747
340 56
540 952
725 228
724 24
571 905
417 581
522 249
513 721
353 179
808 996
705 14
669 655
182 318
512 855
296 331
273 777
962 926
701 62
46 767
907 628
882 71
734 762
951 801
547 549
625 434
514 796
832 418
563 977
363 739
783 738
274 683
389 857
893 23
652 157
549 814
927 71
392 90
618 955
907 974
645 83
798 702
185 428
909 218
307 753
891 665
127 571
32 321
986 612
752 197
844 882
856 448
20 970
550 727
851 857
495 502
969 883
462 222
773 995
294 766
390 263
699 715
95 498
990 369
311 11
92 983
960 836
528 331
327 426
132 833
362 640
906 487
64 905
135 456
885 708
165 920
692 237
970 960
930 213
12 845
651 481
281 880
754 28
677 936
406 50
46 4
207 808
493 782
878 16
338 567
250 723
759 673
338 503
797 718
15 471
500 615
316 639
48 140
845 902
335 498
413 410
406 821
290 601
881 934
304 647
93 498
459 472
235 584
676 492
884 635
224 552
377 714
81 857
23 139
631 686
293 856
857 548
693 701
414 88
793 912
24 107
563 280
645 820
508 12
681 855
405 566
630 513
552 468
356 893
519 928
477 99
73 985
315 446
538 196
701 135
337 761
159 199
256 15
754 424
89 196
55 313
268 700
656 254
830 942
787 203
219 70
179 308
375 361
677 838
807 290
634 864
295 614
193 115
363 501
347 976
114 508
193 303
918 337
684 108
77 45
400 285
677 195
312 824
351 287
583 839
723 600
569 883
726 713
569 507
315 659
586 982
278 186
424 95
939 704
177 282
961 648
385 670
590 205
261 785
755 185
664 849
777 272
934 54
35 754
955 94
315 783
94 180
440 149
563 671
663 64
172 982
204 224
509 535
8 776
58 88
282 143
450 560
186 268
156 782
522 922
576 495
388 687
769 754
358 907
648 31
237 546
903 371
228 179
123 254
666 616
514 963
175 458
674 207
350 574
431 838
382 835
367 339
192 240
758 165
901 684
333 644
701 656
756 865
314 846
518 628
226 258
700 269
536 406
298 106
923 218
767 835
349 623
857 687
178 659
222 174
494 339
879 183
693 627
184 608
77 678
686 208
518 244
772 365
455 158
683 44
620 40
57 958
137 472
15 860
643 770
254 523
648 213
735 364
596 864
532 879
694 540
322 800
153 140
898 949
414 336
736 412
246 32
956 440
805 283
860 113
381 837
193 867
236 988
950 691
100 828
995 140
784 7
722 244
928 700
957 375
988 530
773 703
65 936
150 787
252 636
423 122
949 651
151 563
935 713
646 814
409 315
827 522
466 466
133 157
512 661
28 104
777 208
506 673
891 293
43 329
294 276
370 759
470 421
13 425
871 360
95 232
914 163
641 257
943 747
297 244
456 485
769 641
633 955
683 828
681 595
721 854
488 514
691 747
76 215
299 937
725 974
516 895
41 446
593 909
253 193
60 566
891 860
394 794
793 684
312 124
829 242
807 481
88 16
240 966
244 426
319 815
948 399
182 170
203 178
921 287
690 42
140 285
66 489
720 182
14 101
752 900
528 223
189 938
751 487
451 389
493 656
676 657
895 256
546 801
230 138
364 922
642 915
987 447
271 807
611 233
464 525
290 419
702 739
903 591
120 816
296 437
552 216
371 340
402 487
777 769
172 530
236 242
616 191
62 370
127 288
634 137
690 822
339 68
950 972
585 408
600 848
312 457
101 12
795 949
493 636
776 220
720 748
554 410
674 552
434 628
774 15
775 628
763 738
27 929
720 626
411 533
158 926
918 370
817 982
812 536
424 598
757 250
233 4
139 568
287 168
223 883
766 932
766 905
798 766
64 879
245 775
712 332
575 701
404 301
706 742
668 756
247 563
526 329
738 621
567 927
145 443
508 231
948 13
480 835
497 847
505 984
446 792
104 730
377 512
67 70
518 669
58 509
289 516
167 777
829 231
555 221
429 489
876 370
758 598
298 8
592 992
369 707
712 580
245 560
824 513
152 21
904 97
636 976
662 503
472 616
545 823
214 272
236 371
97 608
166 481
864 958
982 521
874 864
298 909
535 373
769 29
952 918
221 897
99 890
632 614
209 795
142 507
154 748
913 13
365 405
41 298
440 227
941 638
222 276
805 493
563 728
18 947
629 401
888 114
578 812
99 534
776 806
158 199
934 324
546 216
641 177
807 987
708 909
618 562
262 858
138 420
970 478
304 971
64 275
432 203
829 496
690 434
189 405
873 415
587 352
939 233
427 339
315 452
125 738
915 459
308 702
122 458
901 92
451 890
200 668
739 499
594 88
316 351
917 839
420 47
42 962
696 711
394 44
159 902
166 360
589 668
794 381
54 237
920 432
321 559
290 556
811 81
935 634
206 526
598 743
728 376
214 528
729 339
886 727
774 266
744 160
790 520
945 820
351 49
826 376
326 40
621 903
555 179
171 397
836 81
443 972
565 671
564 971
992 69
240 835
555 378
874 542
651 976
994 628
79 427
501 652
146 910
794 853
156 275
116 219
329 647
207 986
642 874
948 109
926 319
139 863
787 645
282 307
343 712
474 705
170 594
56 711
251 642
822 175
578 907
66 194
688 946
941 484
610 412
443 948
875 749
880 224
952 33
47 778
116 658
169 649
689 587
787 506
733 586
715 310
727 474
243 886
94 692
80 3
68 390
567 576
240 215
64 466
389 332
517 386
242 293
839 36
706 694
583 701
879 758
362 194
485 955
301 259
722 643
948 747
46 292
805 245
474 865
898 129
876 5
850 817
417 823
973 169
852 385
252 586
83 695
113 545
780 676
960 302
703 61
951 249
50 124
437 728
888 715
465 503
391 715
846 50
713 623
748 820
457 722
230 630
999 186
297 904
167 970
53 823
253 182
399 291
757 274
580 951
950 926
784 261
223 717
458 351
280 878
709 199
253 674
549 778
6 441
484 521
692 347
880 955
742 646
715 753
74 88
166 609
975 79
526 521
503 525
150 678
527 536
885 214
41 620
270 294
706 950
670 129
743 54
834 74
59 749
141 840
326 729
817 390
922 403
243 509
777 903
12 579
755 752
489 556
953 313
504 602
686 221
95 861
403 642
256 956
953 309
111 254
457 990
95 155
625 411
516 110
68 562
454 223
705 596
659 407
743 478
200 282
344 344
885 900
980 559
714 945
996 36
499 935
77 199
594 317
241 135
435 716
286 947
574 63
128 506
905 929
978 682
2 250
688 851
133 894
505 186
47 235
919 351
813 885
687 65
202 72
962 84
870 722
965 588
124 560
520 867
497 929
801 606
245 430
617 397
241 787
15 581
101 224
243 966
967 293
563 150
740 263
460 691
529 918
583 950
380 301
942 989
520 785
185 140
720 912
918 545
422 357
678 325
752 204
925 66
984 451
22 698
556 965
852 885
274 666
327 965
811 745
200 572
763 597
338 481
255 520
696 119
368 534
742 190
84 451
838 868
448 474
352 688
609 276
63 312
821 45
452 708
54 656
605 165
405 780
577 950
813 177
268 457
437 444
747 335
946 250
480 803
627 253
66 289
48 629
442 339
960 35
614 58
273 639
272 165
898 439
185 160
176 633
620 609
957 797
210 806
539 560
899 124
719 215
221 40
310 950
179 598
236 5
681 855
102 618
196 120
494 296
623 17
531 994
939 154
322 942
315 911
479 641
400 338
313 902
223 224
479 475
177 80
537 26
299 973
130 24
104 894
685 158
175 540
445 501
631 967
236 62
416 11
743 445
331 749
182 428
294 153
131 55
72 493
274 958
846 577
130 658
153 590
485 134
395 832
70 83
946 924
920 358
761 210
940 735
602 954
801 195
166 632
322 118
187 687
834 505
442 578
696 705
29 576
510 789
531 522
847 220
207 973
761 625
360 601
241 781
841 606
819 687
134 350
569 340
248 742
128 37
122 767
187 584
101 75
860 675
269 748
384 254
355 857
368 916
423 954
201 91
410 714
348 428
98 844
416 311
677 180
820 462
390 653
225 246
382 949
328 328
528 234
391 951
460 273
710 188
663 352
397 121
916 362
931 796
238 196
157 415
854 167
412 423
98 27
525 27
987 463
739 505
317 568
154 188
409 780
129 951
480 104
275 819
721 160
969 702
47 573
225 769
252 787
373 692
802 340
443 752
813 979
635 882
1 724
819 832
769 247
721 450
233 15
915 457
87 385
596 82
506 318
482 443
889 180
693 37
459 71
186 168
822 612
902 654
891 262
5 71
957 221
104 348
685 367
128 649
451 477
157 862
431 30
75 277
622 946
436 836
289 675
660 853
44 448
421 245
269 505
964 854
962 531
794 105
847 262
196 714
345 254
475 318
782 574
705 707
939 10
215 608
994 786
442 589
220 89
393 892
891 774
966 210
305 209
877 849
933 32
517 695
587 724
315 958
437 520
573 750
278 995
731 342
706 454
128 239
708 382
105 603
924 834
600 154
230 359
605 257
437 831
981 111
507 433
903 793
233 662
636 556
260 814
179 586
589 140
265 425
366 952
786 100
200 362
248 544
67 798
717 444
749 171
27 743
788 463
753 431
258 348
161 593
100 282
266 399
492 281
795 73
887 549
537 937
860 480
441 680
102 560
933 487
383 294
884 128
80 845
438 989
54 503
282 845
378 170
55 250
597 562
571 984
901 162
496 231
321 91
966 220
809 547
465 210
564 447
681 573
111 173
11 639
747 673
226 913
985 841
912 28
35 850
35 107
429 836
193 303
996 479
38 731
579 2
626 594
510 5
319 803
757 593
936 825
188 151
976 166
552 304
725 359
516 903
432 394
403 397
114 898
855 19
876 3
485 765
640 916
350 398
854 105
303 568
72 155
682 423
512 482
550 929
329 629
690 860
670 61
94 990
541 689
719 158
772 770
69 492
152 546
80 486
90 202
553 323
927 270
271 770
587 28
944 737
767 365
575 735
170 273
117 312
682 90
915 966
713 818
673 237
281 716
638 326
289 292
322 436
203 420
148 853
751 415
35 548
330 247
464 647
886 223
855 527
955 108
188 518
675 509
48 114
472 193
807 560
367 31
751 668
825 91
620 983
846 281
793 957
150 604
626 438
684 68
428 605
437 9
345 940
485 600
697 210
44 722
873 368
663 739
397 251
33 941
261 837
443 737
459 371
831 539
502 883
91 704
336 991
367 690
135 268
444 242
873 466
300 657
818 934
96 906
897 537
516 183
347 903
87 119
951 80
912 655
641 558
332 400
526 374
779 507
854 720
31 686
573 422
264 97
828 159
520 634
76 684
905 748
70 496
803 360
733 644
579 183
716 566
711 59
576 684
645 388
293 637
146 695
629 537
923 326
192 969
77 146
488 965
773 90
977 244
859 396
279 20
150 177
99 294
655 382
934 554
765 938
732 620
752 387
510 796
975 480
992 486
901 836
163 321
570 158
733 471
220 197
636 189
973 672
467 973
961 581
951 70
683 161
493 334
855 641
172 629
995 743
479 676
78 442
622 668
126 943
219 735
865 706
1 167
285 248
429 566
32 100
416 295
477 433
863 420
109 815
631 336
600 596
692 802
153 355
945 744
849 492
282 880
973 348
984 759
6 569
631 672
247 846
933 306
641 961
420 42
973 324
638 175
715 704
270 914
395 690
135 454
872 348
796 642
958 553
662 971
591 18
809 559
328 191
97 962
417 957
258 879
153 316
217 68
541 636
469 371
551 613
995 200
98 106
113 140
191 466
494 912
772 913
971 788
645 545
798 293
873 302
478 312
220 529
241 32
188 241
937 678
495 64
90 957
484 315
221 264
750 454
754 893
388 711
915 432
811 894
52 622
730 769
891 891
519 852
451 621
874 711
64 866
481 170
617 866
612 64
891 311
553 416
56 467
835 651
809 438
197 387
815 596
824 219
402 451
242 685
528 919
757 226
201 879
559 448
175 215
351 324
323 554
346 851
490 46
779 814
760 79
921 953
34 243
427 287
346 992
272 197
774 30
584 974
76 245
783 343
323 912
108 76
11 677
103 17
84 341
707 681
430 144
420 537
987 500
111 131
422 161
355 281
302 335
713 983
317 339
323 216
159 819
877 74
369 322
984 953
7 949
52 823
655 457
840 977
69 560
337 399
988 68
648 401
63 379
509 420
350 645
40 529
998 908
663 705
339 86
31 183
274 224
358 621
19 108
154 636
697 970
112 405
59 10
292 515
32 602
407 769
837 15
933 584
897 124
697 425
519 146
616 373
453 698
219 436
586 920
603 858
587 187
975 682
466 315
704 33
779 94
971 796
290 210
433 101
476 446
634 159
462 303
146 616
245 625
66 85
987 632
839 393
157 527
33 786
411 811
165 267
211 33
213 124
321 924
177 193
882 368
17 862
766 746
310 578
84 695
871 773
780 72
623 253
348 161
187 758
7 751
785 582
115 931
7 568
866 937
121 999
971 693
217 948
454 831
270 327
79 675
800 608
698 393
361 530
736 985
887 599
241 956
163 609
459 550
74 218
813 386
517 415
540 752
91 157
860 296
686 156
568 428
948 979
762 838
247 787
20 164
182 587
168 760
727 75
860 321
342 589
604 231
163 860
808 938
332 597
839 639
673 513
987 631
246 119
234 694
412 672
329 409
418 332
91 314
967 18
777 358
464 744
674 977
582 300
697 444
160 422
345 436
878 857
418 128
933 790
181 232
421 859
616 825
744 37
998 471
947 876
594 141
637 272
621 176
989 385
550 602
858 590
667 320
322 458
521 4
340 43
807 166
41 601
858 177
512 578
74 590
5 106
340 171
510 905
484 146
685 421
265 533
583 214
73 85
44 602
558 886
677 309
759 877
227 650
916 507
579 756
588 770
63 119
613 682
910 105
37 134
740 13
270 558
82 792
243 297
674 436
356 868
253 723
602 692
999 331
110 321
322 75
34 571
633 702
999 134
241 404
566 320
655 97
717 333
219 486
513 584
989 574
938 753
924 900
43 573
133 259
116 707
135 408
954 29
746 158
918 616
618 137
462 239
974 924
659 271
96 621
605 526
405 110
882 509
709 498
501 529
999 157
593 237
173 25
191 896
496 211
174 344
70 804
611 742
419 847
510 815
601 725
823 477
364 704
676 929
494 221
352 407
733 241
467 434
556 60
841 620
270 626
511 387
473 836
28 160
890 319
835 222
506 955
262 219
410 813
763 700
967 882
725 868
599 639
999 819
604 779
810 490
832 612
906 955
800 303
217 357
834 166
934 715
479 909
671 68
968 696
186 545
281 884
230 589
844 539
230 876
283 975
774 75
773 928
304 114
903 86
531 579
789 937
205 55
330 570
318 223
520 63
515 166
696 346
933 885
35 51
844 676
781 46
947 701
377 790
803 741
956 296
875 982
96 318
950 638
555 312
997 102
337 797
542 546
784 698
798 352
188 413
593 821
665 840
892 778
189 767
164 419
296 957
158 724
569 72
106 456
327 933
426 537
927 179
528 276
649 28
94 471
411 88
140 978
65 960
130 610
579 562
614 753
269 741
944 347
795 276
684 730
160 490
952 133
801 294
915 18
387 533
259 267
369 391
522 435
123 792
757 512
174 5
805 458
186 233
376 104
881 252
57 9
849 434
394 918
673 240
895 95
473 670
393 468
389 542
472 319
156 53
57 654
785 19
390 709
178 540
430 606
258 461
497 582
451 220
285 491
564 87
521 16
859 770
5 391
870 449
431 208
54 152
458 67
651 89
754 839
373 761
968 476
319 782
255 633
575 290
722 295
403 533
387 361
104 323
512 254
271 841
61 381
782 746
505 158
270 510
912 290
896 914
391 640
76 812
461 105
857 128
610 547
577 102
531 317
925 499
50 258
724 325
957 71
719 847
40 564
58 409
143 658
630 699
745 720
725 958
924 134
842 414
222 986
220 843
76 828
976 520
729 782
716 983
152 899
650 780
520 298
953 396
826 643
844 518
294 434
643 857
712 482
286 623
33 782
133 508
481 775
46 468
489 397
351 674
949 599
780 938
174 416
539 105
95 406
973 2
507 909
189 144
951 895
429 414
29 644
980 537
809 637
578 861
536 155
91 540
672 94
163 367
994 844
727 32
567 567
858 291
949 209
984 352
339 989
920 74
123 959
914 929
567 289
147 437
733 883
255 944
841 582
920 400
529 840
220 571
849 970
184 948
464 461
57 530
616 131
152 255
768 313
96 783
670 994
166 994
516 367
650 771
388 639
894 477
480 413
449 652
240 910
38 634
561 894
269 245
862 278
693 963
80 660
62 272
943 448
870 884
198 565
493 425
854 506
95 999
984 146
404 851
819 193
777 183
189 818
966 367
728 264
724 912
665 759
867 605
173 228
820 385
640 170
305 212
155 67
541 657
669 491
404 541
782 708
140 203
825 239
903 853
367 331
987 2
195 339
929 819
208 490
348 950
407 885
285 406
754 998
816 302
459 579
97 220
414 276
697 521
368 112
1 471
298 948
573 156
393 977
825 821
784 692
737 40
407 403
699 585
69 509
523 259
242 581
727 887
78 231
791 696
657 372
750 551
588 273
259 755
542 520
8 782
948 710
882 773
503 233
171 806
547 536
107 631
900 406
642 330
888 751
935 78
75 362
383 88
535 713
115 317
511 662
661 719
717 977
777 258
748 95
302 60
985 612
965 228
370 764
36 223
269 377
247 235
221 100
198 179
829 550
920 928
645 789
159 781
752 349
257 51
359 401
439 782
54 364
546 70
545 219
648 937
370 639
369 268
229 359
162 380
432 58
470 808
464 347
513 636
957 750
548 916
231 708
92 494
718 7
370 27
962 654
474 416
214 991
212 374
677 57
458 1
496 635
65 390
155 861
918 688
143 505
641 868
224 379
713 567
377 242
999 835
622 315
705 431
492 421
133 161
475 832
292 381
924 563
102 92
220 470
886 292
564 380
506 682
523 544
426 209
359 660
475 935
962 926
381 512
770 124
975 373
539 179
55 803
529 43
978 349
520 581
303 277
375 12
364 631
100 881
427 83
833 207
81 754
367 891
905 971
555 223
909 805
20 982
676 263
83 786
887 240
859 756
841 91
336 220
543 466
614 313
345 393
124 796
291 283
554 191
352 524
406 322
799 71
712 426
903 326
774 929
109 722
895 824
192 100
376 723
64 402
633 375
154 161
499 843
533 416
175 857
599 620
491 386
968 862
416 66
612 704
657 892
301 234
49 433
119 742
374 931
145 137
400 46
536 917
924 197
437 739
791 145
530 467
900 595
652 869
271 179
311 53
127 270
153 484
799 965
67 594
941 861
574 463
503 114
507 193
383 451
92 162
604 406
288 737
337 519
530 942
688 45
262 636
328 780
205 227
284 661
150 778
866 68
526 126
511 901
412 874
379 831
110 223
27 491
191 949
683 610
816 485
715 697
715 211
252 432
370 994
416 306
805 589
722 561
452 783
622 659
183 553
430 123
131 107
724 505
839 195
622 301
262 139
348 157
10 946
475 401
333 223
764 240
462 870
341 720
335 372
983 832
707 949
459 841
568 279
264 637
673 100
358 848
776 689
718 488
635 163
146 365
739 128
687 482
954 29
624 350
420 826
61 582
323 885
40 931
95 284
831 89
361 412
735 964
146 445
852 524
642 356
268 303
529 501
715 669
147 410
965 963
820 816
817 179
726 609
447 713
432 222
801 649
449 489
725 73
593 13
280 278
862 880
907 121
505 340
844 3
642 683
766 361
942 589
787 225
573 772
575 74
242 832
799 910
547 124
363 292
758 874
779 180
727 64
436 156
571 664
643 125
332 925
638 741
647 99
620 32
188 596
45 224
881 637
444 194
559 579
474 293
992 753
367 785
652 254
665 261
148 482
210 873
783 790
439 321
774 480
807 973
744 270
120 399
884 952
750 624
875 525
327 923
704 195
363 71
321 569
100 864
765 379
428 477
927 342
329 135
212 212
658 472
262 903
175 489
319 42
157 542
704 464
191 40
284 18
764 981
438 575
199 462
289 678
715 949
250 81
62 600
471 589
895 482
337 726
139 349
505 584
78 816
236 401
234 426
857 201
635 749
26 475
124 907
752 287
582 140
451 681
458 440
361 142
39 504
706 139
504 42
408 292
176 702
326 727
47 794
792 347
128 999
84 393
226 92
64 120
704 975
829 574
169 112
265 623
684 146
740 370
668 990
799 718
309 532
261 556
76 416
67 204
53 866
312 475
641 788
415 393
295 12
947 902
785 862
818 891
285 63
249 656
825 92
389 925
121 323
779 991
367 487
332 640
615 778
416 383
889 241
387 619
695 845
372 834
293 534
112 208
662 608
283 762
384 321
44 301
16 669
553 542
755 414
338 108
606 925
649 239
93 846
426 461
222 600
782 437
867 367
202 83
72 236
162 388
232 890
847 463
772 428
86 84
980 277
433 825
579 224
705 739
660 431
618 143
331 404
499 239
14 454
645 166
533 833
471 419
404 425
662 750
360 678
939 475
57 521
340 667
381 937
960 165
874 899
159 884
999 109
107 987
876 78
617 474
736 97
443 211
481 448
871 719
211 398
115 173
352 32
898 114
100 452
749 906
844 853
348 967
635 381
983 95
578 432
495 837
210 658
872 62
742 277
744 684
880 382
683 940
916 879
279 464
68 221
528 323
376 604
541 354
590 314
666 139
494 852
2 290
344 449
603 961
133 78
738 931
165 328
672 466
419 841
757 305
44 189
357 769
332 186
663 62
666 828
330 645
200 988
474 998
401 250
268 814
812 638
750 205
118 199
754 319
482 993
690 195
962 243
305 408
509 668
582 990
360 149
789 735
16 668
871 864
395 474
489 36
892 604
399 217
515 224
296 23
65 439
53 950
135 316
6 375
499 7
576 27
533 284
259 826
978 941
629 974
420 575
886 479
857 995
169 94
333 868
195 650
100 813
971 464
663 977
755 611
289 964
585 698
136 181
603 661
236 511
629 69
864 713
504 585
886 415
110 291
819 389
151 762
281 908
882 790
259 742
574 120
989 969
675 615
545 364
713 758
711 11
434 6
79 37
151 782
208 965
893 521
197 75
1 201
121 102
496 602
195 167
19 921
773 110
362 850
608 788
654 546
72 857
436 289
696 281
179 314
473 196
373 582
41 981
757 518
849 51
4 266
874 322
828 912
258 68
448 205
228 369
440 328
740 956
397 80
31 884
8 954
191 120
130 657
692 121
103 11
592 787
541 976
224 397
80 615
494 147
333 609
608 603
620 143
826 936
213 239
487 369
791 165
412 75
195 145
85 823
810 665
30 551
130 346
63 298
986 593
18 937
106 308
937 210
476 288
202 628
862 934
662 90
752 422
15 249
875 764
344 918
719 574
349 124
901 753
571 494
250 431
726 129
46 668
351 657
435 448
775 822
193 884
644 38
634 827
911 740
952 62
269 502
791 171
540 206
311 31
242 976
49 756
451 352
688 378
82 546
680 687
357 477
52 837
292 625
147 100
23 365
126 801
749 7
623 171
146 223
186 217
661 115
718 396
414 708
90 892
531 635
850 235
218 422
913 391
524 826
325 470
984 958
764 426
645 981
883 616
462 296
485 874
779 126
580 269
59 455
250 636
210 399
736 190
953 704
909 312
777 360
359 542
575 376
886 308
655 250
721 103
12 942
20 984
973 94
218 533
544 733
426 360
655 820
564 324
435 874
810 462
229 49
579 54
602 80
8 316
275 603
353 881
920 27
523 143
457 986
907 17
941 651
465 593
605 45
261 177
205 697
208 93
334 624
140 303
991 782
796 531
728 225
923 976
507 112
601 650
73 315
584 173
282 274
481 926
668 984
869 851
147 441
150 528
840 364
885 204
396 829
549 892
413 136
42 176
248 771
544 25
580 90
714 78
352 961
382 597
518 912
495 844
876 246
889 397
978 792
408 616
879 251
570 816
14 209
613 295
922 765
549 23
504 609
49 20
600 494
264 404
457 781
917 568
993 973
683 519
582 966
885 820
33 121
590 686
380 20
470 547
819 469
664 374
702 461
925 326
341 449
992 439
427 812
789 535
917 737
300 269
38 576
242 549
566 356
261 894
785 698
546 921
511 67
394 351
813 881
400 154
566 880
632 890
590 584
431 909
821 763
604 532
938 326
335 171
947 776
18 480
691 18
204 214
451 843
537 22
486 516
11 271
492 911
769 601
750 35
17 121
435 390
719 969
364 422
618 237
507 308
939 436
167 355
409 368
880 339
84 256
983 93
58 382
102 335
528 890
397 784
144 57
890 317
86 747
405 512
471 722
26 51
316 629
791 776
326 883
766 628
641 31
934 702
705 56
386 825
867 131
371 945
169 599
622 691
160 182
939 237
671 817
623 489
201 370
19 861
910 180
502 728
307 114
874 202
341 203
301 443
27 818
950 601
359 665
126 441
474 105
753 670
183 692
318 969
114 832
808 46
697 945
890 866
460 873
614 914
650 642
327 101
821 985
698 722
609 748
610 372
424 211
455 56
938 907
306 3
183 748
998 475
339 697
798 72
92 439
918 894
447 269
225 199
11 545
214 891
320 380
967 822
325 101
213 456
295 197
995 691
555 348
100 520
120 240
901 367
418 562
147 484
82 8
404 933
875 407
135 178
181 452
895 115
708 482
457 9
18 272
533 121
138 247
584 841
223 985
143 491
971 612
202 821
235 907
701 611
623 699
153 83
817 66
470 134
910 584
959 804
173 369
142 24
865 557
305 397
843 359
617 418
223 919
171 108
688 853
684 998
541 250
26 81
440 252
866 926
462 485
985 630
844 809
948 342
124 460
503 939
670 570
686 31
105 911
126 853
533 817
322 161
756 419
974 239
456 648
51 824
98 657
636 381
538 313
29 221
120 148
718 789
5 836
360 957
540 518
154 221
659 758
272 498
415 106
125 937
434 376
533 376
704 995
406 230
472 129
993 650
858 723
709 407
16 499
56 536
494 365
893 579
160 641
757 471
689 71
298 156
353 345
321 400
714 442
376 467
400 218
571 658
880 908
559 372
828 220
892 870
326 305
356 510
367 799
169 342
900 675
773 223
10 932
218 857
79 47
45 820
957 955
551 866
126 303
330 474
19 361
318 472
973 782
206 675
238 397
632 854
879 455
266 918
334 935
711 917
61 299
707 471
25 188
35 733
496 58
852 91
572 837
625 127
946 654
58 794
448 21
95 5
386 585
449 846
918 240
949 60
987 329
564 471
471 907
529 989
734 733
630 404
993 521
245 697
774 384
357 554
134 807
725 717
308 288
612 939
706 663
946 226
501 327
815 612
490 373
74 509
618 32
751 237
797 51
549 822
643 181
653 476
58 239
200 975
421 553
175 279
445 474
646 251
771 662
888 348
152 555
457 450
623 625
705 466
679 713
271 476
662 758
470 110
734 736
680 878
880 192
815 120
822 847
288 312
312 529
637 930
907 592
380 921
845 625
629 83
451 494
206 425
336 149
116 529
886 989
936 945
759 17
823 441
244 66
650 671
161 246
356 244
39 419
128 522
509 174
500 242
678 596
231 924
610 38
533 989
824 984
846 230
958 696
94 455
288 697
578 854
913 981
517 852
494 731
767 478
936 411
555 826
774 359
130 630
622 425
780 922
419 757
670 279
236 11
888 525
477 966
893 237
714 238
780 729
658 159
715 582
525 695
22 859
203 878
103 4
998 965
121 610
452 393
141 284
269 235
292 246
273 41
57 595
393 147
505 146
525 82
854 985
753 512
798 787
973 487
484 66
141 349
280 982
517 305
420 556
889 125
594 776
762 794
722 835
239 843
355 77
875 226
344 119
105 369
828 26
806 598
890 552
427 652
808 290
71 457
83 278
689 276
626 519
960 614
354 747
728 944
409 843
993 252
376 229
673 836
43 916
557 877
298 729
467 261
894 155
732 790
869 640
70 570
14 362
834 67
501 386
731 56
982 715
183 126
325 968
692 511
990 132
560 516
188 694
992 986
968 970
895 697
885 109
32 442
447 309
106 583
717 329
730 976
820 483
827 965
378 189
672 488
292 726
103 593
921 486
992 877
401 624
94 697
890 316
188 588
128 561
916 830
44 828
136 189
242 398
86 265
882 59
278 796
248 467
896 379
148 106
543 578
643 85
400 805
552 323
153 632
824 160
493 532
182 842
794 178
63 477
858 688
379 248
262 844
370 970
442 414
325 633
565 773
521 488
457 385
984 476
183 600
43 585
741 152
746 876
677 563
5 546
473 980
26 173
40 411
260 942
943 385
100 856
995 429
54 132
7 840
533 800
474 774
204 602
529 441
942 134
460 203
752 301
133 439
193 582
602 72
807 81
313 390
963 820
6 88
528 233
337 486
80 467
100 401
846 392
418 195
541 11
530 766
662 865
603 16
35 50
345 563
193 313
181 44
218 89
600 88
290 941
27 536
66 52
305 936
869 904
914 122
748 975
485 752
93 15
161 666
970 106
295 41
517 209
130 814
259 603
674 112
750 867
576 629
161 96
569 349
333 335
261 580
223 273
955 338
228 816
614 735
154 269
516 498
102 631
902 244
134 959
927 960
141 617
850 634
299 403
651 487
353 641
363 647
56 57
690 706
359 755
115 898
290 12
254 898
706 580
331 431
613 807
706 64
936 810
320 721
827 339
557 963
327 550
285 216
579 440
910 767
947 5
295 451
784 168
610 815
884 207
29 417
620 68
554 215
896 818
578 517
326 547
719 852
581 423
817 82
677 476
162 565
966 396
881 13
444 394
52 365
802 649
486 513
146 898
557 458
118 881
563 51
44 231
342 962
56 729
93 163
71 305
844 356
535 814
661 532
640 731
413 272
69 308
156 134
137 823
306 683
96 146
606 104
490 86
84 645
57 60
310 698
115 52
590 775
722 956
384 594
766 593
350 762
140 540
117 828
448 676
859 169
884 627
899 695
737 143
815 159
409 289
536 546
304 126
67 659
794 21
410 683
571 613
364 363
329 486
440 369
18 523
319 43
254 270
462 133
778 840
541 978
874 902
585 326
4 659
413 876
414 353
837 663
9 72
977 858
552 792
405 421
196 966
676 95
886 4
652 150
862 958
578 53
698 366
6 91
