5000 4000
176 659
587 253
125 572
642 91
677 874
411 94
231 744
815 195
272 877
948 715
218 141
442 993
867 574
739 826
585 428
43 518
988 88
274 409
548 900
825 36
268 537
124 288
257 27
95 757
472 202
643 780
928 66
211 117
891 249
105 408
213 738
762 935
610 62
928 396
577 504
16 232
44 881
382 610
493 112
302 756
222 856
264 414
26 432
419 878
465 641
219 48
902 153
635 98
932 804
786 815
997 139
809 391
669 807
822 944
852 935
465 263
77 474
276 287
808 907
765 529
834 115
235 896
643 93
669 979
264 397
259 118
991 266
928 274
170 283
385 899
567 767
643 90
155 196
565 937
136 761
897 915
919 208
249 266
219 865
724 442
814 692
462 956
183 69
309 806
125 926
252 977
690 961
122 537
120 635
216 562
696 276
293 425
802 205
485 707
647 583
341 322
495 216
531 384
510 719
794 461
576 873
705 292
252 577
943 333
919 988
520 355
151 950
219 877
573 222
571 349
364 521
167 273
975 561
985 54
640 457
216 949
766 179
532 978
819 758
941 105
668 71
856 123
640 54
189 934
695 989
447 722
648 163
531 65
121 382
914 583
276 483
307 284
959 794
895 303
979 95
795 407
673 756
57 214
807 468
509 336
347 919
86 535
683 498
60 681
677 599
104 872
294 472
233 340
910 134
96 265
180 289
411 365
877 507
763 343
942 690
482 275
894 973
575 415
303 324
597 421
616 532
457 109
537 285
582 225
384 755
479 14
585 874
873 458
614 40
643 224
920 717
782 490
531 432
275 792
485 331
363 681
116 291
565 545
726 269
620 388
514 478
978 943
280 189
21 184
849 128
989 761
857 41
897 785
660 204
109 853
934 117
738 422
558 909
573 277
637 917
357 843
618 524
658 622
690 82
947 93
429 219
218 692
755 292
416 704
586 14
221 932
399 70
662 825
921 491
206 628
548 706
902 162
972 121
646 226
782 956
191 161
367 315
949 876
495 598
856 249
242 705
910 566
380 976
826 959
462 162
919 377
501 959
662 70
854 496
961 43
354 491
989 805
91 680
166 582
888 783
147 725
618 90
426 722
187 962
763 168
817 988
140 111
187 535
93 836
104 267
542 950
750 766
608 434
69 446
860 980
257 692
600 413
6 465
366 959
690 428
364 21
161 391
73 175
770 183
861 86
945 59
580 833
588 936
898 382
860 900
204 635
216 883
335 392
647 597
883 104
21 400
541 263
430 341
312 226
684 641
648 949
174 428
231 156
274 938
77 449
444 60
973 219
362 263
590 986
169 38
969 175
453 162
323 828
683 27
745 352
448 243
740 588
998 741
425 264
491 910
794 833
663 237
380 392
693 434
330 939
525 166
637 706
360 158
558 872
907 436
113 437
709 695
286 630
533 52
571 320
955 438
902 256
878 758
337 69
532 922
731 180
773 711
153 588
377 570
320 728
477 793
644 261
882 32
534 362
143 659
201 560
928 605
869 230
38 721
285 126
658 925
347 592
606 254
977 948
923 756
604 995
195 560
143 585
74 523
545 218
872 293
641 951
468 750
622 608
399 320
59 355
85 328
903 471
203 706
836 266
74 516
23 905
242 291
57 912
610 247
365 940
786 658
366 927
347 615
554 964
561 909
760 759
349 368
483 118
477 41
289 423
600 665
735 274
724 169
200 86
466 672
933 700
179 730
748 282
625 202
638 643
923 748
777 133
878 500
326 383
472 216
795 568
943 480
601 532
463 227
365 320
264 307
978 293
346 10
99 454
415 991
191 21
275 942
443 422
498 198
752 564
634 942
8 573
217 673
817 156
444 71
537 548
969 869
264 820
623 250
800 491
75 821
503 645
88 700
734 651
762 501
772 40
506 487
859 239
768 202
765 964
627 807
937 613
521 384
802 644
409 279
994 224
611 329
962 588
607 461
25 546
206 522
806 421
980 428
563 727
34 612
329 11
674 722
542 567
859 814
290 488
431 185
638 451
530 395
789 695
704 943
991 80
615 583
666 184
312 269
255 2
800 360
668 637
907 58
822 195
169 201
722 318
967 917
626 309
122 639
328 466
509 522
465 755
813 197
118 37
9 738
455 217
459 193
492 101
52 448
338 101
672 525
286 84
48 857
411 585
72 158
57 358
729 626
813 105
803 678
386 150
460 479
577 450
939 984
653 291
195 982
385 822
101 92
265 235
752 752
528 858
667 295
438 513
517 960
445 591
947 808
970 329
58 107
632 907
50 249
680 37
930 162
379 154
911 966
207 499
973 678
853 740
339 698
471 162
421 319
554 506
339 247
539 533
689 946
803 516
556 218
654 79
656 932
355 973
783 957
249 850
155 562
396 855
950 331
778 736
954 428
555 912
713 624
633 10
278 813
212 570
56 931
128 530
624 645
613 393
753 513
667 787
156 531
467 681
995 72
523 723
557 769
371 829
238 7
832 817
276 721
685 369
967 57
348 704
477 695
378 81
940 797
220 605
558 372
317 851
950 126
915 604
249 183
231 106
240 447
654 120
421 865
829 883
363 578
222 122
526 844
407 22
673 677
344 290
328 823
632 91
963 494
982 198
45 241
390 323
303 164
787 911
879 641
29 149
330 334
318 419
551 454
310 6
861 439
513 700
416 55
501 447
200 67
35 785
648 524
674 226
573 435
164 62
788 593
644 30
144 714
400 34
168 824
324 737
685 256
185 323
126 72
277 838
599 836
304 302
104 671
863 542
893 724
530 622
943 858
694 563
4 472
472 664
476 344
585 234
557 9
814 676
85 234
540 652
603 244
224 581
803 63
919 574
125 787
603 889
171 849
403 649
929 350
345 554
952 591
411 862
792 96
368 680
839 203
549 684
944 878
25 272
413 208
663 708
720 334
699 767
279 905
748 418
68 39
8 677
714 755
984 778
991 226
424 490
322 99
180 540
152 977
13 691
864 892
69 859
87 44
571 408
644 488
980 22
898 450
829 891
226 641
192 904
489 848
229 887
208 852
608 714
585 49
380 130
983 499
915 357
738 707
271 369
283 142
517 993
43 11
448 727
701 309
213 666
991 161
849 143
919 637
919 404
868 540
599 657
747 984
120 250
890 935
871 579
63 585
458 57
839 340
51 365
4 235
339 297
890 409
19 396
374 840
652 998
887 503
337 103
474 451
204 595
51 678
865 274
281 635
903 224
892 699
110 254
260 14
392 975
651 301
190 377
128 29
150 443
366 630
940 353
137 610
805 711
657 819
459 413
597 25
813 101
253 702
161 198
259 85
774 318
757 104
46 793
291 691
188 538
750 789
341 373
101 884
14 781
123 683
481 323
741 550
591 128
165 771
387 781
190 392
32 691
634 668
585 818
989 911
571 757
173 74
603 110
368 377
48 37
93 647
783 59
903 433
480 583
277 82
224 41
561 611
175 814
652 495
745 991
256 405
478 734
231 238
922 87
261 881
160 757
310 251
997 737
104 618
6 749
22 289
133 33
670 817
804 786
259 712
596 207
776 792
305 193
653 609
450 786
20 176
944 500
103 474
942 483
919 506
389 766
258 123
441 961
633 545
352 881
114 926
734 201
981 522
693 21
265 103
341 77
760 487
85 191
871 374
941 481
5 600
965 772
780 535
277 755
244 549
15 389
302 884
815 556
999 983
584 535
83 75
903 602
211 797
591 748
924 870
449 586
829 252
442 657
306 706
85 816
796 295
154 65
770 292
899 165
296 312
257 303
265 378
495 298
516 922
999 906
897 496
951 934
573 815
652 529
468 616
623 667
103 32
636 442
584 597
846 501
863 731
584 384
144 325
411 313
788 590
34 906
281 3
81 448
477 31
402 259
545 348
444 8
537 79
575 610
794 661
392 238
826 430
690 890
687 793
954 473
47 910
58 998
848 239
529 791
624 747
655 740
706 385
962 575
109 555
544 961
697 991
399 550
646 784
47 824
304 926
361 705
878 363
650 834
542 610
226 891
535 346
632 213
227 506
143 785
622 221
386 669
936 483
812 283
176 99
781 421
711 737
44 86
350 331
132 390
915 698
772 940
784 548
625 732
78 124
44 730
806 137
128 248
931 851
457 169
722 910
550 289
334 553
771 215
472 622
628 825
451 357
537 210
891 372
562 384
317 379
210 24
704 171
88 929
624 756
693 754
99 963
861 680
783 958
412 155
565 739
439 155
357 998
677 117
477 279
618 468
620 515
594 701
878 413
438 330
480 712
390 261
707 895
261 689
476 410
908 102
450 438
200 765
733 659
912 840
308 711
658 764
605 9
651 575
259 507
614 344
719 772
348 706
269 598
201 591
3 347
956 601
645 320
786 694
775 773
238 45
318 783
146 908
633 554
278 786
515 798
318 230
117 240
504 951
305 490
180 155
194 802
37 621
933 474
513 57
131 626
226 525
891 685
522 627
795 713
338 532
36 74
441 267
440 428
155 348
13 442
919 770
405 511
635 963
422 349
973 711
271 612
314 902
757 164
737 899
219 874
298 181
719 409
159 388
49 62
243 817
154 71
745 697
689 772
780 368
181 938
246 875
418 406
822 146
497 351
289 535
806 141
863 308
769 518
858 49
677 999
711 863
759 867
172 638
650 575
186 893
160 432
52 879
696 227
660 186
159 310
373 610
81 942
102 678
6 122
74 978
170 469
507 475
725 487
778 983
632 776
3 967
755 913
450 599
261 284
537 860
790 818
579 495
194 4
553 343
246 747
192 903
672 828
125 647
141 453
765 775
298 447
515 937
291 726
694 559
775 325
176 875
295 382
391 201
528 163
333 999
211 29
628 94
944 951
995 101
930 137
52 894
590 61
60 560
518 677
704 980
193 91
520 643
164 629
561 435
425 782
800 172
26 420
22 398
491 33
326 412
234 758
438 636
247 291
625 544
459 956
679 249
343 505
372 322
824 552
751 824
701 713
435 185
16 289
116 714
76 885
553 968
714 241
310 822
114 445
695 18
263 703
207 630
70 770
714 761
162 937
703 152
84 500
114 641
793 884
696 225
66 206
929 876
448 385
632 19
839 92
963 841
105 733
600 249
749 333
830 185
389 50
671 249
319 201
520 768
786 259
125 968
649 24
332 259
686 260
56 780
995 45
204 519
276 235
458 386
352 638
233 137
245 593
306 888
786 613
202 67
274 284
214 162
992 158
564 541
172 837
853 708
234 696
459 72
13 506
205 548
459 729
870 352
989 317
752 913
313 588
529 451
960 146
952 815
43 4
121 635
632 678
883 548
523 690
277 821
425 842
368 38
590 490
123 16
730 384
387 95
229 631
296 332
312 657
259 787
526 859
317 806
742 413
30 395
611 197
524 596
830 62
559 471
563 548
235 131
806 531
603 761
948 723
226 962
905 959
313 977
680 326
391 489
287 342
436 343
308 411
244 715
648 656
631 202
334 202
566 141
618 456
552 740
279 556
395 351
287 616
511 610
146 991
515 98
534 446
960 493
471 160
374 103
755 169
449 502
516 441
483 88
193 638
276 583
714 665
116 365
324 552
16 336
754 413
3 693
186 993
930 125
33 18
550 811
593 527
48 607
13 444
846 828
342 45
509 441
980 297
560 678
520 382
481 639
300 111
57 975
297 275
770 263
712 610
58 192
974 216
477 841
703 894
965 729
918 718
526 60
173 201
715 153
644 540
814 932
552 333
487 548
598 87
826 10
658 780
153 839
994 152
682 45
170 605
50 91
399 761
133 760
159 656
252 444
418 741
309 692
272 531
255 333
3 417
177 824
522 580
887 56
588 643
587 838
735 341
993 310
188 847
193 768
24 758
528 656
765 65
472 257
338 709
275 660
200 832
768 878
161 883
530 590
696 435
317 75
928 916
275 738
331 126
796 643
694 522
314 580
460 510
815 302
279 890
63 211
171 844
795 818
934 578
366 990
161 238
602 67
420 979
464 898
891 631
394 156
284 966
799 616
607 983
977 887
113 307
648 601
699 280
184 482
174 566
455 739
757 260
343 555
123 495
257 408
923 185
411 920
75 406
176 502
173 907
616 391
947 491
389 781
69 692
244 582
40 981
663 132
643 635
323 245
196 723
119 294
810 223
579 235
69 495
160 327
383 415
660 445
83 781
525 627
613 106
419 662
317 392
361 402
289 379
800 518
516 630
455 294
71 919
611 497
908 891
453 874
69 716
451 624
50 359
455 150
926 306
479 885
957 388
858 683
606 313
838 415
72 134
928 793
812 981
905 515
267 805
548 206
29 826
546 720
5 437
889 980
293 230
299 750
146 507
736 256
411 811
507 727
745 867
550 876
366 96
150 398
223 327
885 41
571 105
930 646
54 680
743 422
951 32
267 853
157 594
179 631
758 987
903 924
105 441
485 57
887 236
674 336
964 961
502 7
735 974
988 871
407 521
165 603
662 84
968 390
516 580
294 758
176 859
22 753
223 234
765 266
802 698
441 419
343 956
847 578
801 775
686 836
452 46
969 158
203 283
493 612
331 644
217 400
374 758
314 778
349 110
650 164
344 615
392 377
811 91
839 137
365 796
519 115
131 582
623 854
36 389
20 832
981 426
956 522
301 4
431 266
597 893
36 39
132 470
688 286
154 771
972 522
941 790
427 924
529 560
511 927
361 137
713 406
307 450
49 832
713 581
845 733
605 451
542 546
496 945
369 741
716 123
335 1
95 549
860 670
863 420
341 184
718 236
419 43
93 916
804 462
314 606
95 473
554 196
519 907
828 849
123 515
341 927
814 870
731 871
139 335
755 894
583 261
780 485
810 728
296 689
67 771
894 492
163 972
360 752
573 472
345 168
525 723
264 128
51 743
472 668
244 874
287 28
991 219
125 291
930 481
133 565
294 977
246 799
515 81
186 814
621 436
780 809
641 157
526 793
750 84
570 708
760 944
625 699
798 183
776 497
139 993
102 483
522 68
932 471
845 874
991 131
553 996
331 579
49 393
496 838
598 346
726 699
715 617
541 573
926 419
205 867
172 462
484 248
380 278
305 158
513 764
545 165
626 73
73 277
841 589
643 377
869 871
427 956
839 402
194 114
328 303
867 211
313 953
19 782
283 306
651 242
473 86
164 361
862 376
417 275
79 447
74 245
435 252
801 42
411 610
202 12
948 37
36 468
491 96
786 606
338 648
79 259
762 368
408 939
815 920
394 303
507 884
66 574
103 311
605 144
615 529
911 982
22 73
138 241
6 238
770 371
853 818
601 665
75 289
436 54
480 370
881 445
187 72
210 790
361 919
391 405
667 497
588 857
461 662
480 526
407 700
534 235
626 797
932 706
979 801
252 101
494 394
247 554
897 365
701 816
519 930
464 66
602 876
209 911
908 598
635 965
362 445
16 257
537 442
578 251
92 181
947 483
416 215
847 110
712 459
861 427
196 404
49 394
123 482
214 223
353 616
750 150
669 964
884 678
90 34
273 30
358 904
105 651
955 683
291 632
673 800
968 498
177 402
802 68
828 445
160 523
561 763
645 408
592 938
77 257
51 281
88 786
938 838
995 698
42 405
465 879
453 172
861 234
538 648
762 546
434 928
404 577
902 152
553 380
104 597
932 392
694 133
383 503
757 670
823 943
665 7
389 905
308 614
800 368
244 438
918 946
185 570
526 169
198 67
347 745
974 214
709 295
453 328
847 567
276 175
244 535
375 4
298 291
491 298
64 302
27 545
912 860
784 66
260 354
971 42
322 695
323 119
724 228
854 99
845 471
210 310
586 386
808 702
831 80
347 155
899 94
680 803
502 57
846 527
832 479
673 612
408 191
562 373
843 30
841 205
662 848
987 516
17 171
708 995
816 507
295 254
714 338
404 315
661 250
258 993
883 814
385 469
948 688
238 784
226 124
23 496
94 45
590 799
168 527
323 976
994 897
939 44
547 588
208 445
707 140
352 250
603 591
597 127
102 735
418 25
327 810
944 922
490 141
922 788
962 181
944 50
218 364
838 386
789 286
614 106
815 1
507 459
248 608
522 649
631 416
948 968
816 685
535 264
192 359
855 197
437 133
230 160
786 166
817 668
169 219
470 169
510 538
168 994
121 351
989 208
890 951
16 942
609 179
935 878
728 87
417 719
369 224
515 983
475 110
344 881
242 507
792 985
646 163
69 827
869 97
393 761
722 955
764 578
97 735
433 332
253 660
211 765
178 375
710 677
509 487
891 471
307 98
116 919
639 503
89 897
97 631
369 385
793 888
83 239
778 239
493 757
851 707
213 349
622 612
548 317
356 892
464 653
233 445
214 795
757 102
506 52
931 439
647 598
422 893
838 305
441 591
151 359
614 884
786 71
929 646
172 769
922 970
440 303
250 418
606 248
814 645
903 345
556 965
357 935
522 601
193 642
276 829
47 780
279 121
833 871
347 363
717 760
724 495
691 276
115 815
172 697
313 845
824 549
480 698
796 810
801 151
89 806
241 975
43 458
763 723
308 988
923 523
716 563
372 752
570 833
75 431
757 371
482 827
391 681
627 410
295 650
851 215
111 888
919 863
768 404
424 386
485 632
118 522
632 32
760 745
124 356
802 505
153 74
903 513
200 872
102 291
165 541
39 909
100 239
917 452
87 241
663 123
756 13
648 319
160 256
474 444
364 511
69 312
785 451
32 130
881 14
614 890
507 853
380 556
839 495
427 278
507 283
989 297
573 966
792 921
677 585
139 848
981 430
341 636
120 630
796 184
675 754
945 42
534 957
749 851
356 20
323 907
759 625
544 718
895 475
124 713
446 162
666 575
178 259
231 567
561 105
344 52
908 200
822 994
249 966
697 960
531 764
346 916
47 160
558 802
667 353
624 35
594 742
900 9
365 640
774 737
84 656
850 725
398 437
247 759
502 471
221 989
543 603
634 386
904 684
787 954
30 733
128 817
906 667
534 860
966 435
631 681
640 862
699 67
112 783
761 260
401 727
925 615
37 178
169 254
3 238
781 821
994 702
1 547
74 640
113 283
604 816
425 590
353 180
896 718
308 360
5 53
65 55
520 481
48 128
913 592
475 313
909 709
92 186
956 25
243 437
622 924
860 685
742 186
533 633
465 83
460 463
482 757
941 74
360 287
889 615
755 526
850 555
576 719
553 417
278 226
967 449
652 106
896 954
196 744
730 319
646 383
827 425
898 650
528 46
841 785
491 277
163 475
159 879
689 461
433 902
693 841
356 749
102 250
618 363
505 389
471 623
810 696
193 20
791 79
951 684
458 479
417 485
468 474
391 431
838 288
687 666
331 557
133 400
562 414
839 468
283 684
107 971
335 454
252 293
650 997
646 917
188 488
606 857
124 142
871 600
750 342
901 911
92 886
830 890
105 820
114 951
232 686
328 714
380 577
670 677
226 175
87 829
772 938
705 817
876 663
995 61
439 420
245 478
843 260
471 946
811 637
514 876
220 434
941 499
393 30
295 634
477 495
108 735
591 753
79 547
141 995
198 413
245 845
141 72
460 52
984 841
954 950
52 444
303 489
596 340
173 949
620 599
466 489
717 847
198 865
564 80
617 207
872 478
112 427
36 486
753 339
665 316
570 629
8 78
703 468
635 648
355 998
929 974
434 217
526 947
759 997
337 256
311 97
473 511
808 535
434 528
869 268
958 489
621 942
388 641
162 462
239 883
750 947
13 871
359 757
984 257
865 614
450 174
649 156
479 935
569 869
536 511
57 177
966 996
804 336
356 369
662 382
340 549
957 909
771 410
450 605
654 578
499 685
996 936
705 278
606 454
154 576
490 278
688 918
553 263
963 544
929 290
759 820
994 376
462 615
444 731
709 874
987 688
56 592
326 583
706 99
281 743
839 751
682 637
990 21
412 881
446 187
203 592
309 978
448 265
429 216
119 888
381 421
745 244
954 571
777 677
405 588
694 438
300 112
532 729
706 79
840 604
134 579
256 585
872 914
322 640
537 808
22 496
107 345
698 611
239 519
256 108
920 909
918 853
543 123
993 236
187 961
929 706
742 438
387 621
778 313
520 380
105 944
934 793
60 676
84 614
54 17
626 664
937 66
84 779
708 305
658 350
607 792
642 742
952 882
106 821
166 900
697 791
918 58
576 945
575 449
175 646
364 254
677 529
134 293
513 521
853 249
396 843
53 876
837 723
529 363
614 340
719 35
512 254
354 686
225 50
50 979
888 234
196 468
256 211
71 221
319 928
945 871
478 642
887 161
15 33
39 551
276 726
681 731
570 679
709 607
441 259
199 327
822 150
700 192
873 188
5 206
178 755
59 319
830 632
812 659
469 986
898 920
167 148
563 622
328 611
971 204
276 295
350 505
364 349
531 440
104 915
378 833
380 231
688 509
342 838
78 979
263 875
784 646
237 230
528 530
743 555
750 96
729 325
669 45
729 988
95 550
902 294
762 321
326 164
335 6
637 780
450 695
581 605
407 643
915 135
132 300
437 968
782 749
443 826
602 371
878 742
628 851
336 172
643 774
363 781
291 519
292 285
589 749
572 131
183 170
779 513
473 696
9 41
158 550
124 925
150 758
945 974
214 694
753 493
377 70
386 970
473 309
330 106
747 656
226 865
318 184
584 953
658 971
141 351
189 443
944 733
778 305
103 467
118 942
943 541
960 306
724 539
555 383
241 91
875 923
778 484
661 378
212 959
265 118
458 991
661 121
7 667
566 554
576 467
17 560
457 274
729 108
912 737
545 489
929 901
783 637
532 75
117 920
335 32
225 926
525 335
81 718
375 176
245 280
252 742
147 50
951 913
745 367
294 120
269 426
849 783
365 780
976 538
524 634
648 374
849 84
966 213
361 603
295 23
180 647
166 471
298 95
919 948
53 331
141 348
37 729
958 8
507 575
820 22
595 875
417 658
606 518
357 356
835 58
777 823
926 138
826 733
981 654
503 460
224 601
734 124
592 209
622 869
67 236
465 806
33 69
307 19
751 772
473 202
280 948
932 311
19 686
547 71
16 255
193 801
12 91
256 604
854 514
701 760
796 146
108 77
177 706
175 219
756 488
902 542
731 669
285 412
334 853
556 992
629 608
387 221
610 615
993 517
527 424
116 668
373 132
772 984
806 742
430 72
256 900
204 607
781 514
889 19
451 920
84 679
595 470
280 599
77 159
21 290
557 82
466 132
729 589
120 259
346 118
616 317
54 103
488 161
270 4
658 791
600 639
14 69
570 953
529 346
797 879
354 536
730 864
36 241
180 340
132 671
857 185
482 383
214 312
578 805
104 845
507 286
607 795
904 357
455 456
577 383
441 513
421 31
468 126
455 260
944 338
921 446
454 522
739 894
745 998
610 695
401 627
717 894
974 166
716 506
804 908
506 348
253 483
392 18
378 233
945 305
512 96
236 615
499 774
690 307
163 954
737 271
706 59
77 281
440 134
469 296
208 284
444 61
788 187
735 675
256 364
109 622
876 330
595 166
738 107
999 911
674 244
499 231
516 342
837 251
352 299
449 792
544 774
386 896
718 19
872 369
438 617
212 30
767 240
449 946
742 425
248 792
354 455
48 2
241 619
474 518
196 308
176 9
460 71
25 115
849 511
702 301
736 96
515 292
437 872
254 849
118 520
713 298
774 611
325 140
560 735
580 935
912 384
655 835
161 776
81 808
167 902
466 738
957 225
34 721
642 166
628 856
916 807
134 351
142 21
603 325
360 22
136 175
820 380
499 985
524 604
919 453
277 479
590 641
365 773
963 317
710 874
954 935
189 126
871 154
369 534
544 142
327 11
174 447
794 635
452 947
887 699
433 599
97 483
27 1
74 938
189 307
146 912
557 382
510 535
495 96
329 83
678 413
514 4
56 398
261 874
23 719
356 828
342 618
690 128
402 823
848 837
193 268
179 195
41 715
245 607
654 79
558 917
638 617
887 160
429 740
720 905
679 490
286 604
704 730
457 543
49 30
462 244
412 269
752 650
617 552
60 372
336 146
178 549
262 5
855 734
794 98
134 443
134 76
130 929
590 148
502 8
307 19
165 344
711 376
976 728
510 491
530 750
645 390
935 999
265 297
218 633
582 506
433 976
318 989
778 383
240 539
543 467
758 356
840 832
667 947
294 695
847 761
615 265
128 771
141 872
632 888
383 917
28 273
786 300
408 290
3 707
722 190
388 851
296 191
18 304
448 104
853 869
493 193
336 609
67 906
67 674
385 195
31 15
733 852
121 550
7 857
536 669
508 284
809 473
298 437
901 678
203 353
372 868
494 719
759 792
325 646
524 163
386 799
695 419
229 239
398 945
943 178
172 764
246 586
68 332
866 680
187 562
368 842
279 27
63 960
614 148
588 377
796 837
887 277
2 182
844 304
215 449
571 543
466 681
98 394
760 349
30 998
77 564
341 929
814 103
414 674
999 734
648 527
402 637
144 73
537 463
316 552
684 65
176 16
460 573
577 504
14 618
816 249
705 745
916 894
696 452
732 817
308 908
496 721
365 582
814 278
930 866
507 935
795 631
567 955
550 222
408 50
3 308
374 6
233 319
608 298
487 470
450 830
318 452
760 217
342 723
889 962
137 875
216 409
390 720
326 803
320 585
116 566
462 954
62 386
340 61
9 551
180 605
537 515
27 127
641 469
930 862
4 397
153 175
93 740
655 916
815 176
852 630
164 503
304 944
517 472
949 1
566 795
287 451
728 403
240 79
234 641
153 666
888 285
732 861
272 533
729 853
248 380
591 282
958 626
917 220
714 42
990 507
787 39
924 811
374 888
701 484
319 799
233 74
629 575
95 629
272 165
120 709
558 749
663 178
236 532
699 817
461 79
853 56
612 234
580 839
870 278
547 387
279 833
55 615
419 246
231 193
527 219
643 230
30 410
666 713
108 753
218 743
757 531
594 556
466 978
494 879
801 742
174 641
581 294
577 46
332 642
363 15
389 783
816 915
100 690
209 921
140 404
695 959
501 334
825 342
729 683
656 522
88 656
216 279
323 519
51 601
332 745
527 444
245 806
582 254
806 502
876 195
79 16
806 548
678 331
930 858
281 657
418 852
309 218
177 805
801 365
130 429
424 112
104 931
387 602
176 62
22 61
158 516
936 590
273 419
634 625
177 875
481 90
633 712
904 330
365 620
761 671
110 133
121 579
856 637
37 950
188 296
704 425
945 283
341 681
439 180
301 943
490 384
39 609
927 320
97 259
179 665
584 910
71 163
565 150
453 159
306 827
237 122
771 583
29 811
229 831
268 494
216 331
711 461
778 926
309 766
675 968
945 866
530 796
751 975
912 990
685 4
269 420
798 500
987 340
744 56
530 430
325 262
362 828
82 629
111 350
693 87
114 328
81 433
157 783
505 380
191 492
539 236
368 828
601 932
82 186
994 122
774 491
356 133
560 927
766 922
19 270
876 173
368 119
693 687
889 348
468 613
113 807
982 368
847 558
509 484
185 55
979 612
69 234
509 564
472 28
714 168
785 818
782 185
734 519
834 987
61 491
37 985
876 277
881 21
864 933
283 190
211 648
445 551
626 64
961 498
356 329
18 412
323 402
699 60
953 579
15 89
868 763
390 267
456 822
572 300
839 357
101 297
570 256
586 253
384 495
971 691
904 279
396 133
304 647
266 528
590 193
691 103
847 945
18 91
842 243
411 274
653 827
525 951
456 942
142 675
204 418
716 244
847 209
953 811
31 684
506 625
942 71
233 829
939 227
799 456
464 136
524 312
470 749
862 912
896 498
810 642
30 350
856 632
582 597
710 538
724 585
509 816
132 377
620 852
960 66
551 784
701 512
969 964
508 175
784 225
707 127
823 993
105 202
155 58
209 825
740 699
623 893
9 855
953 661
58 557
872 540
652 261
519 202
958 605
675 543
422 228
130 968
239 729
78 669
683 958
581 652
886 176
554 170
251 538
241 24
173 975
894 652
578 530
52 748
207 555
199 965
903 553
955 698
468 85
342 270
21 270
969 755
133 794
260 143
473 766
58 946
597 697
549 796
569 576
20 877
981 451
798 213
656 683
703 985
945 588
265 465
805 62
897 515
842 704
947 175
490 782
306 993
564 486
628 70
753 936
461 1
790 538
365 940
717 611
321 738
546 47
541 657
521 783
33 633
665 123
449 815
230 294
500 820
465 512
147 261
629 678
337 199
552 218
513 423
546 9
840 427
484 158
523 138
453 98
171 457
975 822
325 773
293 663
758 147
875 220
176 577
150 467
249 241
319 793
158 578
711 362
562 175
745 166
842 771
393 713
641 111
118 367
153 974
901 913
12 693
407 352
567 718
798 169
957 419
367 900
404 34
226 249
179 596
338 367
211 343
277 915
454 140
915 139
513 672
614 824
762 980
785 682
483 950
44 589
308 968
138 256
679 966
569 586
994 26
705 992
536 644
234 766
702 805
860 505
65 899
186 473
278 589
957 584
613 170
672 3
594 201
573 755
370 407
920 824
296 801
743 299
618 420
617 836
474 968
625 712
168 301
936 882
605 611
12 417
832 694
744 322
465 988
782 938
789 841
588 40
187 310
280 539
409 865
623 672
908 870
754 231
32 146
782 85
259 723
106 172
170 864
884 377
142 344
6 879
927 588
28 581
59 355
128 736
983 457
822 252
405 33
174 468
293 171
588 657
431 197
649 246
281 54
801 961
207 263
928 656
645 37
476 551
559 270
739 272
656 592
365 525
963 835
896 708
238 621
889 667
914 62
66 293
98 789
719 540
73 475
536 494
472 937
706 859
2 451
510 839
781 813
558 268
144 768
176 414
645 718
167 18
804 609
574 662
701 990
155 487
313 860
313 986
751 391
294 668
899 973
473 868
569 945
421 300
724 520
964 33
268 486
403 328
934 69
389 538
14 944
660 625
107 554
907 702
614 743
264 275
582 869
794 651
273 561
796 311
755 287
753 722
273 163
850 485
112 94
811 798
639 621
373 293
388 699
566 261
421 790
774 606
29 622
13 73
884 228
338 658
66 328
748 942
279 965
805 529
415 432
601 736
812 997
580 507
673 264
932 414
609 599
940 957
169 585
760 348
846 491
977 53
905 371
516 750
297 513
658 465
371 930
573 125
401 974
962 622
439 407
95 274
566 370
46 924
572 89
366 82
962 730
159 880
348 161
253 529
633 357
276 768
558 765
273 275
959 873
195 218
280 859
232 989
856 471
800 565
245 314
238 274
119 902
495 171
794 654
607 644
884 604
643 843
255 605
892 909
700 236
140 222
506 553
467 822
176 721
908 800
18 913
549 456
98 344
475 82
805 893
411 568
459 885
876 540
877 776
873 205
248 12
911 679
449 235
176 950
804 496
55 339
144 467
229 590
96 794
130 508
633 987
470 28
929 817
580 377
330 881
813 133
687 228
28 342
759 936
866 517
327 379
380 741
161 883
285 941
631 357
50 321
934 841
445 672
611 787
200 331
412 826
427 684
104 242
199 921
994 631
927 245
972 489
672 734
475 449
387 934
826 194
931 771
751 792
192 740
292 150
583 507
339 282
329 309
705 579
718 826
476 325
619 275
513 754
950 243
557 736
745 288
505 12
865 772
357 47
660 44
894 821
132 620
847 434
439 408
750 70
217 195
922 840
812 132
571 111
156 668
809 390
144 545
94 808
763 540
973 509
79 584
562 218
790 856
129 290
994 635
426 112
775 41
228 378
1 577
47 97
578 242
576 229
589 974
384 597
475 243
519 397
840 975
434 60
291 975
854 736
934 180
89 915
873 523
578 475
317 251
356 281
962 763
163 363
649 651
469 814
938 484
312 977
338 764
833 682
689 179
936 169
251 211
572 727
763 182
351 9
191 797
117 757
739 90
107 760
524 134
536 716
861 903
978 310
562 746
537 889
151 205
760 83
612 552
246 468
842 916
207 577
207 188
104 585
880 341
477 59
903 917
687 740
184 151
679 545
364 870
931 765
850 781
209 805
693 52
419 507
841 654
654 398
898 139
208 495
339 757
109 288
183 517
783 885
815 97
351 180
468 375
67 997
220 328
241 466
426 36
133 529
322 983
60 818
618 937
714 672
676 961
609 929
879 289
201 732
177 5
266 236
391 714
127 127
888 132
755 197
482 922
95 612
243 910
862 239
195 569
351 504
881 298
587 576
458 445
44 135
317 947
545 102
166 552
236 621
949 433
100 232
112 913
806 611
473 78
450 390
46 250
631 607
152 941
201 795
525 157
844 636
287 748
965 37
726 666
315 751
562 9
621 319
201 996
93 978
609 86
929 817
932 731
430 444
154 302
421 701
531 551
406 880
941 863
331 26
726 907
886 228
441 768
286 402
665 872
831 627
322 880
329 520
410 319
192 831
611 779
218 67
84 741
571 325
880 972
989 223
837 219
462 991
579 731
222 564
259 78
724 655
970 791
242 869
379 165
290 652
848 173
449 947
465 913
729 748
258 161
741 764
72 866
217 287
302 169
494 887
6 237
92 412
835 723
859 170
982 423
822 53
314 493
136 589
691 487
904 135
138 478
97 707
917 782
956 247
482 81
625 499
398 782
46 871
886 114
353 383
373 779
765 262
185 733
997 143
389 660
778 623
754 130
903 155
752 664
51 131
390 962
184 251
830 49
960 638
428 673
471 579
736 637
883 89
812 664
466 851
886 852
781 250
507 442
206 732
783 518
271 314
764 784
451 43
663 877
127 822
476 869
503 800
803 926
6 520
781 371
322 285
790 800
88 345
462 875
765 712
254 584
624 803
525 652
534 133
402 461
632 643
761 153
743 819
738 72
454 79
596 392
78 548
308 959
745 216
680 406
477 729
870 580
795 978
756 435
444 531
801 916
131 118
185 877
558 891
571 190
276 439
459 712
987 589
376 871
194 579
217 763
91 535
998 912
403 361
91 79
517 103
985 79
507 133
919 230
507 51
550 583
429 459
374 879
138 553
402 258
933 930
801 129
887 76
62 49
485 18
451 261
415 894
414 428
598 834
438 900
624 487
335 903
221 877
437 911
554 402
604 973
476 625
213 361
253 16
465 5
554 381
570 862
135 325
447 321
348 925
739 408
905 416
982 595
546 461
987 603
893 542
685 467
29 929
697 569
308 297
414 78
54 167
921 686
176 485
82 743
157 717
479 636
386 70
491 49
751 313
540 74
613 708
85 512
492 299
248 824
367 94
425 816
99 208
427 641
601 605
347 712
960 272
424 999
740 744
745 872
905 574
693 652
749 734
959 324
604 198
202 108
597 532
312 124
850 288
893 978
650 387
874 573
72 317
800 238
780 223
256 917
156 550
354 178
946 310
850 323
645 72
143 909
546 368
626 4
455 945
617 247
81 227
606 690
666 179
570 558
707 576
333 659
69 416
967 861
260 932
76 175
913 453
178 425
910 982
22 253
264 92
429 366
112 488
366 702
333 323
618 421
434 742
348 846
914 25
10 925
815 239
283 748
102 673
587 522
404 937
700 844
373 469
641 289
673 423
635 600
173 838
195 912
949 918
222 234
70 161
494 702
179 74
580 732
266 872
22 41
862 682
781 866
756 795
432 729
291 41
175 427
766 420
989 219
826 39
124 185
13 860
815 95
425 72
706 611
842 207
382 667
964 421
822 114
387 760
922 299
748 49
428 9
746 345
174 308
210 217
710 703
738 875
631 170
575 634
904 480
469 268
729 687
513 946
733 84
353 431
995 728
581 765
840 715
208 905
872 631
862 135
791 944
464 305
717 759
410 969
580 652
488 377
108 286
522 951
313 236
595 141
706 875
788 431
384 325
62 599
958 140
613 111
226 247
74 554
768 681
461 858
968 895
275 871
579 476
218 439
781 681
977 386
516 424
88 284
454 742
715 631
516 587
66 835
782 824
188 746
879 394
681 804
902 603
206 175
375 884
381 244
270 539
812 137
913 21
724 50
461 373
238 884
581 414
954 803
638 762
432 716
548 923
259 158
32 702
35 71
121 474
369 791
95 274
277 43
379 661
923 381
299 654
372 964
283 493
636 731
115 35
967 103
681 482
764 743
362 598
54 678
133 721
619 442
520 107
348 948
802 515
397 168
107 423
572 675
814 83
646 253
678 330
675 400
908 989
287 779
900 342
941 585
89 369
885 300
909 387
909 438
890 460
568 931
466 984
909 419
898 752
91 912
425 86
937 730
146 312
511 856
333 222
189 242
553 97
905 902
213 672
290 618
213 766
155 343
558 716
458 673
125 197
553 755
636 489
679 248
884 877
294 851
378 99
534 618
491 815
119 689
283 291
441 487
582 363
798 20
720 38
530 451
609 687
333 349
903 557
671 867
928 629
300 237
73 868
117 79
687 960
978 913
916 774
989 748
656 611
198 171
249 890
901 590
918 720
136 938
524 603
614 460
775 209
225 441
79 166
423 407
657 900
977 865
922 772
685 653
997 615
609 328
653 906
314 869
752 198
378 368
47 38
57 909
542 267
350 529
694 173
673 374
626 996
922 257
927 232
48 74
735 693
678 72
113 559
139 627
449 73
643 775
576 89
532 271
521 505
315 775
991 622
64 594
486 577
307 107
899 999
586 170
324 794
127 779
722 234
735 953
7 35
809 243
686 193
369 337
864 652
563 239
760 219
583 961
772 577
898 328
694 72
839 662
992 118
493 566
868 866
237 848
486 316
626 610
594 236
606 304
314 804
547 234
841 375
492 38
623 633
31 440
957 434
819 754
938 376
472 715
545 426
461 665
53 714
801 817
597 842
415 951
659 16
663 803
109 854
502 63
251 294
269 643
576 241
73 658
841 857
591 729
663 567
416 794
622 497
340 701
472 660
719 992
171 704
912 556
277 796
117 355
485 9
160 519
177 903
217 682
610 224
345 634
163 439
378 720
681 874
474 147
116 722
936 117
829 930
712 656
30 618
205 995
674 215
337 806
380 319
377 737
788 34
116 758
359 42
793 734
614 333
648 178
605 645
518 158
831 53
841 315
617 310
716 878
505 853
935 666
537 249
545 704
26 186
322 760
555 328
279 907
221 374
677 981
350 159
307 585
571 686
569 880
981 271
918 9
417 557
651 99
441 995
426 910
305 459
768 493
816 323
977 918
313 691
207 878
846 55
766 314
514 742
57 175
21 642
382 175
189 62
21 432
804 354
653 197
421 846
171 938
501 97
360 450
310 764
843 61
355 875
818 648
145 215
477 338
956 433
370 191
904 989
895 544
901 682
706 398
329 363
182 327
202 325
845 825
269 98
555 636
606 442
879 854
900 12
999 780
771 324
755 316
810 868
198 430
737 401
786 558
669 273
245 119
166 965
52 994
90 860
811 92
699 732
126 952
692 484
358 998
849 909
440 380
564 328
854 352
181 521
944 784
935 193
515 400
941 514
998 665
90 629
258 491
187 225
627 864
754 814
822 601
753 357
908 27
891 518
320 954
410 558
548 228
658 953
991 142
196 925
437 548
675 922
318 365
218 548
841 435
104 521
123 73
563 415
634 502
281 23
625 220
498 280
497 30
799 868
88 685
629 658
498 589
928 956
724 993
342 304
777 85
740 741
835 51
472 397
166 582
276 943
465 915
205 398
955 842
211 440
89 542
132 895
177 939
584 423
549 5
994 14
118 403
60 195
366 230
291 57
750 912
669 879
560 26
29 737
678 609
450 545
41 962
306 173
183 99
574 940
300 228
77 650
270 649
470 272
677 515
186 310
895 328
960 156
915 632
393 380
360 277
308 959
482 880
651 450
358 55
136 388
462 587
148 95
998 834
900 879
162 84
628 529
55 539
558 561
501 537
107 926
691 543
303 136
820 843
814 500
731 86
36 11
108 163
4 685
994 567
627 651
831 900
949 803
135 735
34 490
94 320
683 850
640 64
75 487
942 922
518 140
30 220
995 886
244 135
635 139
3 225
848 808
6 756
500 462
35 862
933 826
746 249
732 880
241 890
979 808
846 586
584 803
184 780
639 578
325 571
154 408
294 418
481 169
66 883
564 124
319 137
669 235
689 100
579 63
572 348
639 69
597 654
220 497
259 558
389 701
945 860
409 598
937 967
947 755
672 998
214 27
616 420
851 839
120 601
991 318
82 463
396 97
122 584
651 412
888 236
303 629
468 952
795 772
869 342
462 137
442 872
634 481
134 196
954 610
230 200
77 762
982 785
825 399
864 134
175 115
1 29
406 802
51 771
653 494
463 148
362 288
151 978
188 781
294 449
714 983
718 173
511 376
892 144
721 784
747 334
751 183
632 751
33 109
594 580
498 985
394 703
852 981
456 710
719 792
714 559
806 777
42 474
738 308
895 316
829 157
388 463
234 319
53 267
247 411
577 331
548 652
69 337
164 574
386 929
998 888
56 827
281 448
753 206
448 856
608 188
669 901
413 380
334 807
122 742
628 553
864 468
165 804
236 53
750 107
426 201
921 657
664 349
829 161
598 984
297 642
632 866
615 962
294 211
601 931
424 193
489 383
937 892
33 149
100 914
325 764
948 226
599 183
99 289
601 920
176 554
252 468
965 709
135 763
892 328
608 579
462 503
963 310
301 241
875 231
996 873
621 384
890 537
924 10
95 866
113 774
793 563
104 165
942 276
462 408
178 320
47 375
285 989
769 455
690 252
288 617
551 506
76 670
272 592
914 189
246 40
413 281
734 280
54 22
457 431
364 780
507 813
47 434
797 637
206 503
426 435
801 207
360 863
807 242
633 804
599 601
845 847
545 194
812 941
913 553
428 437
806 496
576 159
863 27
988 276
787 968
726 756
709 705
60 72
708 421
124 773
24 774
894 572
503 711
372 335
324 180
85 878
846 478
316 432
226 696
323 279
566 628
40 267
343 254
698 140
645 654
506 367
375 984
571 127
490 140
5 211
292 258
738 497
430 110
201 841
822 432
929 568
508 827
740 575
66 893
920 174
220 214
760 127
228 848
506 249
295 267
172 384
446 632
628 204
894 176
291 710
897 53
994 610
130 369
704 445
736 453
133 40
340 721
51 976
915 643
152 671
337 395
112 850
3 807
243 929
601 427
956 253
265 680
177 90
560 141
807 701
263 584
622 47
810 143
546 267
200 732
762 309
854 233
127 389
155 74
155 60
987 866
509 603
345 548
936 720
480 340
106 110
875 92
144 626
256 600
21 941
210 897
683 827
911 801
648 883
128 77
816 652
905 130
542 918
150 665
860 960
185 245
113 968
613 82
951 36
197 364
261 756
586 141
26 439
330 287
975 43
266 798
186 559
301 258
609 871
116 339
901 20
513 213
729 286
889 125
165 20
909 745
716 369
480 903
40 302
5 994
827 755
484 401
106 70
518 342
600 107
249 150
315 756
752 628
661 310
816 312
849 230
872 644
617 368
36 142
445 653
373 327
866 673
421 984
987 43
593 13
17 439
931 404
961 307
480 723
994 674
861 942
361 620
129 371
471 968
923 640
924 937
849 138
375 603
50 8
479 499
723 278
238 191
160 934
337 515
635 43
196 940
186 894
346 749
328 76
628 2
635 307
122 583
165 124
220 989
737 110
394 956
312 303
831 203
72 394
804 267
123 544
391 609
83 355
187 698
736 308
453 345
530 244
953 83
824 366
11 480
28 115
197 630
895 471
392 694
515 948
805 849
199 234
413 763
739 680
773 340
540 809
668 960
185 368
389 107
719 666
791 402
94 980
617 111
74 512
208 532
706 357
898 836
479 567
774 682
874 751
855 707
795 106
427 844
320 673
679 691
464 979
153 1
41 201
598 917
412 610
119 991
377 378
560 458
49 597
409 92
947 69
543 956
335 23
530 989
425 563
311 773
302 547
966 328
600 870
131 444
121 412
890 586
620 746
428 635
544 306
232 154
470 738
626 518
286 849
459 88
919 540
786 837
688 971
164 574
806 431
184 554
246 322
70 135
11 890
386 695
143 922
649 687
449 471
283 235
717 997
346 928
719 439
581 177
675 704
191 581
867 255
252 171
617 845
928 282
934 374
406 81
724 537
24 990
811 748
430 591
290 723
170 810
654 699
468 850
233 432
927 661
523 891
603 934
285 287
315 347
489 580
507 281
564 222
962 177
400 257
19 633
779 916
452 645
966 821
500 50
150 15
867 955
762 667
553 846
700 136
689 872
359 184
655 272
423 580
718 53
152 217
358 629
792 139
915 277
290 152
851 589
975 486
789 859
757 569
501 510
289 659
766 251
394 973
266 634
86 205
255 409
961 425
860 484
82 748
570 123
42 877
49 319
643 63
787 251
275 122
562 878
850 796
825 151
737 934
645 443
531 868
994 867
564 600
360 737
172 651
184 722
711 833
504 842
253 644
80 511
255 469
501 557
956 769
243 406
309 108
756 841
791 119
686 608
672 171
380 274
584 28
382 946
6 512
982 980
291 100
318 533
105 138
585 636
811 787
556 882
490 731
132 548
679 650
965 575
511 156
893 18
954 41
385 221
606 273
965 94
34 61
521 689
159 864
593 589
177 616
226 296
651 443
648 127
505 316
305 5
110 190
793 913
989 841
690 604
936 3
188 318
826 208
362 78
958 441
719 980
139 997
312 981
555 325
357 101
506 228
415 181
703 203
114 838
223 227
447 257
361 958
997 629
987 204
523 656
484 718
25 258
987 533
405 504
686 810
93 349
266 709
349 594
709 667
48 605
265 145
213 674
907 68
737 389
422 418
589 607
