5000 2500
637 526
321 509
835 364
366 981
828 543
320 290
79 969
690 372
316 833
429 498
575 404
737 805
599 326
157 374
680 555
207 181
997 445
272 388
591 393
352 415
314 537
336 7
781 751
886 938
183 496
625 55
13 327
991 241
947 19
157 432
113 244
618 558
45 658
693 153
352 939
392 354
771 137
884 292
262 744
160 176
668 782
640 842
346 380
907 463
370 732
846 966
400 335
208 939
28 105
766 520
875 714
690 781
418 251
496 189
705 279
824 421
152 230
687 553
618 936
139 877
329 661
421 233
775 933
415 89
964 704
823 855
817 260
711 440
67 766
998 71
670 205
598 707
373 240
282 831
887 684
801 410
319 115
482 837
495 690
656 12
783 270
388 193
522 851
690 823
850 733
181 412
804 577
483 636
962 595
28 373
441 84
835 838
4 787
173 704
7 415
540 750
908 636
434 243
849 584
676 761
773 62
610 12
216 996
576 777
175 530
334 442
991 65
546 269
758 373
173 947
739 643
405 194
30 717
281 811
710 84
398 860
112 482
227 371
378 475
257 665
294 642
504 559
577 42
400 476
644 484
242 220
134 712
661 990
364 31
27 726
53 459
778 778
357 970
793 401
472 616
532 463
471 473
700 653
959 572
735 262
821 804
730 630
145 635
595 279
583 86
468 199
461 386
902 114
679 446
571 291
28 192
878 861
228 723
363 221
295 844
254 270
864 572
180 689
495 52
461 235
115 189
663 526
380 185
770 403
471 867
446 600
629 235
217 959
945 952
175 880
976 668
339 336
541 771
867 937
716 601
806 461
418 830
547 290
406 546
464 54
225 650
591 251
372 182
323 599
50 406
702 345
338 159
901 143
989 967
850 154
649 667
855 273
110 713
744 10
520 569
162 461
289 707
724 534
534 71
447 165
533 132
571 163
54 236
397 293
663 391
945 913
977 842
295 862
12 127
876 622
149 931
350 253
158 472
3 239
667 413
746 923
704 837
231 589
915 672
944 428
357 702
140 558
21 112
384 618
49 918
12 328
198 260
173 295
364 535
276 637
340 235
66 321
849 678
668 747
559 154
204 364
171 79
897 148
335 543
798 563
654 508
903 132
136 140
449 290
686 386
802 993
742 922
259 244
941 559
179 229
27 757
780 541
705 686
290 516
987 71
96 661
333 207
744 250
672 964
113 644
727 626
980 223
605 915
33 714
39 753
623 677
845 971
803 623
879 660
8 381
892 377
917 796
650 456
225 119
351 267
244 822
579 122
930 14
784 704
406 563
318 697
518 223
574 191
747 849
180 196
572 334
311 327
205 642
729 20
958 954
764 379
222 274
478 959
85 106
296 701
858 252
21 274
810 695
561 20
794 49
868 619
246 519
873 491
921 62
324 595
863 616
398 706
50 667
753 700
228 395
979 349
173 457
886 263
996 86
728 935
232 69
74 277
344 261
856 278
127 896
947 261
474 233
67 283
19 891
362 687
127 902
974 664
139 62
179 224
357 954
425 259
281 688
299 5
829 620
822 696
118 627
533 184
168 148
851 475
821 401
815 99
845 286
898 860
938 47
14 115
834 513
856 740
507 755
791 504
471 748
419 852
991 703
604 489
731 244
173 529
204 402
629 10
659 593
541 559
895 215
355 43
313 932
335 115
264 357
729 22
818 520
926 613
389 994
460 34
427 5
430 156
474 580
503 959
597 326
416 613
825 229
230 201
109 25
919 862
376 132
512 5
853 919
532 887
863 455
204 428
998 221
524 467
172 286
105 42
343 949
460 135
437 833
263 426
633 558
699 780
786 673
999 810
960 984
505 211
287 565
199 744
463 270
140 810
428 435
972 652
939 662
879 766
365 272
13 326
514 539
638 718
703 534
336 779
614 937
340 935
224 568
327 849
711 12
466 903
725 711
691 644
426 362
355 778
946 788
945 755
319 660
200 734
601 154
846 149
337 983
752 766
894 969
686 390
396 740
509 494
625 436
752 890
612 451
13 857
738 622
943 372
424 377
75 203
809 571
116 224
876 807
787 111
356 29
77 716
568 137
304 843
384 91
338 984
330 65
990 908
653 941
346 811
158 599
655 993
742 658
962 943
5 450
888 203
305 857
32 645
322 800
282 847
92 490
701 744
439 342
134 713
591 930
506 383
903 764
550 646
435 994
440 183
669 309
299 672
958 141
802 647
187 823
556 811
949 482
807 403
977 380
425 554
810 644
363 354
818 654
299 99
542 137
234 417
719 31
830 188
377 560
430 405
451 200
209 600
237 674
637 841
534 961
129 706
425 240
404 872
302 984
306 40
607 934
791 854
752 193
788 554
500 273
179 114
649 717
880 838
906 184
196 281
20 761
361 470
650 531
285 166
39 864
9 883
202 482
341 365
120 46
190 928
233 978
474 878
447 593
905 816
984 832
280 556
191 609
725 609
183 284
212 293
775 86
753 501
859 861
251 290
135 531
75 660
707 938
976 852
129 518
936 768
531 879
928 634
389 165
645 127
45 345
131 932
120 831
591 24
682 401
272 615
200 987
441 124
293 836
204 41
944 382
748 571
655 464
634 451
265 296
106 544
479 587
64 623
576 664
907 474
34 828
36 358
113 827
181 316
31 930
292 660
613 803
267 763
527 659
525 895
177 3
802 205
508 255
56 316
419 385
946 423
946 976
415 303
28 362
320 566
278 207
900 907
232 404
189 958
580 59
171 448
982 75
685 881
414 316
1 387
250 388
464 455
472 371
458 188
963 771
239 671
121 628
876 474
698 847
796 446
994 96
603 301
808 981
20 5
514 959
885 422
636 762
765 75
901 238
132 75
561 304
220 381
97 242
608 16
689 965
312 896
491 97
936 128
133 175
337 898
475 654
787 641
1 423
162 594
81 300
648 509
390 179
816 904
577 650
799 522
495 225
853 225
587 69
264 602
611 114
253 375
912 150
194 998
556 641
631 185
462 738
509 832
51 823
300 610
740 403
35 21
543 750
786 312
606 439
403 739
522 638
331 496
644 382
34 912
384 524
408 531
545 254
830 125
146 393
276 712
850 910
387 760
300 442
3 322
433 417
306 309
494 903
291 17
827 259
799 174
365 143
756 276
132 395
383 178
462 902
248 309
582 172
414 433
383 497
837 917
546 660
59 189
168 839
913 557
355 713
220 795
701 736
572 442
17 662
596 653
489 77
848 971
684 991
934 805
546 468
721 636
500 286
308 73
681 445
991 450
259 335
104 559
845 907
786 950
248 296
448 126
228 881
836 35
124 439
761 705
898 261
662 75
863 912
561 247
389 837
88 67
718 253
527 213
601 388
761 894
289 575
282 652
278 922
926 480
548 870
454 607
637 566
266 870
391 716
580 905
301 95
101 75
757 728
618 154
525 805
429 818
141 735
119 563
127 477
604 39
532 394
650 242
865 642
613 540
391 795
189 717
779 43
505 191
941 740
61 560
669 474
389 119
587 26
558 779
157 198
335 252
683 324
724 346
105 581
280 160
130 944
884 733
429 974
213 279
442 6
70 97
72 321
136 88
467 960
528 69
91 759
936 240
959 984
650 667
125 217
660 806
803 338
490 150
723 797
940 335
387 532
221 159
600 671
232 384
674 611
129 278
87 183
120 29
143 883
992 889
316 644
708 662
932 96
939 637
971 543
584 44
18 942
171 305
647 226
777 106
508 840
447 202
67 162
235 59
663 344
343 85
202 247
961 360
27 949
179 808
604 374
652 567
875 187
72 210
397 547
788 599
533 617
883 83
525 472
399 535
777 82
357 124
16 211
876 875
505 367
655 508
168 548
638 432
447 624
802 659
558 706
817 143
61 547
597 862
182 308
225 315
813 361
642 59
366 16
212 158
719 881
493 938
162 552
172 508
924 792
911 386
734 311
61 856
246 668
294 842
184 883
363 858
301 928
844 870
590 291
719 559
629 951
724 758
841 329
545 584
447 19
555 902
324 179
363 596
96 948
795 62
108 888
619 864
684 916
558 708
50 239
45 744
680 678
854 193
395 623
664 479
40 97
222 594
811 287
303 716
680 723
911 158
211 734
220 621
676 962
61 618
532 751
230 320
344 651
657 842
584 221
981 974
511 962
319 39
901 187
492 708
335 282
530 879
584 84
123 196
757 933
807 859
732 245
813 623
428 232
361 570
177 165
747 711
85 298
504 957
642 561
877 957
75 491
816 946
680 805
170 467
173 26
980 259
357 20
805 361
228 70
698 977
654 955
523 775
8 814
150 783
590 525
776 845
829 331
384 336
217 915
596 118
146 545
444 350
660 901
478 895
946 40
762 598
26 303
543 962
702 720
373 101
667 462
152 400
96 913
517 696
293 740
841 57
276 502
631 906
160 639
310 236
899 480
507 198
872 972
235 706
326 362
65 354
349 751
840 715
767 751
996 467
79 551
25 710
583 313
681 727
902 663
509 257
706 494
851 193
945 323
965 843
281 406
76 336
103 301
975 660
445 741
458 751
485 868
107 455
90 338
884 961
420 499
356 175
321 264
3 619
356 826
733 625
656 926
569 916
190 142
315 764
763 526
469 737
495 166
480 718
400 256
651 319
889 408
228 710
622 748
759 576
640 339
278 874
987 333
209 627
120 426
728 813
105 24
342 842
797 266
924 636
538 146
79 116
276 665
766 195
127 429
614 454
964 560
449 461
450 101
317 348
946 706
726 407
818 990
351 153
648 18
605 926
984 461
596 523
449 589
932 71
94 737
966 504
483 593
89 559
236 744
130 312
234 223
22 838
448 350
194 804
861 774
960 268
455 606
859 218
834 627
901 925
421 823
132 5
96 872
274 531
393 56
867 66
111 78
520 588
763 119
129 751
289 63
921 929
399 235
908 856
730 995
161 618
283 665
101 617
68 431
506 360
179 670
902 986
972 887
699 980
556 957
952 339
399 880
229 688
324 965
127 904
302 675
699 971
568 248
973 668
606 552
389 860
507 691
722 681
161 334
556 933
599 640
308 357
779 982
386 709
908 380
796 170
669 57
750 880
744 576
993 906
284 637
719 423
995 431
69 956
810 161
350 753
337 790
811 833
298 48
638 651
206 127
661 328
256 349
343 169
589 353
371 876
723 425
227 464
208 124
782 970
937 3
345 283
228 581
201 665
438 145
217 802
476 658
120 856
951 60
464 148
643 988
235 348
70 293
982 464
521 16
976 355
388 695
479 518
865 332
927 904
674 425
33 863
23 942
904 238
346 525
574 471
836 595
329 227
783 444
288 887
318 340
562 376
224 483
411 366
248 295
881 446
965 463
289 633
698 443
861 165
779 946
525 780
342 958
739 734
879 184
806 443
837 399
707 235
275 865
300 680
199 942
44 469
361 684
596 788
201 474
969 555
51 110
884 778
510 386
95 540
711 553
118 579
971 164
821 588
692 97
843 530
718 750
120 898
850 53
565 412
78 786
975 243
650 246
740 951
56 533
354 621
320 615
257 62
658 364
20 556
731 181
249 532
943 485
201 23
159 136
434 860
829 231
649 765
739 800
854 625
598 949
276 217
21 8
289 387
252 769
932 523
610 545
667 226
649 453
520 292
944 397
135 179
799 665
707 510
275 447
916 492
189 645
914 660
147 873
91 222
506 348
48 587
184 195
23 344
206 655
205 402
952 402
483 506
418 653
398 227
687 2
101 815
225 631
764 784
575 650
720 344
317 942
702 818
186 957
352 375
313 274
924 459
614 404
966 561
399 534
827 235
512 829
963 22
215 867
714 57
110 424
6 153
616 412
970 246
842 117
528 939
910 254
421 654
464 565
668 557
687 273
564 5
783 83
484 245
265 432
494 424
990 828
235 47
284 382
740 925
144 56
542 30
879 363
179 513
467 115
581 109
659 671
818 985
756 827
642 436
118 961
891 920
392 626
856 360
214 472
708 264
991 755
208 440
533 833
312 435
53 858
466 966
692 746
988 285
200 946
46 749
552 673
258 438
834 777
122 500
291 776
199 635
316 491
235 679
545 622
536 168
167 625
232 276
740 701
905 416
455 388
339 297
470 814
821 781
290 940
54 896
2 542
859 147
145 40
699 814
205 10
931 970
798 425
609 494
460 158
332 963
612 880
29 770
982 735
957 908
964 948
780 851
370 178
961 427
104 435
989 679
772 667
334 638
142 882
957 997
534 7
849 640
977 126
154 79
367 528
683 64
822 797
102 274
347 883
529 456
102 987
966 211
765 339
323 116
587 468
913 301
193 712
105 761
935 317
70 114
214 310
541 516
671 547
788 977
669 876
235 175
122 684
74 963
875 515
859 312
63 417
741 366
867 344
205 990
937 52
108 438
224 272
57 415
339 492
791 904
825 308
548 291
705 96
682 115
223 485
219 723
371 253
476 179
545 209
15 588
53 389
724 889
140 344
452 588
833 68
146 614
536 276
731 313
320 577
59 551
290 546
718 625
19 901
99 89
672 284
707 928
751 85
135 418
976 594
324 569
508 495
56 969
86 519
401 742
920 24
95 472
206 919
439 343
668 247
255 520
209 981
906 896
246 914
806 382
522 432
545 420
4 274
619 73
99 303
622 538
63 558
924 812
919 152
167 957
735 553
950 252
646 840
33 7
211 14
960 916
121 430
108 879
510 83
409 202
933 979
681 415
73 152
704 129
412 500
488 257
944 638
368 220
589 309
600 625
921 472
520 621
601 621
679 218
835 484
154 33
422 669
823 981
399 535
978 860
214 843
470 295
668 409
582 550
812 686
169 648
934 263
756 256
592 971
197 843
942 325
470 117
51 881
360 817
337 727
169 143
36 530
639 661
242 799
230 292
595 980
189 603
257 820
343 849
20 244
118 853
537 690
398 458
24 906
954 899
505 748
434 120
398 344
539 564
622 209
271 426
29 912
521 100
587 881
51 853
566 393
232 14
449 54
248 222
90 668
414 796
223 26
205 74
117 860
137 285
317 1
386 467
320 338
361 967
964 769
70 318
151 899
51 440
401 713
364 86
105 909
228 852
322 768
438 136
150 343
34 857
56 512
678 714
283 139
718 192
3 432
121 851
433 726
276 83
288 262
83 966
106 636
390 407
407 873
475 175
655 363
914 359
660 422
241 770
297 516
587 293
524 164
877 169
591 417
286 596
96 25
653 357
165 632
789 873
320 54
229 467
571 880
313 574
774 777
844 497
932 94
509 894
431 38
700 653
751 315
59 78
498 316
48 695
266 951
123 451
181 484
99 147
831 917
478 196
957 425
677 391
625 851
737 270
545 515
412 514
904 647
740 132
819 46
231 923
404 577
616 576
38 211
827 831
86 521
144 313
259 597
327 717
782 180
104 321
928 401
926 109
338 184
703 747
162 127
412 866
118 580
19 473
706 439
217 469
608 88
622 564
312 468
957 877
527 491
530 966
400 750
210 591
930 977
803 178
626 164
578 383
463 655
205 7
34 795
270 923
175 727
751 367
369 825
323 563
407 576
987 677
141 56
343 316
624 186
860 224
86 254
576 64
779 465
572 279
890 288
562 645
672 43
816 155
846 893
268 500
790 751
509 747
489 71
951 32
370 187
822 373
710 804
656 462
971 905
256 697
464 382
860 981
287 367
887 731
340 624
300 328
122 315
744 332
383 111
265 94
295 945
236 97
346 51
967 884
858 520
436 545
156 626
334 102
838 637
45 817
886 412
373 944
736 792
645 522
704 563
868 706
852 338
933 625
505 134
929 857
989 301
810 458
56 216
29 931
289 94
369 404
588 616
569 439
176 565
837 245
303 33
65 163
903 695
413 993
591 559
96 36
19 854
415 409
680 326
937 723
744 121
442 290
421 736
153 811
151 246
307 835
364 729
972 944
57 227
181 825
407 963
913 460
279 946
118 312
785 549
28 758
826 912
110 277
629 964
145 542
368 739
419 304
348 258
674 415
377 29
861 670
221 389
779 969
673 438
28 742
638 194
283 663
545 893
512 708
757 866
687 345
885 473
129 930
542 878
227 261
570 589
971 531
507 26
406 124
251 898
564 805
674 490
751 250
127 695
634 242
891 680
240 200
233 903
669 806
366 920
247 527
460 419
430 493
158 785
631 840
350 250
985 41
555 972
167 420
423 847
889 754
415 770
600 853
922 773
273 650
913 983
34 275
211 536
704 608
395 786
419 96
674 54
457 279
433 655
976 131
236 767
802 736
900 626
57 46
791 760
491 209
690 920
571 762
340 170
656 944
538 840
900 593
542 967
11 342
978 572
61 80
123 930
824 211
405 271
759 528
6 915
269 145
293 217
937 657
695 300
121 608
253 227
993 597
126 183
408 161
940 478
144 127
123 408
454 44
459 64
336 352
619 403
935 779
440 374
743 174
445 41
409 505
743 379
736 933
547 490
44 122
606 776
528 525
475 425
183 232
749 194
316 970
765 318
291 138
730 89
137 328
493 888
493 296
925 787
123 257
606 25
384 860
904 208
952 30
560 252
887 517
868 764
958 991
252 801
274 231
668 131
743 701
40 698
561 220
620 384
724 459
716 878
762 279
723 808
989 419
556 375
363 414
280 173
589 821
470 115
251 28
204 738
763 697
310 185
705 514
709 688
508 71
391 987
299 192
97 263
595 151
654 411
788 534
535 209
811 785
298 440
96 308
269 455
245 426
989 178
266 816
289 840
123 899
481 576
855 745
583 881
343 507
87 578
89 757
222 672
407 438
151 543
536 166
157 105
380 955
298 833
98 370
756 171
953 858
882 172
903 295
100 527
456 964
596 10
389 557
356 825
981 364
891 804
354 503
765 859
509 835
55 684
607 302
907 10
117 830
302 983
51 18
379 467
570 529
387 9
998 345
669 756
193 349
434 88
334 944
505 312
518 437
40 681
841 13
735 249
536 961
385 972
631 329
542 895
114 195
67 158
732 15
601 864
764 756
324 442
598 29
844 126
615 470
22 830
264 270
372 298
938 386
531 284
254 714
958 466
326 148
406 88
951 22
110 76
238 202
656 367
39 613
606 422
686 25
144 348
579 205
994 494
677 323
209 888
165 490
756 985
245 272
332 231
308 678
88 272
404 109
822 316
205 382
429 21
155 86
320 555
70 671
997 692
552 605
545 366
426 244
333 336
670 861
861 989
251 365
130 256
228 227
248 864
340 690
287 302
66 768
407 784
167 180
590 233
262 562
922 971
660 500
973 255
656 451
578 235
861 940
680 526
551 596
964 356
609 881
44 437
79 254
660 210
734 321
246 752
842 818
851 130
136 961
739 472
11 811
324 226
167 315
755 762
358 192
386 380
559 631
698 21
849 916
966 7
222 96
224 813
503 748
574 14
582 941
356 104
664 228
286 169
468 459
743 785
144 895
986 346
94 526
959 94
85 869
29 350
239 598
794 175
17 830
677 719
671 323
409 371
410 413
375 228
380 131
573 276
469 752
449 196
201 610
242 736
540 893
25 530
127 128
137 317
803 573
791 661
788 677
648 997
790 353
860 798
654 170
117 92
664 892
82 440
392 68
654 949
555 293
309 960
526 462
698 90
35 458
461 988
815 647
73 5
120 402
561 244
995 381
206 231
83 15
216 470
765 469
200 359
183 543
599 9
986 890
227 425
686 294
612 581
310 880
24 800
834 231
185 418
558 480
702 432
779 728
679 177
483 525
533 184
518 498
359 764
657 318
125 243
831 10
354 179
425 524
4 765
949 305
987 637
974 898
344 682
668 387
841 674
442 505
136 253
290 514
424 303
143 830
813 796
487 64
418 793
154 901
609 484
945 695
286 54
530 796
729 478
319 299
923 404
664 104
366 780
218 215
89 693
937 906
750 228
592 407
362 252
323 42
393 649
99 160
341 568
564 274
269 592
977 785
225 64
250 356
115 489
779 903
312 91
717 321
167 658
663 994
41 580
403 255
524 368
862 462
41 909
63 769
231 194
152 720
577 219
556 511
924 356
914 628
661 441
514 494
101 202
56 964
584 833
518 594
464 530
834 259
450 397
427 994
824 334
959 84
132 696
158 450
959 550
350 249
897 713
135 568
334 210
801 97
251 751
740 82
581 200
600 710
764 690
759 383
152 217
528 380
513 731
751 920
218 253
496 864
141 321
121 364
965 295
788 195
529 342
439 555
729 648
502 696
555 399
120 870
125 19
699 740
817 222
147 540
28 784
899 15
562 311
919 395
957 285
347 37
391 455
625 282
565 660
465 686
994 713
853 926
874 50
694 351
277 490
897 860
459 995
564 494
48 37
900 862
520 641
804 392
565 364
917 117
712 448
229 429
945 570
475 161
803 731
231 96
146 862
473 768
661 633
547 514
251 149
649 243
60 47
283 653
718 755
528 67
383 342
979 104
332 980
990 503
442 382
9 787
597 550
618 817
88 436
914 490
545 789
703 347
799 735
233 31
811 520
513 506
887 958
466 410
411 689
865 420
994 552
989 797
695 100
442 910
176 794
634 949
512 996
666 892
334 765
125 70
499 829
847 525
846 804
332 320
665 639
794 248
337 993
623 160
497 437
403 535
137 907
34 808
44 452
389 37
438 8
157 382
276 700
28 114
792 64
327 221
820 561
814 416
317 657
76 696
840 561
126 969
687 199
748 779
188 489
388 572
426 332
764 917
592 278
306 127
388 192
824 293
316 205
62 333
623 282
46 880
141 940
738 31
895 624
164 682
750 707
521 203
491 845
962 304
723 980
136 187
194 160
644 277
70 677
983 185
802 899
2 881
163 273
195 159
344 84
619 663
214 305
312 582
72 132
35 731
207 668
983 320
250 442
540 532
772 969
174 150
795 820
352 286
303 29
110 131
870 30
117 109
421 460
776 59
921 932
513 280
755 343
734 664
770 494
474 126
35 827
68 189
906 816
952 827
67 691
894 922
421 508
61 575
280 860
456 618
88 370
290 894
761 716
748 578
982 777
418 624
266 785
12 615
950 968
926 68
201 95
142 160
807 59
181 648
610 110
627 645
243 626
716 968
885 500
516 933
903 642
990 851
807 152
311 726
318 837
174 658
104 889
34 594
610 450
367 568
558 815
895 912
349 404
790 990
670 728
61 138
524 302
547 875
11 3
132 820
769 46
35 27
366 514
821 251
154 586
812 628
364 785
863 674
217 859
80 916
538 345
371 817
366 849
880 918
581 117
940 152
508 73
232 158
824 624
457 127
652 659
447 55
822 54
596 668
683 978
48 274
317 902
153 571
636 793
150 407
283 30
336 705
530 305
99 856
175 192
238 155
778 35
505 665
405 65
864 522
677 369
235 209
255 227
53 406
309 326
274 5
638 524
217 822
766 941
444 892
944 460
166 834
504 491
397 853
161 477
851 966
872 255
163 3
616 270
455 11
948 889
394 573
484 362
414 602
37 893
614 550
187 421
756 840
98 750
122 153
529 84
120 639
405 170
686 998
412 962
967 300
432 891
535 195
70 762
960 2
213 462
601 488
932 705
192 804
468 661
954 580
503 417
370 896
769 762
110 335
967 56
245 270
561 150
394 556
599 44
727 228
34 266
872 459
972 646
770 315
415 475
896 938
838 648
289 122
988 991
519 411
876 720
103 670
777 242
682 393
901 828
924 166
455 608
225 769
3 912
57 931
412 223
443 426
553 188
810 403
278 894
258 212
149 321
702 105
221 51
48 858
893 844
535 910
400 242
334 957
770 559
257 783
664 380
823 645
105 535
30 894
101 34
13 540
835 331
586 999
870 82
293 552
891 702
430 363
906 317
63 342
456 913
186 7
917 267
422 300
827 339
316 588
841 18
97 702
838 450
660 337
284 221
881 799
308 951
963 887
28 63
535 340
602 49
207 619
448 147
905 150
336 84
429 191
939 448
211 376
598 466
559 606
178 647
601 251
68 154
101 491
403 128
306 129
518 72
704 970
395 359
50 928
439 822
199 391
713 923
778 301
331 904
546 48
153 795
935 305
681 940
308 407
355 991
494 34
377 828
584 124
653 566
166 483
205 568
23 811
709 646
818 747
425 224
615 533
539 723
616 656
275 191
404 989
415 627
517 943
457 719
659 235
441 10
972 604
986 797
15 402
303 412
604 55
996 350
830 592
492 299
878 657
689 118
235 44
826 75
997 583
554 70
237 133
848 827
227 472
939 828
438 847
555 178
779 716
170 789
472 269
966 223
599 238
36 69
300 571
234 797
815 213
527 844
537 211
480 756
470 402
880 596
492 224
940 170
596 967
440 508
963 371
668 899
392 312
639 969
476 506
104 959
554 95
437 374
730 244
893 287
662 276
740 223
838 588
333 657
811 793
427 747
874 780
841 302
157 148
771 387
759 14
604 960
791 801
42 755
507 573
535 753
137 855
269 602
645 534
422 382
541 362
766 906
103 443
605 520
380 754
426 795
150 350
54 797
774 843
523 473
50 167
78 34
802 783
888 130
266 963
634 347
497 447
630 642
489 972
74 293
496 875
318 388
378 334
449 349
927 322
363 531
483 498
311 840
574 180
135 982
173 774
355 198
284 248
973 216
669 775
348 339
602 249
318 916
147 330
72 546
262 322
195 852
525 487
732 730
845 872
672 484
843 579
210 903
782 118
235 454
682 434
445 387
110 543
606 972
288 913
729 72
628 589
443 321
845 973
755 770
781 163
26 25
252 446
582 327
687 70
373 398
220 883
2 73
270 549
448 265
585 265
860 928
330 427
754 796
103 221
576 334
569 518
347 87
531 876
253 295
289 782
579 230
143 184
912 602
233 191
755 721
838 994
781 831
35 729
131 542
898 27
592 308
466 280
755 349
772 582
974 545
862 586
806 735
678 607
718 149
674 74
973 811
532 143
684 915
220 103
684 887
598 791
401 428
702 576
617 317
815 165
99 871
124 747
508 294
713 176
947 413
556 455
620 504
977 908
539 185
908 198
543 439
195 283
491 948
224 951
333 475
237 224
932 326
605 504
675 515
190 187
633 638
137 211
970 142
35 156
486 759
888 536
158 406
141 27
262 750
765 333
796 723
428 958
573 312
642 689
951 760
537 818
438 355
559 869
609 412
319 891
938 249
732 930
18 737
85 429
405 687
346 402
470 844
894 656
785 634
522 975
722 978
822 674
354 779
4 982
177 755
242 479
392 257
833 686
995 77
834 964
752 296
355 291
572 950
602 916
920 190
778 327
959 306
796 448
906 520
417 351
997 308
444 514
889 288
723 923
76 199
596 485
392 706
393 945
750 615
693 78
641 494
179 747
449 19
541 767
769 830
829 628
911 411
766 914
285 889
190 40
129 852
94 928
798 741
429 419
37 768
617 404
266 638
333 849
69 259
777 597
370 951
49 15
695 543
175 581
292 945
292 870
182 471
815 213
252 814
750 49
610 42
62 551
575 803
815 188
369 206
232 766
460 748
619 824
398 826
193 998
493 613
371 816
904 668
690 966
714 250
6 546
166 463
473 109
534 136
376 583
288 725
245 270
788 320
816 518
215 172
812 223
752 175
44 285
13 502
121 72
153 162
335 401
777 626
516 717
692 282
782 222
281 959
114 474
929 15
791 250
271 789
549 67
479 195
427 396
4 772
216 113
172 891
386 407
995 607
485 349
828 805
69 104
334 872
839 355
792 288
850 926
858 723
885 433
426 839
223 817
890 613
85 350
40 132
933 981
738 614
11 804
717 585
35 184
604 762
922 576
173 243
510 475
80 851
941 886
305 458
705 664
116 988
788 195
701 749
915 686
156 558
290 188
481 208
95 164
530 297
409 684
441 926
535 602
234 791
342 84
81 281
445 246
189 179
230 209
940 945
138 396
342 886
677 587
197 542
500 503
445 178
284 971
339 423
271 91
153 600
701 87
612 2
425 613
217 123
527 625
803 237
136 566
797 650
572 731
320 894
570 526
16 101
779 728
806 705
648 385
508 950
531 550
232 183
718 443
962 727
656 623
418 388
598 998
620 148
495 193
359 796
992 402
399 10
934 529
891 518
966 861
591 296
119 159
427 940
519 327
337 512
442 889
126 92
934 965
794 306
581 281
86 504
337 913
276 539
434 47
529 454
526 140
634 986
325 31
525 972
172 157
794 258
43 803
212 106
904 767
306 455
371 125
859 900
952 620
402 21
876 345
806 476
984 148
3 26
446 813
902 293
101 676
673 725
64 215
114 219
707 286
366 458
979 459
261 234
163 603
397 326
218 723
556 205
725 856
628 843
189 874
469 943
839 434
485 432
3 814
645 962
566 78
936 173
425 797
819 327
709 759
556 863
640 53
516 559
18 616
582 815
660 534
199 589
498 30
970 84
23 546
312 858
829 796
563 669
708 489
705 631
167 874
850 225
396 12
607 978
215 7
26 474
473 369
299 362
852 793
16 759
52 428
90 107
187 8
58 89
426 745
126 268
721 608
349 997
244 765
662 390
320 933
171 746
285 292
345 200
623 70
422 252
505 98
964 943
873 751
228 6
675 819
422 910
651 292
420 949
86 693
621 510
947 354
728 713
606 506
383 883
568 593
833 658
170 333
680 359
55 209
552 356
370 773
430 396
769 763
227 711
570 72
27 485
336 213
497 865
801 528
670 882
967 666
154 296
357 591
243 248
876 571
217 70
260 714
663 228
214 446
2 204
738 901
875 934
99 299
579 937
61 768
572 740
65 708
879 604
845 694
520 904
55 743
17 471
284 333
951 998
31 241
696 395
584 549
468 455
284 319
981 410
746 31
265 656
975 557
862 457
578 76
959 212
926 782
606 22
968 419
962 916
535 314
703 974
820 27
921 291
438 311
249 689
478 492
174 397
263 724
313 865
516 676
473 869
158 245
354 645
885 390
465 720
720 981
476 639
128 423
42 826
307 516
972 506
372 98
670 741
641 744
707 76
551 321
410 560
282 117
478 89
111 660
694 561
984 739
925 977
777 813
776 858
604 566
964 290
693 13
750 666
968 759
95 644
517 260
93 805
780 704
536 120
129 492
650 550
322 469
571 781
340 321
463 701
817 43
565 245
902 609
186 727
270 552
646 555
639 941
992 568
244 532
516 210
352 284
970 3
536 132
747 280
298 427
710 688
728 944
596 230
671 396
955 405
321 715
71 558
322 217
144 55
634 271
573 98
285 126
864 200
583 640
340 680
878 940
359 325
504 630
437 15
621 138
167 104
600 492
651 260
59 757
810 178
194 836
13 971
320 928
744 58
311 287
909 36
46 119
208 142
827 861
380 289
12 183
174 27
849 532
661 984
121 793
859 771
204 259
372 474
402 100
818 54
35 453
822 135
134 698
442 453
789 236
632 795
299 792
208 57
866 73
570 732
25 356
485 568
217 41
170 272
746 245
715 550
713 827
860 692
462 888
602 977
475 745
145 544
642 45
522 361
736 14
389 169
792 424
756 662
609 958
704 794
704 99
794 421
801 782
587 494
463 803
291 124
945 678
239 6
177 448
52 285
760 749
490 450
245 950
516 615
372 429
788 86
4 549
803 309
688 859
860 578
475 615
654 142
555 969
5 105
213 305
699 678
634 952
880 491
137 247
976 387
53 612
947 196
691 727
50 188
493 391
622 791
436 233
654 549
948 112
6 766
487 575
281 352
990 196
291 188
933 979
142 653
915 574
335 179
165 876
96 452
666 786
863 369
720 156
71 66
546 718
455 139
434 992
887 611
781 15
408 12
944 438
193 431
973 938
622 42
704 669
511 212
207 9
934 766
398 227
590 108
726 780
279 856
164 248
76 950
747 459
488 398
238 278
581 824
351 816
992 230
901 613
52 850
141 453
285 701
254 511
726 233
653 298
428 306
664 633
295 111
843 197
68 621
307 508
221 926
437 550
262 862
250 474
997 815
493 359
919 463
557 121
336 907
558 579
61 133
620 413
39 930
101 977
130 452
294 570
607 673
390 785
631 596
346 153
683 140
491 584
225 741
993 872
310 482
688 837
827 815
285 777
785 801
919 224
975 91
877 500
537 940
841 416
636 106
83 607
975 56
248 49
600 599
722 854
209 590
539 454
501 504
83 270
156 206
185 74
99 637
45 786
658 61
227 130
420 409
605 413
460 394
285 931
275 247
828 314
116 501
687 141
563 346
237 542
895 220
11 934
532 209
122 815
567 622
137 223
79 39
593 109
370 125
872 892
693 367
379 176
690 811
900 483
524 597
507 535
253 55
157 559
117 730
435 55
958 887
703 278
627 371
522 776
707 79
876 487
58 855
746 81
631 453
50 626
57 322
303 30
748 561
583 226
192 136
256 519
242 463
535 6
266 172
4 11
575 291
296 31
249 233
1 798
758 769
362 307
585 178
332 604
206 628
163 730
408 479
266 561
640 594
672 814
327 403
464 901
607 476
390 173
246 273
809 115
824 115
822 688
877 743
61 405
727 117
67 651
755 220
212 651
531 336
802 990
942 266
988 666
514 616
484 511
434 55
301 134
426 592
434 96
969 653
25 721
42 190
668 989
288 470
554 212
906 795
569 606
812 924
867 919
925 885
985 176
612 930
973 631
151 849
532 430
481 303
948 404
85 88
261 622
164 428
749 416
617 447
50 973
667 780
944 245
630 993
636 149
804 522
664 172
1 408
476 894
50 274
380 42
787 341
715 506
432 487
407 902
619 717
845 385
429 907
930 81
890 404
466 777
848 785
15 182
854 970
662 503
209 38
900 293
829 991
335 928
942 538
580 153
977 378
290 682
818 979
325 435
664 160
293 279
547 7
632 191
180 2
508 137
53 980
160 420
901 5
215 204
789 755
735 41
316 805
257 617
155 215
71 352
84 848
694 76
200 152
44 587
587 178
425 51
744 649
878 285
362 53
566 469
201 685
817 959
502 634
303 663
798 131
728 864
153 839
156 312
364 599
583 750
221 390
962 415
69 258
884 910
481 939
122 789
22 109
930 422
920 412
598 35
212 82
767 525
266 129
117 599
625 33
557 530
828 645
41 711
195 901
844 579
645 303
69 519
878 350
227 43
188 710
571 663
839 380
796 354
449 873
130 418
506 71
101 524
354 652
837 64
587 165
922 156
884 22
477 237
344 883
110 445
745 54
414 294
602 683
42 36
711 762
451 736
878 739
308 191
260 881
14 536
325 115
700 949
312 283
45 688
178 871
360 501
366 93
604 277
714 659
998 853
139 818
596 318
988 809
722 740
188 980
65 585
608 488
271 583
331 809
121 951
469 179
475 892
686 77
36 473
480 554
351 617
82 91
918 917
398 848
792 884
548 173
19 329
816 634
825 674
616 444
898 699
520 888
610 622
377 377
102 222
626 947
558 76
811 773
451 433
964 239
424 36
889 343
610 319
340 713
227 95
100 228
277 590
800 280
495 673
952 719
228 386
24 318
734 114
75 830
890 522
769 176
855 533
319 196
115 194
162 5
85 708
665 233
219 232
86 884
740 65
453 341
987 477
449 282
143 912
492 952
746 914
293 988
983 201
994 389
985 177
698 310
971 244
15 254
986 811
564 242
630 908
958 813
942 225
926 386
267 871
634 366
921 305
284 660
400 468
951 395
967 565
552 639
648 794
36 457
140 409
259 689
910 269
556 691
978 819
731 63
610 826
897 468
582 28
79 680
476 830
638 209
916 380
852 766
179 927
925 179
816 41
257 774
872 997
875 907
387 893
899 385
472 706
924 420
905 407
421 405
948 328
416 523
429 334
783 566
630 50
643 559
109 630
972 828
267 1
391 861
294 471
846 47
981 890
250 334
533 860
108 776
227 903
403 399
713 339
910 832
765 258
657 383
665 911
221 848
278 726
502 938
565 782
384 828
66 636
174 361
900 135
254 219
581 84
724 449
156 165
376 197
665 826
548 598
541 743
202 809
464 253
327 334
718 183
872 69
510 2
700 410
396 440
347 241
779 959
491 506
848 110
94 724
60 472
573 288
498 152
968 610
920 680
371 26
689 75
933 140
556 734
696 579
762 966
84 746
113 180
21 976
700 624
959 583
242 328
885 884
202 492
40 158
314 490
969 695
872 369
123 212
876 196
894 828
968 182
957 722
384 60
920 775
771 597
529 97
829 424
424 248
45 635
688 587
491 583
901 651
711 649
690 310
289 568
666 667
386 734
685 855
334 45
689 483
82 492
922 596
189 317
593 613
775 435
844 820
427 809
18 946
165 551
4 980
367 496
565 267
82 72
517 478
873 743
539 912
27 959
270 492
962 225
854 437
48 930
162 687
947 810
448 610
635 193
283 887
399 440
523 811
109 183
939 701
908 630
552 814
53 152
797 620
502 238
591 965
770 11
262 757
806 253
961 793
856 834
225 645
870 247
155 649
274 549
19 504
742 349
501 840
945 274
842 2
973 26
911 996
826 391
753 395
195 966
918 679
297 305
974 771
575 966
506 903
436 221
713 315
286 64
609 729
4 245
385 913
83 513
414 794
552 451
192 637
630 491
474 214
918 562
792 272
329 410
628 169
114 879
86 765
200 770
575 552
60 110
605 65
398 792
975 930
579 231
306 676
713 616
53 242
258 726
441 23
507 539
367 65
244 458
231 130
608 727
765 862
207 359
233 254
176 572
456 353
392 590
756 504
362 278
837 651
598 973
864 681
37 531
209 160
832 792
212 550
216 601
883 275
142 327
396 532
244 360
220 770
697 732
987 502
533 198
364 57
568 399
602 734
30 566
369 34
459 92
227 804
493 992
814 816
649 98
836 50
355 265
519 666
1 620
628 628
704 231
746 84
541 558
565 732
82 996
592 564
311 368
769 343
105 634
451 929
169 722
310 364
95 577
762 844
395 513
96 97
211 873
685 657
532 1
582 372
675 609
782 925
74 845
319 542
827 2
251 798
480 889
533 680
586 354
209 971
209 700
763 395
256 893
124 599
897 342
663 490
148 180
326 949
430 133
949 829
316 428
948 289
574 455
643 990
886 107
565 7
54 689
834 838
903 385
440 154
429 54
142 273
849 792
999 961
481 56
967 730
832 622
119 54
427 862
548 127
767 288
333 242
67 127
638 202
937 102
657 229
312 442
807 535
391 705
335 855
993 912
519 589
669 572
27 600
659 842
634 573
316 456
933 873
922 377
652 186
734 644
509 80
747 913
584 168
99 232
601 707
408 970
386 945
43 69
625 414
21 673
807 513
151 157
244 544
934 484
848 347
888 53
690 884
6 918
888 412
738 822
814 624
861 354
717 122
444 77
163 767
542 15
398 625
767 292
299 156
826 86
225 952
611 774
938 130
50 858
808 748
755 526
126 243
174 822
916 337
966 604
652 328
10 301
776 767
595 147
896 351
221 677
960 806
787 972
316 683
806 449
365 922
596 393
435 719
808 878
47 13
426 129
832 389
781 810
359 865
349 762
105 730
960 342
392 195
835 236
648 996
615 123
296 738
201 719
214 757
771 900
587 871
338 783
107 797
42 423
432 160
758 392
704 621
250 871
368 3
265 638
567 668
333 605
639 712
688 362
509 483
41 756
662 185
859 593
938 695
760 881
610 181
54 720
538 723
432 930
421 951
823 933
13 419
342 849
244 56
595 810
297 162
991 331
280 849
464 680
211 333
988 91
55 184
228 646
981 870
555 216
155 834
247 137
647 83
208 337
163 480
944 517
104 622
821 529
313 420
540 197
857 776
733 411
683 916
581 699
35 171
262 643
220 200
213 114
840 198
959 316
572 788
513 650
309 371
510 624
729 989
164 648
575 758
481 740
74 662
903 678
324 824
33 951
268 519
59 463
572 456
831 27
528 749
693 321
336 541
685 400
87 894
705 607
291 484
758 517
166 183
451 215
265 887
729 970
959 544
485 366
10 914
986 932
326 678
922 177
580 809
496 540
866 34
920 38
496 956
483 847
530 685
691 144
392 796
110 360
291 575
490 655
263 412
859 264
608 861
214 754
232 437
630 385
689 672
696 770
310 490
427 59
740 980
509 387
734 80
423 145
870 654
268 210
458 211
175 997
962 868
638 98
446 234
788 647
434 718
99 193
866 858
499 264
48 686
191 593
76 561
7 54
310 587
201 839
75 169
70 680
280 801
803 66
779 962
996 905
739 843
626 624
141 220
868 527
315 791
49 340
170 652
430 737
513 383
616 532
567 955
615 963
354 745
504 863
365 639
886 565
298 479
177 241
788 79
717 808
828 572
916 633
83 598
751 984
184 371
796 393
484 722
105 825
744 281
46 817
277 372
386 477
561 530
579 828
191 411
704 752
637 68
725 217
102 821
540 394
330 701
971 5
417 553
314 919
621 123
931 513
105 179
643 529
486 59
616 791
392 802
65 823
631 604
686 245
448 833
470 295
824 573
867 328
224 596
30 105
166 678
220 488
739 906
948 234
717 660
545 679
355 967
407 924
700 920
361 163
510 510
770 508
50 966
595 460
30 651
363 837
430 763
264 552
612 855
930 613
259 354
495 588
55 741
86 61
756 29
789 288
13 219
603 572
336 828
740 875
982 863
551 829
93 640
550 549
50 529
163 688
532 741
682 231
788 995
187 132
80 722
278 378
654 842
779 995
578 241
172 144
30 919
800 770
800 369
809 851
62 750
126 896
665 977
639 567
160 804
706 823
299 315
75 551
149 7
454 401
816 440
668 923
21 676
494 782
937 663
412 163
674 254
370 626
646 382
544 249
405 541
998 36
698 695
97 551
803 604
885 705
159 317
960 480
674 959
708 597
594 415
899 263
892 408
924 558
762 293
181 444
270 285
66 902
257 127
960 905
141 439
326 180
777 877
726 320
653 282
450 985
938 57
255 600
657 796
281 8
704 90
917 279
819 590
675 672
242 839
30 514
32 96
366 821
136 947
152 859
582 424
226 903
988 875
376 437
732 270
425 349
415 844
580 261
664 206
56 705
866 405
590 556
778 526
967 453
309 955
433 951
180 833
502 245
378 548
792 644
761 737
482 376
602 911
720 378
343 575
263 401
710 810
585 651
221 229
667 813
254 502
754 117
128 451
807 775
567 157
493 962
564 4
558 976
469 16
513 563
241 369
724 567
189 659
673 478
644 46
682 713
696 888
221 463
339 546
293 613
408 750
437 632
597 221
823 830
157 622
61 801
736 96
469 486
676 65
996 454
474 7
422 228
111 817
64 115
510 16
225 798
23 769
480 647
920 438
699 893
591 705
259 852
222 274
925 266
712 275
994 680
646 169
671 819
124 655
313 104
938 727
130 755
867 208
598 253
708 454
189 784
57 548
462 588
633 588
762 28
823 901
207 386
981 781
271 908
411 125
321 399
156 571
939 961
696 839
93 874
120 124
928 983
937 949
202 145
865 206
379 433
552 642
449 220
729 887
760 556
436 433
556 960
688 704
347 715
672 955
857 611
868 465
459 496
180 647
649 12
964 448
72 940
485 71
157 901
556 738
563 208
854 747
119 196
651 980
299 115
541 338
501 563
361 831
658 591
612 39
874 18
319 76
250 233
197 759
346 480
450 512
193 18
575 880
888 219
113 326
686 186
139 745
375 800
360 914
455 328
918 980
638 840
603 717
552 250
163 527
551 548
837 567
429 379
199 993
294 980
426 434
884 169
347 3
680 529
279 189
938 236
184 552
432 194
714 404
214 345
835 765
262 646
771 655
518 288
922 215
978 440
706 235
419 477
64 33
355 328
105 514
176 85
171 76
144 789
466 28
917 948
412 956
32 910
439 107
295 324
689 371
347 376
723 989
624 543
727 930
14 582
929 918
199 852
800 238
314 604
770 463
152 153
299 380
632 182
316 715
603 770
60 236
322 664
309 828
489 220
410 27
586 621
787 677
583 75
32 515
507 905
39 286
66 487
280 957
868 464
797 514
300 856
300 292
113 882
41 3
229 494
977 868
284 841
91 916
361 607
519 334
504 872
480 883
32 212
824 784
674 892
48 577
73 964
359 188
467 996
168 746
531 519
808 449
915 927
499 496
616 877
777 234
675 637
677 194
559 249
308 762
815 476
81 622
111 521
82 99
92 958
952 935
919 202
573 233
971 115
64 225
152 382
395 438
852 420
986 664
685 266
921 272
297 532
393 405
133 785
928 685
80 954
580 515
862 741
499 519
938 522
257 577
381 675
335 995
4 929
256 408
885 892
679 913
727 414
379 906
379 647
602 15
659 974
13 741
991 976
949 149
294 836
983 607
896 179
947 762
78 871
788 744
680 322
699 438
751 332
803 110
960 861
813 699
879 205
880 474
68 60
621 583
963 629
652 615
259 115
722 583
270 955
818 276
144 717
261 892
818 208
669 206
337 210
368 673
228 513
804 783
832 441
520 833
347 758
878 962
772 228
222 475
523 416
615 908
373 416
546 576
592 904
422 121
862 289
902 50
99 802
125 248
795 387
46 788
560 874
682 499
763 300
548 421
737 865
142 722
548 220
647 184
880 523
457 446
883 331
881 913
727 630
341 636
532 109
734 48
732 7
601 497
634 991
902 148
473 697
888 778
474 994
476 972
848 905
671 193
388 27
66 109
488 257
63 676
948 150
169 338
547 839
35 119
549 827
85 674
468 602
337 565
809 27
435 127
640 971
57 655
433 152
403 402
695 246
816 880
247 66
54 817
104 519
721 617
532 791
730 961
1 394
103 921
51 858
693 359
525 904
920 718
814 628
211 360
809 758
265 390
391 463
475 490
478 236
248 2
538 28
903 510
