5500 1500
152 928
166 858
460 225
159 785
834 711
405 218
654 359
364 153
748 379
761 515
484 437
981 587
26 612
725 166
408 549
97 711
240 389
853 998
472 356
579 127
751 39
359 742
460 29
381 480
879 751
310 630
722 641
521 461
199 474
188 706
280 291
61 165
181 698
88 614
588 232
357 99
242 441
532 684
428 437
614 209
197 5
223 511
855 80
51 691
673 757
534 927
643 394
497 583
222 358
734 96
986 993
280 286
673 177
716 861
833 370
459 978
988 36
179 805
525 986
912 645
342 435
590 374
900 328
668 632
342 636
919 785
354 436
155 916
364 369
913 720
437 977
233 383
799 7
485 70
842 145
859 974
631 721
504 90
346 269
816 119
949 93
583 826
113 221
512 457
47 810
407 304
463 108
790 48
334 953
487 785
425 164
882 178
845 41
865 628
609 604
515 692
296 876
371 504
402 457
792 844
879 676
533 892
86 334
275 752
972 455
370 995
977 465
660 725
554 719
905 289
243 95
915 235
787 347
888 595
956 193
605 759
629 567
719 69
260 48
586 92
879 123
864 778
248 927
694 627
322 586
927 20
700 26
230 595
270 129
21 906
195 16
916 320
335 331
148 273
249 327
451 93
280 759
19 701
190 434
98 303
317 818
59 814
303 58
971 206
954 565
834 545
898 792
750 514
611 870
810 206
209 395
334 129
929 736
470 113
101 609
844 258
645 624
588 192
191 205
285 78
144 986
735 943
729 478
180 814
300 484
739 792
290 454
844 231
88 922
958 357
508 868
691 174
163 450
150 313
360 583
578 975
729 527
555 413
975 274
562 427
334 657
956 568
88 42
572 204
448 116
612 737
109 258
319 876
903 825
886 737
398 642
792 300
629 825
733 930
98 39
4 943
886 166
103 617
706 362
5 62
844 193
770 589
859 243
354 981
768 306
240 830
552 395
907 128
150 588
373 530
739 548
940 597
189 604
4 467
594 395
760 14
969 718
120 382
137 21
172 665
524 323
648 403
976 396
709 185
121 541
520 452
871 951
426 760
217 795
735 460
33 891
753 822
591 654
671 380
310 450
980 604
15 4
923 910
550 671
59 73
139 286
920 909
334 602
561 85
856 662
733 532
946 896
58 22
213 437
854 229
200 502
623 867
304 877
391 180
519 571
428 999
594 201
508 725
599 435
193 268
666 750
297 476
471 972
446 755
800 937
904 902
756 187
502 30
577 442
644 961
822 404
615 421
686 809
642 662
439 110
803 346
967 471
456 435
730 552
362 626
663 371
721 738
487 919
742 402
567 59
24 206
106 251
501 273
18 213
292 826
544 598
516 635
278 499
865 997
701 249
884 628
64 967
779 225
650 320
924 379
393 966
286 142
17 826
542 560
969 475
243 288
875 801
668 339
94 62
957 239
280 405
147 578
765 4
119 149
34 770
901 599
143 169
180 559
813 931
308 965
110 580
562 662
27 856
627 431
439 200
202 136
957 80
517 636
772 929
522 516
420 892
479 798
617 787
534 790
304 717
127 21
216 706
973 406
368 185
485 376
769 173
217 994
128 149
907 280
906 470
143 548
80 782
818 597
537 217
741 612
278 6
632 838
24 99
389 405
83 158
925 540
216 509
657 231
655 157
809 169
374 351
900 138
491 531
872 116
368 923
916 283
335 643
265 680
168 499
925 162
544 744
244 973
615 583
807 625
522 438
136 431
296 371
877 77
137 814
427 466
597 115
10 322
606 653
827 231
513 310
31 803
456 408
512 957
234 868
129 430
289 635
245 466
718 613
590 753
17 851
27 804
684 526
416 603
596 339
141 293
796 679
280 224
747 512
811 213
521 188
979 562
23 462
706 9
809 652
322 328
390 540
517 998
9 679
715 130
181 238
905 817
624 311
610 700
946 523
512 82
228 385
966 956
980 186
794 975
954 210
527 769
168 809
9 346
41 645
154 810
918 337
377 194
72 71
125 287
583 192
889 886
483 505
347 367
536 730
760 128
555 119
671 373
865 306
141 245
748 398
909 658
99 164
627 675
274 242
787 119
580 373
885 612
893 891
90 862
913 785
962 891
888 43
965 26
270 220
672 281
337 655
530 873
826 342
55 475
661 978
517 815
821 607
748 943
608 510
131 591
490 721
710 672
953 728
985 955
206 593
541 499
734 260
967 75
303 713
848 392
987 279
367 255
202 721
825 997
574 847
47 500
217 400
367 225
627 776
435 895
250 343
170 581
680 959
154 975
918 739
265 648
118 622
807 539
926 84
659 165
544 21
782 76
641 623
75 598
72 578
649 797
898 558
845 619
702 905
295 584
694 185
293 71
215 596
913 739
892 706
482 639
385 589
688 737
966 106
196 904
952 437
802 656
234 476
686 468
634 433
255 921
543 408
6 48
506 852
490 304
57 384
897 530
479 625
476 5
966 106
972 953
321 35
793 987
589 796
489 340
619 665
600 803
847 54
642 624
152 362
293 695
29 189
831 429
511 240
603 511
90 145
924 286
940 764
11 408
966 846
479 390
240 701
711 981
366 966
458 584
275 803
923 658
469 94
974 939
269 613
608 93
499 260
527 665
669 201
303 71
540 618
297 95
876 455
278 344
214 706
784 61
769 715
721 437
215 563
384 609
732 380
235 806
402 595
775 358
265 330
620 483
274 404
845 940
677 168
701 148
244 167
384 609
456 665
415 307
647 120
253 107
857 646
18 83
676 797
24 591
210 69
911 84
124 840
950 205
4 581
871 820
99 655
307 965
758 463
638 634
206 583
317 377
899 55
944 228
240 584
467 745
611 790
584 396
635 16
261 920
599 47
14 137
447 54
214 544
69 340
50 744
44 385
231 94
602 274
786 219
958 883
748 452
954 428
348 821
346 965
646 882
617 175
528 995
720 959
38 339
958 888
768 676
472 322
165 31
1 621
408 414
928 135
8 446
673 313
948 416
798 525
963 754
900 549
333 687
970 381
608 186
597 947
665 994
769 829
842 548
848 519
948 906
829 585
583 5
202 590
343 894
80 757
710 709
573 318
510 9
334 187
865 542
555 187
176 586
34 783
646 951
972 187
587 962
353 939
499 717
594 714
633 326
589 226
437 567
408 213
913 834
946 397
561 963
765 54
489 180
122 936
70 147
479 785
112 732
204 960
595 770
840 525
316 833
505 678
131 278
695 175
592 760
921 652
458 142
575 695
546 729
503 898
488 680
796 592
101 32
885 344
662 260
585 238
416 68
520 848
709 63
236 172
615 369
447 342
891 535
239 647
900 92
183 369
488 190
408 645
961 759
943 553
408 341
534 816
694 48
144 638
906 312
952 656
697 329
270 119
559 221
760 411
163 954
198 361
576 738
373 238
265 245
200 463
622 203
168 976
501 139
792 63
144 683
347 432
333 488
726 667
323 225
845 260
742 795
435 949
603 872
811 450
674 506
804 110
178 491
888 42
750 199
832 140
379 246
901 770
32 705
801 23
597 416
69 586
920 463
369 845
834 262
635 320
474 205
637 128
717 345
751 634
227 858
867 825
380 528
238 291
871 73
720 407
755 458
179 137
431 74
566 852
864 399
307 354
164 536
986 699
226 244
373 923
453 672
737 378
807 93
220 440
724 1
915 596
187 202
226 521
518 651
736 150
823 907
454 200
141 291
201 686
241 52
975 442
782 665
459 189
176 755
782 747
304 429
531 645
50 790
667 805
76 760
791 81
984 40
726 332
952 201
133 399
452 537
553 257
164 164
810 726
911 450
109 887
900 862
358 413
148 248
60 946
861 909
742 423
514 576
75 895
298 282
715 228
962 504
790 679
854 692
327 232
765 142
415 142
174 765
600 458
84 464
145 610
779 470
99 860
203 337
353 230
644 513
632 803
142 809
739 162
921 56
908 803
326 288
268 142
979 144
417 901
960 103
327 757
759 300
564 949
341 400
853 847
971 176
972 463
188 881
655 84
753 523
507 609
811 666
1 42
808 785
348 796
530 111
3 964
675 1
511 531
579 989
317 805
929 953
443 520
43 26
799 592
871 494
422 245
92 482
229 852
604 191
62 524
460 896
290 408
12 274
318 40
821 500
334 971
617 586
537 920
243 173
163 609
132 500
824 518
593 964
320 692
899 833
283 403
476 169
764 77
12 870
108 439
263 492
232 976
256 537
184 888
43 277
31 212
284 255
650 723
114 898
300 315
661 920
411 777
317 796
706 603
321 797
501 469
916 45
714 83
180 384
691 131
38 962
806 535
334 936
565 379
272 307
85 65
119 279
743 609
567 56
149 503
247 34
665 239
46 635
4 682
116 343
442 104
28 555
83 253
662 384
942 876
98 718
457 973
234 402
400 505
332 479
611 648
916 619
538 785
117 901
841 244
396 392
150 539
719 789
917 887
625 139
336 172
228 790
899 437
818 359
829 781
969 75
877 655
276 381
646 647
80 521
983 648
868 763
688 794
835 302
281 785
187 52
157 697
71 413
357 947
59 209
537 754
990 106
572 588
804 334
242 194
891 149
222 324
993 328
469 978
847 284
401 34
46 317
962 541
561 558
172 765
277 974
901 711
207 756
313 995
72 420
567 522
588 464
763 80
885 15
386 51
753 816
144 363
907 778
962 609
438 520
679 659
707 992
398 144
254 301
125 230
187 769
547 966
147 397
949 330
462 316
223 285
836 846
567 679
814 390
560 760
580 203
39 860
862 596
622 601
24 924
827 420
861 123
703 566
879 153
869 879
980 357
342 606
16 52
88 352
412 356
691 955
477 530
827 532
724 245
261 957
504 559
92 450
716 222
134 561
221 437
828 662
289 165
807 316
162 108
263 340
636 254
526 304
765 551
69 272
363 778
36 934
506 946
28 883
772 13
676 307
690 910
548 599
864 209
954 83
213 431
884 514
298 443
786 22
82 513
254 833
599 248
288 955
575 667
979 902
804 914
570 404
54 211
145 22
277 612
834 805
261 303
708 165
413 745
679 785
195 864
755 332
630 185
999 378
500 98
464 861
658 319
909 626
757 158
269 568
818 398
461 819
90 57
347 297
434 354
641 833
727 226
436 178
83 37
891 702
298 107
512 797
475 977
353 847
303 289
547 475
466 798
846 219
30 413
328 815
506 202
786 378
655 320
606 164
384 13
661 639
230 372
185 288
206 387
112 436
114 998
228 124
873 569
534 801
30 473
6 554
973 484
90 375
338 516
966 858
210 423
889 512
653 587
833 509
315 340
509 419
703 85
83 357
87 698
38 858
485 70
324 396
973 480
665 820
331 482
418 535
337 775
860 771
195 176
534 418
389 623
918 31
832 604
621 194
266 851
787 286
735 671
698 558
974 103
165 290
977 591
873 398
904 319
296 167
461 198
193 45
360 585
761 326
963 204
806 165
588 531
406 374
223 396
229 756
205 674
527 114
403 329
161 631
561 10
147 565
93 543
26 592
873 722
315 194
553 495
389 146
734 482
353 559
802 116
545 651
738 935
144 438
387 384
125 207
902 357
657 123
807 263
367 761
303 698
328 744
782 645
595 560
744 836
265 243
416 142
522 665
219 572
551 936
600 66
211 588
439 684
423 981
361 88
54 255
71 952
423 285
114 347
352 366
297 41
779 416
391 478
267 23
307 451
675 310
298 538
394 951
244 886
994 156
247 649
329 422
665 353
260 104
400 123
285 27
559 520
697 341
532 504
26 306
714 199
967 155
836 338
729 859
333 878
825 867
680 913
889 222
914 717
171 622
935 237
42 8
850 134
40 114
623 729
559 885
711 727
782 621
918 120
491 986
250 15
484 675
920 587
761 881
405 125
760 307
625 274
187 103
591 855
414 436
184 919
513 66
145 661
509 502
220 477
806 252
199 710
156 358
404 791
57 670
642 712
449 643
597 58
820 516
301 345
582 39
362 751
814 978
936 541
713 923
796 288
892 279
442 905
704 285
758 255
991 962
938 270
892 397
759 583
735 931
223 828
557 411
401 246
344 396
751 523
662 163
565 737
842 377
451 579
716 598
742 680
403 280
533 244
43 743
996 229
863 272
955 67
186 308
15 908
841 395
826 795
153 302
340 888
623 525
228 26
136 293
61 467
748 510
568 190
391 905
177 985
50 148
782 653
946 142
720 100
885 995
697 824
679 417
134 709
797 96
860 112
855 221
336 341
16 274
375 671
3 44
811 888
992 874
203 769
157 634
476 496
309 616
403 709
767 956
916 567
387 158
472 618
253 13
546 339
506 596
719 401
108 637
992 100
650 295
402 552
276 728
317 308
875 39
351 967
735 919
573 424
663 106
849 120
701 234
893 585
95 752
941 44
603 318
825 106
34 953
561 36
611 649
899 233
13 419
602 960
608 476
949 867
425 692
890 684
777 638
502 617
999 715
710 240
254 776
687 564
602 202
658 871
332 796
373 577
321 685
586 200
73 312
476 321
342 791
416 662
1 256
709 921
512 387
685 744
75 357
534 438
924 298
329 427
63 803
859 346
742 714
187 4
864 351
677 47
167 128
498 135
196 857
356 336
818 108
201 278
81 217
221 110
743 142
659 797
599 374
749 110
61 551
207 652
712 605
523 825
917 55
439 810
555 590
614 996
633 450
575 906
296 592
591 79
356 764
842 392
25 360
32 58
539 109
19 887
978 733
132 294
287 417
172 117
75 443
501 728
986 85
187 17
891 930
67 597
307 727
611 600
940 352
140 636
819 797
217 866
289 947
677 514
113 430
35 686
958 37
217 318
680 383
759 192
645 947
591 811
776 823
789 929
525 701
415 639
293 122
92 513
494 819
137 113
714 884
110 912
359 574
22 812
319 640
410 212
73 862
117 719
778 88
12 849
733 104
101 800
543 188
65 213
570 690
454 227
957 861
240 605
21 762
990 794
849 501
66 617
942 293
481 814
351 252
926 128
193 31
297 932
182 786
993 712
889 885
110 234
668 506
518 668
676 883
785 441
548 202
148 948
682 882
854 644
661 11
17 979
458 58
219 738
782 583
568 484
87 445
759 555
21 916
849 746
182 178
345 729
831 869
86 780
665 738
795 302
538 400
587 984
119 762
742 23
348 863
706 833
779 81
564 672
596 729
583 586
582 477
968 765
468 975
665 426
267 110
65 206
809 785
343 694
172 297
352 994
521 244
808 70
673 768
640 382
388 49
470 820
593 116
895 143
376 838
143 233
342 497
953 470
534 516
744 681
208 404
950 531
389 488
691 451
160 646
731 959
217 917
754 967
898 748
690 983
806 863
644 713
235 704
601 899
89 278
847 67
595 45
808 907
914 46
919 532
28 478
814 896
986 936
912 65
424 78
99 536
354 73
263 943
830 106
30 836
275 775
276 402
148 662
497 642
27 286
403 937
961 936
193 285
563 902
119 412
347 431
937 532
354 535
816 867
115 142
604 281
475 42
773 415
649 12
98 916
11 139
794 797
256 237
92 622
371 516
875 185
322 682
104 416
491 317
562 58
86 299
194 231
971 564
844 411
738 373
129 604
924 639
189 762
928 806
659 877
40 377
573 55
563 558
736 355
699 191
909 511
932 287
391 954
749 82
396 41
689 37
622 973
607 588
687 484
359 809
790 397
94 189
84 452
963 47
803 893
70 567
430 285
111 857
174 97
137 782
511 52
866 801
439 927
875 656
614 527
342 206
500 894
328 310
485 885
349 57
404 125
116 772
433 469
40 141
939 208
284 420
516 217
258 682
101 49
732 467
384 107
275 472
296 529
489 663
817 389
228 5
501 953
964 325
775 910
882 240
316 201
786 304
80 256
992 108
657 759
262 315
630 717
398 300
796 490
228 572
728 711
764 332
731 214
307 449
706 416
480 454
728 20
821 320
36 976
349 505
921 89
733 632
15 79
808 669
981 144
510 276
709 242
17 879
990 915
524 816
329 605
146 952
867 506
918 679
870 182
227 415
685 705
841 159
69 604
611 557
337 919
176 773
43 623
241 507
365 289
779 339
696 378
73 644
711 929
381 391
60 779
498 822
736 605
85 783
842 721
393 432
49 633
344 347
417 780
322 930
955 302
344 549
489 955
38 551
396 347
746 609
912 418
355 639
400 341
244 647
487 495
891 177
206 137
421 259
578 981
588 1
907 497
57 188
673 448
12 358
730 102
71 188
446 155
445 356
845 249
732 102
59 493
811 909
790 550
981 289
115 437
585 346
293 861
756 878
37 96
457 100
568 147
34 874
272 428
937 583
956 819
803 553
305 574
346 2
363 565
601 252
773 11
541 228
63 58
412 143
831 252
403 449
374 876
959 251
451 908
803 637
811 494
468 981
431 2
13 748
458 208
770 226
603 724
303 772
299 286
455 371
752 945
825 59
392 204
989 871
241 636
288 658
771 27
410 56
246 565
118 771
737 490
472 882
978 1
430 415
174 822
944 330
409 146
84 504
168 724
393 276
233 794
545 925
886 881
281 3
451 877
714 790
796 525
790 83
82 705
178 22
305 416
988 117
991 202
147 878
748 13
170 959
136 587
57 630
543 316
687 41
1 173
509 117
254 439
229 430
326 395
301 676
838 350
919 555
345 44
903 489
840 699
99 691
650 966
871 832
614 615
779 939
106 980
312 289
934 37
837 900
993 177
546 280
979 624
458 516
156 325
344 300
845 404
107 166
8 982
739 112
177 923
527 243
539 962
478 982
199 980
708 881
155 432
553 12
364 981
273 232
170 564
991 863
763 996
613 826
364 35
122 182
284 865
943 429
988 396
469 473
79 892
922 930
145 634
194 579
122 274
652 416
585 486
745 329
885 115
888 325
761 547
814 460
40 706
870 66
11 531
717 109
281 176
881 319
698 754
639 36
301 150
992 616
871 351
545 398
90 910
803 479
923 412
841 974
617 765
652 195
981 133
179 781
273 858
80 12
131 551
447 282
495 270
352 345
780 903
882 905
522 702
508 641
16 700
151 150
884 548
558 429
392 792
676 358
947 242
782 658
127 603
173 41
38 46
170 606
599 449
401 768
403 128
360 509
403 47
923 590
964 953
618 912
450 578
210 49
602 378
183 587
665 926
879 783
478 531
511 386
906 917
30 492
497 100
916 826
994 495
357 163
357 223
286 628
398 914
63 769
685 168
38 229
651 627
64 991
401 155
934 523
643 620
235 268
231 404
979 837
464 665
3 696
848 678
394 39
354 723
626 719
438 774
202 683
356 388
579 114
363 723
244 270
738 229
350 117
860 129
63 496
860 304
503 353
77 228
874 475
605 73
854 526
379 798
6 586
642 264
582 752
148 974
961 352
212 254
328 260
978 292
903 775
768 848
937 348
19 324
677 36
530 353
724 371
779 123
307 200
317 193
832 754
435 489
78 455
977 208
418 174
776 898
53 60
53 474
807 535
462 293
49 834
885 195
99 952
280 429
895 986
297 486
876 687
959 724
770 779
555 292
358 262
503 229
617 570
24 441
437 331
714 729
807 441
495 629
66 586
644 151
957 682
41 981
678 576
4 67
854 573
255 403
535 646
823 866
428 868
684 752
453 51
468 169
812 736
687 665
882 293
84 523
973 929
531 56
386 387
315 213
382 292
369 120
810 958
90 637
460 534
615 878
178 85
928 134
110 983
699 25
265 829
411 966
413 470
357 828
668 86
308 295
685 925
675 431
693 400
487 733
160 588
252 62
888 321
191 108
933 184
41 499
63 908
733 317
640 840
267 256
561 452
676 896
906 753
825 937
796 150
99 806
902 590
357 653
760 938
878 99
838 314
139 664
93 323
111 926
35 177
121 371
309 493
439 162
237 507
976 917
805 106
971 382
19 722
914 174
14 666
721 294
159 771
245 800
740 598
787 354
350 943
834 133
737 324
278 783
118 473
94 451
986 687
340 387
756 840
795 619
175 602
859 641
886 733
722 518
147 789
707 811
295 36
65 122
230 706
112 39
504 685
785 748
235 721
513 75
215 154
915 907
342 857
528 566
864 278
703 12
90 825
779 869
725 608
857 405
505 2
195 17
484 625
553 115
171 808
515 537
85 652
962 697
698 74
570 664
156 849
335 285
558 792
12 970
990 982
158 261
895 406
526 712
861 580
456 498
711 986
708 132
1 400
786 155
558 912
960 952
124 402
357 824
499 981
432 679
926 674
488 251
880 817
155 412
762 436
568 554
346 313
653 506
817 70
620 607
261 530
75 293
28 654
404 245
792 858
530 885
920 217
221 122
401 82
386 211
112 510
723 523
192 173
761 888
266 911
17 680
735 203
240 59
250 121
658 214
38 806
110 111
756 697
448 328
59 186
873 735
41 75
296 768
270 982
837 668
694 897
544 690
554 132
164 869
392 437
870 685
180 617
717 415
73 211
319 888
782 452
339 544
875 367
624 279
96 127
533 772
754 475
427 252
19 984
813 306
871 908
260 623
425 954
69 89
815 271
423 337
704 486
633 825
17 840
984 790
163 206
751 751
366 948
231 848
931 278
183 572
588 526
215 184
914 801
692 240
804 388
904 399
446 530
287 196
451 254
38 154
348 429
77 743
613 933
736 520
149 226
51 187
88 391
415 784
151 239
288 237
844 874
4 716
333 830
750 106
103 501
395 224
73 643
763 264
219 427
392 769
572 998
778 115
552 385
715 421
478 628
823 312
947 728
91 491
558 451
470 789
431 130
653 503
34 585
981 457
887 597
811 441
351 247
223 978
100 720
484 747
61 23
241 89
563 674
328 325
545 521
41 403
393 329
628 116
85 322
640 870
616 906
431 210
706 119
166 221
418 39
939 419
879 316
850 271
857 454
419 888
436 821
255 86
661 789
204 433
641 154
612 710
470 237
380 680
246 44
185 450
112 643
852 203
648 25
143 343
109 266
136 246
417 994
447 62
483 639
738 19
430 978
233 117
344 265
866 120
815 179
246 114
56 329
577 311
579 510
340 221
487 828
273 717
923 556
698 413
84 878
936 655
990 533
803 913
67 729
450 408
168 134
684 647
19 880
26 667
470 596
447 571
280 588
374 351
412 122
391 128
858 25
546 480
819 609
350 32
124 913
577 909
203 81
581 270
476 949
933 781
918 999
803 849
54 70
165 906
793 47
188 694
212 345
272 28
708 28
662 847
185 305
359 315
244 771
552 752
354 697
693 549
31 175
58 903
93 356
533 158
377 7
546 472
986 148
878 355
852 966
495 876
935 694
745 507
951 643
243 459
859 981
358 340
13 405
478 432
261 410
711 969
407 819
149 712
453 115
96 286
844 769
225 659
745 231
510 800
250 472
785 516
556 896
303 853
189 515
46 354
912 424
341 439
223 732
20 329
447 512
239 61
605 554
680 957
164 293
414 151
411 208
493 892
18 33
456 511
441 621
40 406
228 897
169 852
604 581
445 289
464 579
293 669
560 56
187 384
28 677
699 14
565 296
765 921
774 305
702 891
954 557
44 891
464 260
902 824
961 476
962 436
181 264
753 389
484 592
867 921
16 788
122 13
430 18
513 488
604 953
667 454
682 34
9 187
513 721
524 823
819 363
870 978
776 485
73 204
732 641
26 172
732 417
206 185
213 414
138 367
422 647
372 715
235 788
840 581
463 675
642 791
209 600
402 445
871 801
790 78
176 376
9 207
323 527
691 647
98 365
380 196
925 499
278 848
27 330
1 756
317 311
753 305
194 867
278 395
217 562
569 597
384 648
160 812
935 580
708 180
773 924
251 968
608 834
291 440
666 356
99 871
492 296
423 954
217 1
297 756
959 918
115 202
231 65
450 988
366 94
4 112
464 792
113 419
901 593
117 291
101 32
439 760
474 632
819 316
688 720
170 449
965 778
617 902
346 377
309 677
10 439
793 138
478 895
754 83
497 687
937 574
528 913
339 976
843 538
199 265
414 71
194 41
417 383
572 177
407 644
757 85
745 901
674 985
578 432
676 658
679 272
895 734
571 425
191 195
589 735
699 510
500 557
739 324
159 487
479 332
213 289
501 194
990 600
666 708
877 221
599 122
155 213
549 93
170 900
213 529
14 514
592 657
441 76
572 11
294 319
775 784
906 368
188 490
569 758
760 423
824 926
988 928
330 413
63 609
680 664
895 604
80 77
114 268
783 667
828 905
364 583
545 697
864 642
8 782
496 23
258 474
801 64
371 27
463 626
672 881
729 122
79 937
133 339
149 127
20 94
66 888
811 654
710 65
302 566
500 348
66 694
399 975
671 429
528 642
546 921
128 246
520 218
222 557
976 635
869 782
833 557
240 47
73 513
535 512
757 931
626 637
228 262
648 356
391 876
155 93
175 229
444 373
211 415
864 638
524 116
659 113
472 75
122 849
781 576
496 396
219 968
145 104
190 941
643 82
57 501
411 29
360 815
325 282
724 803
415 446
725 256
588 33
695 334
459 907
76 760
934 424
506 213
495 153
12 480
537 702
860 560
940 382
505 55
307 372
556 809
851 216
622 126
67 442
805 265
160 146
938 971
753 770
279 361
378 692
916 574
812 941
893 764
181 479
353 18
142 441
130 694
950 60
686 4
93 835
792 58
40 46
900 28
553 18
817 611
435 6
10 9
62 505
576 976
865 489
738 585
299 233
106 154
808 123
344 112
380 196
727 142
495 865
212 576
427 627
305 591
640 845
152 882
34 730
309 922
466 709
527 481
369 561
916 787
741 511
498 966
788 675
736 4
71 966
427 611
882 691
40 47
944 680
366 968
284 161
237 854
711 8
300 717
845 823
558 619
92 647
997 543
938 369
563 329
887 102
109 762
412 802
376 350
876 167
249 18
343 676
998 59
451 638
255 456
490 497
308 146
171 446
667 126
319 293
817 395
285 445
16 763
679 841
78 113
959 611
63 876
162 629
823 426
812 242
527 110
879 57
145 752
790 163
707 384
631 62
80 836
437 886
14 328
229 858
739 102
852 958
874 872
109 640
548 872
555 674
320 320
805 243
146 946
554 848
225 131
190 983
453 875
47 984
693 940
133 371
680 569
113 835
372 522
44 735
996 671
709 47
362 663
64 437
352 29
348 523
31 733
394 40
343 366
892 367
620 249
538 166
716 569
768 188
497 899
799 244
742 69
951 270
966 450
84 847
625 174
288 551
965 708
756 225
997 212
796 844
846 774
585 85
180 414
212 37
461 20
197 624
345 689
272 887
911 501
522 83
846 804
64 860
778 988
961 580
879 838
868 280
67 167
670 380
360 560
958 810
498 176
856 792
505 168
228 679
723 566
697 281
995 48
790 239
930 534
389 719
227 917
129 833
480 671
407 637
94 30
651 86
590 282
69 223
791 342
234 238
522 627
794 847
695 957
916 713
895 525
996 339
688 903
616 849
516 303
701 328
940 714
652 428
745 171
802 645
839 126
554 35
740 159
519 616
643 529
409 873
20 775
281 78
325 349
342 46
986 956
365 882
883 512
991 130
526 404
732 979
615 562
539 722
363 36
53 569
938 527
242 895
696 375
195 860
580 55
862 339
251 270
757 492
876 210
222 825
155 597
765 776
820 293
509 829
564 363
855 629
193 177
299 235
221 468
582 126
915 553
860 590
389 302
576 991
935 258
385 740
852 343
450 424
979 828
431 904
93 485
97 454
663 462
586 691
111 516
58 291
762 133
754 961
495 838
775 340
491 800
682 216
247 761
21 697
27 239
239 834
89 467
38 567
273 204
220 662
833 99
155 990
134 834
133 858
374 11
782 685
505 795
149 470
640 9
259 167
284 721
86 881
722 216
289 159
734 99
486 728
160 754
525 737
156 206
676 826
225 995
556 627
974 554
735 686
372 990
757 476
504 925
346 314
237 341
139 867
641 880
554 23
850 580
925 445
90 195
427 445
195 715
238 961
331 90
937 712
166 998
581 556
327 62
214 622
406 839
694 394
527 312
245 126
430 60
998 480
799 828
661 796
90 342
997 802
917 459
441 321
829 251
728 685
938 257
899 868
527 245
54 958
423 111
749 684
543 847
932 497
693 929
958 419
147 598
786 260
19 619
924 578
167 63
136 346
366 330
507 559
756 258
319 653
651 994
76 239
934 447
103 227
653 423
401 868
308 97
98 426
522 347
163 526
855 421
68 271
712 827
821 674
104 76
32 842
537 872
337 267
337 725
873 955
450 59
243 70
490 943
457 959
13 279
89 150
207 895
564 344
874 283
72 680
127 369
710 450
272 469
833 470
829 618
202 896
52 603
935 850
175 22
242 298
76 152
726 978
419 999
114 861
708 668
941 22
531 373
343 466
385 708
373 931
870 847
581 52
115 414
878 695
756 678
471 225
575 193
250 52
216 577
496 874
808 811
182 527
416 309
658 250
718 112
88 484
450 617
231 171
1 606
349 191
586 40
917 884
861 545
79 514
617 784
723 74
84 355
932 132
208 208
806 350
596 500
568 666
431 670
642 111
28 572
801 518
796 895
926 897
455 880
849 171
156 228
425 802
601 188
491 447
651 655
793 754
246 425
163 192
690 158
588 550
576 502
118 871
81 132
258 829
195 241
515 275
809 601
121 824
709 487
607 280
67 434
900 640
844 277
154 820
815 88
84 74
835 698
36 269
498 783
294 68
953 631
611 255
502 189
492 185
957 31
867 746
319 151
404 815
730 220
859 848
398 847
524 390
5 734
565 294
603 774
16 321
831 618
35 73
258 634
214 980
906 688
523 986
513 978
270 543
189 640
96 801
882 387
172 692
993 30
399 772
707 634
602 307
294 11
924 744
781 589
810 687
650 61
71 182
681 678
391 515
596 678
204 239
940 156
876 26
510 411
402 32
970 955
164 360
346 286
478 572
625 256
556 796
981 773
180 541
495 537
902 82
198 155
597 875
483 337
402 488
313 945
70 808
275 232
682 536
385 800
906 291
662 398
695 471
231 783
601 408
871 642
899 448
992 385
285 48
824 56
605 358
968 285
369 215
141 119
659 206
222 756
410 289
224 960
90 694
735 768
919 62
66 978
336 618
764 146
404 399
278 703
578 92
367 206
734 627
529 72
49 460
679 868
127 875
192 975
218 867
863 600
913 110
709 324
567 119
362 212
543 986
510 371
915 124
326 600
82 896
625 600
382 928
537 54
677 471
80 992
261 96
896 539
341 390
601 866
121 528
135 597
304 266
150 588
274 433
387 956
609 245
150 492
86 830
102 46
24 293
852 638
949 450
953 413
323 202
889 73
216 385
916 916
921 528
636 369
406 217
686 459
325 134
664 71
215 424
43 161
886 300
902 751
749 150
299 311
802 260
329 160
473 275
26 275
964 875
100 822
363 795
20 506
803 95
38 860
790 359
119 17
46 228
551 333
211 615
637 855
19 539
614 512
238 344
360 581
864 139
638 236
500 690
897 782
72 236
498 569
424 3
65 19
965 83
43 235
538 243
716 476
858 631
517 21
695 886
699 633
523 815
474 365
617 8
440 944
842 796
989 287
124 923
785 305
658 907
755 530
418 907
628 872
293 669
330 261
332 241
310 385
227 281
735 515
22 587
202 66
995 457
435 427
641 193
694 128
716 466
909 954
606 949
203 724
944 501
467 421
544 584
361 980
841 55
77 681
203 110
620 771
565 962
176 491
273 305
483 769
626 220
319 850
338 282
912 658
346 251
932 101
231 52
104 610
201 746
632 397
69 18
438 940
133 792
157 614
905 284
156 93
22 750
160 672
686 868
674 112
666 8
648 246
611 297
946 913
372 850
177 86
543 878
574 685
326 919
975 651
182 167
965 301
43 670
129 877
895 794
632 259
977 438
778 355
937 44
109 170
824 25
280 290
341 324
866 882
328 931
648 101
495 825
253 595
484 253
385 755
792 870
332 656
692 73
454 917
846 794
729 587
416 99
139 477
11 583
413 538
282 110
678 798
58 58
731 476
104 513
107 455
713 183
191 371
158 196
855 107
654 685
682 146
454 75
309 691
215 665
120 245
979 588
745 740
110 690
876 408
905 499
137 190
449 505
145 751
555 488
174 910
188 617
130 974
87 581
679 226
855 226
526 64
25 744
528 290
970 144
842 975
111 308
667 224
756 859
241 653
390 395
42 745
284 815
228 705
170 444
623 269
591 198
975 525
188 85
192 443
203 451
112 344
708 16
583 882
423 914
811 133
372 773
345 762
799 803
94 615
309 589
514 985
349 255
2 521
637 900
353 706
831 171
210 425
842 665
708 572
782 846
119 226
119 234
604 88
69 443
243 624
756 537
331 54
873 940
127 171
178 904
350 12
378 711
384 384
877 801
250 294
307 280
831 636
492 386
371 568
139 757
329 440
220 421
730 344
846 475
354 269
885 513
225 409
943 782
365 754
883 98
922 306
708 251
830 879
880 86
606 454
700 589
96 523
98 391
319 281
690 874
324 830
311 382
533 666
70 12
398 41
299 901
915 456
628 819
139 39
605 784
535 9
419 980
387 270
621 268
464 230
35 608
605 675
746 955
763 947
852 670
194 466
111 651
890 924
573 93
7 62
474 169
465 187
241 703
890 462
991 469
147 152
667 399
781 193
532 404
204 397
267 804
799 200
778 447
949 551
679 917
555 784
144 574
351 694
445 572
238 906
957 413
20 263
9 87
555 482
247 500
925 415
847 110
530 119
938 212
895 926
820 539
932 675
892 645
9 777
135 456
806 454
599 539
33 231
478 402
725 371
538 254
888 114
35 900
192 917
56 88
772 825
304 320
683 443
484 33
2 566
262 949
268 913
62 367
887 493
904 584
542 552
40 314
79 294
490 132
511 475
596 260
133 904
435 604
995 994
799 114
348 840
822 695
462 897
770 942
661 784
549 374
479 860
5 693
118 56
997 554
410 201
339 537
165 23
467 922
492 855
642 593
870 474
365 725
408 584
762 507
746 282
110 871
333 72
532 822
282 688
788 336
251 403
464 635
969 897
941 934
609 272
349 785
150 242
739 969
52 87
341 231
272 761
721 666
778 651
969 628
37 649
315 732
168 652
698 638
49 83
117 212
93 911
900 910
609 788
281 762
304 263
211 95
765 260
115 158
428 887
683 333
776 532
83 724
588 213
661 931
801 137
29 653
205 788
884 830
554 776
76 835
170 617
455 305
958 100
927 523
935 966
560 32
217 875
349 66
89 468
379 745
809 326
211 166
977 343
134 356
988 56
275 503
497 604
522 857
339 243
305 580
231 919
992 957
857 276
998 505
874 312
214 467
527 98
258 358
502 650
977 144
98 862
215 358
290 881
921 298
512 606
180 976
495 724
446 945
378 199
205 46
537 870
847 482
157 866
238 89
346 370
674 820
571 38
489 765
29 163
480 285
877 129
87 18
593 739
624 62
896 623
45 476
500 947
64 365
495 117
37 342
794 435
874 964
633 133
997 31
741 294
974 253
547 285
373 617
190 634
755 18
452 595
59 709
39 248
842 685
8 681
723 983
300 371
335 622
384 845
405 927
171 857
122 787
919 72
806 338
814 578
459 206
251 228
714 285
670 250
288 698
541 706
396 549
395 793
917 363
348 732
897 801
236 393
316 42
946 936
616 302
435 466
487 510
919 995
340 672
783 194
706 820
671 966
494 706
367 50
996 972
350 848
354 736
36 469
550 957
416 628
249 638
517 115
384 759
455 115
288 750
508 102
289 817
821 107
613 667
893 257
233 706
839 836
384 813
84 375
670 418
993 459
386 876
420 401
456 454
649 100
347 715
487 773
732 609
993 650
160 418
509 56
496 863
602 833
165 905
136 555
815 33
250 663
153 369
813 420
740 817
759 597
819 47
285 424
410 371
168 925
973 785
295 400
397 53
885 62
746 854
94 593
104 470
942 460
181 233
441 316
21 49
962 572
484 990
942 600
885 654
723 77
209 311
785 775
832 864
419 305
926 719
45 914
809 274
488 82
18 77
39 306
961 809
845 950
509 307
796 579
622 569
727 808
231 836
917 851
967 769
550 371
458 439
575 575
18 876
817 326
699 234
195 983
904 624
911 735
29 119
793 44
579 155
594 544
480 418
840 671
551 431
765 175
499 837
867 521
667 739
475 710
368 584
719 350
531 533
852 50
71 251
81 138
728 671
935 755
525 280
3 496
259 441
885 111
782 617
652 950
181 770
317 489
509 721
78 732
450 703
844 345
728 650
696 220
146 444
530 103
860 164
798 996
964 372
134 949
85 4
856 927
648 314
896 530
576 20
88 640
365 452
734 120
517 600
149 618
176 511
393 883
250 248
759 606
4 225
458 83
308 473
804 223
560 13
459 52
948 696
470 785
667 857
12 627
139 567
420 757
696 701
730 626
597 983
385 331
908 326
530 147
403 950
796 478
615 170
941 660
184 947
16 18
355 513
996 90
631 885
3 724
908 172
999 258
989 734
725 70
30 996
361 811
970 995
34 655
737 700
702 555
435 333
656 719
930 343
611 387
68 650
903 57
298 32
892 130
856 910
297 95
279 230
223 657
505 529
962 293
377 492
824 712
824 46
794 284
675 486
955 413
280 799
966 847
787 215
177 820
961 60
826 352
159 229
886 38
698 915
930 759
645 728
702 948
206 217
230 172
419 106
268 249
119 229
801 861
952 895
568 188
233 603
440 770
812 998
931 939
985 910
409 623
842 409
55 908
94 332
485 671
513 306
166 281
718 14
215 987
731 360
957 554
303 977
427 773
920 572
16 220
549 885
669 189
651 775
492 995
429 661
105 665
222 771
164 363
357 606
326 634
5 658
490 184
710 751
633 566
171 463
869 925
658 42
161 815
996 445
252 57
859 701
455 945
154 58
812 18
238 284
696 405
821 83
799 86
267 224
636 987
735 559
397 83
152 993
922 27
113 998
42 896
635 469
195 1
336 799
542 753
313 155
650 278
191 265
952 280
652 568
996 871
508 865
210 363
74 337
587 983
990 930
334 699
444 318
221 549
739 727
586 713
353 422
916 510
160 555
717 566
634 260
876 100
684 378
527 241
755 893
252 488
980 590
584 425
120 995
755 904
388 879
299 832
130 891
750 630
901 336
520 206
322 705
237 704
231 300
135 920
665 574
423 663
827 167
379 199
53 659
892 361
591 425
585 801
593 333
262 547
502 925
739 472
676 880
165 760
861 341
997 166
254 982
830 197
830 94
824 685
625 234
544 376
557 702
706 163
137 495
544 462
775 767
135 716
973 744
758 655
33 450
874 883
561 566
183 820
937 10
799 933
235 482
958 76
220 661
324 779
475 558
178 981
555 554
52 336
619 956
619 287
95 802
344 934
179 771
785 536
197 819
668 107
173 921
344 467
913 365
858 92
224 708
782 475
332 641
892 986
400 144
581 411
89 778
806 78
638 582
91 127
962 539
644 837
916 514
426 278
350 484
836 618
325 212
286 434
164 606
989 745
515 240
771 61
476 447
852 670
947 756
692 978
173 804
677 579
122 288
416 708
230 864
301 424
246 410
602 164
994 287
732 13
881 396
874 791
810 853
828 73
43 177
55 62
963 817
939 426
161 294
252 924
185 503
825 331
983 663
475 544
681 68
975 228
649 392
540 478
490 165
121 541
604 393
858 780
992 516
995 37
202 649
178 606
167 701
789 589
411 392
314 533
588 398
472 861
314 116
489 88
897 760
139 415
491 39
994 825
219 907
178 204
901 437
976 49
733 107
161 456
315 987
897 960
327 153
668 956
49 368
983 601
34 830
375 412
459 654
727 931
605 222
859 907
146 630
729 633
720 388
158 493
577 673
839 775
263 94
861 724
473 135
824 96
105 302
828 974
929 363
258 939
191 329
390 991
656 334
107 648
421 291
129 272
806 802
887 548
131 760
207 233
99 298
827 110
195 250
205 203
568 438
611 385
840 132
555 107
235 780
533 865
126 122
46 187
304 463
515 765
339 312
653 496
377 876
24 420
686 577
732 46
641 666
353 54
158 102
455 849
238 567
395 856
569 705
621 160
272 39
448 580
403 236
967 535
167 765
176 50
692 906
662 814
829 332
696 598
696 969
476 199
766 418
691 561
409 882
915 974
869 360
144 827
902 993
230 364
772 927
678 955
876 645
130 410
151 883
805 621
463 865
751 635
504 561
694 810
734 425
668 914
417 635
206 715
132 73
746 347
803 390
688 564
452 164
68 865
796 597
787 976
205 820
854 977
496 681
460 693
807 540
874 438
626 826
733 253
990 335
424 499
675 214
151 479
845 468
539 975
626 241
923 196
835 25
972 754
534 937
578 594
797 279
557 756
100 399
983 35
580 659
369 340
576 848
123 367
97 432
453 784
136 126
342 579
180 402
690 412
229 236
260 183
136 884
311 303
998 119
411 178
44 775
516 88
719 884
406 837
458 129
951 730
12 109
287 604
835 466
250 108
164 190
696 742
285 867
643 334
862 273
77 187
376 804
353 876
778 127
100 948
623 892
909 162
770 99
403 513
898 302
380 302
6 837
636 660
756 860
365 305
115 563
958 922
603 476
181 864
81 869
563 829
713 942
297 25
482 214
536 747
850 182
346 672
997 455
879 57
396 286
458 344
307 336
850 227
672 694
199 560
986 883
114 382
796 731
160 996
824 322
631 831
733 44
319 845
259 166
505 433
471 383
313 732
120 581
757 34
51 265
323 836
682 673
39 834
448 653
724 934
208 411
477 348
729 694
262 719
421 104
45 702
892 613
175 914
569 772
845 453
269 662
287 590
726 769
116 997
153 392
669 924
298 796
309 158
181 828
488 906
135 794
591 510
31 352
24 388
500 544
350 30
3 568
45 855
290 733
421 700
649 418
986 538
237 117
376 172
848 764
691 143
866 624
901 65
621 746
684 830
374 500
963 499
524 8
691 231
368 188
309 50
244 38
16 905
134 872
328 491
991 512
904 214
257 682
205 878
371 477
961 211
872 537
176 884
75 677
217 125
95 620
340 211
835 818
235 175
974 235
616 358
239 365
682 647
470 498
174 222
841 182
927 677
523 572
877 609
944 302
628 505
44 211
799 371
71 430
917 679
378 483
83 800
592 4
979 144
848 351
6 85
234 929
713 164
273 485
874 533
699 209
35 811
701 392
496 301
484 728
597 88
608 680
31 174
286 28
315 794
587 181
634 160
407 114
218 119
496 939
19 584
913 279
93 224
455 310
338 344
451 406
428 531
401 110
478 287
858 151
513 309
943 422
841 664
118 827
760 467
548 209
201 316
759 300
20 145
819 690
203 670
128 234
866 723
970 772
645 50
553 636
747 556
799 564
475 245
566 694
300 522
977 674
262 100
910 691
418 66
319 213
112 717
762 735
358 140
960 203
414 195
309 253
232 768
611 295
734 391
412 706
974 284
23 168
315 726
809 382
89 240
169 373
63 289
577 665
683 382
728 360
820 888
316 741
959 378
203 939
763 555
862 673
839 61
398 680
287 212
521 98
121 730
977 736
462 962
282 293
667 278
488 155
52 538
162 616
797 626
719 298
880 382
574 959
642 129
235 474
493 360
566 194
529 530
397 244
115 413
290 763
454 807
79 728
615 154
254 295
799 142
458 432
317 517
622 771
324 31
541 977
84 742
159 60
421 227
720 645
995 953
474 545
777 942
816 436
817 580
860 76
607 616
202 400
406 188
807 897
217 217
332 438
269 91
688 469
412 469
84 76
290 201
258 989
533 130
266 929
233 620
593 234
82 348
778 882
327 398
5 776
992 662
174 155
715 939
650 688
351 167
968 913
387 316
488 657
726 787
254 288
683 210
303 576
11 929
552 281
455 383
302 272
235 634
168 104
894 527
906 58
450 947
465 905
153 348
368 882
879 108
719 515
276 300
280 409
571 822
920 217
976 543
528 479
826 204
208 978
966 318
799 908
424 567
404 608
84 954
914 688
59 496
389 347
542 855
555 725
459 515
606 487
562 57
583 59
915 633
685 498
533 873
398 118
933 569
128 748
808 914
253 947
828 420
375 530
364 982
24 292
847 26
912 578
497 445
877 185
955 550
864 73
857 949
30 617
512 483
561 784
250 611
312 502
449 483
926 760
845 81
38 78
240 873
616 798
639 900
467 77
969 58
293 111
126 148
447 264
840 159
664 607
7 764
962 572
168 974
102 249
547 556
134 204
988 743
255 669
675 30
662 331
465 733
797 535
129 696
975 914
918 410
163 927
532 332
478 418
364 60
202 196
85 959
862 152
577 657
976 124
199 4
932 810
366 345
280 86
287 826
927 711
237 386
845 536
770 872
668 405
750 401
791 807
177 491
531 982
683 818
514 770
650 294
843 756
795 704
250 283
651 984
223 938
127 516
715 528
871 32
50 453
706 847
175 671
706 277
296 998
775 992
75 259
889 926
389 391
887 142
499 17
496 616
576 677
206 433
883 612
10 17
24 649
892 422
293 22
687 705
290 46
542 19
289 728
1 163
383 793
965 516
207 779
274 5
453 756
381 492
218 715
652 509
368 859
680 603
651 238
265 957
418 852
227 259
269 718
285 594
653 127
989 542
393 478
501 592
669 416
585 125
993 841
893 474
657 296
30 719
60 713
817 128
917 737
309 744
647 209
81 947
46 504
810 972
793 466
151 924
362 937
144 640
581 949
661 606
468 363
720 372
578 122
240 293
518 901
90 256
631 250
177 14
427 495
213 797
23 62
10 109
290 585
422 800
618 576
281 419
24 561
855 76
25 537
338 503
725 383
356 559
821 30
206 834
311 468
22 699
993 95
883 685
853 297
90 239
435 163
854 143
948 435
632 33
350 129
191 140
680 226
606 11
228 488
355 374
46 592
172 346
284 23
927 103
948 219
447 625
540 447
410 434
787 253
137 561
592 87
546 916
991 457
783 551
537 682
46 343
643 837
142 776
323 828
647 355
669 995
299 510
183 149
210 397
484 134
318 240
173 554
10 717
319 397
104 850
700 108
950 585
287 227
653 157
836 925
645 988
600 44
492 453
966 261
58 596
368 139
52 398
714 677
148 12
619 604
246 215
987 408
885 741
453 579
780 333
602 853
367 964
856 492
441 512
293 240
277 157
257 656
384 910
733 274
124 570
828 512
32 828
470 962
502 842
930 225
325 971
484 760
352 831
391 177
154 324
755 104
873 355
142 416
484 180
673 64
153 84
74 387
440 111
494 562
325 344
459 237
642 570
677 795
802 901
179 292
582 955
532 306
871 13
160 632
834 897
553 166
767 642
548 308
680 831
792 741
455 473
307 656
360 924
510 349
710 663
871 716
776 573
204 411
850 418
600 94
277 594
538 108
637 224
172 884
357 373
677 576
717 236
116 884
127 605
988 413
243 384
651 1
377 770
53 914
745 951
592 420
676 58
531 830
356 338
244 514
264 961
661 276
419 640
668 793
803 405
713 232
66 710
225 505
360 890
658 779
70 16
330 50
112 735
108 812
253 33
589 120
448 771
881 465
936 143
595 343
238 563
410 24
934 128
547 360
822 746
805 54
26 560
776 984
825 584
532 819
558 587
810 340
373 639
974 738
781 415
278 376
388 30
835 14
337 913
201 392
671 868
718 510
242 798
736 294
295 721
935 957
978 448
415 729
107 707
319 250
839 780
520 417
835 306
457 627
435 71
978 906
114 780
418 952
220 383
395 680
804 527
401 550
403 870
905 835
136 606
133 876
500 756
632 123
564 145
982 512
911 646
82 836
671 124
992 891
457 505
7 289
301 112
126 794
467 885
214 102
301 105
777 279
312 46
389 613
28 634
438 73
248 194
194 573
209 230
728 230
318 282
6 641
575 190
904 7
355 463
729 849
973 94
511 573
246 4
713 658
315 249
925 520
449 675
258 876
93 762
557 667
594 301
467 777
932 817
278 276
390 246
244 970
744 881
111 837
647 691
129 108
792 248
121 491
455 654
6 88
36 309
66 929
865 26
745 869
756 405
823 738
841 628
283 120
910 494
703 412
778 409
934 388
973 192
223 959
96 339
66 370
171 394
240 188
145 704
258 813
102 120
62 472
396 12
419 29
927 698
235 413
128 256
905 96
929 845
466 100
723 291
783 459
305 864
864 263
185 346
548 471
973 687
841 821
631 545
563 159
871 475
120 708
314 204
648 694
905 193
979 504
980 766
825 214
358 43
99 405
723 395
939 374
269 84
574 999
407 240
23 750
106 440
504 321
954 553
654 730
247 171
249 50
715 595
794 529
216 122
596 573
188 711
474 570
383 498
880 604
811 382
893 632
969 278
527 359
260 961
948 322
660 860
674 900
547 821
693 920
657 97
244 117
815 348
494 313
205 402
57 291
885 197
537 858
606 499
423 92
663 840
555 989
773 798
202 165
716 325
853 654
790 279
884 864
934 471
113 899
243 457
730 170
931 96
933 457
841 181
252 221
803 519
620 296
10 565
271 855
893 376
796 97
778 293
216 35
688 522
929 914
787 432
599 513
19 786
856 446
365 126
97 307
702 667
804 298
457 46
461 631
146 118
538 211
921 101
116 202
935 448
993 66
665 822
655 656
655 558
788 585
977 637
558 935
199 866
718 76
578 727
255 909
807 940
156 241
642 984
258 705
820 507
338 382
791 366
880 539
245 943
335 860
806 226
312 165
350 961
159 121
137 361
690 83
597 770
942 716
705 809
633 386
813 89
122 340
841 753
153 445
540 932
475 662
594 831
451 893
716 918
134 320
288 988
106 31
674 469
425 987
636 410
110 640
69 475
848 71
334 47
707 218
129 244
137 289
401 530
736 586
528 871
522 148
25 17
379 801
585 635
185 200
504 591
870 250
233 487
100 683
464 836
355 593
127 625
569 494
280 789
338 460
23 467
723 653
550 725
486 535
122 353
858 99
127 384
472 321
687 905
689 63
326 753
223 52
424 769
862 564
87 845
953 16
133 529
981 811
896 319
833 986
213 626
413 342
340 822
291 729
435 688
638 911
569 87
619 899
45 105
109 147
