5500 4500
750 650
393 900
898 448
21 912
671 529
782 648
917 511
226 828
926 903
546 767
779 468
818 566
379 332
295 194
219 433
596 268
952 964
281 180
656 115
190 605
850 490
742 517
543 150
304 986
7 757
814 48
326 291
925 36
583 269
343 760
437 104
687 689
507 414
810 749
609 706
756 355
989 587
557 537
774 961
324 132
914 437
744 524
340 955
996 579
778 845
20 58
338 94
674 602
329 591
896 152
786 224
684 760
652 93
377 229
167 576
342 784
680 928
390 332
641 552
533 322
675 571
658 721
692 702
294 71
529 529
980 503
820 716
470 950
31 320
957 300
647 756
42 165
588 90
374 17
445 336
104 872
858 887
117 829
551 942
426 494
578 808
129 73
362 876
948 478
859 245
664 468
899 803
127 220
834 887
45 734
22 160
935 273
568 400
283 574
491 396
603 687
960 678
445 87
695 957
601 493
184 993
573 281
882 246
802 39
662 709
395 705
272 157
314 360
195 282
64 143
727 273
507 726
236 888
31 768
722 962
345 134
295 343
976 255
372 78
266 8
9 346
680 778
731 368
630 262
451 262
653 178
369 303
659 112
949 377
894 878
141 415
736 446
465 554
840 839
533 842
22 308
229 269
164 75
260 225
959 996
20 711
469 353
934 633
221 662
89 754
866 911
985 85
294 178
542 458
658 758
33 673
757 854
193 988
407 653
305 450
273 173
76 732
465 565
370 542
251 40
897 533
217 197
419 516
455 695
691 700
112 189
508 138
527 972
983 340
356 513
919 71
830 112
526 337
265 320
694 252
300 650
99 754
522 7
533 486
684 35
282 476
876 531
54 831
784 156
982 343
167 846
796 565
625 195
703 344
454 630
479 647
573 344
265 649
160 683
571 690
954 794
139 635
315 690
82 393
652 833
307 629
109 642
385 995
93 810
893 992
137 696
484 912
469 160
77 480
409 636
510 43
666 90
613 675
53 413
439 241
468 594
10 173
973 993
85 911
895 351
845 832
170 704
222 833
330 158
668 984
542 892
623 92
553 890
548 614
61 416
667 757
134 226
968 798
433 536
314 91
371 80
545 673
998 24
467 506
493 552
259 729
965 903
167 791
684 71
253 591
484 251
135 333
831 41
735 586
294 470
700 454
46 213
525 943
781 360
704 160
721 453
64 112
235 252
303 269
913 970
949 853
775 964
293 715
429 875
122 194
234 476
590 47
800 468
18 442
946 935
192 264
747 694
105 199
2 233
436 974
454 243
37 81
823 577
151 113
166 423
820 205
829 595
86 858
264 623
222 726
128 911
118 618
88 909
288 234
494 825
656 100
123 677
843 327
896 993
647 907
335 786
300 593
961 440
995 601
367 879
189 643
935 425
928 903
12 490
617 215
742 626
341 715
294 620
789 813
219 572
975 631
718 493
487 180
849 87
444 797
45 711
475 487
105 676
380 139
671 638
626 706
398 280
58 213
595 547
999 807
524 290
521 417
249 326
348 781
796 824
689 18
468 592
907 71
52 54
276 678
38 975
840 266
355 878
426 780
164 434
7 277
556 252
928 59
614 974
372 748
359 577
752 285
114 952
627 847
191 388
222 846
620 137
137 825
891 348
104 31
5 624
880 640
120 215
402 607
762 469
515 340
521 717
138 582
476 10
174 544
100 421
573 880
361 64
362 782
945 106
778 643
577 423
253 255
704 278
872 999
564 161
809 223
584 653
511 224
812 543
216 31
776 628
944 276
906 147
82 53
206 641
256 662
255 231
389 752
734 103
231 730
325 913
889 410
674 213
897 805
447 599
156 484
310 767
891 592
182 496
580 915
420 129
408 846
637 363
422 431
478 587
298 298
386 870
760 966
271 510
156 597
405 482
737 402
139 227
376 900
475 550
866 705
51 421
300 674
238 708
902 278
664 667
972 638
551 342
598 185
885 327
458 42
912 699
76 706
899 470
937 785
158 770
980 616
263 550
32 973
598 449
223 233
889 317
886 816
303 313
910 471
859 135
613 308
612 255
333 451
542 453
216 497
242 589
341 861
286 601
509 790
387 591
449 6
681 408
495 8
266 645
699 531
501 477
173 761
493 934
405 468
330 266
694 515
591 238
43 257
794 457
62 882
836 279
533 5
539 394
470 978
883 748
666 59
705 212
488 236
186 926
119 707
2 826
695 255
534 940
415 153
55 388
264 811
842 461
968 251
560 194
226 916
311 61
479 228
951 307
964 20
720 956
811 279
286 924
104 865
913 757
39 589
191 26
520 165
489 157
471 689
170 239
911 600
170 238
605 176
809 589
543 265
921 54
226 555
806 859
882 422
166 194
220 828
610 723
791 185
788 126
253 742
387 814
210 718
958 975
604 961
825 395
387 568
800 654
792 874
462 619
101 992
105 168
341 813
922 307
970 762
851 705
723 114
323 632
139 908
936 926
229 242
377 685
450 321
115 249
476 400
53 103
362 412
788 850
883 787
555 1
469 404
75 654
794 268
138 943
788 853
671 268
106 133
817 757
577 108
177 947
466 610
884 912
469 989
628 595
114 80
188 152
126 426
615 566
433 221
423 256
805 915
997 151
380 980
265 539
460 834
195 525
862 184
471 108
475 654
57 105
87 988
40 131
332 82
81 168
986 132
823 140
921 30
673 245
974 902
924 920
692 954
841 987
179 776
847 783
846 302
946 969
778 3
946 322
890 484
215 111
583 238
444 430
603 326
580 356
989 772
561 684
336 143
313 653
239 815
448 797
735 845
629 469
944 364
814 388
866 378
734 576
512 233
693 858
348 469
329 890
618 137
263 778
891 77
873 536
905 165
14 416
986 994
316 891
780 115
243 616
382 316
476 195
929 947
305 655
615 903
118 702
876 238
472 421
128 628
143 754
392 525
133 270
516 859
2 457
431 982
509 37
36 176
82 601
802 401
871 259
377 753
33 670
939 661
849 592
176 206
420 64
178 553
225 518
120 569
475 228
379 883
308 599
362 207
933 246
149 75
354 862
32 495
217 481
363 263
560 33
463 220
779 525
361 481
293 87
129 177
24 682
524 461
401 34
212 130
292 732
714 884
341 362
655 734
191 92
858 554
580 564
700 742
874 815
659 728
426 251
598 162
303 333
682 700
106 641
404 605
739 13
667 322
498 383
40 51
325 689
409 75
967 594
360 154
39 833
694 7
352 130
686 451
221 49
916 483
649 325
197 292
885 710
5 15
601 31
594 720
688 479
296 156
652 195
866 366
836 437
547 18
775 737
21 705
655 613
937 276
284 134
475 158
648 666
226 376
755 565
114 901
841 685
684 768
385 179
66 62
117 49
418 338
984 419
28 930
963 119
227 40
878 573
178 824
72 618
458 518
937 484
878 870
302 877
464 974
91 451
189 628
214 649
519 797
465 707
539 26
49 194
155 936
831 611
121 948
204 340
633 705
698 363
600 408
994 943
775 241
77 931
932 998
228 598
651 116
90 383
852 70
77 694
997 247
909 792
979 136
893 521
692 377
935 434
13 823
487 847
867 417
342 300
147 933
506 840
367 525
566 93
45 539
563 794
464 877
904 715
174 305
742 399
380 165
332 345
482 407
271 697
665 232
513 832
608 65
867 417
680 449
380 718
73 384
347 206
532 406
107 82
561 817
829 629
825 141
26 777
521 762
26 180
120 998
21 984
483 99
484 912
528 691
702 544
287 253
463 518
581 218
599 403
382 488
934 619
368 405
884 787
581 792
326 894
712 76
140 323
252 372
957 336
528 456
585 597
25 733
584 935
356 213
262 705
59 341
934 272
80 55
480 579
30 636
116 527
374 124
255 3
476 82
834 346
822 140
863 300
328 762
624 600
46 809
293 393
523 310
120 162
854 262
132 427
619 645
549 180
881 750
701 278
216 497
492 679
577 881
395 465
539 929
1 598
833 366
488 812
839 154
450 60
493 156
312 592
99 861
516 111
365 956
758 957
205 102
167 684
63 461
563 380
660 606
781 394
457 460
231 836
216 367
926 263
288 593
548 337
746 596
22 824
396 248
350 977
296 361
773 854
623 178
751 302
762 954
177 44
556 184
952 223
474 34
648 605
889 929
715 211
961 420
331 54
671 454
554 283
113 547
789 335
951 174
24 225
946 173
742 195
985 628
671 189
752 343
383 293
77 520
159 310
469 846
519 349
540 84
585 55
174 546
146 416
574 166
13 756
35 619
100 525
164 908
298 930
18 837
437 142
760 964
3 721
975 286
229 502
363 17
433 673
77 264
963 1
45 118
747 149
233 758
553 132
206 78
373 338
826 402
753 392
540 281
308 648
966 430
540 294
531 576
875 74
249 729
202 603
26 713
80 174
143 808
760 101
989 369
44 375
137 147
699 585
773 709
203 372
322 653
902 910
766 965
674 751
987 765
475 533
259 446
833 892
643 438
397 181
718 249
200 956
689 710
358 821
541 428
106 308
487 966
884 529
788 222
773 446
820 978
364 385
260 549
319 809
103 255
782 790
252 763
632 469
112 391
376 473
759 43
741 254
636 911
828 965
870 992
304 592
959 779
487 428
972 487
431 694
926 697
475 811
762 527
103 403
293 930
572 899
824 189
759 341
934 163
280 298
253 669
410 542
664 997
460 229
954 148
988 213
818 290
733 205
294 385
753 495
936 397
989 769
531 311
656 428
86 59
215 743
369 717
673 530
462 738
883 246
804 417
879 444
905 314
7 120
268 915
438 14
671 746
644 665
693 122
25 171
579 320
676 317
23 166
462 539
860 599
864 637
667 707
240 562
651 218
975 216
910 897
638 288
499 480
774 278
468 983
382 252
69 228
732 741
97 333
63 259
106 695
689 965
584 412
5 444
710 27
731 797
10 255
167 936
707 950
305 766
343 749
807 520
671 419
416 788
741 604
863 94
237 767
981 641
641 166
555 974
476 668
553 281
370 697
369 152
461 421
731 175
596 700
665 79
992 736
830 946
422 979
117 534
40 754
150 768
303 30
626 174
526 783
834 805
680 234
78 540
722 738
838 611
785 469
121 986
782 952
46 62
393 534
89 645
546 713
173 887
645 960
101 850
602 425
327 219
875 513
787 121
268 884
102 278
28 103
219 536
740 573
477 682
412 1
554 554
440 723
656 889
231 865
295 160
549 856
588 580
655 710
70 668
98 465
414 684
662 879
664 37
242 888
732 761
590 854
507 852
139 853
241 232
366 739
231 158
641 829
317 354
966 793
232 976
172 465
91 440
855 942
65 911
777 464
53 484
167 183
870 719
469 719
819 689
139 274
756 294
307 256
729 547
167 385
865 375
252 774
404 677
992 579
186 293
753 845
106 941
367 629
522 632
864 245
790 455
261 456
362 167
728 781
131 189
456 10
895 476
905 393
860 653
948 166
983 803
925 617
237 833
809 480
446 944
297 301
115 210
504 341
634 541
938 491
651 491
7 411
909 50
963 293
727 987
922 970
581 294
857 181
704 143
247 934
89 429
870 934
106 964
664 667
933 905
569 70
181 277
735 448
931 11
719 574
288 197
882 372
145 884
636 798
277 602
633 639
79 61
121 840
754 412
230 44
513 819
98 756
487 358
340 779
584 735
961 784
383 562
833 379
910 180
93 902
975 601
370 637
823 195
107 740
741 307
74 474
65 420
124 99
736 174
237 362
168 13
291 934
127 820
278 669
255 52
154 32
790 745
176 492
43 500
595 158
572 776
9 617
298 244
378 302
305 434
602 63
724 907
555 72
211 175
251 645
616 897
888 432
522 662
403 719
929 389
787 247
816 384
688 765
123 115
594 531
459 345
969 392
480 787
928 820
407 494
53 978
821 582
656 739
404 894
288 831
416 144
308 714
397 623
868 651
428 366
36 971
143 567
731 573
418 514
895 814
242 28
300 344
350 867
39 282
877 872
119 861
649 13
226 249
227 754
636 462
26 180
947 539
179 836
559 291
881 301
599 492
752 660
739 178
586 513
353 52
682 847
152 720
771 296
943 724
701 130
246 12
474 817
228 20
249 786
750 357
532 43
837 194
335 128
959 349
146 907
45 704
672 210
364 644
937 410
481 427
382 933
115 609
82 69
125 341
969 457
534 938
790 405
974 481
702 395
245 445
792 918
942 838
297 811
910 991
720 387
699 362
805 561
712 494
464 502
206 589
383 764
409 630
315 612
659 374
490 553
745 218
976 260
450 49
55 293
552 762
80 798
710 778
501 963
701 485
682 649
227 688
852 425
913 816
151 481
555 942
503 883
519 721
416 759
562 270
590 782
551 318
291 544
765 384
310 955
456 620
638 232
154 602
863 108
315 97
509 171
682 157
228 468
350 391
469 481
491 226
104 483
614 258
822 365
605 237
516 766
833 115
225 130
300 798
131 743
749 278
530 887
631 463
150 486
186 406
621 808
103 662
685 458
630 10
22 230
697 844
442 14
143 489
628 613
557 626
467 927
481 16
236 463
724 774
689 587
523 718
788 326
66 685
201 63
253 296
13 516
656 817
295 521
828 909
513 713
60 668
781 18
975 951
82 983
246 733
357 247
499 877
613 686
628 628
490 737
732 954
98 103
530 304
916 875
469 220
710 505
929 463
241 125
513 831
242 234
551 564
760 771
146 777
379 568
795 42
97 248
121 586
343 994
29 140
809 659
710 483
472 935
134 663
516 187
266 718
2 367
806 770
709 967
749 965
495 101
334 25
924 583
92 493
765 786
590 970
643 574
878 345
828 923
969 552
282 253
778 291
662 226
175 736
689 676
922 978
975 875
737 482
356 174
537 303
699 176
969 398
553 966
999 107
983 3
770 143
639 368
285 659
581 300
530 856
69 278
537 855
603 984
937 443
500 654
308 977
274 800
215 682
204 802
795 357
81 376
330 674
350 114
347 321
555 134
272 10
223 364
90 791
693 148
577 127
460 676
932 309
929 772
865 758
909 145
410 712
626 728
856 694
188 602
239 436
634 608
685 393
75 227
818 402
651 862
671 118
564 127
585 70
514 922
954 538
61 967
303 166
977 202
324 168
119 94
161 463
594 742
448 182
473 902
238 784
624 204
511 691
600 643
274 704
665 834
835 230
641 184
502 760
345 471
757 558
37 555
743 185
283 184
389 623
39 996
19 544
885 489
361 933
681 952
563 9
136 305
881 22
864 468
561 618
853 200
136 68
375 949
240 282
540 777
594 982
436 130
428 668
930 415
777 503
746 699
462 716
409 135
998 721
679 676
663 23
700 545
95 27
845 558
92 560
794 99
924 620
580 125
282 288
901 565
165 500
990 497
417 927
779 734
183 232
187 34
624 736
657 876
198 334
626 294
702 704
246 306
134 948
490 262
280 560
106 214
267 477
907 391
418 586
403 437
14 846
918 133
981 364
353 156
272 423
990 549
160 878
415 158
276 554
559 409
334 810
210 145
997 826
2 449
326 560
170 906
435 684
786 532
724 762
208 518
200 649
906 231
298 474
287 978
709 434
963 850
723 367
659 919
507 747
694 131
400 730
795 801
832 545
869 309
33 233
51 423
150 567
80 544
685 787
589 403
109 333
67 333
749 731
559 155
555 608
239 399
359 918
608 178
910 402
452 773
590 842
710 518
314 163
289 410
189 850
885 989
533 713
403 709
475 399
777 907
366 583
121 517
91 317
157 536
639 816
453 287
62 161
367 155
823 129
477 488
649 953
472 723
65 950
249 166
5 61
524 195
919 123
464 89
264 255
877 830
284 171
405 490
447 933
958 619
465 965
90 838
80 33
628 254
135 283
971 616
12 105
329 747
553 778
626 741
297 705
900 889
583 826
364 392
654 3
900 610
551 915
599 742
276 917
985 393
529 861
11 64
272 625
877 202
794 371
618 215
533 765
862 273
472 376
673 94
536 350
202 201
739 268
738 443
416 673
124 693
716 87
49 743
278 922
319 322
36 313
177 847
905 78
379 355
622 423
264 510
98 765
215 93
966 768
568 34
184 403
383 9
320 740
521 951
652 753
239 896
633 713
701 716
267 703
759 567
817 569
864 417
51 45
265 22
275 697
880 844
887 53
25 136
919 704
365 969
43 330
781 960
870 226
743 648
22 261
475 962
434 92
773 960
621 391
281 54
717 736
281 19
235 956
478 647
169 148
943 776
734 836
64 546
313 284
484 820
663 291
293 316
858 840
842 518
997 733
333 716
275 995
392 669
232 2
901 590
302 575
816 289
107 148
417 695
207 547
413 511
218 606
245 187
292 989
4 802
316 474
160 838
595 788
563 311
481 671
84 485
915 26
372 28
357 742
588 374
51 483
543 743
334 614
999 544
233 977
98 279
38 108
167 730
562 468
276 102
455 756
215 523
295 276
419 532
444 884
460 383
815 385
516 135
782 600
986 672
159 403
383 769
888 204
237 176
133 917
280 394
873 131
121 727
161 683
596 292
751 31
912 400
587 480
25 48
894 273
821 189
108 771
309 469
786 12
864 32
908 235
342 852
224 68
6 256
473 109
289 519
964 941
54 344
692 190
701 808
900 257
29 563
872 578
679 712
150 339
136 262
833 511
398 174
454 347
354 648
766 649
772 913
950 617
694 574
938 459
574 155
187 322
209 257
9 336
354 836
362 59
653 426
911 906
924 49
492 141
118 114
197 972
612 640
255 48
217 76
339 528
54 813
133 215
679 264
591 489
801 148
855 45
15 959
654 458
188 984
287 428
136 225
345 293
527 728
158 193
862 431
30 764
495 270
550 382
415 285
263 39
708 375
442 346
905 212
352 652
802 414
296 188
605 843
323 970
307 569
284 317
285 510
58 602
740 970
497 903
269 167
289 747
246 107
846 995
169 59
546 979
831 285
266 852
83 351
396 963
570 770
713 290
12 418
903 976
161 5
475 707
177 523
352 437
615 302
446 136
655 988
291 402
580 37
412 980
190 589
505 44
283 735
170 528
973 282
917 452
94 489
178 34
270 538
105 584
479 390
93 269
629 381
681 181
874 217
266 206
674 791
471 677
402 17
208 223
939 691
49 787
611 332
214 149
679 951
48 147
652 457
579 473
79 943
173 790
504 733
10 251
406 132
771 85
131 229
528 62
901 336
37 414
684 583
43 711
328 840
708 191
41 563
929 598
102 649
80 927
678 81
77 206
298 548
235 488
876 596
517 188
359 13
253 446
915 173
105 239
518 795
717 581
740 940
756 851
526 694
14 668
568 35
371 344
217 400
449 216
978 950
389 807
839 671
899 989
117 115
397 50
294 459
238 934
917 463
392 678
816 632
728 513
492 494
629 924
816 693
873 847
499 854
775 871
944 617
356 644
268 329
510 55
431 68
188 427
555 572
244 845
868 403
104 34
848 88
811 950
210 658
57 862
493 70
296 868
575 727
974 862
589 450
699 396
91 216
303 680
959 851
823 206
828 749
784 579
955 800
168 130
342 626
1 980
868 18
562 664
987 841
86 714
809 146
114 976
390 278
726 325
876 681
590 868
457 592
754 694
771 402
600 329
655 852
832 269
15 65
879 206
571 73
554 719
408 633
178 602
88 586
309 286
902 90
797 336
319 144
735 472
500 779
844 36
315 711
549 519
743 166
917 221
805 431
484 912
620 842
817 263
379 125
99 957
710 140
153 779
719 654
737 187
918 81
965 233
682 324
29 306
874 53
771 349
573 831
220 30
109 388
850 182
143 443
313 516
992 275
592 401
568 595
854 34
811 134
129 642
360 81
535 958
68 762
586 998
8 849
558 666
379 265
172 457
983 308
280 647
957 949
420 262
964 172
808 311
118 925
840 794
936 527
695 265
265 860
322 537
814 67
491 620
928 808
154 533
327 874
859 320
702 55
788 554
255 121
952 817
447 956
480 69
288 654
46 360
477 510
584 828
66 97
30 472
859 182
28 720
963 817
698 156
378 446
246 469
614 20
653 287
672 539
395 818
444 7
799 817
554 260
524 343
545 245
238 917
234 899
869 683
216 206
803 591
137 260
696 311
624 849
65 728
774 863
673 198
243 613
924 798
762 906
14 472
494 77
801 815
967 570
996 994
640 542
777 793
472 57
853 468
552 850
548 823
48 919
213 778
126 866
596 139
734 658
394 998
830 605
791 578
101 736
231 702
597 924
88 636
374 4
575 394
504 169
828 368
445 197
266 483
55 744
946 614
148 728
305 72
630 362
102 231
337 120
598 435
772 124
996 193
868 856
135 203
197 723
259 536
712 506
332 702
438 616
584 679
455 490
766 261
996 878
187 987
211 389
967 632
171 510
137 343
428 800
371 142
656 865
65 777
399 175
157 720
551 202
983 647
411 846
762 368
2 163
239 392
915 972
557 434
656 971
126 755
685 648
614 508
914 338
517 196
558 418
531 194
603 663
568 457
27 555
169 836
943 959
37 498
504 546
633 92
482 17
846 217
968 116
328 848
761 176
273 679
773 777
782 285
568 935
305 288
317 971
572 9
608 626
904 118
489 526
419 972
445 673
30 566
680 740
586 844
359 696
540 622
13 848
103 286
524 241
468 169
151 782
972 253
574 574
328 369
126 74
234 372
637 915
553 739
543 214
921 373
65 312
288 430
452 738
178 424
976 301
249 563
264 728
245 62
603 501
733 69
533 384
117 913
570 726
566 8
500 149
748 57
991 964
406 836
923 302
205 280
976 663
489 464
288 526
636 736
172 314
73 595
997 406
664 990
103 132
779 730
626 122
262 256
652 583
111 978
893 320
898 783
680 16
202 731
734 316
511 194
702 965
371 659
172 978
927 330
112 904
702 44
173 970
137 546
327 903
18 765
529 739
964 474
708 123
994 167
754 850
481 380
585 406
801 759
508 65
12 654
472 986
294 120
313 718
580 213
25 210
580 145
516 449
178 737
681 501
492 662
934 117
811 41
679 802
366 301
358 314
536 419
274 378
250 384
82 125
550 71
152 926
384 993
285 218
718 450
241 399
465 593
725 499
584 559
185 188
390 124
475 897
724 656
199 71
504 299
973 414
23 35
523 785
456 822
512 368
742 612
534 554
55 198
990 728
569 475
394 772
836 515
806 301
565 276
628 71
531 180
556 942
487 361
874 456
313 388
285 520
943 333
923 611
795 95
430 110
402 802
585 586
535 314
328 878
978 347
272 272
834 22
763 976
973 432
600 382
10 337
239 840
787 499
312 826
429 85
485 107
611 173
701 570
815 764
103 998
206 740
480 531
848 933
307 554
913 590
670 344
244 659
425 138
524 519
754 899
822 424
404 161
323 888
710 619
925 276
525 475
533 622
577 921
944 601
447 930
83 969
645 449
137 233
127 823
723 390
620 319
489 692
625 990
630 419
110 176
664 727
121 350
435 811
953 66
75 216
449 509
649 526
512 351
236 286
37 238
150 671
323 235
9 175
29 177
308 288
21 922
277 18
591 591
392 844
593 142
356 724
483 210
980 251
71 921
240 374
687 846
844 596
135 790
853 818
684 115
565 62
447 451
582 678
441 133
689 888
720 773
348 16
370 459
960 940
793 961
339 987
993 227
190 703
762 473
530 288
458 332
879 102
84 368
131 535
169 726
841 790
515 199
783 282
658 868
972 480
58 426
147 921
519 457
625 696
123 780
707 983
510 310
880 738
781 758
211 803
636 30
17 399
464 485
952 828
185 353
195 736
196 238
508 546
105 61
401 712
512 424
457 322
350 736
27 713
518 867
662 570
427 480
757 291
925 770
381 524
22 502
708 478
29 41
646 531
582 550
384 604
306 181
985 180
837 823
198 481
796 960
305 248
204 401
428 505
244 514
19 692
81 459
582 211
609 669
884 644
187 879
276 47
458 534
416 555
252 773
834 790
79 6
607 616
227 14
422 25
860 404
883 160
834 915
92 997
367 42
766 731
804 535
218 293
35 86
153 487
241 337
155 538
872 673
579 851
769 945
620 647
746 155
131 29
198 908
482 415
125 609
540 585
241 52
948 32
184 151
10 269
262 402
58 648
846 141
848 693
16 356
785 7
379 689
769 904
780 727
480 739
571 778
315 689
418 679
42 923
99 998
13 731
765 358
858 464
273 13
320 959
11 503
12 980
844 764
320 697
949 612
179 173
594 98
573 383
302 389
210 730
839 693
575 214
442 652
785 436
165 900
724 390
664 237
247 187
840 134
802 459
827 243
515 677
613 770
694 700
299 142
998 909
513 411
374 51
993 915
76 123
456 961
117 772
410 161
425 865
853 205
422 402
733 565
362 905
7 800
423 238
757 699
754 215
51 961
798 245
462 301
362 843
629 346
903 268
221 765
699 152
805 137
531 863
252 737
511 334
456 3
289 820
941 156
529 47
16 843
579 775
843 515
713 49
549 84
243 777
849 36
309 295
385 837
915 637
14 557
873 659
911 422
215 321
275 470
98 884
909 596
392 431
686 302
407 678
962 479
881 609
370 518
770 511
215 161
62 811
525 112
371 168
762 838
475 850
724 438
234 872
727 803
760 607
481 183
928 149
325 176
823 775
251 394
456 781
474 88
85 214
283 325
321 610
637 358
526 993
236 49
901 384
606 941
163 432
849 800
234 902
424 481
671 946
184 729
945 113
204 109
691 69
550 887
928 626
674 778
283 228
5 313
945 365
969 824
851 796
763 328
699 926
957 178
738 340
591 659
786 568
298 537
204 676
681 738
9 202
864 432
923 667
328 114
191 478
379 373
789 665
557 412
596 831
320 810
61 836
751 658
978 319
535 675
744 433
904 440
397 244
725 784
827 706
387 630
142 983
42 669
724 262
690 4
740 363
540 419
420 912
199 119
589 143
200 868
923 606
659 96
758 978
215 780
501 471
445 481
703 612
650 595
392 515
105 93
318 248
347 827
905 859
444 620
110 641
548 300
86 632
60 576
304 20
393 297
919 229
256 776
52 565
995 747
294 29
687 312
570 281
659 730
422 763
837 423
695 174
9 180
700 835
46 139
444 651
476 433
245 435
458 908
675 212
807 878
778 551
768 202
214 210
639 915
358 163
675 697
625 228
362 406
597 761
46 52
391 823
986 169
537 671
9 209
526 606
505 629
833 54
708 55
918 466
723 863
306 439
852 737
344 767
876 576
152 556
266 993
108 951
956 893
664 792
103 272
327 32
514 978
898 152
972 422
70 953
92 410
855 583
268 787
894 764
973 948
501 216
244 972
766 669
964 794
374 520
550 206
644 971
63 414
416 895
574 187
694 901
347 148
973 69
119 855
804 398
726 910
338 12
328 870
679 122
608 474
698 475
932 94
871 958
459 455
995 402
68 625
559 496
628 659
266 943
742 773
928 236
895 459
120 437
190 866
259 240
53 844
457 148
951 348
591 404
377 843
416 800
902 879
106 258
681 529
697 274
143 350
162 676
179 759
805 161
193 868
998 887
711 992
779 690
68 925
273 153
400 956
358 455
776 222
779 818
366 780
635 426
150 299
427 411
1 565
87 688
212 128
63 207
370 292
171 133
570 905
583 573
587 932
990 171
454 852
739 977
227 36
335 597
678 292
759 99
158 842
885 101
647 75
533 105
392 879
900 627
194 305
303 543
959 395
545 6
142 356
154 169
674 63
490 698
744 514
330 786
400 558
335 993
821 643
324 818
881 40
306 491
576 612
909 313
978 470
335 376
726 243
484 255
539 286
771 970
693 251
6 377
816 883
515 513
407 713
318 701
992 837
606 546
357 262
694 830
975 537
501 795
561 570
796 460
17 298
132 913
880 445
434 155
379 780
210 537
797 180
450 645
721 814
153 281
251 541
76 358
20 640
583 206
323 906
569 759
921 770
470 529
580 641
653 56
950 938
616 726
207 268
584 353
614 853
334 288
213 768
795 63
217 925
128 739
584 809
701 770
377 714
384 555
170 698
854 841
806 225
936 25
441 353
70 920
763 652
780 113
675 131
104 253
325 663
750 466
374 255
531 325
367 670
2 719
340 842
394 86
187 873
897 239
106 98
31 455
871 497
666 435
953 706
25 827
863 336
40 965
39 882
997 842
370 320
937 984
133 453
931 739
724 694
567 942
818 206
512 211
65 401
361 901
836 258
819 558
916 71
525 413
536 624
528 173
344 379
808 909
89 106
976 598
623 313
147 905
450 889
935 426
611 600
560 741
767 323
939 132
778 912
544 447
229 631
115 136
639 666
307 709
427 708
45 994
570 98
325 273
150 210
846 988
824 11
513 235
593 396
87 560
150 45
579 129
68 423
334 157
313 205
733 636
319 963
983 44
833 84
757 922
520 129
726 423
348 648
621 294
327 602
915 726
633 338
771 927
620 131
403 114
545 655
2 313
448 378
137 976
436 509
547 752
302 63
160 950
853 584
154 782
901 705
296 99
363 988
23 765
445 968
736 219
609 934
483 532
578 398
452 751
206 150
755 862
478 661
701 489
273 494
449 939
967 103
128 29
319 908
689 595
134 6
538 54
336 791
328 55
854 447
798 366
972 882
696 962
687 673
212 243
338 636
529 425
588 127
306 495
283 837
300 106
422 587
997 648
689 812
200 397
237 288
309 310
643 175
451 40
457 601
578 802
636 798
187 625
29 601
797 220
364 175
113 569
727 422
392 584
170 749
115 873
133 351
432 965
561 218
787 291
679 402
440 226
257 899
774 748
738 70
576 139
336 357
208 71
476 93
398 846
300 11
838 691
311 982
528 119
234 475
691 963
657 635
883 976
960 345
65 410
165 887
166 960
351 653
177 517
577 343
837 433
531 521
429 818
374 31
98 60
722 355
727 155
945 184
299 513
668 182
927 836
240 816
235 746
140 734
421 405
394 220
103 305
314 350
119 797
761 112
97 422
664 7
665 310
762 654
943 650
588 530
320 855
474 153
244 498
875 257
232 922
268 890
186 14
454 319
914 596
841 906
923 136
995 813
392 76
196 401
694 528
656 353
157 371
51 200
46 554
81 232
657 593
706 790
301 842
109 297
813 606
542 371
102 131
411 776
875 72
673 656
12 69
734 466
94 516
660 197
538 354
142 156
85 729
826 810
482 401
109 273
668 175
192 841
105 956
473 820
893 740
939 795
717 313
780 647
328 361
403 818
466 982
566 769
105 397
719 130
303 875
62 853
61 593
337 311
855 868
559 121
405 4
675 84
973 596
120 44
331 602
229 128
917 411
673 816
119 150
346 209
295 388
549 336
814 551
581 250
185 296
323 673
479 881
583 395
556 175
747 744
929 365
730 816
8 677
856 614
779 9
114 785
876 306
73 629
253 125
791 785
130 864
868 642
39 534
171 557
518 207
237 515
419 373
205 723
307 983
319 931
592 907
506 203
850 832
920 109
921 393
753 780
164 531
705 806
880 97
811 55
209 749
959 264
70 806
153 533
735 524
675 565
715 120
729 567
894 706
673 820
9 428
581 330
973 163
345 728
946 881
209 495
643 261
159 532
429 46
607 718
495 667
731 995
128 636
323 931
485 134
687 595
612 556
230 106
815 375
752 903
125 411
391 86
23 208
986 190
364 42
524 479
973 431
879 671
356 110
318 934
561 526
748 793
147 524
737 497
768 266
835 9
3 517
142 675
311 113
191 37
494 300
186 592
403 305
957 426
626 451
110 307
188 928
239 954
669 262
731 247
890 401
440 617
584 148
302 202
121 904
92 517
189 906
811 678
275 938
397 704
407 128
252 601
543 217
514 663
311 826
305 223
516 465
584 43
885 658
926 593
95 249
945 605
313 361
332 810
613 203
13 601
655 13
218 697
445 819
366 568
243 482
738 410
418 66
286 972
901 980
579 696
600 533
813 985
480 53
239 971
36 826
185 925
667 39
605 665
536 389
11 421
740 409
145 953
809 322
119 811
783 453
324 114
182 290
306 528
327 505
535 218
251 697
910 593
59 787
690 594
810 783
141 806
428 53
517 574
332 949
441 721
529 36
267 400
444 823
465 36
1 163
662 282
595 941
421 356
571 434
918 926
738 788
175 361
639 314
886 345
692 562
588 128
219 434
726 201
989 752
539 196
335 434
662 593
421 554
459 254
254 961
487 588
567 458
723 534
959 170
339 335
705 746
959 367
501 30
479 261
643 855
126 187
983 298
304 538
523 537
565 926
925 734
313 610
148 857
686 314
14 686
732 749
272 840
768 625
381 568
420 950
682 509
746 677
839 307
305 38
929 671
280 144
15 592
33 850
453 814
574 277
235 719
990 585
90 355
609 977
6 563
714 321
835 983
144 922
887 118
784 744
342 841
504 956
955 348
837 713
413 648
425 597
617 17
475 8
599 714
486 277
665 858
589 92
387 604
660 224
151 538
248 879
422 8
461 566
659 224
338 655
951 712
330 419
913 859
982 210
300 192
172 852
839 351
250 867
183 954
900 545
608 773
108 498
333 743
63 338
461 399
249 976
643 853
149 72
207 568
116 894
376 279
678 195
326 916
339 334
325 828
291 651
76 778
951 214
453 665
782 446
116 761
759 115
659 523
242 185
941 203
866 809
713 89
38 766
430 188
276 812
414 172
339 523
939 596
244 506
334 596
380 476
501 252
912 200
364 410
25 80
880 148
704 688
345 80
680 25
476 611
820 426
244 762
874 74
81 639
521 393
569 470
717 485
698 875
551 722
722 893
477 271
586 212
766 685
341 198
774 791
183 291
913 161
445 316
344 598
538 498
836 907
189 723
466 728
963 765
976 205
923 699
207 848
892 513
912 964
469 761
369 72
746 110
896 333
383 812
491 41
975 444
846 639
120 965
664 174
941 317
946 915
994 279
95 803
496 15
85 669
738 243
484 289
763 541
859 60
231 507
74 102
460 60
781 37
920 478
252 564
507 946
131 540
952 599
510 594
247 682
811 530
835 870
985 985
396 885
189 477
501 68
165 996
735 766
466 928
286 333
734 238
899 927
731 323
986 353
25 716
437 527
845 165
284 630
649 207
835 839
336 739
736 841
260 630
285 958
804 816
284 745
995 105
481 176
475 677
231 146
481 614
900 479
217 978
318 827
308 257
131 890
769 884
265 439
90 651
202 487
32 357
517 909
949 988
725 60
416 914
61 891
675 715
732 74
794 832
813 59
503 877
35 711
237 699
180 827
683 30
328 541
491 879
951 512
167 722
125 153
931 885
202 930
630 25
835 363
198 399
71 745
971 824
56 953
344 456
198 783
483 344
653 263
896 204
864 880
671 962
109 498
511 730
838 828
326 385
949 426
666 416
973 157
213 208
893 709
690 230
76 274
615 761
829 578
243 920
334 363
646 214
760 992
779 238
967 477
534 967
868 658
3 782
4 322
956 786
224 45
495 172
281 565
302 24
227 110
791 604
850 770
585 225
698 693
546 305
95 762
531 518
327 511
167 553
583 371
763 567
645 473
432 839
952 276
739 324
945 374
436 445
701 990
405 114
837 97
880 64
59 322
8 621
478 852
19 351
845 569
474 706
502 885
344 138
634 123
115 546
961 7
434 772
749 733
196 406
945 850
815 725
567 182
364 167
629 544
685 257
949 530
30 913
848 254
229 923
686 5
139 633
862 39
458 781
371 36
446 611
342 314
870 308
931 922
999 390
743 180
555 248
691 347
912 366
698 224
536 671
845 467
109 524
292 878
429 431
366 455
53 628
571 645
822 968
568 922
166 397
594 542
938 393
554 452
101 235
566 781
917 163
374 77
347 151
821 394
103 882
902 633
73 798
273 108
929 366
488 164
103 436
103 915
157 760
380 162
520 651
261 517
403 679
528 63
334 946
340 916
637 750
247 370
2 559
64 85
874 388
288 415
654 698
380 280
92 10
194 465
468 150
218 364
938 890
772 911
711 802
875 305
407 317
629 966
827 797
464 665
309 788
444 710
522 447
68 627
432 171
842 921
550 632
864 133
667 657
254 869
54 144
9 121
608 960
497 637
548 856
918 17
930 846
418 14
380 63
126 264
676 421
652 53
542 743
741 536
97 154
81 938
846 506
794 576
763 294
11 98
566 366
510 914
663 504
458 639
279 573
311 605
6 244
896 823
229 626
101 438
716 621
689 854
204 457
738 898
674 458
945 841
468 687
500 655
83 608
943 100
838 764
190 562
711 138
99 425
730 64
818 432
561 972
571 772
223 828
724 756
454 269
898 171
339 398
49 266
773 960
216 283
840 140
725 687
854 466
958 664
506 237
554 808
280 939
717 636
883 910
115 340
972 644
639 137
564 350
842 618
78 49
959 605
486 973
305 475
31 363
192 810
885 277
851 869
132 84
300 641
204 44
442 196
146 102
849 897
376 168
295 67
620 817
517 593
838 873
206 542
93 81
689 714
105 867
231 416
447 20
436 828
268 87
694 305
622 365
447 980
594 492
241 517
973 10
345 484
39 852
506 152
959 962
534 970
576 212
928 780
487 146
758 103
134 491
271 25
803 789
840 106
659 922
94 282
646 199
128 964
943 81
244 68
348 982
388 505
500 164
456 454
25 246
646 322
364 44
814 175
682 428
437 376
425 751
508 767
186 502
344 55
132 285
648 317
815 359
936 481
705 910
917 86
887 625
372 146
86 465
436 86
750 936
650 875
866 811
403 678
763 471
609 708
204 418
962 73
544 122
993 980
839 20
806 570
785 549
727 374
864 777
950 585
550 465
270 836
122 199
657 631
914 205
117 870
653 74
107 397
294 986
575 398
959 103
480 964
871 241
203 194
333 147
12 435
337 602
825 74
226 315
511 256
972 191
42 828
647 200
862 329
798 259
585 472
378 220
39 543
503 942
927 607
625 216
805 863
350 240
432 507
717 870
836 318
290 904
484 148
670 375
226 347
575 145
59 167
685 630
781 750
302 992
985 705
976 553
361 469
424 953
172 495
737 503
374 55
154 915
369 912
752 5
704 499
866 99
908 973
133 692
886 437
653 106
645 940
989 614
917 570
672 925
886 469
317 460
687 30
332 906
906 249
913 139
137 895
311 264
226 123
690 199
51 10
609 167
46 746
667 421
220 599
590 420
955 201
989 122
348 426
195 212
637 951
144 907
345 49
604 462
1 594
526 708
26 69
520 578
660 58
436 489
440 706
540 977
608 565
569 592
849 776
640 683
459 470
996 114
314 728
485 302
380 278
603 468
40 218
76 411
426 403
178 230
741 574
695 275
179 911
670 865
495 894
349 217
957 576
211 228
344 533
426 926
102 240
856 656
841 131
524 952
385 408
406 417
254 787
52 359
443 625
952 679
258 181
59 282
647 333
420 516
737 388
672 19
959 319
314 311
579 349
59 470
572 500
38 439
225 466
247 424
420 936
744 71
615 648
807 692
8 601
950 745
666 352
575 409
187 264
322 419
451 585
644 734
293 478
447 91
132 470
242 845
717 335
289 620
142 378
541 366
863 668
774 624
631 320
762 661
285 156
785 672
586 206
270 65
989 424
786 384
485 96
443 340
93 166
462 171
828 929
880 520
186 635
640 25
435 188
375 226
170 133
45 65
863 541
29 238
961 232
394 914
55 186
857 676
973 823
16 168
663 326
569 765
925 528
904 176
184 822
229 894
707 89
645 905
50 231
382 327
693 270
917 628
707 557
524 124
511 369
686 450
538 361
82 516
659 466
849 474
489 405
168 776
833 557
201 972
51 590
39 393
171 836
131 958
27 140
757 803
238 664
673 785
71 238
482 324
883 192
19 875
281 926
502 58
649 246
907 365
421 521
690 24
556 266
403 446
662 766
505 537
125 291
662 210
842 861
650 407
309 326
346 212
967 26
613 199
168 196
982 136
283 709
266 896
180 57
492 340
324 922
795 666
860 228
190 700
669 322
28 991
330 237
153 341
343 73
660 794
789 147
938 651
742 212
917 116
773 387
884 90
651 664
993 645
830 436
830 795
205 873
982 326
882 673
788 721
172 979
401 455
15 949
288 573
777 264
274 67
250 464
350 518
38 972
290 760
665 625
571 180
702 946
851 211
789 568
23 131
341 274
224 209
915 562
948 944
486 185
593 573
983 23
317 991
768 795
659 774
140 554
308 280
116 116
600 198
752 169
937 269
580 336
637 720
714 827
534 837
506 476
896 468
750 275
971 687
967 574
620 268
837 177
288 850
700 742
73 480
499 997
404 700
521 995
11 901
68 340
413 42
359 329
952 203
583 572
222 896
963 329
933 589
603 596
968 918
938 17
371 811
834 210
159 246
728 557
277 940
886 729
560 356
266 115
997 205
520 365
160 153
994 602
441 560
7 727
286 908
889 774
399 327
75 327
356 106
552 872
376 369
305 215
667 993
437 87
183 989
722 551
387 53
700 45
577 903
909 918
458 83
258 227
991 580
600 750
866 820
740 958
382 797
302 775
114 285
549 30
774 586
325 711
828 477
18 702
408 321
573 844
644 988
594 961
516 765
188 450
198 366
881 162
170 574
276 615
457 741
811 572
240 690
234 1
733 715
234 473
148 15
939 14
706 273
322 979
404 366
899 959
539 960
960 937
207 480
884 743
216 97
713 600
398 672
949 479
398 475
685 945
197 474
798 66
640 873
197 188
53 303
398 15
512 375
788 254
334 301
726 269
553 662
509 207
717 380
687 934
493 477
912 285
5 350
646 775
287 47
560 856
732 932
643 645
669 514
424 979
479 655
745 812
936 960
319 246
996 916
23 674
598 389
142 867
563 760
337 145
561 582
278 664
366 799
434 322
879 92
385 33
859 506
914 823
880 722
940 341
556 90
646 541
681 474
963 599
634 786
641 957
518 360
86 525
278 374
524 642
301 462
807 264
405 428
79 259
584 883
721 533
838 126
283 650
975 898
833 199
787 758
641 371
788 847
847 362
349 124
185 29
516 205
103 873
833 562
554 682
832 146
87 715
36 249
590 337
83 349
2 157
734 329
381 672
113 336
33 495
422 7
707 918
886 939
444 369
699 674
700 704
910 292
461 157
325 577
229 558
410 530
420 923
536 736
829 398
659 41
358 302
364 673
303 216
384 48
885 555
516 370
743 112
895 62
120 829
83 700
36 440
98 991
74 741
952 260
28 42
682 920
877 385
58 283
146 680
32 986
636 583
22 36
92 652
633 178
889 359
705 800
50 74
347 898
590 700
354 578
135 575
757 828
724 554
823 313
819 505
139 831
238 938
459 9
914 475
665 896
951 377
565 21
244 543
358 106
359 824
14 791
593 747
749 188
767 224
747 557
879 664
905 822
692 820
422 593
794 627
826 924
876 611
113 538
674 330
400 412
460 44
692 420
355 712
400 461
733 500
287 430
760 681
300 804
678 546
437 254
382 919
84 893
262 554
279 730
345 452
65 109
286 80
167 847
92 484
252 9
223 741
492 949
278 919
230 970
408 293
327 77
91 452
736 337
352 786
905 534
457 395
137 203
993 60
907 30
441 444
571 538
377 411
729 302
223 991
294 238
695 336
299 236
850 716
301 570
293 359
263 967
899 820
571 928
323 513
367 773
322 28
174 181
58 881
250 155
202 225
914 921
901 596
852 849
614 569
912 118
684 687
979 936
8 314
503 723
455 281
297 793
753 511
160 806
328 936
116 870
454 790
924 991
891 858
498 778
521 56
310 327
314 20
500 614
862 490
753 413
700 130
435 854
772 651
253 374
708 322
409 549
371 34
648 533
834 803
965 136
189 163
836 780
833 689
979 606
369 534
201 970
123 38
666 567
631 121
24 662
522 436
177 82
558 31
517 942
906 637
599 636
590 801
637 917
377 518
650 524
318 475
981 880
826 921
567 754
976 805
83 432
88 600
864 898
446 332
522 582
370 810
163 280
782 203
960 954
375 741
399 102
700 764
363 199
642 934
307 201
508 215
361 973
395 856
841 411
858 417
815 524
4 32
123 28
719 73
501 234
543 853
464 105
108 16
454 864
530 278
72 481
756 78
975 954
595 346
557 915
693 109
612 766
148 853
825 251
410 999
334 97
925 475
534 286
902 941
498 178
936 224
584 26
48 771
264 215
348 673
172 988
392 751
760 159
563 621
204 573
567 824
880 109
328 607
954 193
38 862
199 208
266 597
509 985
371 75
224 3
860 684
891 306
572 774
458 39
742 602
154 100
325 174
974 98
28 347
817 683
30 751
28 31
930 846
409 325
108 617
661 671
636 348
645 92
670 787
850 228
858 703
307 578
397 481
941 969
190 30
348 423
65 121
583 667
36 962
119 518
576 648
343 694
91 285
659 176
135 846
310 619
646 575
827 415
113 822
384 796
912 280
613 485
100 179
41 878
580 886
130 147
646 244
732 543
681 521
85 536
821 991
775 613
837 221
794 419
394 682
237 718
207 481
226 381
309 906
632 652
83 11
576 236
920 273
323 225
139 991
468 78
247 288
889 522
501 990
386 684
811 732
915 954
207 63
24 10
951 654
797 403
602 148
336 952
935 811
286 990
171 898
547 282
738 254
70 552
283 560
92 587
703 343
433 714
380 72
101 276
920 144
294 867
758 769
756 268
919 217
190 568
703 859
502 559
15 882
626 33
956 439
822 988
28 922
787 459
524 992
770 761
769 461
372 418
332 689
893 957
775 768
624 537
37 955
766 396
536 597
265 448
184 508
979 705
42 254
395 978
781 29
913 360
392 392
246 631
524 877
595 721
846 691
572 89
738 777
589 163
174 552
647 560
111 414
362 162
800 934
489 280
199 736
565 537
517 843
314 378
652 778
78 848
930 844
361 351
940 992
443 546
231 342
353 7
354 613
403 526
592 989
204 301
339 122
507 949
147 202
263 1
8 13
576 4
617 108
322 714
42 108
623 771
427 753
908 769
795 315
60 549
989 950
371 779
918 77
192 292
711 483
517 726
597 366
808 537
875 55
942 524
978 165
870 104
446 623
539 364
660 368
369 961
338 212
259 824
527 281
976 749
75 890
673 398
81 736
878 141
86 215
560 628
100 32
942 699
77 206
673 476
893 496
434 876
856 328
661 767
272 348
201 830
469 665
532 822
774 545
742 305
887 651
57 596
461 325
243 527
173 616
181 800
71 460
639 8
766 71
966 2
944 694
80 409
592 5
284 145
893 940
139 55
379 312
17 577
334 501
236 217
705 693
509 845
149 931
199 219
976 163
756 265
540 101
53 378
710 124
494 678
866 709
166 838
246 173
347 272
518 920
615 187
64 386
755 569
401 372
894 585
894 73
248 702
177 432
285 37
40 929
342 276
407 7
893 372
296 434
592 297
331 395
924 936
127 460
640 395
212 524
464 551
381 778
473 887
553 874
289 943
453 172
589 561
465 275
981 17
915 975
674 347
14 946
682 53
356 767
597 182
730 889
300 392
971 742
102 638
253 860
3 897
395 330
835 540
805 212
449 747
299 720
619 587
385 303
14 143
594 578
387 143
192 927
857 761
595 273
187 15
981 729
635 725
780 410
273 876
873 330
745 138
939 995
468 83
338 315
626 27
110 957
56 973
197 399
346 362
248 430
928 3
345 377
557 675
674 139
139 517
687 812
322 535
844 481
726 586
699 26
240 215
987 107
461 416
804 489
369 701
96 496
983 885
722 529
526 447
131 889
737 656
121 259
11 883
18 927
352 338
285 4
413 267
124 779
193 967
61 646
571 719
250 197
558 231
492 586
820 424
377 846
853 752
175 26
736 503
412 879
616 229
677 457
945 137
226 323
403 264
236 767
654 875
232 734
261 729
296 730
151 854
127 898
92 952
311 350
484 317
38 527
386 424
723 681
290 301
369 620
247 604
357 423
957 810
873 301
77 319
809 756
589 226
140 986
587 209
445 119
851 549
40 607
376 368
386 687
931 998
733 294
187 493
360 42
835 259
24 786
489 191
409 57
362 533
207 429
633 528
706 696
39 324
210 449
891 100
685 198
1 245
903 440
703 437
480 776
716 650
810 724
48 634
616 940
372 178
530 566
436 791
40 759
569 25
422 197
539 24
700 66
642 192
893 371
153 789
583 428
995 59
316 199
123 578
991 474
855 124
941 695
746 935
276 568
981 198
840 10
466 886
106 176
847 610
249 149
776 169
42 117
601 49
936 918
67 730
881 337
32 524
936 301
526 456
565 839
573 12
794 6
65 692
610 724
27 326
394 598
263 359
992 411
723 592
851 429
118 585
589 670
233 8
575 73
951 867
617 714
212 695
742 562
887 165
873 345
318 820
407 663
822 248
196 197
830 21
991 525
382 476
744 964
925 150
363 673
695 758
928 8
432 363
266 825
298 281
793 815
592 907
714 834
887 553
992 253
684 130
475 852
645 689
92 202
235 557
7 396
769 74
871 881
330 593
952 604
175 896
300 848
78 102
317 64
280 252
659 910
723 699
527 611
955 837
117 712
852 704
642 73
365 644
786 47
411 290
378 103
915 560
870 275
179 138
996 529
497 876
256 286
345 910
115 568
404 861
243 60
93 92
864 897
541 295
189 89
944 21
914 52
835 213
333 791
741 871
446 945
85 894
114 683
278 835
42 459
480 95
241 458
330 633
167 30
123 678
547 110
871 202
716 883
502 564
838 513
668 722
556 233
667 694
977 979
328 419
890 701
753 413
56 529
649 894
198 757
806 604
899 521
8 489
865 676
284 185
92 857
940 22
882 467
253 593
864 117
186 897
495 514
910 119
662 627
578 873
729 898
518 56
886 626
541 234
536 790
908 221
451 710
614 288
540 323
624 344
874 651
308 604
634 789
799 314
143 337
255 511
290 113
550 35
406 653
461 644
940 694
9 98
643 656
725 64
767 533
209 865
249 737
73 699
800 748
223 564
67 118
872 943
906 665
794 145
5 98
367 610
398 917
685 322
792 811
177 826
277 92
500 384
162 452
859 574
563 511
85 86
611 728
998 828
36 114
526 826
599 353
402 915
617 991
752 670
949 170
571 196
585 643
929 743
610 149
329 640
998 777
313 409
5 342
169 161
