5000 3500
443 52
132 950
1 710
455 851
256 251
561 776
243 653
673 977
659 505
389 431
252 459
49 578
136 95
334 797
182 50
948 106
380 538
870 457
747 69
281 674
76 577
350 850
200 764
702 502
504 216
27 337
414 376
519 420
225 561
608 495
351 913
322 312
621 820
516 19
682 537
961 613
74 628
320 387
55 189
16 70
941 564
248 18
625 292
916 68
738 582
249 139
750 20
965 887
360 962
100 86
971 760
789 146
220 527
590 963
511 867
778 490
918 125
387 142
146 764
481 578
412 526
19 362
685 324
111 593
558 139
360 27
752 173
587 165
250 5
463 406
852 324
658 79
905 662
757 426
775 512
849 493
258 924
775 323
29 577
973 163
235 632
823 271
250 901
794 62
72 631
594 658
858 426
996 634
356 852
760 955
287 431
47 446
650 179
844 450
261 72
2 263
673 369
252 571
423 464
258 56
569 969
841 503
740 549
582 727
221 410
836 482
286 748
120 572
301 91
582 451
68 662
453 876
845 123
635 21
656 678
345 119
26 145
979 473
258 243
681 728
359 938
982 21
877 572
183 125
142 695
103 666
848 982
748 960
446 526
954 201
48 488
327 632
666 877
707 947
655 979
499 938
342 795
579 848
287 306
328 756
572 913
740 82
109 848
605 167
441 135
684 89
974 387
917 648
910 575
129 642
583 289
80 258
273 617
353 460
738 381
361 91
184 680
844 641
854 847
579 238
456 1
82 518
545 916
582 596
47 669
966 656
389 979
427 571
674 653
374 150
226 293
867 947
592 202
468 620
424 397
579 535
489 62
110 709
454 294
276 942
398 727
761 523
266 789
95 862
937 696
555 872
566 808
277 526
469 79
986 456
274 59
137 724
896 509
569 437
395 336
379 581
223 506
921 265
67 332
410 77
871 396
710 330
914 813
419 678
256 468
328 857
610 913
746 582
885 424
291 936
823 935
407 36
567 778
429 22
870 906
933 97
641 610
266 798
299 215
721 246
804 496
114 819
819 644
752 905
456 371
338 497
952 545
428 780
452 969
175 724
286 131
95 218
622 330
899 831
367 357
617 955
714 631
748 480
324 642
142 704
821 307
482 837
939 866
441 103
584 973
52 205
524 715
138 730
944 341
258 672
798 253
937 153
857 926
77 215
702 303
366 264
665 827
976 467
500 856
326 520
15 935
328 526
257 629
35 205
774 183
199 205
620 936
13 201
373 781
478 664
649 341
658 647
350 814
126 961
742 664
802 119
210 581
274 36
274 204
899 692
268 213
803 38
677 5
880 376
356 323
624 786
819 429
237 477
2 36
964 671
768 732
420 709
97 814
83 175
533 238
806 583
926 784
220 46
206 229
73 549
323 384
464 419
480 917
213 676
815 996
991 247
124 340
360 263
560 252
248 32
79 14
949 913
978 558
920 840
500 69
852 285
456 896
140 504
764 632
189 271
36 984
73 145
729 141
426 370
699 571
868 337
877 426
576 926
880 394
994 987
748 977
496 546
879 804
478 65
811 728
211 893
503 376
871 94
954 40
921 308
986 159
855 281
106 861
816 716
844 897
943 305
271 557
103 69
954 465
387 829
862 613
96 47
110 983
408 787
514 445
262 334
142 13
203 786
928 974
654 647
948 925
838 923
369 628
300 661
577 964
531 640
704 424
100 266
410 171
116 66
386 369
822 837
966 389
847 961
968 372
635 751
225 940
71 40
164 488
268 250
759 588
559 109
982 956
807 510
350 244
7 555
790 980
842 249
867 147
977 818
252 311
232 506
399 883
497 709
738 162
170 777
438 751
374 392
921 757
246 496
496 931
805 844
368 436
87 372
111 196
830 332
755 167
483 732
649 332
155 676
731 254
979 757
312 88
172 225
501 966
400 705
721 576
665 629
408 35
441 421
719 389
317 904
515 459
994 884
421 517
610 241
310 648
400 192
417 209
337 211
959 955
437 712
628 281
954 620
295 230
748 767
435 290
474 72
825 271
189 477
409 285
993 46
828 314
253 187
758 842
593 164
764 402
687 67
367 940
586 114
150 581
236 927
735 405
437 407
719 227
55 587
883 887
371 9
265 198
958 704
327 895
880 942
409 939
826 147
385 897
484 165
122 305
906 616
424 980
523 970
990 552
600 813
807 602
133 443
816 271
43 119
805 355
446 34
383 469
414 183
893 892
868 650
195 695
910 363
341 224
44 396
665 400
173 170
817 203
731 503
182 584
159 336
38 312
878 784
420 206
959 524
72 902
896 843
596 65
355 684
948 516
757 303
476 278
768 324
591 777
638 432
39 328
283 609
186 822
542 958
479 501
687 937
714 558
35 742
486 279
727 757
623 456
562 192
210 549
477 600
874 217
302 453
133 563
496 962
801 510
938 597
542 37
225 913
867 578
952 463
890 155
460 761
748 728
121 625
871 520
762 30
804 665
6 184
625 818
549 554
745 39
75 401
191 370
748 799
792 496
995 541
470 538
230 833
405 486
956 566
837 340
635 45
291 259
285 687
368 530
716 678
255 967
61 241
888 988
576 708
719 846
363 732
22 132
700 82
441 757
251 461
924 284
923 933
550 781
281 142
808 31
57 159
566 465
165 43
107 170
108 671
806 505
340 329
673 929
55 565
553 297
196 324
182 316
146 106
49 592
437 508
712 115
815 11
232 239
150 769
73 710
581 479
895 106
786 861
198 688
15 514
439 288
770 327
917 226
438 892
836 813
84 139
796 88
299 156
54 593
996 661
594 417
441 995
803 63
908 956
751 720
602 116
384 761
149 135
685 435
465 449
390 674
987 892
365 664
317 16
753 259
389 552
164 942
504 236
247 633
206 569
514 95
289 37
90 525
351 671
802 381
525 518
733 895
819 767
327 70
759 149
315 57
875 836
446 71
666 235
790 129
698 847
958 651
69 562
171 555
968 554
311 95
807 119
986 778
75 912
35 482
59 571
713 786
335 20
602 815
207 715
339 666
739 343
904 898
948 886
164 394
100 605
999 48
199 154
305 531
749 179
410 459
262 855
342 712
982 909
362 263
85 322
663 871
702 171
266 544
966 440
719 374
34 512
497 113
997 545
434 187
990 813
704 297
570 485
36 599
83 249
949 468
726 346
183 750
929 132
892 26
944 870
742 156
571 930
854 811
549 750
326 226
507 899
251 690
729 644
420 643
824 883
936 58
28 615
807 845
399 916
619 551
261 526
187 890
500 728
64 151
904 188
513 923
970 366
420 548
753 38
108 286
31 152
223 416
965 764
189 689
427 264
503 317
70 8
794 802
940 390
272 940
140 942
558 321
268 915
150 749
349 252
35 665
589 52
237 233
702 145
853 278
196 514
277 38
813 318
161 524
263 641
183 997
515 815
56 782
451 518
734 81
661 709
876 949
540 836
733 243
709 317
332 992
617 700
265 777
807 718
915 651
123 55
779 747
11 107
961 298
72 977
70 713
505 794
385 772
806 337
934 807
758 116
641 470
455 176
631 966
4 509
655 711
724 848
688 10
387 623
359 3
661 95
557 928
655 825
311 929
72 100
284 403
220 417
636 329
286 579
662 688
769 780
62 102
16 380
125 82
777 391
482 793
773 163
355 345
217 650
371 652
352 701
189 840
723 250
974 705
328 928
813 784
424 893
331 240
141 26
452 842
294 684
831 421
139 15
407 956
91 125
121 873
846 750
220 770
716 364
418 86
944 213
860 672
635 533
632 610
661 178
953 247
999 231
658 361
276 792
622 540
275 171
630 403
563 718
411 431
345 382
98 635
413 871
471 511
604 76
358 319
989 885
114 80
152 598
76 943
86 265
143 722
328 434
713 60
974 422
615 477
168 330
913 363
291 524
388 14
289 797
105 578
376 794
682 536
410 585
437 594
622 179
420 831
592 127
164 650
197 306
120 763
750 571
46 353
640 842
925 603
715 493
782 937
42 961
542 133
145 612
790 475
384 73
292 431
608 245
208 785
676 11
939 190
59 460
924 23
945 458
859 789
649 916
541 103
831 736
331 681
127 613
250 309
117 82
473 154
836 375
666 735
981 535
585 701
233 195
678 965
59 731
95 744
788 936
576 916
522 106
461 380
219 365
937 928
378 820
613 852
988 375
29 21
878 792
379 544
398 268
354 250
196 347
80 431
81 404
129 314
444 542
163 828
22 453
822 502
397 890
155 542
621 846
712 617
761 687
334 941
719 970
213 26
911 147
48 175
340 779
98 436
931 882
995 218
473 35
200 158
955 370
704 153
634 164
861 273
778 640
71 119
394 652
466 463
694 254
233 762
752 738
145 610
316 169
113 503
698 979
835 216
134 886
687 884
5 970
258 722
187 696
743 624
50 137
14 219
885 236
46 895
849 223
73 409
244 921
259 412
846 35
5 782
404 578
950 994
818 352
633 572
489 5
155 638
964 680
961 603
631 541
385 9
723 202
405 16
167 840
4 274
621 232
304 412
700 157
52 481
129 309
450 881
403 370
454 234
428 549
425 333
410 70
395 958
619 57
810 132
608 831
25 539
980 300
522 63
352 868
77 273
794 540
301 336
100 326
555 278
271 517
670 773
319 982
425 132
48 832
407 43
963 972
182 444
644 707
672 810
705 687
9 346
792 993
594 444
353 385
722 381
648 227
997 591
518 461
323 605
890 474
199 551
656 228
765 86
335 252
61 127
766 486
872 243
733 950
55 323
504 396
735 465
454 152
105 512
507 34
833 120
843 354
472 693
418 488
989 234
873 875
765 801
487 352
925 642
443 569
176 41
845 385
404 819
603 170
543 330
817 44
998 149
972 325
101 84
612 4
623 416
186 258
838 188
899 850
481 392
913 223
758 102
441 594
274 775
312 307
25 877
314 190
612 825
789 780
673 947
3 355
881 236
202 608
934 847
298 256
337 305
119 819
928 458
40 861
4 659
997 737
45 469
245 256
232 315
249 946
526 595
408 747
869 426
47 880
706 964
591 316
524 400
262 198
896 335
572 215
936 887
628 450
284 349
485 888
395 878
415 4
650 817
918 534
345 453
469 345
931 662
94 844
841 632
455 144
381 797
737 850
796 612
150 663
578 620
64 562
313 24
671 31
637 240
496 179
527 976
193 745
615 778
342 365
771 558
244 138
241 514
387 472
707 489
869 795
244 784
661 804
169 188
700 651
244 580
83 293
130 719
862 342
624 681
615 278
457 56
139 353
76 752
515 680
317 445
430 862
881 687
806 127
53 931
422 160
841 979
72 72
632 391
323 839
909 872
213 797
9 801
36 740
381 157
542 404
5 735
269 738
768 995
759 439
618 163
161 191
707 797
972 66
714 119
467 847
246 446
465 322
753 988
244 366
947 169
869 226
473 865
517 960
148 199
433 539
822 657
719 226
164 611
314 610
593 786
941 466
985 640
144 787
589 993
363 183
897 873
453 384
529 698
684 985
172 770
866 217
181 438
831 508
827 774
855 381
299 728
907 223
150 663
557 687
56 381
290 53
415 527
660 233
865 559
649 764
994 198
990 618
592 63
422 32
522 200
768 151
161 836
804 789
563 948
58 602
548 201
165 945
691 828
986 790
370 358
236 775
961 12
309 478
491 984
610 83
813 886
827 351
146 31
496 966
500 66
941 709
138 490
506 962
742 891
143 962
584 622
606 882
489 648
863 607
768 348
165 984
507 717
335 304
334 601
526 219
554 508
556 704
340 975
781 515
360 530
112 827
42 792
438 891
773 903
570 411
519 197
762 354
138 783
856 712
759 205
281 806
855 449
740 197
559 734
926 574
390 575
950 877
638 331
257 905
564 784
555 677
332 359
126 405
770 390
71 200
866 999
114 227
374 178
732 443
123 480
198 900
632 710
948 427
902 269
427 226
250 239
796 144
733 957
421 20
129 439
722 862
897 968
882 253
124 647
931 922
102 465
65 672
490 744
673 233
843 884
329 999
606 529
153 551
722 726
661 807
79 482
952 487
384 342
352 209
203 543
130 224
613 989
167 674
319 266
392 238
538 389
734 622
272 233
932 532
769 35
659 530
649 884
537 521
365 637
390 704
885 722
517 768
813 928
76 843
696 91
275 13
150 404
977 256
623 472
568 489
775 538
461 332
598 6
793 369
561 364
23 564
267 886
27 356
608 145
902 457
917 229
120 195
930 482
762 317
227 628
998 65
881 775
262 100
724 589
722 300
773 139
627 184
6 537
514 989
835 620
870 766
152 464
146 448
917 527
460 873
115 165
799 731
715 187
875 883
778 469
136 457
481 881
783 635
686 464
176 113
309 325
76 720
437 581
414 723
484 832
830 821
432 943
95 787
670 859
246 352
133 673
110 318
108 738
773 124
661 785
783 385
445 780
926 892
241 472
89 867
289 541
740 836
564 882
51 27
428 224
595 37
530 241
317 539
488 525
314 810
725 362
766 526
673 46
394 269
720 852
386 728
702 93
49 948
766 639
730 559
108 895
794 448
126 518
849 638
848 455
558 796
423 296
714 77
660 858
773 576
289 159
472 11
405 345
140 984
513 467
865 594
6 391
297 811
317 163
108 140
771 486
637 798
407 895
603 80
785 647
732 262
546 775
495 605
845 242
683 221
487 923
529 486
846 130
460 140
383 812
671 877
480 886
158 905
558 117
474 311
721 3
608 672
326 740
587 621
337 842
588 910
708 513
488 75
365 220
932 664
305 99
436 517
681 333
237 138
52 616
218 545
241 84
79 380
941 410
41 234
720 80
329 250
629 981
876 334
176 591
931 492
542 378
915 800
342 593
90 591
545 371
373 462
468 351
61 124
512 255
831 960
409 927
221 469
498 129
837 199
358 340
990 755
221 994
336 548
241 300
891 182
946 90
173 14
685 854
377 669
110 781
450 42
230 725
616 413
302 74
982 126
476 790
64 556
739 866
766 323
301 697
875 490
838 531
844 460
445 367
916 809
522 587
110 486
510 39
502 872
592 580
370 133
922 429
185 122
264 143
755 55
419 662
614 426
93 352
253 31
821 661
253 904
76 85
688 71
289 823
634 803
566 734
215 786
619 482
503 59
536 880
800 330
93 598
693 82
942 472
16 268
36 785
219 992
324 935
662 454
72 612
153 442
135 637
433 817
299 453
452 147
662 389
489 11
654 827
672 266
589 239
672 989
268 26
13 851
273 339
796 590
450 640
873 40
192 943
828 292
166 927
476 754
477 329
287 93
286 403
322 629
787 984
778 723
202 664
746 182
967 810
758 921
637 41
237 716
396 233
217 67
622 5
174 875
983 975
864 998
241 536
416 255
793 959
959 579
898 232
226 419
536 433
333 819
522 472
311 144
211 924
921 983
782 378
673 472
89 770
994 861
910 499
386 446
107 89
170 590
864 54
122 524
994 4
83 600
863 110
886 712
150 198
511 130
979 408
59 792
736 564
789 26
708 759
156 495
545 43
855 549
963 450
9 706
239 741
519 560
763 832
302 350
699 787
265 54
147 268
184 795
289 819
357 514
775 808
880 952
667 751
333 116
569 722
223 711
671 949
181 821
865 912
304 840
108 34
279 487
580 258
480 988
493 594
860 372
889 525
44 823
805 359
125 21
181 494
898 942
862 722
545 785
631 963
23 390
221 559
258 411
980 128
586 281
331 938
540 532
951 971
715 969
827 863
749 214
696 914
252 405
376 564
932 556
883 342
96 290
534 312
291 817
464 565
304 245
823 676
869 338
711 629
637 976
900 489
102 258
998 189
528 926
541 109
772 550
334 191
367 750
986 421
117 966
663 420
383 151
717 197
796 958
881 931
177 137
793 989
578 911
440 590
646 518
974 224
602 621
673 998
824 13
40 528
24 165
558 744
839 939
663 485
996 254
365 104
920 564
423 658
616 14
313 351
56 951
303 676
89 345
498 895
976 520
379 241
69 939
950 414
978 629
145 865
874 909
627 627
91 775
717 660
435 404
414 101
745 762
439 23
564 113
982 375
100 618
98 248
36 59
155 25
241 366
351 567
725 224
51 518
257 723
926 40
602 627
636 610
778 370
989 182
34 816
564 292
675 288
555 680
181 217
185 373
135 683
746 814
713 246
350 535
880 201
439 763
152 365
98 607
39 64
617 52
922 649
527 318
194 608
162 916
968 342
57 714
66 776
505 969
672 647
191 544
594 308
695 151
974 889
349 256
795 677
438 344
32 564
480 778
712 694
943 581
219 818
313 723
53 398
200 781
413 645
17 750
785 155
459 806
838 466
287 41
608 704
411 177
13 120
973 66
271 691
841 264
632 736
224 566
311 908
519 773
470 116
303 210
776 97
709 699
457 51
809 689
210 140
82 988
153 186
418 478
974 153
453 933
594 782
301 182
353 128
221 692
195 688
602 220
792 274
257 824
516 817
498 962
851 414
815 605
750 622
489 251
603 131
469 359
516 515
473 538
14 793
347 443
780 917
848 594
733 563
260 306
117 361
771 979
333 476
621 328
210 753
638 176
838 78
518 172
979 716
859 216
729 756
145 535
799 891
26 289
80 193
698 349
396 712
178 595
899 302
22 658
727 206
978 977
932 63
137 283
438 358
296 818
778 892
786 988
730 305
806 551
549 640
257 819
114 430
304 936
14 737
891 446
69 336
930 242
186 544
475 702
864 293
697 998
608 118
635 245
424 20
64 253
967 509
26 666
563 725
698 279
86 237
78 353
284 17
665 326
667 55
113 447
788 332
862 179
87 470
563 384
765 636
282 338
470 84
540 380
63 209
206 268
854 606
149 154
79 649
849 488
525 55
7 443
91 491
594 434
124 880
255 760
350 521
687 256
548 623
29 867
474 536
617 851
157 290
30 204
613 636
759 629
66 759
911 686
926 807
720 765
819 40
118 656
190 743
17 248
293 776
240 937
946 961
988 906
366 908
54 661
382 845
528 101
471 147
515 20
361 613
247 507
477 900
954 407
271 175
886 605
923 356
664 462
106 908
399 50
303 985
201 263
723 797
264 749
560 973
312 222
329 650
148 992
185 241
715 165
306 930
903 400
3 502
924 892
631 738
256 218
142 77
862 721
106 977
471 268
591 335
655 924
570 205
654 650
920 341
452 102
847 242
340 515
772 283
733 560
937 37
2 534
943 888
579 333
317 70
276 427
148 445
944 34
622 960
844 458
621 929
419 257
470 565
429 17
998 279
349 748
481 372
654 20
672 364
902 679
145 168
636 554
529 152
600 285
131 757
305 331
9 804
954 80
523 308
989 999
142 347
91 146
820 213
436 951
25 334
378 292
520 19
30 243
817 327
272 495
916 23
173 974
933 458
592 758
424 521
565 636
518 682
255 158
18 996
192 527
186 868
176 656
223 108
274 976
884 309
316 985
623 991
266 622
746 714
872 699
704 707
651 938
921 249
634 729
149 661
31 181
610 598
686 268
762 78
458 493
961 480
264 581
233 77
897 714
212 325
888 355
515 789
92 404
395 489
577 875
404 381
969 41
733 889
703 616
485 254
104 319
14 471
539 557
786 688
286 259
792 327
738 445
784 4
400 27
765 956
934 4
158 101
244 317
524 198
930 709
514 509
729 267
260 94
241 442
243 341
576 440
799 417
536 753
979 203
700 99
74 15
628 102
569 281
136 563
220 484
193 708
844 866
296 694
167 917
451 865
705 404
103 856
690 465
993 980
387 185
316 182
937 61
333 149
61 137
578 108
299 941
525 532
407 253
890 81
256 178
484 474
724 613
858 35
531 949
417 429
443 596
602 119
943 569
42 572
427 437
928 923
183 353
524 888
926 111
716 922
221 874
32 600
297 613
539 261
429 866
801 199
34 265
392 589
202 615
575 131
404 549
652 167
183 930
917 500
155 656
460 443
321 500
232 335
178 677
885 229
862 30
733 751
813 166
793 481
982 931
91 965
394 331
750 76
169 337
827 179
232 620
954 559
469 30
596 516
688 148
786 219
670 202
253 107
867 978
16 181
882 94
190 311
725 406
890 329
3 399
673 289
601 303
597 274
599 28
427 826
98 933
953 531
751 555
240 780
81 366
790 457
486 890
140 482
713 132
306 57
124 1
705 921
702 948
638 227
236 245
732 983
414 556
965 833
488 295
280 978
27 845
584 817
837 446
503 978
597 36
822 448
535 840
242 610
485 380
87 10
484 700
63 473
739 652
62 116
830 624
418 93
923 194
287 289
538 374
536 722
264 84
911 810
559 456
249 774
558 391
225 82
23 572
614 407
855 280
283 586
662 612
966 976
587 947
527 916
354 421
435 883
410 343
23 947
347 155
663 281
47 132
501 377
322 319
999 941
88 12
266 802
942 651
845 695
232 317
905 536
541 846
872 365
600 609
684 194
91 967
579 258
711 284
243 827
69 650
511 377
649 233
624 830
436 927
447 27
69 431
31 234
6 298
320 286
233 931
827 604
115 165
658 230
561 578
518 145
858 597
234 719
859 266
125 662
882 872
949 176
257 705
415 228
879 313
326 587
307 807
889 50
572 905
531 865
662 778
785 404
66 733
536 610
884 633
762 971
728 976
349 607
81 646
993 219
607 418
247 292
505 244
11 438
36 296
830 800
328 15
242 995
255 977
286 893
677 94
600 412
163 918
362 542
810 503
744 125
271 172
407 752
921 493
536 774
743 233
164 461
104 675
697 340
402 555
247 657
226 71
968 182
799 85
627 762
606 593
242 282
407 503
60 770
281 482
732 300
45 980
201 956
133 650
696 226
429 482
275 165
967 622
662 290
74 744
395 632
83 285
644 3
539 663
348 249
9 132
423 736
742 837
449 99
913 667
194 231
4 647
948 895
494 323
719 371
267 870
752 128
802 887
188 960
574 235
575 438
495 686
392 500
23 988
183 494
494 835
827 172
179 789
768 520
300 671
847 482
740 964
762 175
457 333
494 489
261 377
648 400
218 420
793 645
318 901
543 958
113 401
947 177
328 48
367 398
48 904
833 367
451 273
789 692
372 107
408 154
505 86
549 810
442 828
112 110
306 204
12 550
938 435
164 942
185 813
583 513
299 791
966 416
972 116
789 322
51 863
240 255
168 932
362 503
199 644
53 394
419 899
850 143
691 248
318 63
887 477
371 287
701 267
994 537
299 348
158 389
638 686
538 426
37 18
827 255
260 333
647 223
717 433
142 599
732 242
865 391
907 528
250 907
632 366
983 607
638 183
2 432
147 34
440 156
429 622
644 238
51 507
383 420
786 30
696 958
357 207
554 24
498 103
531 203
858 708
672 373
70 724
485 434
348 415
292 647
437 119
690 516
746 741
498 107
548 428
69 306
929 707
59 591
272 782
163 674
770 676
994 999
576 66
290 157
159 327
90 445
235 889
908 199
460 792
160 826
437 798
833 925
246 655
499 644
115 538
750 268
232 56
103 815
673 507
174 485
576 957
432 623
558 524
446 426
296 332
438 562
578 404
339 267
964 40
3 763
676 514
858 535
355 620
851 279
17 780
589 215
626 77
583 186
333 355
385 587
399 291
418 222
763 369
783 783
102 529
308 942
915 796
106 485
396 119
816 414
304 219
185 823
594 994
24 117
494 92
890 601
988 825
49 798
267 864
845 372
473 886
739 878
403 761
295 761
430 945
676 708
479 731
564 308
890 608
478 617
363 739
126 641
568 547
337 776
818 157
454 328
963 910
690 378
817 72
725 621
388 339
374 384
853 183
698 281
369 722
957 744
274 246
277 775
356 995
237 900
178 599
202 385
248 994
954 592
182 142
590 21
284 260
791 425
776 248
455 595
365 289
420 60
510 904
446 522
426 624
989 894
202 629
348 105
250 817
237 830
179 758
521 5
716 417
35 375
454 420
303 324
314 795
484 629
543 868
980 296
316 386
496 585
26 919
465 939
12 419
165 346
886 430
762 193
639 389
993 147
642 377
506 976
851 99
966 198
688 915
588 58
165 841
922 206
757 863
407 743
51 606
871 22
535 412
183 651
716 490
702 577
529 335
864 782
717 585
310 724
596 689
143 773
90 208
712 530
83 845
89 315
416 261
298 117
773 896
371 767
99 131
543 529
947 969
165 604
527 48
230 870
801 306
151 846
752 398
874 90
920 257
576 598
257 380
17 502
543 925
693 791
768 176
771 518
565 908
298 695
396 311
186 293
574 881
454 215
268 451
367 742
380 349
174 838
664 337
111 105
25 490
861 103
782 526
538 481
883 659
471 529
16 491
514 113
305 957
240 971
573 62
20 478
360 902
866 823
620 579
646 447
479 9
73 429
577 117
815 845
117 128
353 973
607 88
759 1
378 652
820 689
298 830
574 763
651 758
311 61
441 490
122 547
132 206
456 919
914 176
624 664
307 763
759 246
57 772
3 455
173 682
136 2
669 615
726 154
548 91
570 817
267 502
130 719
398 453
592 269
912 747
168 953
189 880
639 508
244 538
155 640
149 141
5 775
431 529
397 592
921 98
608 259
200 65
2 918
763 332
61 2
830 336
470 961
470 494
106 572
176 478
529 664
401 765
700 840
317 348
328 128
233 969
928 546
996 927
453 111
199 108
157 617
785 921
428 895
9 437
465 394
121 103
1 354
422 546
929 44
942 912
830 783
142 558
943 982
12 42
172 564
783 620
556 310
496 423
76 37
282 241
431 539
407 247
169 633
723 690
344 978
711 942
888 530
255 288
496 445
262 119
177 218
411 431
853 670
761 39
689 105
744 693
964 46
448 826
624 357
160 7
802 411
801 629
446 427
773 303
865 176
54 389
979 737
585 655
28 822
210 271
395 982
49 358
158 644
466 290
842 273
431 608
758 393
195 272
476 589
864 171
303 382
552 320
905 362
160 648
782 661
825 890
531 79
61 989
821 281
530 749
199 831
306 538
648 271
153 413
409 829
956 384
447 584
634 809
860 786
848 518
843 900
967 22
161 916
773 699
454 582
451 512
557 124
25 63
568 626
992 335
985 196
643 769
672 403
274 154
830 660
352 944
529 280
820 711
973 575
883 690
988 401
409 779
852 736
448 546
650 191
283 106
552 4
999 587
31 337
424 554
459 987
159 304
910 283
986 129
404 159
423 453
419 169
426 507
415 614
818 325
963 939
798 745
848 706
262 758
750 644
378 649
497 669
817 198
445 482
328 905
930 109
783 513
822 451
385 449
533 717
767 479
211 829
619 737
366 539
38 931
222 564
265 679
219 772
843 61
920 214
257 695
831 365
409 367
368 109
246 706
463 33
689 73
412 298
759 664
267 101
631 871
812 157
265 497
149 115
946 660
58 91
63 306
567 230
303 492
829 128
54 591
937 2
794 437
876 356
119 476
811 427
599 686
260 592
203 418
172 220
328 463
753 202
573 753
142 500
850 563
964 629
150 567
628 401
11 284
856 326
962 507
593 491
884 716
937 829
29 366
862 750
372 685
162 127
274 686
966 846
753 345
134 760
190 918
517 244
239 563
262 279
942 85
864 28
993 977
265 879
271 546
382 632
544 385
744 513
499 931
201 754
67 777
9 17
144 145
564 104
201 380
298 491
507 617
45 526
463 8
822 949
886 844
473 351
67 531
399 456
335 655
179 130
385 940
518 127
965 551
563 420
805 610
634 636
576 39
483 962
825 493
856 431
471 275
48 315
196 766
416 226
476 200
93 755
312 373
816 952
611 13
53 203
702 995
951 924
843 73
824 882
755 872
573 839
244 333
580 849
868 542
488 862
559 837
679 898
994 29
193 341
600 484
656 355
713 658
193 768
738 952
627 885
809 850
300 835
488 173
671 776
592 431
69 492
936 772
537 487
468 600
703 691
502 565
83 954
191 93
183 810
312 361
761 467
758 457
372 924
782 748
8 525
308 181
640 602
446 742
131 175
879 176
622 306
130 943
897 529
706 158
884 396
33 68
253 984
207 836
365 264
374 801
642 764
2 245
554 412
245 983
939 406
571 971
340 67
570 63
687 119
354 415
533 448
295 717
516 933
165 640
922 221
40 945
405 341
32 294
83 94
965 221
309 467
363 44
837 597
994 506
779 522
762 370
546 184
191 577
778 407
345 548
248 238
373 562
191 184
147 29
748 184
488 874
417 871
30 855
195 767
935 124
408 807
413 262
882 412
282 654
368 971
301 103
882 257
239 274
489 14
594 525
355 867
688 410
499 480
791 689
786 80
118 486
666 844
822 826
743 4
833 703
265 569
773 935
583 563
862 775
160 553
749 34
982 661
116 222
702 970
624 751
48 975
275 871
42 730
915 183
637 871
614 698
774 695
753 840
278 781
470 341
754 377
887 843
657 301
778 178
932 903
797 994
609 319
114 861
786 852
102 451
862 258
146 572
170 75
112 950
16 91
920 862
440 841
132 365
993 921
646 210
459 532
739 617
145 372
302 366
240 626
81 452
469 862
284 591
589 120
182 670
266 286
125 515
351 48
251 327
341 299
186 778
327 127
241 209
120 440
70 172
561 746
796 53
989 912
413 611
338 380
631 749
898 672
958 498
621 186
676 840
311 703
430 978
390 928
99 906
161 814
156 422
990 484
245 534
617 898
282 10
61 533
777 545
381 87
576 100
234 186
157 533
296 420
982 661
643 722
51 800
239 812
511 614
697 845
585 681
932 822
478 994
965 580
494 448
303 142
181 983
247 462
65 42
902 23
219 749
596 197
278 58
850 297
152 936
938 75
913 620
578 455
298 805
689 897
910 718
60 640
536 401
549 971
551 308
553 692
208 440
355 280
582 651
945 636
315 173
50 514
209 840
491 705
702 453
800 87
179 553
603 779
62 986
464 251
829 845
513 184
950 849
469 423
282 437
280 123
152 49
136 952
448 966
965 806
417 205
125 471
31 283
360 924
210 66
210 902
432 458
572 896
476 213
314 750
398 838
206 375
802 250
549 730
584 750
747 915
210 563
653 114
351 6
755 432
726 671
25 810
677 488
660 687
261 741
484 339
908 421
445 190
737 406
718 881
862 265
323 531
65 373
804 615
72 247
828 75
549 107
17 963
180 466
649 891
822 31
523 854
291 182
976 655
636 938
138 333
32 691
952 458
17 566
356 336
788 701
174 228
809 320
947 85
88 791
120 191
897 75
756 54
375 311
669 687
160 321
370 386
173 797
10 782
271 198
370 234
26 276
530 120
139 692
68 736
51 693
531 353
35 249
168 20
35 580
214 235
995 165
738 683
891 928
113 824
23 21
541 492
738 550
668 903
691 993
768 550
444 45
452 416
571 401
978 263
922 301
371 329
210 115
650 851
913 379
913 215
722 133
329 970
78 943
451 754
374 654
364 817
536 527
968 131
642 333
490 137
356 635
970 566
422 274
342 122
733 939
624 84
206 979
799 770
839 614
517 259
648 549
397 811
600 271
85 831
303 624
134 793
746 723
268 703
294 335
388 368
496 645
311 49
535 548
210 448
899 251
177 563
380 585
766 658
347 470
599 564
249 135
564 567
657 395
598 268
889 460
327 306
295 80
11 397
759 393
268 935
757 884
547 924
284 733
732 997
727 192
972 280
126 205
780 601
991 50
170 172
642 390
143 516
587 952
309 409
908 886
59 615
12 887
632 555
221 21
54 544
135 106
122 815
620 91
928 249
51 498
83 268
716 715
111 198
62 127
153 110
177 387
93 708
80 317
952 796
564 729
647 840
252 847
78 326
437 110
149 305
480 935
553 344
944 22
4 21
222 689
572 700
757 687
732 787
536 643
147 175
6 228
568 30
708 806
934 7
324 372
820 859
186 851
554 823
648 204
783 452
812 78
278 862
112 533
979 934
118 405
914 741
733 16
633 663
69 423
830 980
984 611
63 120
154 523
235 507
726 608
731 151
529 828
292 592
596 951
268 484
756 824
928 21
785 68
169 732
645 606
294 328
813 512
819 805
547 432
300 397
733 546
409 572
849 863
38 671
702 175
673 343
992 466
567 593
463 883
769 249
729 366
302 81
983 897
170 95
964 664
244 582
69 83
649 474
589 395
162 877
236 692
74 431
366 40
908 674
375 656
6 677
504 797
291 597
363 647
269 350
667 757
638 577
548 150
762 287
943 12
995 44
812 873
75 152
57 231
466 999
340 944
278 519
804 586
46 960
139 875
922 171
53 490
223 232
935 474
414 803
128 433
350 221
500 778
53 358
645 963
237 284
914 751
927 866
245 667
148 431
879 956
863 376
380 242
16 649
789 269
197 536
289 59
200 338
868 791
907 465
312 337
398 40
236 182
301 297
255 520
229 997
503 430
320 576
542 17
690 319
421 93
733 324
983 811
495 980
913 671
593 52
164 996
782 236
759 350
823 810
93 126
973 630
879 476
973 948
820 852
597 857
194 809
951 358
442 804
700 881
953 566
598 315
596 54
643 25
520 368
205 438
160 936
760 576
146 998
973 926
875 511
121 622
549 691
745 281
199 83
977 229
254 548
622 231
641 169
603 564
282 67
374 354
423 617
443 811
750 729
577 955
148 502
306 210
770 451
519 133
374 952
877 761
53 571
20 737
81 324
712 516
55 707
107 20
663 807
354 547
160 227
622 302
420 970
46 794
72 871
449 366
323 673
861 636
323 555
119 342
627 400
240 702
12 584
877 737
202 294
644 263
130 131
770 747
656 953
649 222
638 899
731 308
571 308
98 216
916 747
891 558
907 136
446 577
263 700
559 156
994 27
162 2
134 582
906 291
533 736
364 525
390 12
641 504
780 904
686 956
411 489
220 688
428 386
47 24
280 111
612 788
391 619
663 535
192 540
72 932
284 233
874 143
64 505
294 253
76 470
740 939
639 237
253 676
639 194
165 628
617 835
397 704
101 939
843 558
514 202
104 454
939 86
1 846
189 333
416 353
775 318
658 720
552 498
768 369
691 166
171 898
153 318
859 193
333 858
644 851
149 631
499 999
592 754
765 589
830 960
37 267
507 504
966 324
544 984
455 85
481 319
365 837
177 632
688 212
358 747
288 72
830 319
255 22
6 807
957 742
166 857
954 868
680 494
309 92
488 152
335 220
855 733
460 62
552 697
861 974
108 962
71 204
744 993
339 490
772 670
312 494
529 781
279 633
903 146
963 357
793 266
949 845
648 732
428 589
714 77
850 55
255 180
405 119
611 770
375 932
522 824
356 661
588 137
723 844
210 702
318 770
79 911
8 924
796 137
834 140
940 102
951 740
455 778
622 429
715 865
963 262
490 573
782 70
706 693
738 783
507 858
511 836
935 596
833 205
174 886
210 462
197 925
382 238
750 373
17 373
917 587
696 478
824 965
488 439
574 666
405 151
256 348
488 861
437 335
339 522
531 136
257 217
902 866
20 48
690 935
746 95
824 277
531 529
130 717
740 139
895 105
837 817
760 918
879 92
437 318
441 1
81 775
127 193
774 376
438 418
263 409
264 227
182 852
482 801
891 804
718 317
878 206
628 172
360 685
136 9
479 166
517 202
380 110
884 191
226 777
680 337
127 82
642 471
666 627
497 189
782 503
927 211
151 420
105 299
686 975
245 221
848 520
127 991
749 391
646 500
273 497
555 255
550 368
47 3
678 774
956 741
828 212
874 317
308 879
2 16
856 739
254 611
266 470
859 435
117 581
914 419
319 881
253 796
157 515
765 61
622 4
21 262
960 203
129 53
882 337
671 927
553 834
251 302
298 322
802 807
186 263
11 237
142 791
846 352
884 963
189 374
814 419
615 966
386 962
201 671
406 99
815 142
678 829
564 288
35 51
151 220
643 31
902 683
587 309
856 672
822 140
482 239
162 794
470 746
754 209
926 16
60 856
332 463
434 972
285 428
74 302
780 690
918 129
229 204
654 653
865 53
163 566
445 294
821 104
458 666
664 575
769 431
60 294
439 417
153 142
136 852
669 551
953 307
955 67
438 475
251 610
278 458
977 245
808 721
665 18
460 491
374 123
30 365
490 23
376 520
114 224
717 687
89 710
507 46
499 949
883 323
846 198
124 983
781 180
783 427
975 744
653 836
477 299
576 61
510 825
862 41
126 575
403 927
69 453
893 320
497 50
547 685
926 793
297 325
657 607
723 464
840 661
100 369
580 636
66 501
596 229
271 418
444 357
447 654
376 421
698 470
764 702
451 531
873 298
258 955
246 117
138 720
861 441
726 234
441 205
89 539
415 917
841 302
364 910
915 366
437 507
147 469
887 276
37 63
389 950
534 131
227 351
616 473
963 162
576 453
247 483
53 623
875 708
12 717
95 267
57 737
220 536
604 404
977 566
300 933
276 526
726 498
46 200
234 218
958 519
406 178
980 152
462 892
457 27
484 240
672 726
963 357
426 818
788 214
804 384
525 839
469 404
379 116
635 102
80 327
909 517
578 265
175 104
420 970
837 895
211 237
927 954
199 753
351 380
814 814
459 20
969 869
984 91
77 134
719 974
836 620
32 298
408 389
293 995
856 519
333 374
445 309
506 884
485 793
695 135
848 103
712 880
463 987
280 640
238 617
392 761
879 248
280 187
289 443
170 671
963 502
196 471
99 72
867 729
569 617
666 743
353 859
797 420
165 566
523 825
913 506
590 635
522 489
176 3
359 701
94 266
953 323
985 247
976 738
551 585
36 275
190 990
793 839
348 252
307 124
527 524
605 205
356 99
545 690
369 637
188 911
56 579
102 639
42 996
299 225
686 428
207 521
84 437
201 563
271 599
988 610
966 816
723 344
666 385
188 370
645 575
339 143
381 842
759 736
222 421
320 197
548 994
360 14
249 950
634 156
853 427
723 528
655 263
830 97
259 490
850 111
71 785
19 848
13 898
125 446
179 348
29 337
397 633
302 858
401 868
848 404
83 156
238 719
216 753
829 145
13 454
146 403
695 961
410 365
898 836
95 654
577 197
362 481
411 876
838 430
352 259
27 915
154 552
398 100
606 416
355 475
277 9
677 400
359 75
347 508
908 857
630 603
546 3
367 223
30 512
684 376
695 555
363 211
488 480
979 860
327 375
736 923
436 115
342 446
194 824
17 315
145 628
270 69
818 792
755 439
705 84
58 467
371 541
809 264
794 12
442 939
101 286
905 827
568 619
116 335
35 407
337 57
617 378
984 619
926 291
87 881
415 354
173 296
738 110
886 828
774 130
707 1
649 157
491 344
149 750
800 629
120 9
130 135
507 387
587 417
939 335
965 794
843 731
456 804
55 370
940 452
599 779
824 397
619 185
780 66
300 10
365 304
201 260
993 311
52 3
717 899
604 972
260 246
331 996
728 34
856 879
508 757
237 185
219 130
884 952
597 48
510 530
173 922
549 672
690 155
826 339
994 315
180 827
906 841
894 910
717 753
9 150
402 480
809 121
763 373
75 508
413 657
335 803
233 329
616 462
29 937
796 843
694 830
905 327
176 664
640 663
812 616
313 852
859 135
49 700
859 830
218 535
38 127
149 747
847 925
914 505
228 120
51 221
765 73
675 549
247 227
748 625
45 774
334 430
470 490
279 192
623 383
4 124
598 628
882 885
88 735
954 579
852 449
689 479
809 912
748 388
389 359
291 454
101 705
870 895
62 79
198 218
323 848
238 169
387 232
377 900
82 844
307 222
698 64
673 203
6 655
390 326
315 213
338 221
499 828
479 701
370 94
3 746
633 691
823 927
116 328
964 786
953 633
373 662
944 387
732 347
625 714
816 200
72 716
588 554
123 737
2 719
317 567
524 973
845 626
107 479
568 952
633 334
176 253
880 9
508 756
687 590
199 177
823 739
197 904
201 117
181 987
290 700
673 696
130 75
884 97
234 350
4 76
385 755
737 706
827 166
447 984
610 242
965 645
156 613
420 753
469 314
297 502
879 509
845 20
641 668
534 509
122 247
109 354
834 49
950 423
114 907
299 572
782 723
707 821
565 297
518 148
206 138
165 955
526 93
507 94
566 560
579 441
381 666
699 398
429 782
269 225
864 27
200 56
394 854
396 693
489 496
789 177
892 676
255 459
132 25
709 960
613 648
462 938
97 989
479 606
950 39
769 582
946 563
437 672
134 435
621 495
10 976
151 105
827 522
671 418
924 6
988 552
311 797
731 115
389 646
143 411
323 31
882 49
25 285
961 189
277 98
602 300
505 379
322 976
249 709
357 575
609 758
832 274
470 999
554 878
373 598
599 985
652 557
263 196
570 938
398 235
364 320
438 282
317 395
346 623
5 511
268 134
996 156
905 854
993 664
170 867
132 761
458 467
111 834
875 726
366 942
209 205
67 371
959 341
480 465
948 364
588 769
10 25
774 3
823 442
4 439
901 983
962 106
254 753
133 246
976 746
191 777
690 952
741 555
628 584
554 974
875 506
549 388
245 281
451 335
446 32
695 588
504 845
7 436
920 580
533 424
657 194
176 423
429 534
539 669
297 577
107 712
589 229
60 144
401 378
333 163
785 265
374 56
922 733
540 629
645 476
194 546
748 994
644 503
945 85
991 15
77 493
809 587
175 83
634 864
496 856
910 43
829 321
906 960
116 24
252 760
693 894
26 895
10 562
580 329
281 81
107 797
731 338
993 605
903 253
624 482
296 927
34 174
215 869
545 307
696 82
155 651
828 282
112 400
894 879
14 792
715 442
935 527
881 369
915 351
716 449
214 424
232 48
277 753
354 594
979 977
474 792
663 424
247 897
432 696
364 348
277 992
431 931
760 338
865 100
476 978
587 201
923 615
126 688
177 61
88 331
464 310
668 51
586 242
8 813
657 196
581 767
851 668
386 695
280 467
204 56
57 186
833 105
555 331
281 929
376 861
309 951
408 996
295 490
776 925
107 322
607 551
937 381
943 578
467 211
673 789
396 794
842 473
251 995
448 262
271 487
957 655
674 597
133 909
71 548
600 228
914 891
153 307
637 232
647 560
758 903
605 584
915 509
821 834
126 533
866 910
655 81
706 916
120 381
445 852
839 707
228 203
26 540
55 914
170 930
339 824
125 924
48 305
484 207
203 385
973 70
967 201
847 61
7 91
192 827
82 833
15 85
977 633
610 888
963 865
914 247
664 108
494 103
749 464
604 961
439 899
955 921
940 193
469 574
922 971
195 416
248 796
4 224
726 490
203 543
534 204
414 844
942 763
147 277
940 327
471 425
21 961
596 858
335 880
829 566
990 772
792 550
902 342
561 842
374 369
946 648
17 482
203 911
903 923
427 825
418 962
657 834
402 646
471 780
689 644
220 24
170 918
143 645
234 918
488 741
489 161
278 219
48 467
436 496
341 962
315 279
454 203
907 216
15 480
132 222
504 243
914 681
781 28
905 471
978 97
858 619
338 738
842 154
772 469
257 285
952 355
18 47
500 763
7 988
296 840
71 887
552 638
626 61
82 407
371 524
84 483
895 599
806 347
419 889
278 817
323 359
775 382
290 681
651 698
248 541
417 388
20 391
170 212
715 915
871 525
839 949
998 940
241 249
68 989
250 312
592 453
476 945
38 633
987 565
223 234
416 348
132 458
120 45
131 213
624 439
803 993
894 467
940 848
598 731
735 366
244 539
332 560
60 601
571 591
216 545
308 469
827 368
170 383
401 824
116 2
675 926
269 968
905 216
177 196
501 380
668 960
445 43
165 848
876 133
476 391
519 89
229 106
348 544
371 650
676 639
78 651
879 722
929 262
730 633
487 97
978 369
908 269
273 997
305 935
894 56
419 792
820 987
98 203
307 874
650 459
308 913
999 616
451 948
465 555
977 427
352 776
558 597
783 624
218 194
870 170
568 621
385 700
263 153
510 851
334 80
581 376
13 916
674 741
718 424
933 684
413 623
936 186
695 637
772 530
205 685
895 413
474 613
959 520
855 16
33 459
238 737
645 214
502 580
549 205
516 883
981 442
725 440
58 713
499 29
930 123
69 946
120 600
485 146
345 268
554 22
975 84
663 956
217 243
663 293
440 451
197 516
641 123
652 368
145 664
27 817
341 854
395 348
210 983
363 322
691 751
310 891
969 488
221 855
92 114
460 860
14 827
86 298
521 337
605 582
469 471
273 107
895 873
310 854
392 699
244 111
504 24
288 516
674 583
931 612
844 854
116 881
662 981
41 614
813 198
216 659
715 340
798 842
288 343
658 382
677 540
242 601
216 442
494 547
234 335
136 901
253 992
34 117
859 680
466 696
366 253
407 503
920 690
586 914
633 937
795 976
231 607
988 4
906 270
318 446
121 213
220 376
530 643
562 174
911 477
940 520
912 568
900 81
411 821
602 513
165 173
621 779
117 329
381 224
202 683
540 644
680 406
229 550
275 642
668 166
652 256
289 995
437 112
42 852
811 227
107 576
943 537
693 414
119 387
546 786
387 52
915 568
273 179
817 936
527 432
427 960
594 840
383 370
729 708
560 747
634 653
984 890
382 824
232 927
185 948
864 174
876 7
663 551
947 534
899 76
237 60
805 872
977 419
931 769
207 71
399 168
413 267
379 309
974 865
864 600
712 252
688 203
278 642
866 154
277 838
856 980
912 755
488 356
259 535
848 770
263 984
699 766
596 816
962 945
393 549
659 931
688 460
349 968
262 951
817 516
228 665
880 457
779 577
940 273
490 452
46 544
528 727
935 304
142 472
535 745
890 381
18 345
182 999
631 898
434 224
236 291
258 450
678 444
1 807
665 31
511 965
