5000 97209
142 753
698 284
952 795
125 6
410 825
403 745
116 17
193 358
532 944
381 384
561 893
776 280
346 728
101 11
425 477
577 672
969 925
468 372
289 151
234 518
378 208
742 454
240 77
614 923
941 235
386 453
879 231
444 698
473 412
488 212
535 27
558 562
222 795
193 228
403 763
707 988
186 253
198 217
254 580
268 711
58 485
883 137
822 961
375 969
625 989
249 313
394 756
907 595
44 720
842 908
243 865
171 574
857 6
92 919
279 559
721 501
374 643
195 637
520 569
51 946
332 721
696 904
474 971
674 832
272 237
101 764
93 436
856 560
998 383
412 281
788 389
592 232
375 375
894 717
726 313
623 850
949 453
419 340
577 749
315 38
919 50
374 776
573 469
77 249
588 435
935 806
749 145
560 568
690 783
604 937
760 428
469 985
964 879
369 824
165 10
70 50
462 662
798 725
278 641
928 299
652 761
789 494
981 624
124 187
277 875
164 86
559 469
427 835
524 878
265 664
717 921
248 80
331 285
71 171
503 257
677 399
163 174
557 875
899 841
171 725
251 34
817 129
917 902
640 841
819 715
601 490
656 983
830 501
743 426
930 947
137 996
74 583
731 393
335 188
37 211
476 412
14 102
627 704
938 722
52 157
211 492
5 53
107 57
465 694
331 321
297 188
165 578
51 264
28 952
205 37
563 876
318 655
190 239
726 543
238 719
398 135
303 943
729 51
704 397
312 806
60 399
484 56
526 976
903 56
846 349
726 417
145 445
43 738
186 920
417 541
552 208
511 176
422 196
763 723
623 648
224 32
551 794
33 336
191 562
948 715
324 36
639 463
131 236
23 745
749 79
889 324
91 40
618 928
632 905
477 529
153 567
437 130
167 715
72 646
243 160
649 530
765 749
185 766
970 685
16 397
907 20
573 66
770 845
430 963
108 613
751 206
690 775
769 105
105 510
113 486
99 795
213 736
346 398
732 855
178 469
517 276
96 965
246 680
366 876
483 193
314 498
603 65
403 972
697 539
325 833
295 676
759 662
685 779
208 864
399 522
843 436
360 197
997 785
153 514
454 601
582 849
672 917
592 143
825 991
884 891
62 82
940 215
940 235
947 971
23 757
383 457
859 882
588 688
867 292
903 565
25 689
716 627
251 764
982 615
164 721
587 324
666 594
596 201
187 67
312 126
75 718
702 560
968 111
597 744
982 627
34 268
231 784
906 87
777 364
520 141
201 84
670 519
910 589
76 739
789 262
444 298
351 628
458 754
582 648
835 524
257 895
563 255
74 388
828 103
730 82
984 648
713 231
620 604
146 990
338 290
984 316
813 882
581 748
111 681
146 426
281 905
270 720
948 252
814 503
849 157
410 850
371 196
72 8
976 233
914 451
333 246
314 191
926 775
307 365
819 849
161 126
381 534
636 900
509 852
380 331
165 668
486 726
159 15
47 211
83 433
201 400
119 82
664 611
129 467
556 150
709 456
812 883
287 316
590 708
52 850
8 12
755 845
255 911
193 609
508 530
26 769
679 419
101 401
954 563
220 912
750 768
977 119
80 219
465 509
30 661
9 955
846 334
535 864
583 706
748 727
486 28
784 517
777 787
193 631
34 114
704 533
613 626
4 534
875 136
968 443
517 735
268 86
826 907
351 382
434 53
244 854
618 980
167 760
549 815
739 633
532 265
622 276
603 750
130 771
938 687
388 633
758 335
863 692
468 87
282 52
385 388
761 41
940 782
498 719
535 812
13 221
993 983
25 550
378 815
357 399
903 952
60 962
56 542
686 541
774 17
670 336
217 205
237 12
701 46
405 643
89 359
128 441
580 521
141 538
420 482
518 194
936 343
639 268
402 797
863 265
502 402
664 79
558 582
746 431
90 797
97 315
271 974
138 175
400 515
773 211
255 469
436 579
70 271
955 385
766 346
406 371
480 915
609 807
360 851
412 693
908 257
640 87
451 479
542 845
736 918
305 437
254 495
691 200
271 354
296 677
951 586
913 397
232 763
898 428
316 563
923 288
871 470
691 12
914 432
610 554
454 786
632 658
4 28
104 653
346 857
458 955
388 159
84 436
725 671
892 916
941 909
896 51
352 911
21 604
728 427
987 844
631 958
297 650
740 563
548 240
503 337
500 820
475 29
514 308
798 822
858 726
467 181
303 472
667 912
642 875
515 757
390 982
999 321
175 984
586 65
245 536
608 512
673 573
145 733
98 536
783 631
911 568
979 283
613 181
113 563
861 232
273 161
437 264
999 754
612 448
565 867
583 644
457 888
519 960
962 240
18 906
966 107
592 918
463 389
447 774
23 266
786 550
728 843
244 926
665 725
229 282
174 514
566 93
211 343
360 142
325 145
725 783
772 997
936 510
287 667
437 978
29 682
628 536
783 913
754 243
365 699
956 460
232 690
922 373
455 627
384 153
411 372
216 722
156 817
498 455
875 215
47 248
450 352
310 895
404 762
901 383
678 942
842 108
36 438
266 771
531 277
643 387
943 585
230 831
63 642
93 122
790 937
243 639
649 972
815 671
789 194
485 777
770 942
768 204
240 402
217 621
751 563
981 741
425 950
572 827
695 422
525 54
537 493
76 210
682 195
811 512
323 297
132 507
214 492
542 203
938 127
316 414
785 138
662 208
740 759
50 832
619 401
622 997
502 635
345 144
522 447
716 472
499 489
587 327
472 4
676 694
635 923
975 882
811 328
117 834
782 859
253 962
506 596
582 381
498 363
444 627
668 846
864 746
509 455
938 488
382 586
930 993
67 548
719 129
579 558
258 934
619 282
288 536
28 607
950 138
814 119
195 365
879 564
434 467
679 745
609 63
48 203
949 907
603 997
209 374
59 783
651 143
956 487
623 944
415 620
311 667
665 19
367 37
247 104
339 623
954 509
625 56
490 186
247 940
184 636
320 399
592 658
668 442
558 38
898 120
484 355
897 149
919 807
126 512
387 803
488 718
28 616
836 369
357 1
31 169
318 296
54 638
533 862
46 298
692 621
235 140
607 346
692 424
835 294
43 760
947 429
859 779
888 21
214 533
775 872
925 949
966 425
199 498
453 915
745 216
908 20
211 971
673 29
728 582
84 447
259 459
12 825
119 855
793 815
316 726
805 504
77 677
678 522
279 436
357 304
564 845
958 819
177 501
726 771
368 562
606 560
780 478
740 524
706 139
820 843
792 927
949 356
854 168
347 476
923 475
956 397
221 857
102 81
610 805
756 267
550 485
355 51
848 849
963 119
685 826
319 331
538 193
795 364
772 979
952 530
718 551
217 846
24 391
415 733
878 552
413 625
447 313
126 293
144 442
941 248
971 415
875 59
931 819
123 102
525 200
311 712
427 280
399 850
87 229
468 864
784 164
921 356
1 43
97 75
700 364
592 535
80 929
786 2
5 468
507 269
350 460
485 38
566 437
854 795
299 995
283 395
932 286
6 680
761 833
858 27
664 210
703 700
956 528
729 537
649 11
481 912
689 667
507 323
890 590
948 539
640 833
85 95
389 778
72 489
240 822
888 28
463 135
656 262
644 753
497 938
479 147
172 68
328 134
805 875
892 681
210 404
523 802
712 924
921 453
12 333
725 981
333 611
502 519
554 465
791 502
135 524
235 873
601 58
994 304
838 257
572 406
212 804
182 195
718 856
614 243
929 333
3 503
693 162
921 134
995 349
432 190
764 87
508 467
257 188
81 311
257 463
283 568
559 54
443 638
435 433
647 385
678 211
373 912
447 300
356 338
860 77
697 993
886 209
543 825
33 352
924 553
434 724
975 843
873 41
675 376
228 109
171 758
86 922
86 175
292 158
727 325
340 662
345 179
340 419
448 74
170 254
419 87
85 159
50 58
616 330
351 86
480 53
487 655
604 155
908 859
868 297
803 812
22 61
411 25
537 259
212 473
202 740
84 953
623 264
594 413
718 297
479 934
132 717
93 40
839 574
599 682
169 476
720 509
572 315
302 896
856 849
564 276
412 431
3 975
867 621
164 721
851 637
420 397
974 701
777 243
657 189
381 853
380 283
511 880
567 474
226 53
66 790
206 889
528 213
773 549
337 488
392 810
120 981
441 549
127 538
122 547
553 229
919 135
228 854
80 620
26 783
235 375
410 595
584 721
388 208
259 844
228 271
122 95
387 425
97 692
143 680
578 702
473 354
544 710
400 222
996 481
316 56
546 602
949 546
381 935
315 995
589 314
871 256
775 64
628 322
119 828
981 876
188 660
480 18
143 361
888 787
255 517
537 711
690 849
201 903
813 781
14 325
458 663
6 237
127 819
965 431
874 728
844 420
462 341
581 397
162 213
694 712
668 729
335 365
397 302
339 388
879 346
199 410
483 833
942 447
798 410
12 595
902 152
848 633
491 369
268 809
986 576
315 448
837 429
387 953
848 332
75 531
500 131
237 451
858 984
28 968
941 359
253 208
253 774
439 593
755 6
667 636
919 123
598 797
157 101
130 953
304 354
118 428
914 275
582 706
457 13
803 931
525 560
739 837
658 562
399 531
255 542
173 952
538 367
975 738
884 138
797 334
545 312
96 816
914 318
120 420
135 110
742 663
237 904
784 537
169 247
593 799
713 197
22 528
820 662
566 423
118 628
223 826
449 544
808 982
822 682
254 613
518 715
50 254
594 15
791 94
62 999
597 561
735 806
205 501
125 122
209 683
464 156
175 809
489 822
142 189
282 743
328 587
970 187
150 483
323 593
55 945
830 385
75 719
244 140
90 635
295 61
30 260
585 357
736 128
266 584
685 636
505 473
844 141
741 194
383 585
343 971
605 383
715 544
329 614
550 526
800 949
668 768
328 943
244 412
306 327
401 449
692 683
919 622
550 522
621 359
346 229
572 310
907 347
379 269
211 776
909 954
180 8
715 525
485 95
36 739
512 234
230 992
832 241
751 49
293 580
100 776
60 348
328 181
96 779
89 841
356 97
115 108
692 579
387 177
241 803
261 511
825 976
184 226
14 45
692 210
72 611
74 312
740 374
63 916
793 281
311 963
526 627
363 219
108 587
863 778
845 148
489 891
984 663
717 41
608 918
809 427
757 546
114 563
532 378
177 804
645 51
301 491
637 827
924 499
781 139
744 504
885 188
917 170
659 505
452 282
619 732
205 638
319 791
355 594
661 553
111 637
633 381
672 190
995 181
308 710
692 121
280 236
222 516
364 617
938 694
838 238
879 782
235 796
365 619
233 972
589 13
341 53
615 535
851 26
105 534
904 513
847 148
842 265
155 912
828 805
371 444
222 530
806 216
543 807
756 130
669 974
984 972
937 75
275 667
519 554
539 870
663 573
971 507
239 746
233 43
333 70
209 68
112 284
895 382
706 426
594 731
736 68
587 928
607 911
809 500
523 57
152 971
673 520
790 960
143 538
319 930
892 598
741 23
436 738
622 749
109 884
189 162
381 354
457 688
675 351
76 976
93 27
243 842
135 857
120 441
996 504
330 995
970 405
147 931
380 21
440 718
671 843
555 178
953 729
52 408
626 617
248 593
58 785
748 971
729 856
558 791
746 937
355 882
226 127
543 723
252 158
26 404
404 771
518 622
379 24
425 246
33 31
105 752
107 555
40 83
757 456
780 379
339 366
50 557
413 853
996 262
556 397
902 393
825 584
427 351
694 888
334 741
961 975
882 904
237 896
470 68
371 545
2 537
702 74
917 256
744 93
31 383
135 423
902 406
69 798
273 553
8 964
621 897
626 970
104 149
958 164
142 224
972 152
154 403
950 968
875 764
982 220
23 835
383 737
623 736
22 814
245 372
670 879
560 233
362 662
3 71
653 391
68 115
841 797
412 514
870 491
979 374
876 279
131 182
583 66
282 948
37 627
876 497
268 51
177 785
665 519
259 46
295 43
346 680
283 266
65 641
824 642
599 134
603 167
982 425
807 349
754 677
854 504
981 996
592 529
155 254
733 416
599 19
795 485
440 511
576 42
907 9
627 211
48 4
120 736
941 794
707 758
775 994
774 101
670 38
453 50
620 327
867 104
994 412
122 561
682 910
742 230
581 737
489 464
5 419
272 484
764 82
858 559
654 999
176 971
494 513
189 128
594 970
709 78
252 67
298 55
555 365
592 861
50 864
179 157
812 86
783 498
311 677
510 729
256 496
606 315
864 986
937 816
830 751
255 195
249 434
748 240
503 856
280 288
721 696
924 825
449 874
651 6
629 726
530 556
194 555
301 886
293 263
148 588
544 143
158 493
507 440
854 854
744 395
16 413
467 476
337 177
517 431
154 87
256 699
780 875
623 88
984 973
854 442
161 424
402 623
582 582
5 424
962 560
773 300
737 954
605 381
476 232
353 904
50 298
511 274
268 128
774 10
19 990
226 426
865 394
902 825
488 880
92 480
816 613
5 222
932 629
495 930
722 640
54 815
70 661
68 644
490 941
753 497
567 849
158 359
374 35
15 631
145 963
627 492
809 236
277 615
125 890
809 528
415 865
913 226
42 587
492 547
64 507
218 935
131 833
473 53
696 822
296 395
212 144
935 599
907 161
789 502
633 636
147 47
499 82
628 2
160 287
813 725
30 545
5 790
108 344
933 170
108 545
978 522
155 925
262 658
466 562
292 742
830 834
282 975
397 36
104 143
264 695
964 276
149 515
988 431
725 46
469 715
821 486
587 245
172 452
581 412
727 819
998 100
887 855
900 230
84 319
796 751
806 292
936 478
452 595
357 435
290 211
503 517
301 512
375 314
900 127
811 336
32 802
646 143
23 673
941 959
903 851
855 841
140 322
658 20
187 887
338 846
638 341
980 619
194 983
196 772
465 319
19 391
597 401
863 965
524 874
449 576
66 990
7 272
872 410
409 916
172 59
915 532
637 578
689 104
36 790
127 863
993 397
236 30
385 272
635 836
534 144
546 114
829 264
321 883
457 737
140 565
53 229
718 686
882 128
462 321
395 556
950 364
542 389
428 103
508 547
326 68
409 822
398 119
842 475
483 717
700 607
459 219
206 858
174 147
422 236
17 715
438 219
967 234
417 843
536 484
634 589
788 111
423 190
472 884
441 3
175 622
7 85
628 226
896 978
533 40
766 51
223 357
555 30
988 291
46 101
463 911
516 153
278 348
903 218
615 58
359 716
984 89
668 854
838 128
37 300
434 417
999 223
53 504
889 772
553 229
250 246
379 502
326 861
769 852
847 656
613 838
297 321
308 939
305 737
781 320
570 180
459 543
671 891
419 831
881 190
80 753
967 359
582 47
63 26
220 845
994 802
82 818
674 79
989 191
750 148
521 419
961 11
397 512
910 123
293 179
789 812
781 142
652 416
627 56
422 872
99 942
915 438
911 53
998 29
826 855
515 234
60 405
358 745
476 391
484 811
173 310
737 528
162 915
698 810
191 333
227 496
565 522
153 12
816 901
26 830
784 722
116 657
867 487
169 135
820 62
672 95
621 789
159 985
772 20
577 838
616 626
988 865
32 151
245 131
260 603
268 174
952 796
334 689
139 834
167 305
364 286
428 461
546 44
460 196
625 940
220 211
212 233
289 759
357 673
438 749
495 724
554 429
840 623
684 206
798 363
351 700
108 164
926 77
743 558
163 354
783 184
354 715
973 479
170 634
172 27
759 710
534 240
336 200
157 282
770 830
329 363
84 873
596 149
888 475
962 337
460 264
766 671
3 586
589 597
689 756
285 650
248 813
636 661
690 893
284 509
671 400
912 978
465 727
612 430
817 547
325 726
544 460
644 245
295 752
691 607
565 902
720 708
206 666
807 966
447 273
997 548
976 174
794 554
123 14
273 841
608 687
148 313
504 378
191 422
162 809
843 337
783 155
308 567
329 709
954 60
893 764
760 414
344 254
738 596
128 71
395 422
314 966
157 46
275 211
618 645
30 40
361 273
776 306
238 319
631 770
539 760
933 525
731 931
553 962
488 618
772 37
612 635
787 860
662 556
83 96
140 668
992 285
85 113
682 723
849 288
435 266
730 89
228 787
227 906
189 309
381 986
289 992
877 779
513 618
687 650
198 223
934 333
417 668
114 269
414 536
220 797
729 264
903 256
511 973
110 241
732 569
261 806
378 486
900 497
805 324
547 539
120 784
624 274
646 53
403 7
792 530
198 938
984 952
754 200
605 449
701 986
969 623
997 372
141 765
963 636
294 812
624 123
618 751
741 833
768 189
653 448
678 885
768 862
741 366
299 479
322 166
606 130
651 848
803 232
735 43
759 997
729 397
363 766
385 598
649 490
680 866
770 108
546 993
440 265
693 651
654 624
195 72
697 359
762 9
603 529
156 415
492 197
150 620
260 686
83 177
500 154
960 198
345 119
585 992
780 958
498 435
185 821
344 724
605 405
237 178
548 306
775 639
27 570
579 695
598 808
263 77
824 188
496 692
81 825
497 206
143 448
605 355
54 488
997 994
479 896
82 921
436 719
40 857
83 486
465 50
71 269
148 165
262 89
444 757
156 409
101 718
635 229
287 401
948 110
535 720
279 68
145 214
644 10
599 565
985 177
827 152
729 474
769 291
741 411
287 366
947 513
783 541
814 498
145 879
910 499
664 591
696 932
246 709
953 829
761 253
763 330
50 801
308 198
136 372
206 204
897 43
140 337
341 363
994 196
95 7
465 199
275 572
381 371
271 37
122 888
705 980
909 84
372 371
594 607
458 453
721 727
95 57
722 296
207 926
150 655
915 113
981 629
787 33
764 858
731 385
860 988
249 991
920 444
492 507
114 604
857 855
12 638
322 940
355 502
389 673
302 697
430 732
532 883
664 733
525 358
347 401
984 531
654 667
294 283
437 647
710 89
921 4
860 401
774 623
362 757
754 519
660 133
446 378
769 580
275 224
862 491
388 590
142 517
948 119
635 355
26 280
403 908
373 637
51 69
520 815
127 183
848 752
892 740
940 981
57 989
268 422
717 422
187 800
494 741
569 98
599 869
226 177
262 623
97 633
181 41
937 301
696 335
318 313
198 596
871 752
574 511
905 771
965 311
45 809
351 245
199 436
8 571
36 352
343 454
429 224
495 40
954 378
764 897
773 991
653 332
235 609
102 69
951 312
525 422
147 690
201 93
967 854
743 986
565 416
665 808
345 869
21 170
43 637
477 810
426 813
613 102
405 963
812 506
373 7
58 794
214 651
935 753
381 676
53 233
766 494
143 675
82 235
107 230
500 525
891 980
332 592
496 69
328 770
514 83
108 27
520 207
803 343
246 294
79 121
8 578
744 123
531 783
393 511
504 414
756 828
902 808
967 735
225 361
526 805
249 863
166 160
919 352
459 903
488 311
325 492
822 185
868 490
697 943
718 291
797 548
76 563
728 607
589 804
15 784
977 658
851 170
563 712
280 210
372 66
749 220
764 809
264 596
628 355
795 896
501 293
520 195
219 727
14 725
973 998
876 960
660 867
497 771
118 172
506 289
861 410
825 804
690 100
710 73
989 436
395 457
273 191
21 632
970 345
976 226
182 871
104 230
969 552
887 195
340 598
57 751
7 7
722 270
108 996
670 578
511 523
544 432
278 680
723 745
558 668
430 532
533 309
904 279
954 636
607 425
990 619
428 966
805 692
497 70
455 525
21 894
990 197
693 878
142 24
150 638
244 135
27 594
327 369
783 467
761 340
583 977
553 152
680 546
283 991
133 179
46 737
389 64
906 762
595 647
447 748
121 349
679 752
588 226
330 320
994 968
915 470
550 353
416 837
279 728
933 111
85 807
658 924
87 39
407 858
514 452
262 472
640 446
593 830
357 669
940 32
230 425
262 685
68 931
933 600
151 133
979 941
692 586
67 248
676 679
404 630
824 82
293 992
209 562
449 617
700 632
998 647
963 562
116 343
69 295
990 831
284 566
4 338
762 991
127 259
492 122
155 906
808 603
455 524
735 693
764 326
876 317
874 359
736 894
742 988
112 41
800 15
145 226
416 421
628 388
162 354
142 404
39 683
824 220
705 328
875 634
624 681
185 417
745 138
167 688
717 838
230 59
10 753
847 412
591 401
570 741
55 196
323 209
737 665
15 765
454 935
713 184
625 29
607 100
743 487
220 242
443 625
973 969
214 852
701 259
638 59
59 202
1 801
506 788
768 682
485 621
635 353
127 382
148 869
514 568
103 588
850 67
255 308
606 202
962 273
648 72
536 545
77 48
555 46
497 816
870 893
43 66
180 928
814 346
109 984
614 768
829 576
260 399
117 207
192 724
128 663
67 865
294 686
722 936
698 956
781 435
940 660
840 332
457 338
963 922
923 344
977 882
765 527
53 257
632 754
941 731
949 997
545 605
130 945
870 746
935 127
495 716
692 805
954 946
974 636
544 382
108 182
331 932
986 549
997 923
70 726
742 284
904 932
490 86
748 117
845 470
629 144
298 101
674 162
353 717
978 708
83 37
702 664
693 940
848 628
462 9
668 882
469 598
932 513
464 714
101 468
888 229
894 33
422 996
11 937
773 480
982 641
645 574
168 489
847 952
770 421
806 339
145 589
79 535
421 391
485 408
291 520
810 503
215 798
506 320
893 932
953 214
631 137
444 611
802 588
432 521
703 485
246 103
634 811
101 157
683 530
190 713
835 53
287 49
858 566
798 538
356 919
135 875
680 902
983 831
591 694
36 766
497 120
88 518
659 106
922 606
666 393
744 218
833 746
895 867
4 133
266 25
782 538
761 130
110 735
437 438
585 596
786 848
572 122
57 648
305 165
814 61
26 265
329 196
890 345
145 508
474 923
678 667
307 801
91 158
58 867
767 512
168 965
571 352
607 220
409 300
10 396
984 344
556 830
240 369
911 48
516 447
38 370
199 416
837 870
575 939
393 503
888 790
601 322
512 155
356 85
930 692
782 921
730 698
536 855
297 507
708 587
862 64
367 155
103 603
681 639
772 970
317 993
97 981
150 953
672 903
267 805
112 753
788 150
17 333
78 232
222 429
728 709
463 385
217 936
627 936
123 282
756 127
63 134
63 623
44 346
228 173
279 921
992 808
858 119
449 473
556 463
73 226
2 653
990 542
889 165
418 420
82 530
673 999
553 309
387 855
488 365
328 175
793 874
97 174
92 762
716 304
390 135
301 863
418 276
423 40
752 220
51 892
113 73
611 222
644 816
470 434
752 551
87 663
334 567
991 270
300 769
730 548
505 773
240 963
632 440
323 122
800 629
159 61
987 119
464 320
437 427
653 630
423 945
795 771
762 318
83 35
763 748
399 865
476 236
171 534
250 684
403 176
939 250
994 666
818 68
480 470
85 860
381 858
511 605
60 503
101 91
268 157
124 857
293 533
626 214
380 291
684 491
611 991
349 124
279 587
429 946
751 840
907 323
7 236
88 313
897 418
404 619
982 962
94 790
114 796
215 778
123 849
544 772
286 28
723 291
454 329
208 799
663 275
67 251
350 818
528 68
529 895
412 565
760 91
371 239
987 228
628 42
180 10
937 603
2 690
721 794
383 448
619 703
892 816
55 507
806 273
88 536
393 88
36 327
631 191
300 242
196 538
291 992
590 550
414 239
114 419
791 151
204 278
483 965
558 936
268 94
145 371
133 965
684 978
209 753
764 289
480 555
382 110
479 856
564 881
165 517
502 919
67 399
994 850
607 794
57 768
979 100
546 944
759 620
505 502
397 481
552 923
194 714
512 804
396 644
689 356
582 736
322 993
769 2
159 994
322 994
105 180
390 883
951 916
812 359
876 882
752 797
519 552
206 238
547 402
570 348
487 651
140 711
731 690
331 125
613 730
881 663
990 637
925 508
397 59
138 126
293 414
558 706
839 156
174 558
694 528
365 283
33 261
181 864
990 96
591 405
166 198
912 733
47 619
570 990
329 662
860 536
165 566
541 829
629 391
643 104
382 87
856 802
302 203
375 891
267 969
412 701
647 653
279 39
388 745
306 786
800 969
218 930
814 43
723 259
632 367
250 299
9 9
803 571
4 262
472 811
710 652
235 775
538 843
773 641
779 145
771 883
91 616
687 182
998 766
995 382
2 783
414 127
903 167
882 726
805 895
58 245
602 981
11 401
67 214
651 807
309 583
825 547
937 179
47 246
198 606
749 675
463 649
414 770
693 167
311 622
29 151
81 64
341 835
897 774
100 860
471 206
201 618
962 982
472 415
305 825
429 469
304 900
465 316
713 642
31 149
642 932
770 928
981 741
577 647
563 502
758 579
832 286
39 108
757 984
246 803
756 973
394 67
847 729
771 258
757 205
597 222
389 530
921 415
347 707
268 814
354 523
408 686
109 381
551 175
283 497
867 613
195 342
220 367
463 178
915 731
170 600
744 787
38 260
767 725
79 939
396 372
459 139
923 431
778 970
398 42
645 878
177 135
219 957
631 333
300 137
309 388
132 472
265 537
833 546
351 3
138 180
384 310
33 351
823 956
19 780
45 948
984 876
524 361
399 264
408 741
632 457
164 999
344 565
726 801
940 281
723 431
95 602
284 956
850 654
133 394
375 490
233 784
574 135
307 502
206 240
563 351
335 791
272 733
641 412
524 341
888 81
825 600
181 26
458 857
918 608
948 832
797 704
405 389
112 49
371 888
905 941
915 826
819 150
681 632
275 712
109 76
819 281
868 429
61 674
250 329
577 845
114 321
164 903
83 164
658 977
925 695
645 446
639 482
181 299
840 50
455 59
184 5
486 766
802 636
707 607
24 661
472 927
274 200
87 291
26 15
222 329
205 502
64 766
873 757
331 733
164 257
553 948
827 859
662 516
10 327
470 123
333 256
102 667
417 804
216 119
895 115
830 763
84 386
909 151
632 413
568 621
548 807
136 827
48 15
823 272
722 530
294 351
646 710
169 171
534 727
809 981
650 324
881 112
627 894
92 137
246 738
793 375
687 176
957 749
370 113
697 640
620 561
499 573
695 688
959 745
448 348
263 400
472 764
447 73
331 175
220 292
614 833
471 600
514 101
816 582
465 701
130 996
499 303
220 548
513 734
307 390
724 375
474 945
857 344
425 554
662 778
847 731
918 777
262 772
575 203
662 206
10 115
886 338
178 566
364 809
19 17
442 274
143 267
885 896
152 893
160 766
139 175
350 995
770 926
57 303
551 6
768 139
116 70
302 833
625 46
324 135
732 330
935 730
404 150
120 269
104 340
183 593
45 218
68 889
587 880
348 717
223 918
856 209
177 265
312 754
777 641
551 347
471 63
926 897
511 372
193 327
837 44
919 870
277 532
431 1
485 890
918 541
104 952
823 203
403 429
731 423
694 846
573 639
655 318
995 562
559 160
10 307
674 817
797 988
425 929
903 169
88 669
111 537
344 540
205 803
365 757
252 514
353 900
566 475
465 768
304 56
470 143
870 383
643 843
970 356
342 400
912 259
588 196
621 647
654 986
284 300
683 502
697 758
823 834
632 870
821 541
146 854
639 977
634 771
519 466
757 476
118 429
186 945
756 34
769 749
916 695
311 112
242 392
940 326
926 21
163 453
817 131
824 18
528 390
17 302
700 525
383 118
461 841
212 380
302 308
288 243
474 143
239 702
661 385
230 69
972 939
746 407
678 418
877 863
436 482
801 609
973 342
802 287
483 28
540 791
475 399
14 311
993 902
525 366
418 157
290 319
661 934
357 949
114 596
727 944
335 431
178 644
810 184
960 680
282 105
810 495
545 164
815 484
412 868
938 874
130 477
495 752
965 756
325 514
910 145
502 819
446 326
459 619
251 974
538 592
716 585
231 272
306 970
111 527
836 440
134 435
808 270
441 816
883 911
696 91
436 641
926 255
330 691
116 821
277 567
666 77
762 811
240 2
916 264
327 50
570 886
319 20
141 253
174 684
929 376
719 666
235 816
774 392
509 102
790 846
173 378
18 292
71 156
690 584
97 855
922 517
828 144
668 806
985 909
456 797
454 685
65 151
740 959
399 747
776 684
225 561
697 314
717 746
515 729
532 402
793 628
611 176
6 515
142 267
117 888
699 28
726 617
973 567
64 529
63 753
781 908
310 405
39 460
699 997
749 595
55 184
40 271
639 715
21 391
296 707
967 802
154 442
343 882
475 828
239 924
188 343
903 876
120 821
555 253
40 545
768 596
139 848
857 806
841 521
30 908
247 908
492 766
512 842
724 727
582 212
505 600
688 75
26 545
329 649
685 297
419 727
586 462
486 75
218 18
19 911
530 162
423 944
753 28
845 41
656 256
617 768
107 476
886 1
8 172
331 569
587 56
489 362
481 985
1 582
886 844
350 848
261 121
727 890
532 454
318 363
732 885
898 848
794 44
85 915
779 751
362 623
96 588
904 921
950 375
337 479
995 24
169 735
413 445
373 514
190 948
75 195
819 352
265 94
517 377
127 922
919 471
277 788
707 216
72 158
213 852
264 227
280 446
137 33
667 10
666 808
810 447
472 706
937 587
691 885
559 971
153 177
697 701
564 631
717 954
557 59
565 900
515 950
830 528
897 987
484 651
856 669
697 934
406 715
942 263
558 992
787 819
474 634
428 989
590 241
254 174
454 289
549 598
474 927
269 357
720 649
807 884
953 779
569 317
844 648
264 130
704 699
337 576
732 605
522 807
776 287
495 947
539 191
32 829
136 387
266 564
298 950
445 174
687 545
784 35
705 640
223 367
129 784
384 207
904 334
543 9
841 318
446 739
763 170
685 713
347 618
985 226
539 846
712 331
682 525
644 94
475 648
376 10
969 692
711 511
189 258
388 94
633 130
660 777
292 902
653 623
64 807
876 841
674 114
238 749
573 947
901 954
877 892
45 241
608 822
377 252
505 674
293 20
323 611
209 670
200 137
579 963
520 707
844 447
146 963
55 7
504 408
736 226
327 461
427 27
541 494
456 784
56 596
30 828
715 521
269 979
858 654
31 20
127 130
847 986
133 894
614 814
661 594
743 487
207 388
187 485
222 322
863 115
231 630
905 493
408 275
42 175
629 197
882 26
189 29
585 368
21 718
242 921
920 720
848 527
473 264
237 773
546 475
559 814
291 83
756 299
955 450
728 788
46 877
100 229
896 311
74 151
222 435
688 595
302 523
555 237
989 438
987 926
970 635
330 303
701 477
297 602
612 609
288 88
415 591
984 737
315 991
221 571
84 370
73 313
179 921
860 724
843 21
431 579
417 540
251 833
233 716
272 926
754 222
829 10
322 916
687 6
363 655
359 749
112 928
853 114
497 258
764 29
560 268
784 666
791 490
203 716
638 695
878 244
220 129
346 610
513 54
402 242
105 340
302 513
960 345
372 503
287 66
363 687
704 435
484 714
97 357
888 152
801 590
520 46
877 971
586 254
37 422
712 847
96 470
217 679
621 647
760 113
434 273
939 847
254 244
397 714
957 176
103 600
202 254
953 161
188 79
879 304
260 807
927 782
126 940
579 938
442 853
785 894
347 812
697 537
261 984
779 68
344 513
957 226
621 294
677 710
941 352
224 724
335 228
999 689
454 318
125 911
7 407
170 230
759 862
357 713
2 959
652 699
149 437
288 260
742 469
725 847
664 223
437 622
158 307
315 176
515 182
485 464
277 392
488 633
123 503
220 957
984 247
961 442
696 178
626 367
650 827
125 393
469 247
369 897
802 655
746 108
395 994
699 35
256 806
519 223
419 966
375 340
258 102
157 705
140 801
463 402
225 576
714 487
459 987
463 580
39 979
356 999
868 484
418 735
784 214
417 244
111 232
362 577
884 195
657 242
186 506
878 89
978 53
756 255
422 289
822 494
163 183
581 533
8 441
684 570
391 752
925 534
206 739
6 787
48 806
412 555
652 901
441 840
144 415
844 990
602 555
288 49
167 877
280 390
415 622
101 481
467 759
770 24
482 143
719 188
314 98
812 529
11 660
482 473
129 123
309 980
483 25
48 976
210 355
203 249
575 386
52 429
903 130
208 341
516 210
541 188
251 710
185 842
370 811
425 744
905 891
545 286
942 457
863 162
667 909
595 28
268 763
171 655
557 454
620 335
209 246
503 791
135 639
709 865
442 875
953 758
50 352
842 987
906 658
41 733
766 946
228 710
628 818
885 559
535 943
658 357
20 102
351 536
729 330
499 195
29 850
111 961
893 689
856 763
426 193
670 274
64 689
215 532
165 43
61 108
174 553
766 599
756 379
651 784
399 217
41 976
880 885
931 417
54 159
94 538
948 860
261 77
182 940
155 400
18 531
943 844
866 499
51 825
329 703
897 881
831 144
457 939
519 665
280 196
345 75
424 403
541 423
345 723
635 417
820 560
785 49
875 666
346 447
552 178
537 570
34 713
710 366
73 224
560 582
479 818
537 938
813 270
737 717
879 436
401 750
334 907
408 843
989 692
602 744
238 717
72 295
18 886
770 506
687 147
468 477
421 364
478 751
349 922
768 342
925 911
8 69
729 329
599 165
964 185
637 768
391 301
2 538
983 365
166 323
188 730
503 112
75 596
705 878
456 217
989 982
82 230
2 757
371 174
385 154
778 465
737 991
965 984
943 868
965 846
978 510
766 718
819 422
316 663
363 316
992 433
739 739
916 769
260 778
384 738
766 559
672 416
561 66
718 663
62 240
905 693
240 852
662 272
199 126
468 926
534 473
501 477
622 816
732 726
648 153
680 592
820 473
385 353
697 786
370 910
52 514
601 657
25 867
122 920
843 258
855 622
176 19
121 280
674 993
672 814
844 995
780 664
454 446
899 449
650 765
445 572
172 791
856 828
959 736
307 723
466 683
464 589
142 87
614 842
572 388
47 933
386 731
120 67
434 570
770 719
435 15
100 173
413 469
645 364
708 680
680 820
849 748
507 505
50 657
289 572
136 699
194 313
728 856
281 67
929 5
792 309
752 167
792 359
913 146
634 13
77 249
719 421
331 194
75 878
10 673
204 845
792 321
627 118
597 238
714 676
912 357
177 202
71 548
200 305
661 688
182 969
275 572
558 751
880 818
723 128
989 67
20 535
971 197
170 975
522 310
400 688
133 647
71 825
744 828
551 538
866 373
372 506
28 49
335 671
792 398
699 798
668 276
617 971
339 1
891 192
148 495
172 489
999 234
65 199
279 885
783 587
105 436
880 296
92 303
125 763
344 167
299 900
805 776
968 210
814 27
368 635
387 770
556 867
744 453
834 740
366 286
727 510
533 55
658 120
365 279
818 124
200 73
787 462
746 118
107 191
851 559
46 748
327 728
806 670
867 406
178 606
752 642
420 351
279 621
982 742
602 925
376 291
415 466
234 507
234 336
135 243
384 761
364 397
885 506
490 581
675 855
305 399
398 722
361 437
70 766
203 535
786 942
492 332
561 601
1 9
276 87
342 767
854 569
267 62
446 498
825 541
531 206
474 558
918 179
141 102
176 787
470 964
173 468
912 961
249 475
131 416
900 366
410 662
613 651
468 663
843 771
898 502
393 911
292 428
714 920
624 712
493 980
162 403
744 896
680 103
772 757
936 441
469 569
734 802
464 773
834 420
375 832
124 942
450 562
913 460
21 359
223 393
897 144
266 895
142 258
122 878
862 760
827 993
721 298
712 713
87 519
677 600
883 687
104 526
892 54
642 161
818 155
105 65
890 474
246 353
194 276
853 279
808 817
498 803
617 873
233 192
401 705
961 633
638 578
563 91
551 938
827 299
593 546
690 622
200 366
492 796
759 794
904 401
513 984
769 977
965 471
19 616
759 304
118 871
976 338
396 783
919 491
74 959
309 580
846 63
821 94
911 247
46 331
698 314
489 241
676 282
868 59
922 879
965 262
534 21
44 83
966 858
937 481
308 943
291 713
891 632
257 729
267 677
64 94
573 839
569 334
474 688
869 696
475 123
535 105
221 684
790 263
444 695
863 103
684 448
305 619
784 314
678 358
412 193
381 866
360 547
848 420
189 411
939 890
391 409
406 820
995 781
642 598
559 487
888 344
392 56
472 882
849 381
158 790
197 252
933 745
248 871
314 74
435 317
247 828
619 147
576 455
638 21
966 603
36 212
271 750
105 627
747 493
576 867
767 597
744 613
38 772
151 835
591 517
832 722
733 868
344 242
624 947
379 437
651 510
255 224
114 122
2 380
396 974
506 28
629 868
602 740
842 339
910 192
418 912
23 193
69 86
132 350
681 237
793 722
244 191
15 431
312 831
854 579
389 491
398 373
584 680
797 765
922 835
26 669
250 279
352 463
820 800
610 525
434 802
632 191
212 835
670 127
306 531
753 205
125 743
394 10
386 780
107 699
4 220
790 409
339 329
817 391
779 675
253 410
39 176
400 967
819 761
328 972
3 544
624 540
631 136
807 244
803 647
223 761
40 950
273 789
671 743
501 249
681 627
522 761
148 903
969 400
268 419
948 693
765 621
341 834
508 623
914 195
467 637
422 24
331 117
924 193
664 684
446 379
110 590
956 938
133 265
367 895
525 191
65 998
341 788
944 825
595 750
406 793
669 740
697 509
266 948
993 817
28 182
678 536
213 466
262 238
226 255
361 273
273 911
138 487
654 283
959 633
360 793
594 873
697 426
669 309
24 222
538 682
690 334
322 689
674 759
385 61
688 434
506 859
154 901
59 835
450 119
255 293
676 529
12 947
612 722
771 501
169 800
707 3
11 851
25 673
575 951
888 402
137 599
400 237
450 539
575 218
650 215
478 786
543 435
195 880
456 403
281 553
11 547
37 950
33 345
952 574
536 628
532 993
866 832
114 208
26 763
881 337
791 149
297 961
291 518
602 484
455 383
805 766
300 177
670 284
844 44
810 983
526 753
848 783
69 617
23 933
59 974
930 592
533 102
522 471
749 150
806 967
424 224
688 206
305 962
262 147
588 370
266 914
388 192
296 163
50 118
905 104
498 353
418 965
801 99
266 102
114 857
666 53
777 879
452 750
961 953
592 341
938 838
707 673
692 291
975 859
622 629
134 892
311 437
13 942
322 522
990 232
498 156
936 539
385 631
473 838
567 40
876 906
500 33
885 203
488 897
87 630
8 138
780 629
180 223
966 773
446 549
427 990
240 254
288 981
326 975
485 843
389 119
170 685
276 58
298 994
576 608
536 101
644 263
220 62
283 337
494 50
233 573
749 411
728 207
962 905
186 42
146 120
271 424
29 492
537 782
451 416
703 757
401 601
569 318
664 698
108 908
638 2
667 883
725 262
123 446
886 503
76 773
729 982
726 658
837 265
704 237
465 339
818 18
468 581
691 386
986 364
299 483
725 487
537 165
829 129
162 802
66 317
227 545
128 696
23 108
26 399
808 542
294 993
554 529
223 206
737 301
173 620
251 820
205 570
375 265
377 101
23 365
71 441
636 492
169 485
805 100
432 462
175 93
868 29
797 425
865 637
216 432
561 998
163 335
989 814
516 264
747 141
285 349
239 181
793 781
85 453
432 186
835 554
444 710
492 211
865 824
689 230
445 565
547 983
322 535
381 663
291 258
610 608
242 812
290 147
293 816
573 244
996 286
176 436
916 770
893 40
830 170
496 553
807 839
475 479
28 660
770 764
121 592
517 652
855 791
757 482
774 85
711 974
661 539
477 118
515 224
634 948
186 698
541 392
727 758
575 254
732 482
612 465
254 59
602 504
632 642
792 315
560 525
666 900
423 857
765 597
458 735
671 358
201 170
943 442
669 680
4 630
374 671
683 855
585 532
176 804
465 678
864 506
965 92
518 998
940 3
854 277
95 953
173 463
301 118
681 390
140 947
513 75
797 744
336 185
986 630
377 768
754 111
198 274
476 838
771 262
564 47
264 870
599 33
474 774
494 749
880 646
423 952
367 225
255 122
147 279
248 117
513 921
368 926
443 558
4 54
230 224
642 250
385 198
639 822
440 472
56 714
857 394
794 276
576 662
352 722
367 882
468 747
966 443
643 819
15 560
508 239
492 755
258 246
997 968
458 859
591 823
505 215
246 891
809 80
742 558
665 833
800 857
289 983
864 398
864 705
571 815
952 685
827 447
242 541
201 420
91 770
281 925
276 566
757 715
345 375
413 496
302 63
339 526
28 995
506 997
455 97
619 978
873 923
459 738
915 552
783 431
989 921
929 987
230 97
237 174
177 44
623 541
638 190
209 961
165 535
348 254
500 353
991 429
613 201
516 560
379 11
370 904
611 497
855 52
742 631
246 444
389 539
920 403
788 104
828 930
210 149
695 584
852 950
212 629
741 749
431 117
445 374
585 272
450 228
858 366
328 137
287 139
523 683
174 541
665 838
534 205
385 257
951 681
744 873
103 97
524 135
233 954
391 253
496 858
42 517
404 778
613 956
781 817
430 38
166 77
485 551
596 833
659 961
473 540
246 476
322 297
806 761
783 249
449 717
369 751
117 907
611 240
137 356
442 510
819 39
811 137
675 184
834 3
420 58
73 167
769 933
544 264
91 992
620 689
192 534
456 806
32 358
851 210
550 491
789 142
851 281
979 450
130 203
359 857
445 506
769 894
321 488
659 47
117 943
581 834
34 179
341 221
850 827
314 401
885 235
597 396
595 730
929 657
411 557
245 947
341 311
381 530
838 253
151 514
49 677
945 4
531 387
835 680
604 531
933 131
641 908
332 311
699 902
836 422
424 573
345 401
951 82
491 540
279 335
35 219
549 858
159 647
847 337
731 8
713 522
589 656
571 343
98 154
218 197
82 897
900 447
809 937
483 676
462 591
944 453
387 330
869 743
465 632
432 447
608 333
56 439
525 395
207 77
611 60
336 459
131 434
173 675
418 368
148 143
859 207
715 296
113 491
449 806
274 186
549 596
147 549
352 532
273 761
653 538
910 257
650 543
431 237
82 44
980 613
21 942
754 439
292 852
77 806
779 542
590 946
482 214
969 444
512 830
839 907
806 864
713 833
814 679
131 759
827 121
483 656
735 163
42 936
369 447
35 889
80 834
355 628
141 102
780 586
506 725
849 459
500 146
947 772
109 377
586 438
185 331
53 11
511 383
839 20
869 843
960 435
294 291
485 315
510 251
524 110
549 347
405 255
190 831
460 240
105 824
730 920
771 615
880 427
228 859
494 587
434 176
520 231
665 58
253 885
42 583
403 597
836 974
171 4
467 569
156 642
905 43
413 898
345 906
351 724
266 797
354 923
60 975
111 692
364 566
252 701
194 583
867 706
575 755
756 394
867 922
381 421
365 442
162 844
741 93
2 750
739 762
459 323
699 913
589 977
322 460
892 887
361 572
619 984
742 545
983 303
389 651
848 418
393 409
712 923
18 48
930 556
784 878
555 519
867 589
538 209
133 549
662 7
637 706
878 199
966 907
629 979
702 328
738 448
97 703
316 118
857 9
475 716
511 546
556 540
362 59
7 790
279 702
10 490
248 445
311 154
63 957
419 518
660 938
810 964
990 341
972 684
900 687
678 2
26 678
209 637
54 818
562 314
664 377
369 431
717 696
773 407
759 428
560 237
376 873
311 671
598 84
225 827
584 82
301 692
586 392
337 38
301 726
784 331
481 869
475 190
527 80
671 799
981 479
318 362
140 920
210 511
573 733
224 785
887 716
768 992
40 629
764 782
786 440
329 634
724 835
327 589
273 594
610 130
86 37
22 384
341 13
702 821
409 922
926 167
21 582
219 253
907 40
25 314
672 783
435 776
688 745
438 660
251 765
328 982
293 343
913 561
473 666
140 858
644 196
949 950
592 94
726 753
439 429
995 112
511 395
21 73
678 758
822 140
983 70
742 744
449 624
841 273
328 613
664 462
440 823
827 124
391 43
183 236
281 15
261 802
806 179
692 172
607 564
626 530
62 108
749 837
24 938
363 314
678 845
426 630
45 747
535 752
237 77
190 471
378 355
550 865
192 440
769 216
851 303
181 977
750 871
738 638
113 386
359 568
385 986
816 343
172 325
964 440
783 620
222 500
109 458
983 218
656 583
285 854
291 633
997 999
698 7
894 239
933 518
78 55
494 54
357 376
726 842
784 676
264 933
456 495
268 731
383 218
554 778
26 198
613 812
134 90
441 321
170 928
409 748
824 943
488 77
867 744
312 260
272 22
493 211
4 908
925 514
528 144
483 80
570 361
246 677
571 835
939 619
615 607
20 378
208 955
208 463
940 687
181 165
556 362
692 818
923 851
358 879
185 160
342 652
924 729
774 43
345 500
331 757
471 754
294 143
821 359
286 497
557 868
618 269
606 594
431 832
229 307
858 606
589 851
219 551
190 701
925 974
779 939
465 449
607 371
396 747
802 474
78 222
144 52
721 782
195 698
506 955
319 532
787 494
560 165
672 150
51 687
553 740
963 908
45 509
459 48
778 684
664 559
160 486
644 857
917 883
327 6
789 954
670 65
967 372
545 582
877 745
943 221
36 173
282 440
892 892
786 73
744 529
763 523
447 696
810 73
443 309
175 156
167 509
779 551
803 933
828 978
379 175
884 801
59 593
198 622
819 706
520 571
623 725
200 502
862 184
252 189
884 751
983 764
326 559
100 3
75 852
52 905
326 692
780 965
51 76
329 4
117 643
814 598
220 134
867 24
212 426
233 565
286 594
745 134
110 188
524 7
699 598
263 267
725 182
