5500 5500
620 190
718 387
324 439
646 801
946 409
518 450
826 946
370 460
488 415
248 204
335 634
204 783
663 338
76 125
852 54
515 133
961 360
598 76
35 681
333 264
370 332
36 737
488 110
837 792
652 785
994 550
166 29
164 48
865 921
55 216
720 322
302 31
171 400
238 881
324 446
603 644
146 815
672 303
857 47
943 464
51 655
322 992
565 503
447 827
556 674
357 887
231 731
468 754
527 232
829 276
965 310
629 153
852 172
34 552
102 502
688 991
679 381
681 287
961 904
591 851
632 938
836 945
275 381
142 225
958 215
736 560
907 833
457 780
709 818
499 254
116 536
436 420
215 261
669 110
889 503
588 584
877 751
949 829
171 853
623 651
136 546
631 840
187 870
815 415
728 400
567 324
954 203
146 104
393 325
765 497
168 144
309 183
593 954
412 30
908 715
873 813
673 728
47 465
481 414
717 485
974 372
906 244
5 871
455 850
476 343
420 853
41 570
797 309
777 695
566 88
51 486
21 973
213 404
103 32
647 603
25 995
608 707
241 95
965 718
533 334
516 218
280 307
630 632
737 257
662 892
992 940
177 981
314 251
247 784
167 488
655 367
340 537
412 300
468 938
854 693
700 218
817 666
246 583
840 946
681 771
869 203
842 113
947 140
508 741
818 854
86 886
214 553
231 509
788 725
641 639
624 979
785 340
23 982
743 487
164 244
904 508
824 519
611 879
212 761
127 874
147 981
125 90
80 295
58 643
867 231
547 511
42 391
899 363
345 574
964 768
752 62
757 854
428 639
866 968
123 109
157 734
306 144
187 142
155 727
127 463
295 991
619 770
381 9
185 569
398 230
105 146
515 596
410 650
74 311
596 364
974 739
297 699
835 443
132 1
147 262
502 333
353 953
564 943
257 811
936 916
437 696
363 566
415 284
35 370
726 59
385 650
157 4
620 812
978 366
165 844
478 919
641 569
105 36
803 17
526 345
124 54
986 652
411 878
317 162
65 640
357 256
969 259
735 939
193 879
540 859
100 799
670 220
182 910
632 405
964 345
479 472
248 607
415 966
849 387
549 121
129 414
521 129
578 892
737 513
355 321
30 897
583 158
898 960
163 178
210 402
851 449
720 879
23 726
624 236
230 455
253 284
176 586
850 934
8 464
295 924
655 676
72 659
893 343
366 955
235 80
866 230
522 422
737 300
834 259
893 588
188 93
354 24
372 522
868 845
128 560
206 366
91 214
720 591
760 270
207 468
570 860
651 846
950 227
407 705
54 281
986 168
263 601
299 687
470 340
247 119
499 101
53 999
663 920
732 76
230 147
757 489
644 643
360 839
462 583
140 426
36 468
267 736
617 838
580 85
439 775
841 705
914 138
878 346
830 562
706 954
736 52
191 914
346 369
145 716
98 693
941 217
320 518
151 265
705 483
906 214
421 838
203 926
706 68
56 256
664 993
135 868
433 310
326 569
701 744
106 624
272 857
627 558
346 186
490 678
262 361
373 267
658 593
249 29
100 127
512 138
829 431
861 606
24 737
998 204
401 760
787 974
650 601
48 380
214 301
608 423
547 284
563 932
749 649
838 838
598 262
862 273
390 675
989 744
426 207
315 708
418 8
720 641
270 48
868 710
903 412
21 988
243 493
186 778
233 880
555 150
870 615
600 885
177 515
883 445
457 213
870 705
78 136
211 250
541 283
878 991
425 364
367 436
586 566
687 175
215 514
187 125
675 938
261 135
789 592
26 944
821 276
785 775
953 830
238 914
939 669
397 832
103 114
442 89
224 737
930 645
253 242
183 59
479 313
767 121
131 701
44 705
259 840
552 278
336 50
57 790
245 554
640 2
717 482
94 862
669 565
204 943
328 393
4 559
295 862
183 781
858 190
449 6
965 946
100 473
156 223
983 154
186 609
235 735
375 982
214 741
420 41
58 786
668 619
539 167
968 114
205 806
309 513
411 869
717 271
530 517
770 287
218 166
565 558
249 2
258 215
988 703
308 616
302 142
244 410
892 780
358 238
276 301
479 642
668 720
204 27
428 328
834 682
544 198
710 172
780 200
950 739
191 465
676 77
126 110
483 437
268 325
662 238
761 109
89 891
461 745
573 94
734 402
21 362
149 431
30 876
206 975
253 60
703 57
405 651
121 64
532 690
54 40
425 559
845 820
289 80
825 985
487 184
461 360
309 410
428 168
244 643
382 5
72 493
312 451
341 654
113 890
265 906
901 195
374 171
424 409
417 448
825 799
631 266
955 727
269 645
593 777
440 435
202 959
933 711
350 460
541 951
437 705
907 113
339 294
442 49
561 108
779 704
398 869
928 902
254 726
773 676
32 753
270 890
844 911
670 888
659 640
782 314
218 443
281 796
620 723
567 744
530 4
902 578
337 602
762 586
485 283
765 51
299 969
835 801
310 881
789 925
970 623
673 492
779 519
612 493
785 887
387 672
420 864
28 779
540 522
690 852
828 572
260 398
655 558
371 288
922 49
835 252
795 39
902 194
10 176
51 233
376 871
914 303
797 811
939 261
591 610
439 190
766 287
309 399
698 187
836 874
135 420
995 739
949 994
545 776
493 941
481 113
276 31
319 87
711 616
389 608
590 969
262 527
267 430
705 862
566 670
351 478
29 599
573 807
611 631
638 760
504 47
797 87
675 443
677 316
826 693
425 768
564 535
535 558
47 862
430 480
534 889
340 202
316 853
295 400
355 376
714 500
470 157
719 848
849 775
415 6
284 851
973 98
827 687
861 248
623 595
932 724
951 163
48 342
536 463
839 967
384 494
269 328
915 47
399 816
735 73
639 311
662 832
113 354
503 262
831 450
76 129
365 513
970 926
794 586
63 632
485 935
448 698
75 377
809 908
404 132
244 317
390 404
781 390
254 113
176 547
785 25
969 406
8 89
988 305
367 390
352 768
701 119
592 534
578 485
614 463
366 244
592 324
428 161
701 186
772 514
148 644
436 538
2 380
219 740
355 503
362 945
147 557
386 16
190 51
428 796
491 587
660 369
166 644
542 922
410 347
553 756
618 725
624 647
45 569
714 788
557 528
361 422
63 458
20 891
92 160
900 671
689 402
943 182
193 785
423 327
188 622
50 733
60 798
959 410
103 223
498 920
316 207
522 714
483 249
975 744
878 25
46 662
850 370
237 32
492 533
609 493
672 529
970 590
621 861
490 854
195 391
841 906
744 870
680 471
535 192
564 841
352 195
65 809
706 735
383 984
704 666
794 894
222 972
700 637
868 899
748 416
352 122
885 715
891 915
7 639
931 906
885 121
550 639
796 802
838 128
837 205
130 295
752 503
894 944
557 631
823 997
799 55
341 853
625 146
933 706
519 167
695 634
230 270
568 900
136 587
491 945
496 736
427 350
44 239
59 680
578 897
540 667
926 695
942 884
124 201
107 258
893 84
126 240
47 774
136 936
840 182
842 28
559 655
585 458
342 11
851 237
739 555
241 247
734 400
670 664
376 755
477 846
542 771
295 552
976 835
789 833
992 204
130 909
238 728
528 16
322 72
902 824
510 252
311 317
326 752
954 594
447 473
38 205
929 697
888 571
180 416
273 6
185 347
456 714
529 291
26 486
649 110
152 343
533 814
898 78
823 798
609 377
367 544
232 732
271 633
453 145
182 638
645 74
96 606
903 965
127 637
88 73
737 731
681 727
410 499
842 146
999 561
163 8
119 114
688 852
974 400
556 166
922 522
638 601
591 833
673 701
985 11
788 261
562 533
638 795
727 517
328 458
448 950
955 339
195 561
789 89
157 612
57 91
44 325
400 801
620 815
80 877
889 278
197 633
154 433
620 261
531 990
963 720
185 526
597 692
706 718
721 387
83 627
64 1
119 456
396 603
410 192
950 675
722 449
155 238
388 84
129 653
318 519
814 131
262 595
358 294
619 682
713 326
377 880
176 850
715 391
624 839
222 420
879 212
225 527
929 327
742 299
641 175
993 123
478 291
24 166
805 713
645 682
667 849
913 15
388 477
341 855
196 225
15 263
538 45
928 550
666 903
88 972
90 507
869 342
839 826
307 442
254 620
469 957
712 650
401 412
882 896
299 99
804 962
316 623
184 223
990 613
864 515
620 759
410 567
22 885
710 389
616 854
962 183
630 595
588 662
960 591
807 194
60 313
187 179
898 590
460 244
147 499
152 24
898 194
254 183
146 123
856 882
394 457
316 699
456 294
612 124
839 758
926 966
521 866
858 949
588 134
330 339
496 571
798 924
307 443
871 763
962 799
204 456
87 553
397 452
55 480
129 626
756 126
459 94
379 881
693 267
113 845
458 663
872 743
483 725
908 432
636 429
429 806
855 300
796 219
489 96
471 299
555 47
575 373
10 335
339 983
674 515
412 260
498 401
122 6
25 544
817 610
891 872
989 721
202 70
767 337
355 765
64 663
426 359
801 444
258 754
933 357
884 811
492 672
30 403
538 128
500 852
563 238
151 656
897 162
806 982
117 163
734 73
598 984
821 91
402 275
635 174
864 287
202 90
276 403
372 305
68 187
84 304
872 684
294 344
528 775
264 385
72 960
32 365
882 697
184 263
383 74
899 127
860 886
854 388
298 615
847 542
448 425
680 418
472 22
287 83
93 499
592 491
694 852
861 765
88 563
38 597
754 129
652 983
932 738
585 585
71 409
999 4
965 591
472 964
988 825
219 481
670 837
620 773
853 710
861 78
89 119
186 469
452 920
421 104
384 676
571 56
191 845
614 786
709 516
763 188
987 112
937 333
876 179
712 281
339 402
403 552
631 25
577 259
616 338
649 137
430 725
605 466
351 500
362 460
376 411
745 151
191 552
2 933
353 670
466 418
207 388
578 651
552 989
615 419
250 93
656 937
915 697
912 924
936 518
148 57
493 938
751 495
577 276
823 145
587 241
878 843
442 889
129 84
408 109
933 258
436 189
792 392
170 32
492 611
141 607
288 16
543 975
483 238
488 721
584 4
20 165
485 353
131 398
392 339
996 763
255 284
948 532
974 882
233 643
154 1
835 331
297 432
315 670
869 833
710 84
409 388
496 27
220 899
719 252
533 154
938 410
767 277
796 582
763 743
430 733
290 888
770 872
50 407
31 966
925 383
39 119
30 142
497 39
236 813
976 825
770 536
844 422
546 920
175 615
555 595
438 295
117 299
484 576
70 672
325 193
84 671
248 482
51 935
816 218
556 266
170 97
654 621
880 723
656 548
512 248
100 557
739 987
970 433
201 365
709 54
412 382
387 130
472 784
849 815
106 596
430 509
290 762
265 926
89 364
351 84
387 470
823 789
356 851
82 452
222 628
75 130
890 939
924 495
182 820
159 306
547 858
718 401
998 972
750 130
580 361
469 190
800 625
574 390
38 463
650 191
483 433
224 509
439 796
276 375
261 450
814 208
296 400
59 888
180 21
93 205
569 965
858 619
503 595
520 398
776 376
171 218
181 953
223 655
481 141
121 336
33 211
963 240
288 163
397 210
704 514
522 802
714 135
382 874
770 110
800 106
219 799
221 412
268 704
476 734
266 636
230 425
804 827
696 387
725 12
630 298
975 519
715 493
816 574
63 818
776 895
317 687
463 151
12 325
272 474
895 800
48 741
477 715
60 182
897 15
631 632
787 854
890 535
381 194
29 64
250 578
517 899
179 36
192 821
581 584
519 444
965 441
927 874
726 772
425 615
179 38
321 694
146 342
843 881
774 951
469 646
318 793
478 383
54 240
238 671
384 823
340 662
411 401
627 687
114 451
837 125
519 420
871 553
774 884
316 827
671 437
474 56
392 700
740 764
493 54
726 898
14 493
648 553
66 256
252 561
412 149
9 523
344 736
99 124
902 67
284 803
867 446
108 204
642 961
221 846
512 297
964 811
307 803
488 579
581 136
760 659
824 456
48 460
444 657
370 236
850 416
819 741
407 694
167 960
571 669
800 742
393 446
586 580
428 512
778 644
680 661
484 598
853 99
462 675
422 200
998 371
818 665
947 704
417 291
318 685
669 658
937 244
774 729
234 174
602 733
579 581
109 975
125 61
286 684
977 181
79 326
120 60
216 111
649 641
466 73
833 976
192 485
726 783
687 419
374 864
823 510
14 437
435 700
180 308
703 564
399 340
780 561
813 826
540 315
291 427
459 389
85 400
343 818
416 550
408 285
913 212
446 100
771 374
170 677
453 137
917 811
512 312
892 802
29 225
172 474
68 550
701 628
589 67
196 791
73 477
38 820
62 706
522 656
175 740
583 838
460 862
784 193
941 969
724 845
630 454
629 127
666 11
772 922
660 707
88 852
441 265
847 947
631 368
618 947
864 107
953 857
593 500
357 416
822 924
755 896
652 366
122 811
57 353
220 48
82 794
313 214
599 900
68 663
344 144
988 54
281 119
982 244
69 250
597 974
837 581
469 530
530 786
750 270
4 130
516 25
570 451
591 506
503 375
186 770
354 67
991 255
685 113
739 56
27 190
685 640
754 419
191 984
965 688
487 654
976 682
916 501
502 251
772 34
138 449
955 506
369 652
669 865
610 404
181 438
475 455
518 934
750 197
673 248
400 137
539 847
698 868
45 728
194 985
553 178
935 861
304 857
729 373
929 701
783 846
81 50
248 45
64 543
921 905
278 357
6 16
416 793
937 253
593 500
634 512
940 749
743 483
363 13
273 844
118 314
807 112
399 410
713 514
137 812
422 967
579 121
694 377
200 261
883 946
856 63
124 368
615 436
28 945
463 109
618 779
524 452
959 908
405 708
916 375
875 696
736 770
185 727
65 641
159 278
336 213
62 194
569 830
139 712
608 795
243 290
217 575
282 681
953 616
395 674
620 950
324 121
445 820
350 808
110 547
242 305
607 888
943 156
326 230
4 39
369 436
358 53
251 118
722 280
393 227
553 89
388 476
576 58
680 136
829 22
414 737
84 282
381 820
637 97
632 578
982 199
64 84
126 944
136 657
575 460
907 260
785 423
705 965
673 853
13 85
185 796
597 869
245 581
616 419
473 580
800 319
962 82
312 819
811 702
548 29
657 149
2 79
200 763
86 528
90 892
535 925
636 240
784 299
475 311
854 59
676 580
675 859
827 88
904 272
88 404
499 125
153 573
319 962
681 719
955 235
798 131
281 859
601 978
534 777
550 787
576 24
518 794
36 306
681 595
966 777
15 245
663 377
849 369
567 332
888 842
626 327
523 881
500 255
57 42
188 613
404 561
255 350
922 97
725 355
472 673
347 212
161 124
623 857
274 57
686 183
853 60
893 531
587 382
201 805
825 762
317 974
484 916
980 934
195 456
367 896
77 868
265 549
166 508
98 325
86 269
51 275
626 320
45 268
367 495
231 71
125 438
439 648
757 492
705 809
122 532
98 431
884 412
24 426
86 311
938 217
426 287
580 415
163 496
734 196
175 978
28 21
731 226
630 472
210 566
227 485
799 489
202 37
937 3
774 161
706 777
864 743
553 445
691 416
725 328
295 460
612 365
529 512
948 207
74 19
483 781
338 997
788 416
82 416
696 428
445 283
510 76
830 599
148 967
915 468
263 393
202 18
595 114
340 328
462 923
73 362
630 313
468 602
707 703
830 18
879 800
430 539
118 27
474 620
920 465
189 600
914 128
540 927
294 41
576 624
348 960
470 103
893 373
116 183
463 78
158 132
51 11
643 999
527 998
837 700
336 618
227 404
158 985
585 225
936 544
732 641
944 746
38 637
676 240
297 251
516 312
776 830
623 432
22 899
661 399
956 477
324 770
106 644
628 881
913 585
526 777
685 810
964 611
648 926
508 826
71 988
770 346
302 943
817 660
713 841
364 152
998 370
194 643
936 994
823 552
693 810
299 595
135 721
600 223
561 450
444 151
389 470
939 737
743 786
730 314
900 743
102 139
303 75
357 93
222 281
240 810
78 167
435 198
774 818
146 404
134 425
496 681
763 813
351 52
991 857
764 21
976 35
86 396
156 25
856 239
846 507
871 974
716 279
862 390
32 376
365 359
273 398
725 753
217 901
115 921
28 588
128 465
881 7
59 4
137 312
950 909
743 566
84 954
292 752
174 501
366 614
795 50
868 130
943 674
115 740
943 184
3 619
152 473
706 720
953 775
432 498
21 971
962 848
571 568
174 182
474 304
410 498
938 537
465 722
462 604
164 264
155 170
305 579
631 524
936 571
835 746
389 865
170 569
254 671
607 109
827 892
680 940
515 239
540 115
835 714
769 472
781 679
418 379
996 665
178 747
604 711
675 544
98 375
962 636
858 686
209 469
197 343
189 531
984 152
211 721
203 91
557 413
611 563
728 748
299 742
89 352
984 395
709 569
656 522
173 534
358 728
326 28
785 622
926 311
919 676
798 408
362 425
324 336
585 1
825 460
83 882
325 988
570 747
589 379
573 640
689 883
740 310
981 230
764 755
254 350
284 9
689 285
590 237
92 865
97 820
154 811
106 163
242 674
984 478
624 559
897 416
599 317
38 68
332 605
614 163
537 873
408 85
557 280
952 262
106 534
794 187
635 940
412 724
382 816
504 784
395 999
37 349
202 798
362 15
360 663
324 586
791 471
537 135
533 279
7 646
544 359
927 632
612 674
50 41
643 125
152 902
503 349
376 231
673 891
812 888
480 187
570 612
752 390
419 725
386 574
587 900
493 637
706 22
440 520
628 81
68 245
506 549
495 945
221 174
45 926
970 481
147 71
852 182
953 108
695 458
520 829
79 775
384 102
730 378
276 172
270 794
872 943
462 888
748 5
974 262
730 621
488 957
563 598
659 492
479 22
174 634
615 15
326 976
822 939
907 152
876 832
99 680
550 158
343 936
554 745
191 386
46 712
91 67
988 629
730 48
386 745
32 102
978 19
453 793
791 540
578 501
305 87
680 864
316 678
393 450
658 269
676 842
612 220
925 790
969 464
501 334
999 311
991 367
430 242
407 155
803 730
444 289
236 216
756 934
2 22
60 967
6 204
771 489
629 595
245 148
337 999
676 242
462 888
192 91
540 87
463 745
982 641
694 87
225 745
487 603
316 49
105 914
873 735
225 315
991 516
509 13
992 832
641 930
88 621
568 886
954 8
108 277
563 16
757 260
79 529
66 652
171 552
592 941
235 55
76 19
717 180
483 714
145 425
822 506
326 244
943 549
21 567
536 614
567 991
67 591
362 16
48 588
966 820
858 579
734 649
491 310
52 766
364 45
446 880
667 655
839 937
847 741
617 459
524 552
17 158
309 564
614 402
42 330
838 312
27 323
783 333
643 577
687 568
688 667
132 647
206 695
220 207
497 370
745 12
482 427
597 720
862 449
267 862
508 257
286 12
416 939
199 565
416 576
83 973
723 259
637 760
658 410
594 295
9 954
954 597
429 824
77 673
32 530
616 153
766 470
197 867
373 712
761 902
489 273
531 371
548 711
985 305
751 690
370 203
150 817
540 21
287 925
455 801
738 238
153 753
715 629
735 144
556 865
946 799
43 45
377 636
606 790
841 48
90 298
171 791
882 193
411 5
886 542
101 830
370 793
346 527
844 264
126 992
31 742
287 288
391 786
401 141
301 53
862 483
943 328
929 893
66 686
446 213
741 682
854 537
876 268
883 55
610 198
389 307
461 94
22 619
111 320
404 581
316 341
862 631
754 734
371 95
207 576
829 473
65 359
269 39
457 147
535 707
680 749
684 470
738 380
914 431
687 528
708 188
435 138
926 867
899 380
983 87
784 114
699 971
606 672
337 754
62 361
637 670
690 244
130 830
655 861
385 562
378 456
190 557
711 208
47 59
325 451
581 758
856 301
847 135
833 31
149 388
434 593
515 887
523 92
489 973
394 20
699 290
61 701
583 451
740 613
942 747
578 231
259 216
464 956
748 242
860 403
112 168
800 851
583 282
374 528
810 241
378 786
574 155
511 403
545 694
911 143
752 133
976 118
173 865
524 179
346 543
440 698
339 159
374 543
18 332
254 76
896 612
937 189
129 150
521 761
936 349
286 369
613 409
238 634
547 566
568 209
691 662
263 556
830 95
61 156
703 211
911 485
670 690
919 457
901 945
881 853
389 158
847 309
926 318
431 668
619 35
268 602
42 805
439 145
152 938
584 318
654 234
448 620
622 466
562 261
828 385
129 350
516 929
834 101
185 260
133 213
981 200
567 635
186 328
350 109
62 775
69 374
649 755
509 869
188 34
252 346
907 30
834 665
293 182
31 221
712 874
594 679
682 405
124 590
436 398
126 895
65 438
47 492
730 583
291 956
795 854
901 20
544 587
638 504
25 680
247 616
767 169
533 612
136 927
981 633
501 844
794 845
132 213
439 14
946 432
221 472
191 543
755 177
350 879
792 946
809 939
826 753
816 933
461 606
889 417
658 284
749 356
802 480
145 346
655 605
695 692
384 235
190 217
796 830
518 987
345 760
114 352
34 95
117 930
666 801
670 310
832 272
674 449
565 422
431 728
592 835
277 530
23 792
427 510
259 968
858 263
82 821
754 328
59 412
26 678
735 875
555 716
79 205
815 77
246 451
844 597
184 327
965 330
625 178
871 492
315 79
282 520
178 15
773 333
48 107
493 213
131 407
521 209
453 706
162 666
989 289
17 924
771 710
875 96
756 294
177 39
768 277
101 336
961 874
232 998
138 664
239 257
499 616
829 556
271 52
801 352
94 544
826 65
332 142
168 173
712 269
933 638
107 175
178 778
437 606
771 53
359 493
585 738
183 801
556 605
855 835
865 186
288 604
972 28
29 692
205 188
173 235
745 661
381 235
127 163
555 203
443 86
100 691
619 88
992 381
210 629
445 144
9 44
811 597
620 67
630 744
363 113
58 284
730 190
831 414
146 965
502 992
33 293
221 694
68 276
999 573
650 347
397 583
491 791
174 199
630 410
537 732
157 133
715 789
908 457
71 825
108 675
82 747
914 565
141 953
447 358
801 920
517 761
233 488
126 228
89 583
949 508
140 286
92 74
855 277
849 991
959 528
973 972
337 598
67 735
413 391
527 677
872 969
849 349
58 689
983 313
956 408
536 402
20 867
522 246
384 56
682 309
430 432
462 134
998 965
340 106
620 662
719 372
921 669
193 873
120 867
224 32
857 85
178 407
792 912
551 740
798 999
5 160
61 687
605 646
486 49
231 460
165 655
521 673
890 715
114 136
209 465
116 427
667 931
270 617
753 349
483 795
226 5
62 191
314 401
482 563
152 407
456 303
230 820
386 512
899 207
105 60
338 888
649 69
313 823
677 843
842 199
59 965
160 760
415 355
48 516
251 186
624 809
831 833
865 926
239 101
687 80
702 270
474 978
965 593
759 480
544 209
960 556
166 102
108 269
348 175
429 8
984 843
799 205
499 824
94 920
235 615
940 117
680 822
608 554
171 137
382 772
459 902
376 840
823 585
565 668
351 767
657 743
1 96
904 401
19 660
470 648
256 175
400 486
145 145
813 168
253 384
927 484
60 256
723 144
612 571
940 68
560 713
637 683
414 104
834 447
39 608
601 618
474 951
85 483
902 121
902 798
173 828
528 794
588 995
692 245
260 872
224 766
234 704
836 20
947 575
494 285
139 688
62 606
26 229
65 292
806 604
982 850
373 747
424 109
393 575
726 742
448 723
794 340
313 411
535 863
370 532
929 871
751 283
55 412
96 935
69 31
579 116
361 417
766 765
173 550
959 912
717 19
493 463
23 945
903 990
76 725
736 930
9 26
338 331
790 586
246 339
230 82
690 685
794 489
547 361
89 516
253 486
214 715
687 945
16 633
726 458
270 972
995 291
403 165
107 209
551 782
4 933
125 402
255 376
997 538
159 791
411 733
500 628
930 850
447 348
117 546
92 986
33 669
296 694
297 423
978 749
100 575
147 486
928 882
487 439
993 138
640 428
229 922
21 979
539 617
508 43
119 187
635 602
212 401
232 231
588 261
95 152
455 163
190 844
942 724
800 621
979 887
470 289
332 464
66 366
820 216
169 97
787 451
440 819
240 162
134 945
156 344
350 957
292 257
784 630
57 878
967 500
766 989
736 42
230 188
500 329
297 450
87 44
967 811
357 641
921 931
354 471
955 967
193 649
398 863
582 431
554 140
498 994
921 811
120 511
866 824
488 606
50 414
779 739
437 231
427 625
457 862
45 687
665 606
657 73
561 328
576 229
751 200
731 892
331 633
956 38
381 254
393 299
241 957
601 852
391 560
815 981
894 610
666 221
333 418
787 375
180 809
551 36
401 540
362 17
183 408
466 609
318 611
920 763
301 637
815 573
71 29
894 20
784 840
889 198
430 206
542 81
293 365
826 980
840 83
360 314
632 55
383 670
2 124
443 487
388 827
864 631
866 753
681 407
613 913
974 313
760 562
127 96
479 495
717 923
188 514
711 928
121 906
362 591
803 468
904 815
515 600
986 553
22 561
893 665
16 429
359 680
984 40
609 256
578 733
123 360
181 762
30 96
475 149
164 923
327 543
267 30
802 12
689 612
697 854
210 59
577 490
246 203
714 558
458 741
919 970
202 153
898 494
226 629
934 74
589 301
492 717
3 415
848 826
337 171
931 708
300 424
222 843
114 576
254 431
855 415
671 696
419 624
315 219
708 856
602 882
738 288
5 881
972 786
896 308
183 424
432 642
946 808
849 601
160 792
556 376
282 334
320 603
127 109
923 927
466 542
980 850
281 125
872 812
896 88
885 945
104 246
309 718
3 365
538 690
501 219
745 781
560 677
435 629
864 295
665 680
760 576
205 55
959 234
966 806
594 548
800 415
252 955
185 747
68 669
694 835
178 746
921 270
601 992
822 489
502 399
696 878
484 869
605 434
51 643
188 685
658 111
61 58
151 388
812 67
874 916
782 158
614 141
114 328
866 167
580 22
444 459
306 733
820 307
376 793
134 870
884 442
758 880
91 389
731 613
585 493
228 860
807 764
668 819
917 433
424 154
393 819
125 983
256 237
661 608
176 133
814 638
452 941
516 654
340 699
767 433
853 142
713 208
751 929
931 243
640 486
113 362
688 593
941 913
943 926
290 39
163 942
479 731
217 762
984 864
257 294
144 739
857 754
961 770
844 330
401 708
81 482
367 282
352 934
501 178
25 529
285 210
754 353
453 100
663 226
548 23
854 52
193 619
185 507
459 69
591 987
893 55
339 348
930 40
988 344
747 883
164 60
949 269
781 525
191 558
596 696
91 903
142 650
469 782
716 461
262 56
789 866
216 317
731 718
634 381
150 516
845 509
741 525
456 990
432 705
61 709
206 906
386 671
907 657
317 299
339 844
25 782
89 452
803 39
370 472
760 150
495 865
565 641
931 881
342 982
897 471
95 576
364 937
540 859
181 556
104 464
802 980
480 646
107 665
148 33
296 856
900 893
327 660
824 930
23 862
201 204
128 51
14 648
936 558
724 136
568 463
625 966
714 128
953 924
82 730
641 247
564 945
142 147
849 255
932 64
820 856
932 805
449 757
830 679
754 992
738 185
660 181
493 842
525 895
73 508
973 17
409 256
186 706
38 298
454 670
547 393
996 946
488 496
329 310
484 899
828 459
264 638
538 504
751 318
240 590
547 655
350 407
116 478
981 854
318 450
747 775
894 947
644 8
768 968
151 932
610 231
402 180
861 776
193 448
336 915
865 185
749 208
272 322
613 238
556 899
122 951
713 792
299 208
38 770
779 954
369 637
297 921
124 358
578 693
585 525
333 467
58 913
196 877
844 817
45 560
268 614
164 654
666 383
746 335
993 494
825 639
160 416
390 666
351 421
985 37
475 744
844 567
420 999
814 381
403 525
24 783
16 690
116 443
631 398
213 260
15 76
106 120
508 973
724 893
11 21
291 898
523 773
230 704
505 244
527 770
751 81
405 233
900 614
798 297
472 951
552 297
778 766
635 970
694 959
465 421
563 259
266 546
33 77
136 851
637 646
319 74
846 559
692 379
259 713
982 513
649 496
575 385
274 543
325 487
328 991
271 812
217 877
504 196
438 640
467 433
830 853
575 84
645 899
792 509
941 105
381 88
525 739
159 302
774 195
348 623
623 170
914 547
336 705
899 642
843 382
212 837
665 4
971 938
729 668
569 692
529 885
265 540
572 398
959 565
320 58
787 77
544 23
227 383
1 137
378 166
712 246
625 461
579 281
200 903
776 218
199 196
495 754
27 132
735 291
656 788
659 265
587 235
68 347
97 788
41 964
608 841
927 381
592 544
345 732
189 971
947 661
963 235
144 272
543 72
511 697
486 47
655 875
922 543
733 692
49 53
185 247
851 110
564 306
362 829
664 309
985 499
328 614
635 677
121 515
929 432
929 76
652 251
530 572
3 6
727 422
966 665
748 388
166 224
545 510
379 805
819 698
17 32
51 399
963 855
634 824
487 22
241 850
187 810
52 295
890 168
279 658
695 913
709 507
814 698
40 53
948 788
719 397
411 255
772 732
926 293
130 568
992 797
313 266
558 361
945 630
864 902
439 566
876 709
367 131
208 706
231 352
73 171
507 784
367 294
262 411
920 828
744 202
335 52
545 873
168 888
812 134
381 301
451 522
826 951
363 649
174 54
110 55
895 883
801 570
769 685
149 366
990 5
609 729
278 296
949 220
5 724
189 252
999 500
837 18
582 207
322 6
984 768
727 155
935 521
664 724
775 876
737 337
893 832
814 704
410 237
560 403
851 572
321 862
555 268
177 300
215 132
942 568
699 56
770 500
999 246
165 861
69 628
802 434
363 821
656 85
810 969
335 863
374 227
646 189
5 915
30 175
579 711
23 814
312 112
657 32
927 854
127 803
938 307
793 631
188 434
298 66
576 491
73 993
884 223
306 334
778 623
482 370
229 402
417 877
737 796
24 280
807 663
305 973
514 114
567 168
533 446
65 593
214 784
10 936
807 581
621 825
940 31
867 2
322 858
639 415
307 7
248 870
445 728
489 328
984 785
335 842
709 664
529 36
403 555
495 21
417 203
44 964
790 900
12 354
313 428
801 973
542 301
994 384
762 610
687 928
341 451
926 749
761 939
628 203
625 411
654 753
668 583
137 168
429 725
793 266
180 302
704 212
351 129
490 940
124 81
69 414
680 836
153 576
130 163
425 390
949 715
458 719
474 563
318 538
543 823
189 634
961 848
762 882
138 457
788 862
137 494
515 481
631 236
320 794
642 880
265 137
599 300
617 935
696 773
451 333
732 218
103 300
126 221
210 946
3 862
67 847
289 808
57 533
765 74
997 363
481 574
148 540
969 45
410 548
241 56
320 926
801 494
937 798
260 339
85 577
677 479
619 718
481 620
38 383
87 545
201 94
584 432
787 38
416 556
908 285
779 668
364 176
439 491
632 826
138 725
13 601
146 22
966 247
646 32
678 895
309 399
646 557
643 20
474 56
958 519
352 196
598 483
692 52
483 97
232 691
649 177
557 299
856 258
349 850
653 304
625 70
949 495
157 3
438 159
332 602
814 806
813 983
506 364
988 528
607 949
966 413
514 319
936 7
545 354
730 801
473 346
299 848
844 22
339 951
911 328
780 248
925 26
310 519
669 276
523 744
100 321
877 620
310 880
470 118
406 93
434 26
817 731
651 674
980 541
898 527
211 968
7 196
599 941
854 753
91 36
251 358
375 35
395 794
15 296
663 401
553 641
70 264
124 917
807 197
606 575
267 764
365 374
15 74
445 123
461 413
393 28
842 426
385 651
518 956
670 185
375 374
561 833
386 232
635 284
562 543
726 729
259 543
660 25
79 354
710 564
347 297
609 50
672 744
84 934
657 530
1 992
385 743
199 816
306 258
788 537
49 573
385 84
514 770
549 14
293 941
879 239
694 774
957 42
926 904
633 635
766 102
888 173
955 290
664 379
338 387
985 709
227 948
31 586
849 975
305 123
244 646
869 492
683 124
23 412
632 278
25 398
713 407
875 680
274 787
942 28
521 568
503 33
200 755
53 107
199 928
543 271
145 606
666 993
246 766
57 645
736 832
77 625
636 790
962 327
779 218
447 279
156 786
533 995
894 135
848 873
212 378
368 231
259 652
179 705
314 532
392 148
113 518
561 203
672 864
77 86
662 290
560 465
962 198
516 478
901 524
356 975
778 862
326 518
296 629
82 322
845 161
863 714
215 541
786 310
124 144
320 148
558 482
95 594
889 856
472 72
985 736
555 34
706 890
829 661
131 505
658 223
834 226
803 814
143 350
501 98
933 202
422 342
586 147
699 785
920 468
205 709
562 965
379 256
264 126
812 511
693 871
891 700
786 480
458 257
473 663
692 666
393 44
484 515
452 8
685 367
719 532
347 750
882 518
412 420
756 69
576 19
214 714
653 228
775 735
399 709
607 798
886 183
149 615
139 850
868 302
745 59
196 977
363 392
580 218
342 228
285 78
171 891
407 676
673 493
819 853
751 773
782 955
778 282
828 430
635 940
835 839
745 94
442 591
900 719
260 679
204 453
765 10
340 969
352 535
49 308
175 373
94 458
378 975
673 353
948 787
7 277
953 171
743 578
401 725
383 935
736 633
151 939
385 141
330 442
85 919
795 610
918 541
334 13
717 167
565 805
499 708
616 474
712 145
143 310
156 190
345 948
778 773
391 786
203 725
555 632
576 875
860 995
234 687
348 549
817 675
399 629
7 416
506 993
831 724
68 614
336 390
127 614
723 120
534 574
243 56
644 669
563 980
295 77
59 986
387 133
993 782
618 426
147 384
601 719
473 478
344 1
413 560
607 455
866 16
369 184
529 426
915 453
250 979
631 24
909 583
606 873
189 158
152 6
626 755
52 961
475 11
989 154
963 560
70 357
822 586
593 233
569 166
987 922
570 210
825 49
848 464
196 315
878 633
23 72
804 983
651 245
826 203
780 766
685 424
652 894
683 164
571 644
398 10
766 26
931 51
920 755
704 64
40 413
128 922
534 961
169 566
492 226
108 901
197 849
146 772
699 249
211 610
893 485
37 94
562 600
146 53
533 917
657 531
162 149
301 189
536 162
804 734
648 403
342 701
195 762
389 866
218 964
329 711
517 578
897 577
288 78
773 168
401 24
64 459
327 482
75 433
678 616
343 581
152 991
54 689
708 840
971 193
228 360
902 664
784 433
149 36
214 866
620 537
194 776
85 973
742 801
627 291
619 637
243 187
35 930
422 201
42 156
394 337
581 729
205 512
790 380
653 989
447 235
85 394
450 890
254 633
693 22
38 518
394 171
296 284
886 967
243 445
909 631
732 264
938 799
493 160
212 301
413 719
762 755
350 435
420 510
307 889
653 242
579 602
491 415
292 904
12 157
281 248
379 745
429 341
663 192
308 156
655 459
394 458
98 891
20 884
863 362
780 492
467 105
182 700
705 447
954 894
509 779
105 743
816 771
337 246
887 891
273 576
849 240
950 640
813 599
3 610
335 545
239 602
614 674
799 38
384 154
723 922
290 110
634 327
266 902
44 379
38 231
289 396
284 281
168 166
285 313
124 555
587 914
874 185
620 227
103 769
582 231
174 132
312 116
283 915
713 317
263 381
315 996
846 211
619 239
837 872
25 877
421 613
528 251
388 622
688 512
997 540
697 526
550 310
938 919
625 426
725 455
562 258
902 781
72 881
770 28
198 870
399 245
377 208
967 183
903 46
234 618
379 249
806 551
300 919
827 4
332 307
214 526
903 331
150 879
474 422
882 197
355 922
687 62
760 8
385 773
658 897
101 61
41 216
836 188
89 798
697 519
791 727
880 765
809 266
403 398
119 535
800 636
257 464
124 818
250 99
806 603
370 219
112 651
497 916
306 199
557 19
679 106
585 548
508 21
46 249
664 674
476 12
586 392
853 827
188 606
875 952
266 181
619 757
773 189
190 379
149 528
953 451
32 371
374 152
675 192
945 378
936 984
652 764
456 565
551 954
636 605
666 173
405 666
518 557
436 302
997 510
115 817
937 190
586 301
674 272
191 491
967 488
994 944
774 856
856 953
994 729
113 635
793 768
629 455
443 419
927 826
511 290
270 980
363 569
856 427
591 844
367 143
69 432
941 215
428 763
528 43
685 536
735 524
595 293
439 941
298 714
973 600
369 849
244 770
839 215
516 77
777 680
456 342
962 183
288 525
534 724
237 897
940 862
340 903
430 211
219 899
224 127
617 254
560 33
577 527
491 121
749 838
17 508
92 116
251 662
324 495
175 32
31 48
673 638
735 630
936 3
897 971
744 164
223 928
697 538
660 133
539 755
630 912
461 814
714 578
782 34
769 806
528 112
164 840
559 554
776 23
864 16
841 486
532 647
834 834
398 891
43 119
570 752
710 397
689 886
73 364
601 127
361 692
885 729
92 709
506 574
436 6
703 418
975 471
681 505
791 384
215 120
17 869
841 294
958 208
383 27
741 445
286 497
216 240
324 910
327 867
287 465
619 742
82 497
764 571
901 50
252 836
99 959
816 262
485 727
603 789
58 316
975 652
697 388
561 935
800 257
880 40
105 5
245 847
758 409
990 69
561 567
324 679
356 479
866 609
280 48
948 94
432 955
207 693
504 809
251 319
410 597
83 769
653 986
126 970
248 697
993 152
359 74
916 399
499 77
767 876
11 881
155 203
490 790
144 72
76 573
25 283
931 147
610 321
22 1
511 444
931 692
555 370
14 142
217 297
982 773
631 160
828 192
59 819
885 492
229 536
271 295
435 608
785 408
803 189
145 225
729 528
402 56
161 343
781 562
175 832
667 675
545 216
368 54
895 399
198 245
879 504
133 749
821 601
886 233
634 523
388 848
306 61
448 228
77 790
264 644
627 16
871 401
200 928
50 881
596 879
795 725
116 126
984 207
426 182
80 899
771 959
792 510
595 828
684 579
917 372
831 699
154 894
925 230
962 876
567 713
603 434
698 211
489 276
871 127
685 42
419 600
51 401
151 850
811 677
783 557
887 940
189 671
536 462
198 389
654 240
531 811
494 294
354 52
753 972
372 449
505 550
535 709
905 416
603 464
306 327
440 373
140 955
888 756
886 458
573 383
164 642
540 309
913 392
556 756
351 268
858 807
658 968
63 291
998 626
112 696
826 822
155 315
679 803
251 830
892 804
62 405
291 447
652 674
688 110
780 261
125 75
334 353
471 895
201 528
29 365
972 247
732 570
354 379
393 869
931 974
272 776
732 825
494 492
427 614
27 395
652 167
482 653
42 69
217 804
330 494
292 881
156 431
512 270
532 998
716 271
92 714
263 198
971 378
547 287
901 621
298 68
440 183
87 370
774 534
907 210
332 528
619 289
895 329
664 701
488 582
18 428
629 20
917 563
195 870
569 754
880 23
525 742
5 334
143 202
173 378
219 429
589 477
587 553
771 415
253 289
139 169
164 360
891 204
711 76
569 284
743 501
729 802
562 730
111 587
221 122
21 762
401 618
279 653
906 932
167 467
544 152
89 644
904 31
476 565
881 856
413 16
487 398
157 267
214 546
131 321
669 879
175 472
500 333
239 1
78 258
742 80
319 624
196 816
90 70
740 259
610 387
298 6
195 228
687 88
862 802
436 633
319 244
212 104
482 606
452 581
694 261
67 515
36 178
512 666
292 965
825 771
738 940
862 167
123 479
798 752
630 808
199 410
707 923
113 120
845 833
774 947
589 298
291 825
538 306
586 351
179 943
381 420
58 841
811 724
114 291
979 240
399 948
955 554
484 653
149 388
881 802
249 286
390 700
551 626
322 576
989 741
913 295
634 413
814 473
596 126
384 426
89 828
745 137
548 112
496 433
786 542
437 894
35 843
328 782
389 570
365 143
825 718
365 234
802 866
805 981
283 15
696 601
88 592
576 801
369 780
441 94
91 510
156 917
929 775
658 311
184 636
12 130
890 233
204 222
302 471
317 499
81 999
765 250
631 234
150 45
310 282
976 95
748 634
330 758
187 328
664 343
601 482
708 409
65 620
280 587
635 746
453 791
750 96
680 144
743 322
960 686
481 329
508 958
65 868
680 342
271 751
834 672
177 231
58 367
544 600
754 716
208 984
441 900
799 382
551 516
456 514
198 297
410 295
952 978
795 284
716 357
234 279
822 581
750 458
217 681
650 181
321 783
534 274
507 761
346 152
296 132
452 65
45 879
346 269
685 6
62 397
319 271
438 414
329 449
287 839
381 897
505 440
867 823
772 361
554 877
802 135
99 448
411 907
838 385
629 155
605 612
851 477
741 736
321 61
239 210
204 252
390 256
93 561
738 498
103 828
402 653
80 946
259 106
895 732
828 426
577 545
252 386
342 538
89 868
303 721
194 16
654 648
927 616
648 409
40 206
370 873
593 513
970 976
905 230
210 250
702 753
619 121
492 413
829 412
447 919
989 480
376 924
299 567
234 237
230 821
337 330
9 405
226 770
498 789
621 692
781 583
983 208
47 180
3 843
48 571
675 919
640 245
187 297
680 765
103 320
960 760
514 257
737 335
80 949
684 871
233 726
279 212
421 29
707 331
292 132
876 921
411 624
980 332
471 572
974 731
874 629
368 917
38 329
673 572
955 423
411 560
48 350
546 176
769 223
768 625
417 140
511 423
958 958
158 257
650 740
85 83
182 539
614 91
957 421
63 989
691 386
209 447
250 947
871 553
434 331
181 841
158 958
606 258
165 19
114 337
526 531
513 615
89 127
112 187
549 901
125 76
531 532
846 761
988 129
209 322
151 65
641 385
566 219
867 913
558 325
626 290
86 232
626 467
495 543
532 321
511 424
824 837
985 934
244 477
738 453
856 562
40 960
271 207
404 7
202 572
894 945
396 203
521 439
610 164
112 724
633 439
673 35
931 617
319 25
920 125
108 321
890 614
653 379
397 316
413 731
917 929
520 847
786 748
579 712
20 698
202 923
64 114
232 514
431 773
484 432
635 234
170 30
539 768
55 163
712 535
147 866
979 781
313 573
903 82
211 88
251 106
725 190
553 18
124 443
83 585
457 120
638 302
665 898
567 68
953 940
381 195
902 6
787 580
171 853
764 424
358 187
658 887
311 529
744 659
305 192
118 908
915 154
37 276
235 188
581 548
984 779
106 690
12 532
581 295
478 338
163 783
197 628
139 263
635 364
865 453
951 567
568 686
24 306
302 544
679 497
155 826
188 190
542 631
826 569
298 286
26 333
603 897
150 81
51 37
115 182
147 806
879 34
822 713
625 760
849 185
795 50
39 643
795 823
100 637
436 576
307 279
221 140
173 465
806 862
505 154
723 415
554 801
829 589
471 721
450 305
162 410
120 225
472 246
482 481
920 161
73 856
352 51
540 218
814 337
476 184
701 196
742 108
841 779
748 811
695 635
234 825
348 489
634 726
383 910
880 96
504 977
244 569
257 315
551 969
430 746
230 893
243 365
309 299
411 691
690 130
741 723
334 86
53 4
143 116
817 520
948 521
199 563
559 399
492 201
142 878
619 816
281 48
254 379
80 824
744 507
723 444
836 629
839 166
172 490
644 330
530 499
212 449
90 397
816 538
91 954
420 957
6 934
924 47
268 277
595 889
228 723
593 499
459 472
220 8
526 101
669 321
922 945
866 406
913 196
39 316
803 98
484 986
676 24
199 555
800 229
605 406
577 694
950 173
768 432
234 513
490 905
213 79
438 464
383 891
94 472
778 33
442 155
75 303
638 993
656 601
967 504
526 540
517 267
177 981
952 960
230 275
376 95
541 929
428 632
841 502
689 906
764 818
382 994
660 538
58 136
229 575
775 891
512 392
616 433
917 151
737 397
510 219
390 308
981 388
32 163
198 336
664 429
9 148
350 988
821 298
428 675
869 609
216 439
650 671
313 490
125 649
803 517
264 640
880 983
955 100
479 152
961 551
327 741
696 868
871 718
910 653
811 540
903 679
816 316
670 816
526 708
171 409
729 139
962 244
583 489
405 817
710 775
289 585
666 183
876 439
667 290
495 615
220 537
327 219
52 366
957 712
100 988
603 995
943 434
955 400
220 504
277 880
647 268
611 773
911 435
239 815
538 656
607 914
987 865
342 309
517 161
766 20
13 678
806 540
856 846
545 954
340 315
481 144
614 696
317 289
995 664
213 377
99 623
367 858
903 20
74 707
106 454
799 458
753 632
94 942
680 894
893 83
958 747
730 678
74 625
399 14
265 559
472 691
653 908
66 603
878 407
848 246
967 107
763 642
776 663
138 77
15 170
327 78
513 421
490 736
556 156
972 986
308 15
127 548
705 630
698 524
656 998
1 624
912 463
927 774
626 543
984 296
731 418
420 923
700 96
773 105
727 938
771 590
604 747
366 172
573 835
1 501
650 911
639 414
600 674
400 907
255 366
523 740
736 570
240 828
831 404
599 626
178 212
621 684
98 13
877 598
713 128
709 558
391 240
942 706
352 733
47 461
733 903
44 307
103 622
489 569
32 560
938 98
225 893
332 279
368 471
402 160
648 446
746 521
56 859
778 366
76 791
549 687
880 670
382 581
673 268
772 106
664 162
115 173
309 591
436 406
590 950
751 910
9 673
635 19
581 472
383 419
990 79
897 489
966 784
400 348
921 431
953 51
840 278
718 24
930 726
479 726
299 937
417 95
600 47
852 347
481 73
415 283
553 527
87 554
528 834
860 215
511 147
3 131
802 823
752 645
628 422
215 524
807 640
89 976
477 216
200 471
560 926
569 840
397 664
505 606
242 697
45 880
383 477
87 593
750 91
768 197
21 714
956 400
526 543
476 102
457 330
964 467
710 538
505 85
258 141
43 486
271 244
577 735
693 602
870 35
541 807
386 713
644 740
275 643
697 723
779 890
32 291
452 901
591 370
123 919
930 26
313 892
73 220
69 441
454 309
460 116
384 833
517 583
908 356
490 529
46 38
380 750
171 873
289 979
253 451
665 242
698 154
640 186
891 693
944 613
212 737
193 253
845 614
940 940
618 92
867 303
621 65
357 57
402 586
803 977
53 584
116 357
124 415
454 426
758 607
900 779
770 105
779 460
856 233
893 147
623 171
584 870
112 318
677 858
584 364
295 435
40 753
98 82
289 355
158 494
608 642
618 988
227 722
665 354
287 899
43 844
8 363
947 825
571 130
523 859
439 656
470 32
888 704
281 585
55 471
714 691
938 51
131 757
134 736
601 973
644 118
813 121
634 407
570 165
981 634
562 872
974 904
96 120
688 812
73 162
41 956
306 141
895 634
313 680
104 182
690 33
389 137
650 498
896 192
488 126
414 399
402 188
942 411
295 25
578 38
707 522
41 569
57 386
129 524
507 17
985 357
331 346
538 607
757 557
240 231
628 84
247 863
203 38
116 273
629 985
497 840
426 499
34 584
574 972
382 958
860 206
664 427
264 447
122 453
786 26
973 563
98 939
781 380
474 600
83 996
154 972
319 51
398 638
545 123
986 226
766 285
462 249
618 565
334 439
541 644
154 477
859 958
437 594
949 996
47 961
492 963
682 424
510 432
325 100
824 425
753 198
37 476
674 65
616 914
193 543
166 968
983 847
663 468
488 83
152 389
640 673
219 850
83 156
54 278
764 297
458 190
604 665
283 630
538 736
283 562
353 614
27 861
294 275
661 790
872 977
183 453
626 10
879 746
74 879
504 430
974 536
298 89
830 933
37 766
434 705
518 393
763 150
581 180
593 282
134 242
824 587
176 397
561 270
30 722
163 602
777 431
561 529
24 372
797 501
594 867
407 874
137 157
783 354
176 741
626 933
138 811
766 898
574 844
413 96
642 808
403 397
271 76
494 199
231 886
831 328
92 570
756 434
222 289
56 724
550 514
373 699
275 34
141 129
600 477
905 419
888 750
972 510
686 846
523 528
971 535
997 965
531 469
212 206
476 137
244 431
353 949
271 554
350 881
65 72
205 186
877 568
658 447
773 473
555 757
223 785
654 853
792 9
923 908
143 23
648 861
70 667
909 894
721 270
735 688
163 284
117 371
386 793
380 162
556 25
551 373
633 829
21 113
251 186
277 796
670 216
662 245
918 723
779 492
751 605
731 454
547 486
723 387
833 17
233 218
544 397
28 270
610 594
3 765
615 427
420 756
256 939
984 331
544 763
505 925
289 507
420 383
727 445
183 434
214 8
51 754
188 379
805 347
858 644
4 579
626 289
347 125
234 20
962 970
406 44
772 872
442 161
582 181
895 409
849 549
187 241
300 163
413 597
402 5
747 553
2 9
339 96
509 639
239 973
753 147
46 218
101 878
261 63
924 413
289 569
89 178
509 698
848 259
59 607
341 336
863 5
932 846
139 74
118 341
884 629
669 724
594 934
870 478
423 683
931 796
175 834
567 129
158 780
310 921
17 553
26 404
967 182
603 408
617 325
524 236
251 140
698 191
357 650
82 824
998 630
652 361
441 418
331 330
751 383
259 247
56 585
291 40
294 947
225 976
373 209
734 714
990 157
721 229
304 318
661 562
232 117
767 910
141 68
408 143
148 200
657 230
206 287
746 21
868 48
550 623
907 486
879 921
425 478
341 45
976 740
499 356
179 346
790 645
411 314
329 603
325 885
825 179
240 631
868 932
334 662
321 232
488 328
366 38
327 158
258 916
74 195
416 239
63 119
846 117
658 771
425 890
28 579
916 3
293 949
13 412
351 374
426 630
361 340
145 134
143 831
537 856
932 855
323 702
242 776
551 34
337 135
896 282
212 259
549 627
716 441
345 531
636 409
886 709
737 466
748 337
546 539
696 962
170 619
900 656
857 369
307 116
804 727
983 880
167 243
773 183
914 753
812 311
339 728
649 191
286 361
538 625
119 558
889 133
253 322
504 492
