5000 1500
87 85
392 994
79 564
474 550
50 290
169 107
262 966
408 612
483 956
772 724
644 696
30 115
221 648
657 679
452 433
729 167
837 588
944 884
925 786
237 49
726 842
216 676
619 250
716 397
537 638
422 387
820 227
510 857
411 329
438 616
159 671
24 754
822 744
286 675
161 555
591 229
322 541
49 767
578 481
449 859
745 471
76 718
56 31
583 730
527 599
589 372
158 10
735 919
480 797
335 280
908 411
329 466
39 604
204 658
582 803
457 968
678 60
266 333
455 845
341 474
511 796
58 323
207 367
838 689
104 58
416 704
905 967
1 858
612 744
669 423
860 36
205 766
197 64
139 377
258 535
312 239
532 2
945 336
89 663
624 471
551 429
496 330
715 481
328 474
968 372
777 135
382 75
882 929
837 199
67 149
357 260
1 407
540 177
488 321
912 534
772 407
874 298
134 817
968 561
326 323
633 173
957 624
540 209
664 698
276 288
802 858
400 620
368 142
172 750
423 207
906 310
442 560
140 147
233 251
838 644
773 386
735 760
710 511
303 19
936 825
497 145
624 218
785 22
907 987
245 501
299 567
703 447
889 966
729 480
485 843
288 663
714 933
524 72
829 908
185 27
968 634
411 645
236 560
816 162
451 203
545 832
153 365
758 339
535 674
353 207
604 857
849 195
261 13
443 784
680 846
967 188
201 117
643 106
660 699
50 360
732 36
94 78
137 976
794 482
4 35
878 880
863 685
618 162
178 542
671 396
299 509
629 179
874 426
679 334
666 364
710 588
174 688
513 648
973 272
894 553
166 183
663 518
273 766
553 983
535 136
547 986
975 832
984 872
249 1
951 382
815 727
206 617
947 394
58 565
225 894
952 775
961 939
213 428
627 772
883 505
103 9
666 824
412 587
388 318
809 246
542 922
298 111
867 361
992 142
49 660
939 310
168 317
222 212
146 177
315 683
288 910
125 74
842 604
892 401
939 326
340 497
721 115
982 672
594 316
993 2
904 674
180 692
267 558
486 106
763 277
298 466
829 59
57 98
219 296
965 243
513 678
466 627
408 919
417 63
402 957
752 542
431 134
292 682
331 968
690 920
93 169
821 523
773 63
790 839
890 232
116 564
571 959
279 357
392 470
233 314
88 126
812 761
790 849
943 931
316 476
415 151
886 647
953 831
363 570
404 753
16 267
824 428
647 724
883 520
123 90
634 392
20 923
105 798
386 751
689 189
312 116
529 859
125 269
343 322
162 898
486 256
634 80
784 617
560 19
639 845
702 168
560 460
362 777
36 299
811 109
102 706
863 834
345 597
881 401
354 132
736 375
711 149
642 159
431 482
355 91
39 21
821 906
652 199
937 137
325 616
718 542
254 979
436 922
900 636
856 17
385 735
111 71
933 684
352 932
237 995
584 809
775 521
645 515
483 6
591 198
942 178
290 7
481 627
220 339
624 948
956 817
903 260
9 538
951 815
364 429
59 853
625 373
339 505
773 340
158 113
22 151
853 588
48 34
778 159
392 469
703 62
651 537
810 206
428 220
277 162
696 390
197 998
651 294
26 750
123 974
584 686
272 312
512 112
795 460
759 833
684 29
910 124
768 252
374 613
418 994
965 465
433 109
684 924
798 90
581 677
316 156
589 164
566 971
40 631
918 325
189 371
322 547
913 782
803 736
129 265
36 828
623 20
981 65
826 457
723 303
155 332
641 969
280 143
123 661
977 933
630 369
369 159
711 566
48 650
388 626
134 550
968 389
938 834
334 82
740 851
688 61
866 190
442 937
624 316
520 746
822 250
567 346
604 929
851 917
820 901
793 466
188 251
98 418
760 674
754 683
284 638
495 414
244 883
156 841
292 277
757 174
156 156
633 924
584 31
654 456
948 775
341 738
592 785
27 895
138 4
681 923
858 305
574 140
156 608
715 207
17 751
494 542
460 144
357 810
683 453
785 578
938 886
506 750
486 972
749 185
780 947
160 725
959 203
647 165
580 936
314 222
714 394
497 399
652 491
620 679
164 954
242 704
251 168
761 337
861 122
430 753
753 678
907 41
779 565
802 996
234 296
952 626
983 692
112 518
592 183
456 821
549 839
522 362
738 558
500 795
658 193
220 179
16 615
116 102
312 907
189 41
541 631
110 395
767 369
979 447
990 52
19 674
239 592
875 677
827 509
615 558
514 463
850 198
43 683
306 436
936 88
536 285
925 18
995 615
950 230
593 793
337 181
789 436
179 263
383 34
858 729
652 163
230 316
705 934
911 697
455 60
227 624
829 848
628 622
516 943
983 935
223 138
863 830
839 920
75 560
142 896
867 817
467 277
255 527
576 73
710 185
9 495
962 289
440 985
690 706
841 901
354 883
37 207
619 20
545 373
898 428
596 123
792 570
211 430
291 236
866 637
94 748
807 543
778 460
747 55
922 574
652 649
394 170
14 735
488 641
952 130
612 902
254 348
730 901
85 431
845 570
337 123
146 674
350 645
938 901
51 863
913 406
606 235
447 742
506 192
596 208
192 22
928 518
107 356
948 83
977 24
637 185
963 537
33 621
294 718
320 681
833 193
325 314
294 78
972 897
381 137
68 151
40 580
671 562
762 877
851 655
234 451
955 473
318 73
697 442
732 73
321 511
534 891
959 700
644 621
954 826
964 148
348 774
725 55
31 767
740 56
193 130
563 744
430 739
773 71
23 943
896 798
639 876
370 629
959 529
602 373
324 238
503 949
75 408
482 130
423 689
561 146
623 998
497 303
484 690
52 847
467 953
785 301
408 83
842 882
203 653
254 526
550 522
129 468
702 592
896 305
830 870
374 941
835 361
27 854
22 768
287 978
372 345
388 324
154 353
625 518
200 232
898 856
256 697
31 781
99 110
481 439
133 230
10 807
784 819
521 471
864 507
624 267
967 244
24 234
463 529
350 165
545 355
25 376
502 904
754 14
101 253
531 107
733 17
957 815
855 589
677 404
901 777
213 346
999 554
147 577
433 715
724 903
204 216
728 947
226 477
944 839
537 744
621 855
568 791
866 879
524 98
925 579
732 250
413 930
420 274
855 837
299 563
316 229
222 739
538 681
44 263
863 803
220 320
25 278
784 313
419 513
188 72
165 320
419 168
446 877
860 309
670 44
235 503
629 679
118 767
916 928
732 50
57 931
965 200
781 100
257 457
442 374
572 654
941 774
589 915
957 420
296 840
582 822
56 417
858 333
376 98
917 918
705 812
786 303
366 88
567 564
676 935
154 303
758 659
261 706
879 950
994 443
816 335
611 418
483 255
153 377
335 921
674 339
934 874
613 50
278 571
367 852
767 434
257 59
16 821
790 689
281 970
728 479
323 91
927 570
211 758
987 467
858 626
727 162
626 422
157 450
339 347
942 224
630 46
967 674
477 872
271 83
225 343
842 103
872 107
683 540
287 175
357 758
829 357
165 194
888 534
689 483
155 433
135 715
874 352
978 94
272 542
550 506
711 317
132 817
40 155
237 374
25 252
757 490
961 945
463 709
495 456
258 761
579 492
261 128
499 305
918 767
973 297
666 756
100 978
645 52
120 671
425 30
325 576
722 810
384 811
105 954
233 497
165 787
365 76
145 17
42 922
383 112
951 92
232 334
639 496
22 765
684 676
579 724
246 489
770 956
299 214
162 601
100 68
66 626
192 33
528 76
499 421
354 738
678 530
897 874
689 584
207 113
841 560
381 314
855 609
815 992
490 61
764 219
108 327
558 308
210 474
306 683
866 899
67 71
256 30
322 364
152 714
38 372
58 591
671 481
842 502
55 220
221 273
82 522
177 237
608 542
831 679
105 544
403 672
947 551
867 437
513 21
544 30
568 757
450 833
260 988
101 401
740 593
58 809
619 892
653 448
587 626
745 965
109 679
766 956
802 346
851 983
118 652
522 298
484 238
646 889
651 124
82 482
575 146
587 687
682 792
318 301
33 878
781 462
95 863
278 750
571 371
492 669
194 236
296 203
186 111
814 621
18 455
447 123
454 589
635 249
682 649
723 284
134 252
335 562
455 379
157 980
522 444
663 93
279 680
308 762
724 557
931 39
520 165
646 54
610 785
982 310
483 82
775 619
942 984
310 636
271 985
374 580
991 802
144 206
901 738
963 865
624 640
110 555
583 508
190 388
598 931
120 604
903 728
141 75
540 501
667 164
27 218
698 934
43 937
891 933
786 217
810 534
323 563
911 112
749 882
575 534
920 556
821 376
460 31
187 469
963 29
800 807
997 143
46 363
995 2
195 855
891 395
599 254
132 982
777 228
75 792
777 912
77 295
460 14
638 126
276 448
122 958
978 142
560 581
618 686
686 966
562 339
27 60
610 556
843 911
934 294
123 890
787 488
502 389
796 912
263 261
525 953
218 779
258 22
813 68
638 741
375 582
236 274
213 586
477 735
846 855
634 350
222 371
686 487
178 375
693 489
11 260
71 451
107 982
506 366
698 568
562 237
315 285
130 253
70 863
257 519
561 116
692 790
212 414
917 48
831 958
951 362
510 607
176 537
490 221
644 427
842 745
402 878
801 297
598 405
867 947
348 591
90 671
210 793
729 152
127 389
384 10
329 640
173 389
355 895
901 251
48 607
354 108
829 516
27 198
42 525
468 386
186 904
819 32
586 740
431 107
399 579
361 445
593 890
829 534
498 52
812 676
109 182
704 224
498 451
554 122
422 342
413 485
227 969
787 286
526 114
348 736
150 820
361 893
713 49
308 583
377 914
214 425
996 715
334 65
487 814
618 503
772 983
679 595
233 928
925 315
28 671
220 373
403 16
279 126
294 632
97 935
647 953
576 609
757 327
222 674
630 570
187 31
984 533
660 139
17 395
609 126
470 586
394 267
997 233
433 514
902 220
162 357
903 68
221 288
379 847
195 723
780 273
258 144
770 539
729 230
295 772
164 122
87 175
207 800
804 977
112 986
676 458
180 502
380 568
738 527
957 20
992 129
582 153
674 179
747 617
433 880
783 653
354 711
333 526
732 841
379 954
60 508
26 274
219 13
312 109
895 94
744 278
194 587
902 839
573 988
963 596
479 977
820 666
175 144
255 899
495 816
456 779
141 514
705 987
824 769
668 253
726 683
831 80
662 38
70 397
669 629
539 116
343 999
711 385
267 895
840 639
209 443
10 884
501 342
824 630
410 147
542 603
867 137
767 362
619 904
6 373
632 536
769 569
510 335
542 417
273 976
660 162
28 482
283 126
499 299
133 513
962 723
628 349
523 31
875 275
725 636
426 641
349 977
981 180
952 623
420 610
619 346
908 41
721 79
130 419
73 198
936 347
649 968
590 469
456 871
432 779
915 418
280 630
115 349
762 535
721 130
558 868
664 857
396 845
144 867
936 663
588 320
563 434
83 412
531 991
105 888
380 914
480 32
692 444
930 338
486 795
531 826
90 922
430 260
655 789
65 617
654 409
43 630
71 880
55 119
587 699
589 882
458 29
568 23
735 456
148 155
659 966
985 334
875 682
12 428
549 972
314 394
539 842
738 819
99 219
14 20
634 208
689 988
199 982
370 762
651 370
170 108
741 856
734 665
707 355
671 23
473 34
706 799
935 450
332 268
853 952
315 543
893 230
153 874
987 409
510 354
216 879
827 790
242 848
850 13
676 324
481 395
279 849
406 918
88 986
937 156
605 987
791 208
248 412
342 541
613 997
902 738
133 493
705 206
599 852
598 59
182 747
18 41
633 878
21 37
52 832
515 661
895 936
575 878
971 119
601 789
848 361
842 258
620 861
462 294
237 39
854 1
195 126
801 818
284 757
168 745
853 887
230 596
357 11
321 66
604 310
340 114
640 36
217 355
542 856
718 677
440 374
244 333
31 243
510 667
801 740
815 390
446 599
606 894
694 305
415 391
28 872
591 637
860 79
123 521
92 210
290 986
320 411
951 276
133 749
566 910
470 188
516 689
239 749
588 709
597 602
358 685
306 103
213 834
685 481
915 976
841 561
823 456
716 781
882 394
915 103
87 196
192 705
404 309
660 66
985 633
782 93
202 376
541 61
317 202
715 440
426 5
962 624
643 321
912 762
677 437
122 123
926 658
490 644
885 796
469 852
582 532
928 338
122 690
245 864
514 418
546 926
968 83
13 37
228 605
747 276
844 37
987 591
705 572
15 856
776 304
204 10
128 611
293 881
161 284
807 147
138 787
652 625
539 78
911 113
215 769
885 32
759 759
649 319
477 128
407 962
439 58
427 737
390 873
863 5
551 235
202 890
564 966
386 984
148 577
7 18
814 713
734 736
347 434
800 35
89 540
553 104
125 635
390 776
789 922
995 558
175 969
828 739
46 92
822 420
622 24
770 476
213 395
54 967
786 947
309 660
607 550
28 639
102 475
693 798
456 453
203 995
259 888
59 58
948 293
134 745
728 352
441 842
61 140
352 7
534 658
891 214
141 600
409 418
586 603
636 553
653 499
419 635
317 665
979 129
819 200
868 456
714 688
519 891
68 761
751 877
70 625
797 736
921 849
1 603
9 374
32 80
73 471
94 359
693 75
333 431
644 981
663 948
864 473
965 351
170 114
418 77
759 43
138 28
632 932
487 223
40 159
85 804
30 991
95 644
282 76
274 932
830 815
884 832
723 21
663 949
463 626
18 932
652 367
931 296
608 897
797 231
706 49
605 996
456 360
640 829
217 235
553 698
202 71
136 64
483 418
362 627
329 871
661 690
469 37
317 787
612 199
120 298
768 999
52 261
169 439
667 637
883 21
275 563
906 240
807 297
534 51
477 857
386 483
531 340
679 727
244 901
30 797
359 164
32 590
52 498
368 424
427 178
690 537
878 567
829 34
471 233
75 587
78 864
122 917
118 225
972 967
693 285
183 222
802 142
330 770
100 946
954 398
121 615
114 506
609 537
726 520
5 772
808 398
216 885
761 407
516 372
813 231
290 560
363 936
565 470
734 925
193 120
124 505
549 19
473 751
375 415
380 897
452 743
660 406
549 926
169 237
770 319
863 768
716 496
819 374
746 533
184 544
706 164
798 518
962 664
277 762
884 998
725 276
37 335
22 873
469 524
291 883
137 508
243 387
136 687
626 242
464 744
273 664
762 870
723 229
680 899
409 239
462 745
10 354
507 796
122 472
756 154
475 832
49 812
35 937
279 636
513 975
435 339
852 378
823 229
55 515
642 493
251 811
201 917
369 886
134 415
370 357
889 20
169 540
694 958
889 856
630 463
7 346
950 102
828 3
758 55
990 274
563 102
196 913
453 405
658 184
986 409
727 559
210 300
136 166
507 494
211 469
576 870
802 237
987 319
56 444
341 266
758 383
950 293
40 56
877 210
431 120
386 930
754 491
712 991
695 674
130 389
609 78
366 722
832 888
114 975
590 235
253 106
557 7
295 587
718 140
530 374
280 734
775 995
958 81
316 913
694 278
361 702
560 336
471 212
969 494
697 131
732 600
349 379
40 131
799 981
857 888
627 661
48 451
861 457
509 300
787 579
198 979
252 269
245 980
344 653
629 412
7 878
642 482
828 815
807 777
876 337
64 649
566 897
530 750
527 509
139 467
637 397
647 693
326 599
426 171
820 604
351 671
575 51
207 834
595 158
125 870
484 576
532 203
967 273
214 325
498 229
138 349
142 143
909 938
659 495
179 529
32 190
392 874
454 859
838 606
759 203
757 165
525 212
497 138
183 531
578 388
149 503
978 54
702 32
21 915
121 139
63 413
274 247
789 805
404 451
619 137
791 297
306 355
240 102
487 719
311 217
566 389
32 848
499 213
619 277
237 578
728 569
593 7
772 609
353 924
101 694
161 991
74 611
905 515
391 681
887 219
157 867
434 149
93 305
557 364
942 309
276 707
68 455
224 771
877 268
323 473
849 102
389 366
10 322
852 45
132 47
922 674
567 989
384 889
564 754
641 577
489 853
149 845
255 716
488 41
141 412
533 893
381 837
966 589
721 354
996 636
911 46
337 969
70 934
574 294
489 299
79 229
717 207
261 154
563 722
631 936
681 801
724 872
35 445
357 773
617 565
850 10
682 697
166 66
535 809
606 797
731 497
455 619
306 209
134 613
404 698
561 4
200 3
323 641
249 435
895 877
596 300
976 822
187 72
543 392
470 178
698 115
379 180
32 714
309 866
323 603
792 577
602 254
742 998
728 781
965 4
656 548
30 108
755 895
683 881
977 288
394 404
621 995
272 293
307 189
983 749
764 892
497 370
190 267
934 845
720 595
991 305
737 70
667 150
990 496
995 761
644 837
749 179
63 515
557 963
32 399
644 440
328 698
20 736
906 302
990 905
584 403
500 104
665 158
39 811
374 477
856 284
686 550
306 414
549 901
663 154
96 399
305 140
217 47
916 267
5 456
959 830
644 407
576 29
307 347
927 571
245 53
413 179
290 781
622 688
442 16
424 144
492 107
870 47
450 25
398 63
980 508
987 911
894 980
982 22
645 287
513 189
809 216
964 467
13 701
936 192
540 98
9 186
5 806
44 222
50 76
911 408
331 86
250 169
847 724
893 725
931 930
770 681
276 292
239 772
231 850
859 353
87 610
275 298
566 312
647 623
482 509
3 624
64 637
709 508
118 988
646 521
712 394
993 475
737 339
422 258
120 940
770 693
275 112
89 591
677 920
476 573
19 138
564 534
412 490
202 160
775 86
421 616
814 959
669 460
409 862
477 694
470 51
773 226
583 647
990 948
205 400
467 861
183 41
308 12
654 862
150 863
265 883
559 219
438 762
524 72
37 761
250 949
401 803
311 522
758 909
118 703
967 434
996 983
583 866
563 38
719 98
105 85
450 863
725 51
908 25
343 618
214 697
654 413
753 711
538 256
429 248
689 15
866 436
113 773
496 142
159 43
184 888
992 555
924 382
632 419
25 59
378 264
45 569
148 830
881 830
785 339
32 206
919 502
574 706
420 512
572 274
451 654
75 603
639 650
160 85
797 831
205 583
458 211
801 381
787 407
264 176
345 718
100 300
831 887
352 47
521 381
417 554
779 734
572 611
772 480
143 489
923 630
122 762
67 125
652 645
985 146
722 731
515 68
88 288
578 956
888 200
548 376
512 198
464 439
139 493
992 67
259 434
660 679
283 954
816 558
486 785
896 599
469 939
72 682
393 65
263 358
831 44
222 947
119 174
772 808
690 804
579 863
499 686
716 94
260 980
664 408
540 649
893 914
493 92
876 205
793 316
445 179
508 664
792 153
982 561
476 960
875 203
465 36
826 305
958 613
244 809
584 226
993 522
233 332
130 792
829 190
6 790
871 505
678 990
110 596
469 640
809 820
429 161
329 150
402 105
493 142
775 801
58 648
816 252
515 121
324 740
640 702
430 932
266 797
521 802
533 159
535 660
366 80
210 295
209 192
708 299
623 82
82 358
310 751
708 131
727 645
704 484
280 197
693 761
65 913
790 887
490 6
695 528
351 226
714 888
361 941
114 611
719 249
219 970
801 494
426 662
23 800
778 876
13 462
139 48
683 162
119 438
376 882
46 737
791 608
41 708
594 543
647 705
872 632
180 378
245 131
793 190
316 667
189 312
439 13
314 404
842 120
54 467
521 83
12 877
714 866
493 240
200 523
916 364
631 262
43 568
359 410
540 799
29 970
274 836
641 338
888 732
920 738
75 481
893 392
272 346
354 714
346 639
649 117
21 904
742 58
703 41
64 908
16 937
677 428
36 524
233 217
742 371
272 498
134 390
542 307
128 419
728 563
949 308
883 314
473 688
332 806
394 771
223 524
448 639
603 57
341 18
946 411
602 682
495 834
124 353
273 598
571 78
463 598
233 82
27 442
602 169
931 330
46 902
80 590
977 243
817 597
840 839
938 252
292 798
243 150
18 381
595 970
458 725
717 686
880 118
143 549
152 723
725 198
667 928
735 581
645 158
395 541
386 764
286 831
148 900
712 33
659 467
785 553
44 836
611 15
114 950
280 124
923 462
861 46
261 377
325 943
916 679
494 426
309 724
950 920
9 9
306 380
244 565
418 509
381 457
560 125
939 611
444 37
637 337
695 915
639 116
648 134
407 945
709 121
42 988
760 997
151 35
791 884
386 763
297 750
861 537
611 517
167 225
598 65
606 490
503 180
900 425
167 417
551 913
631 677
979 124
806 649
733 923
136 141
665 154
583 325
756 238
722 364
112 814
450 312
806 371
303 322
250 182
814 936
905 356
73 833
703 786
363 463
727 83
353 30
65 685
938 51
991 221
883 847
355 233
163 101
631 323
778 639
475 82
199 992
865 891
179 153
63 164
105 146
482 187
672 476
935 758
969 473
43 672
877 482
635 811
156 721
795 177
421 256
708 627
750 492
696 834
140 740
718 443
701 93
757 31
353 167
631 65
323 48
763 905
95 135
130 42
398 416
85 767
681 384
308 183
631 483
168 913
758 487
199 489
367 845
774 736
220 728
147 384
563 561
418 4
252 392
131 278
951 500
922 681
696 745
83 912
258 134
919 664
984 670
835 746
364 68
195 618
681 645
187 985
765 472
537 590
402 421
350 999
434 746
550 984
21 922
18 322
242 240
206 817
977 758
949 978
361 474
759 920
386 7
424 148
736 710
229 785
645 242
927 55
335 186
575 90
160 126
16 108
255 497
132 498
200 620
812 79
691 641
189 117
898 3
744 828
743 692
641 477
781 26
382 38
897 534
787 706
420 730
501 218
731 648
164 465
412 106
7 525
96 354
656 605
666 501
606 905
13 598
506 563
800 963
950 979
60 540
806 259
742 909
499 716
497 672
118 350
653 84
932 388
747 269
298 56
672 361
253 976
512 9
966 300
302 983
858 800
491 643
305 390
144 859
31 447
300 860
181 369
766 311
413 926
47 268
3 512
227 302
985 543
325 639
587 697
902 486
748 250
287 137
333 784
536 302
926 633
842 757
278 999
390 558
433 206
419 977
678 859
394 679
47 806
608 213
870 430
858 674
603 305
122 194
898 619
65 653
303 529
221 438
832 775
472 486
411 466
486 551
123 325
392 76
666 883
32 827
932 547
212 135
35 413
624 187
593 407
985 132
642 103
159 277
62 47
571 714
264 657
545 531
263 760
164 429
20 271
290 623
58 314
784 73
277 537
273 615
215 961
915 907
155 923
431 68
474 153
690 679
450 70
329 690
612 680
296 294
867 795
971 616
489 148
576 248
864 144
943 751
994 803
754 287
103 759
979 287
988 432
500 582
361 928
869 795
451 150
527 436
97 43
219 76
309 317
838 903
767 435
223 51
872 287
825 219
249 349
92 2
411 425
209 599
880 604
828 689
957 973
623 775
3 245
565 909
418 46
134 583
844 148
975 654
769 710
148 688
346 118
782 229
386 585
877 366
378 876
608 905
698 213
151 177
188 646
696 856
426 8
806 869
727 225
233 269
394 882
155 22
348 492
352 902
776 120
921 394
709 384
173 317
604 30
440 839
896 641
41 886
879 140
818 720
584 825
878 953
506 661
649 165
666 456
158 969
252 982
755 846
371 42
105 154
275 697
658 5
206 200
567 561
504 501
108 533
583 879
531 408
338 14
542 675
65 342
610 664
978 915
240 688
701 824
264 760
304 214
971 168
410 165
881 522
327 886
402 341
805 741
136 131
808 133
341 929
264 917
957 60
834 146
836 197
849 526
257 637
586 464
385 631
931 207
548 63
582 698
431 994
715 924
715 25
133 422
359 827
170 178
936 775
296 159
131 752
941 794
368 550
779 568
447 704
606 819
497 150
816 370
73 919
708 483
431 451
147 525
603 14
594 77
230 87
956 182
966 37
663 517
560 456
563 442
833 783
458 117
791 388
902 895
107 348
421 459
148 102
244 970
186 591
124 617
109 71
231 865
674 759
914 712
472 238
326 397
682 88
125 259
97 979
932 836
961 918
707 519
369 472
476 492
112 306
389 565
116 399
937 373
872 446
435 578
970 838
588 930
299 3
480 63
269 346
733 401
568 765
751 555
298 445
617 505
533 789
569 264
928 918
631 548
844 685
432 151
477 855
610 198
249 177
808 143
166 401
468 502
736 711
260 623
802 830
490 406
637 937
342 536
753 506
104 652
389 620
852 530
503 916
875 837
726 34
664 524
827 688
838 937
179 127
336 966
544 406
159 896
692 133
765 835
132 605
165 402
845 991
729 50
54 942
513 420
862 566
875 926
932 837
770 771
491 630
507 592
567 694
637 455
797 419
355 4
143 722
506 922
706 276
768 268
916 501
800 486
13 475
252 795
250 282
535 917
233 172
221 770
557 345
35 651
667 840
235 406
508 791
157 322
690 69
716 887
169 985
607 660
582 757
933 287
643 247
914 141
437 784
177 66
487 591
189 282
756 765
320 630
714 278
359 312
130 839
586 162
926 124
983 936
694 668
300 649
796 685
356 358
241 921
409 111
398 265
279 772
415 41
98 518
223 545
817 107
131 10
242 478
286 418
157 196
160 508
691 120
173 933
785 949
770 441
689 818
921 843
590 264
525 550
371 791
719 471
940 588
282 267
820 728
752 583
319 433
960 371
305 682
645 804
182 997
104 300
149 150
3 64
308 219
483 891
107 364
108 368
956 188
481 633
210 332
89 404
122 772
346 512
711 80
20 156
41 16
373 693
25 750
695 27
786 775
872 798
146 493
214 160
342 432
789 122
908 855
675 560
473 492
187 946
463 847
447 366
486 272
19 409
304 275
525 98
970 309
153 548
975 900
65 624
588 787
219 805
238 120
742 303
827 649
27 178
87 168
337 914
792 155
295 751
447 563
902 562
992 12
930 697
415 83
680 485
417 574
366 514
609 307
334 169
120 532
776 817
877 739
461 119
465 953
642 779
639 142
703 958
359 172
150 100
496 734
353 567
407 843
677 15
869 329
229 50
958 766
732 116
570 800
297 119
892 193
963 897
438 231
832 472
184 33
753 813
642 138
860 852
286 377
97 333
110 707
746 684
925 125
798 703
309 206
395 851
764 871
267 306
462 526
687 292
389 606
849 261
811 239
736 922
92 675
687 786
496 477
60 508
370 623
255 69
625 718
80 686
591 984
263 587
845 693
476 792
907 991
796 362
903 168
744 842
213 262
58 51
617 4
552 671
581 348
373 533
596 89
961 939
525 361
549 598
107 789
579 133
34 720
187 567
409 359
120 681
79 685
869 623
96 103
651 355
752 730
928 933
527 706
655 228
183 624
549 481
433 904
68 397
516 505
454 113
868 976
658 590
766 751
79 587
679 448
522 189
889 602
544 766
214 674
332 693
701 29
523 433
462 31
15 180
977 84
985 146
702 616
826 802
222 603
235 551
399 426
949 327
836 534
844 165
772 946
387 445
764 704
454 388
875 963
115 115
932 992
302 766
57 845
795 659
158 387
987 120
794 825
685 246
635 840
582 100
308 69
445 70
955 81
101 629
964 909
867 85
495 607
485 315
861 78
924 617
38 759
766 425
248 749
726 88
575 566
617 973
269 331
840 11
911 719
874 724
659 963
392 237
357 1
677 776
712 369
396 922
413 280
129 245
248 795
286 412
10 939
191 371
322 598
673 585
130 113
695 274
396 609
792 139
465 538
736 711
167 478
167 410
411 18
89 165
735 303
988 711
229 871
16 998
244 741
455 665
215 770
303 685
583 300
701 793
530 360
636 877
317 59
747 752
904 899
32 571
958 492
771 991
363 693
571 435
740 732
104 879
274 762
508 403
412 846
349 837
556 654
111 359
486 339
667 532
937 120
18 718
325 961
967 373
784 584
551 703
676 879
779 378
611 258
865 954
27 503
709 790
303 629
570 867
455 963
639 279
231 435
103 298
353 308
246 891
682 767
818 923
407 304
631 868
571 76
871 226
374 933
382 43
278 86
492 835
439 27
521 518
811 994
967 260
195 271
813 615
139 550
968 339
238 332
810 183
183 120
879 33
35 526
310 817
974 964
776 901
100 160
565 519
760 987
547 22
680 96
232 976
365 115
84 639
888 697
705 569
403 530
839 975
12 19
338 845
502 553
102 993
737 213
362 13
480 407
971 518
593 53
726 737
459 368
223 657
130 581
329 426
76 242
466 212
577 763
214 992
651 514
147 678
381 926
904 30
96 662
82 107
551 835
817 910
820 413
739 801
897 120
852 674
6 5
49 75
47 837
964 256
229 609
981 45
169 641
965 552
821 467
321 766
179 348
547 997
418 738
435 88
939 991
593 507
907 839
146 766
7 503
898 123
96 909
261 549
37 819
209 711
43 717
112 69
546 453
258 470
29 372
499 976
751 234
690 869
87 614
935 712
558 652
267 374
634 824
727 875
563 654
683 801
799 608
357 424
285 56
423 664
693 794
384 247
38 721
831 480
552 932
681 578
166 858
22 914
148 972
638 133
655 834
171 448
282 380
864 318
657 430
650 375
81 829
91 304
865 304
199 471
770 721
565 721
431 63
839 386
382 887
811 731
631 261
237 784
472 137
421 570
531 550
181 517
497 681
625 721
571 784
825 241
656 827
98 199
868 776
256 719
836 898
550 338
667 147
556 517
316 13
625 796
306 50
959 344
216 474
825 491
459 181
102 803
411 130
355 914
282 523
917 903
814 911
315 887
555 67
282 765
952 384
497 714
178 43
199 115
832 178
625 188
345 863
718 518
543 970
745 706
98 157
231 389
299 409
587 12
24 233
406 651
930 740
774 603
559 785
883 407
699 857
374 410
108 459
892 404
159 351
439 39
743 657
4 424
438 14
401 772
87 791
56 845
358 849
43 118
99 799
944 629
311 351
36 694
651 982
778 554
413 756
982 80
617 411
996 443
825 657
181 560
862 760
51 645
45 290
576 99
953 217
199 331
894 678
214 875
354 969
370 101
982 434
182 999
323 733
631 161
809 637
841 679
845 887
516 895
192 454
82 481
345 140
13 700
84 115
854 154
341 14
884 574
185 475
418 48
570 991
718 66
735 865
699 29
210 285
287 329
150 724
25 401
396 474
710 375
182 551
132 693
883 307
612 241
202 564
915 184
660 264
179 686
952 397
349 565
132 19
592 971
452 423
995 776
854 681
971 50
231 763
634 723
923 521
175 580
34 668
836 205
675 139
835 869
799 467
615 789
534 830
230 999
537 871
276 542
108 347
867 181
64 42
108 364
627 863
347 389
188 370
962 481
13 623
119 970
934 839
397 418
91 888
617 82
428 833
952 961
197 578
904 344
185 207
65 89
156 612
302 539
81 341
97 903
822 743
972 686
870 720
208 331
219 21
520 607
243 924
398 90
549 286
165 889
970 552
421 622
292 63
567 315
616 59
291 138
402 548
68 482
457 198
285 643
921 770
931 195
998 188
853 68
390 869
848 373
796 484
861 494
534 963
795 661
30 307
416 744
429 957
58 909
838 494
553 732
890 377
138 601
907 903
696 960
141 714
171 222
221 414
206 277
729 940
780 431
606 951
625 865
45 835
586 972
649 405
322 918
605 627
215 204
134 426
677 114
800 575
832 201
704 230
204 309
717 649
999 531
773 658
754 305
887 424
45 309
924 675
224 809
830 179
38 436
576 73
169 87
839 723
211 332
90 368
890 279
698 144
994 999
557 303
178 227
449 855
986 487
776 472
356 700
38 808
874 876
836 884
953 336
46 295
707 591
671 270
452 81
936 949
939 479
935 217
264 419
709 889
533 639
17 555
638 313
130 12
132 454
656 459
173 918
331 4
48 584
692 773
168 554
692 454
288 177
594 185
908 471
365 676
589 434
758 928
253 605
260 801
585 842
170 586
773 225
991 986
784 764
250 197
514 693
162 707
276 53
760 32
686 35
691 756
678 772
228 538
653 144
754 201
222 695
472 9
6 668
816 755
71 324
529 971
474 449
22 128
646 877
493 880
940 733
211 208
586 673
649 419
378 325
956 770
907 137
952 95
30 40
958 37
559 198
332 576
783 810
875 337
876 711
891 862
31 761
516 181
82 170
316 202
11 934
269 99
774 349
964 893
974 187
682 180
450 912
303 608
460 301
636 954
176 117
250 695
518 701
780 558
721 599
63 183
442 901
130 520
434 673
290 527
923 847
150 917
190 448
182 980
41 751
568 889
260 327
737 746
184 816
637 735
217 141
666 198
193 404
759 774
791 684
217 128
523 999
378 974
580 530
886 517
739 262
604 848
605 900
528 948
184 354
593 122
122 15
523 34
192 32
758 333
948 880
668 397
117 874
861 242
658 111
844 281
541 51
533 279
658 178
927 97
883 99
813 709
908 664
519 322
211 161
468 855
685 276
686 567
373 765
493 312
776 16
683 894
193 885
930 685
900 360
954 8
587 660
781 839
632 806
580 449
295 759
821 375
661 436
766 984
992 193
481 511
593 184
254 667
961 280
731 829
171 715
671 414
922 188
824 167
983 990
929 584
74 535
43 174
156 610
506 64
625 477
577 596
934 330
414 82
815 356
506 175
235 575
724 171
244 319
664 287
688 504
369 861
901 42
667 94
890 184
926 625
2 265
2 284
123 208
149 460
580 804
739 271
315 118
529 174
627 844
199 640
739 976
650 711
197 936
418 287
292 199
186 509
552 175
483 112
373 323
299 11
591 915
615 374
773 80
657 397
80 551
884 340
171 365
213 412
354 781
374 874
220 797
983 700
35 251
272 109
235 950
704 150
381 88
291 769
791 569
726 431
696 724
613 772
904 476
190 537
380 271
740 191
887 297
842 656
516 808
167 187
448 450
487 561
720 516
212 326
93 778
948 443
13 403
736 604
783 302
11 130
876 580
20 710
280 163
460 178
13 875
542 867
796 75
55 874
940 648
810 601
770 186
888 135
146 539
516 904
287 901
639 278
788 73
318 105
773 642
436 906
783 570
274 104
11 450
714 519
744 346
539 223
839 176
129 306
439 461
319 386
172 713
196 469
538 896
425 716
394 710
815 335
337 994
266 500
218 206
879 289
187 257
161 575
660 856
651 399
208 713
55 357
998 416
774 980
149 757
759 124
558 35
660 66
935 471
476 153
556 950
989 409
697 844
860 436
837 952
99 252
40 373
645 667
521 829
811 686
878 74
365 571
205 982
876 891
624 689
555 301
706 246
959 163
677 803
934 606
30 284
970 774
666 150
196 487
23 755
24 555
499 986
396 149
543 174
45 276
90 129
303 160
549 384
656 992
618 338
66 562
722 703
335 170
291 364
932 413
434 516
302 644
289 324
75 35
387 49
261 373
13 219
246 637
670 580
165 927
988 595
443 59
314 962
28 143
750 203
205 677
729 735
694 642
241 431
219 289
985 706
773 876
651 486
306 57
431 273
543 751
980 168
572 686
191 8
112 37
870 117
555 89
576 625
974 305
401 410
448 423
503 774
111 506
232 289
610 163
523 494
647 465
916 586
66 6
41 833
986 336
748 925
667 465
670 689
345 26
188 763
96 387
385 573
219 565
757 721
880 743
228 32
636 991
885 275
160 727
71 545
542 495
469 792
342 886
902 580
749 367
181 156
848 714
886 110
769 16
39 539
701 918
645 429
144 78
589 154
629 700
944 27
786 724
657 149
512 579
463 992
3 316
83 856
354 176
502 653
179 412
463 44
884 601
946 960
198 892
841 236
561 649
726 567
945 302
859 224
984 90
888 470
985 101
840 967
109 999
258 181
627 985
220 787
844 353
68 497
945 801
932 64
332 575
169 285
163 237
471 255
970 627
900 244
828 16
105 183
872 567
450 977
292 500
427 893
660 841
244 669
566 175
80 386
574 907
5 588
9 302
235 807
415 167
543 336
828 169
450 384
774 741
609 333
201 855
766 898
629 621
393 430
718 585
867 198
362 289
122 223
241 150
306 859
210 342
166 587
177 831
956 579
92 35
720 836
541 564
246 72
353 359
772 692
693 44
707 26
677 105
69 938
137 737
367 556
533 672
751 702
884 741
694 463
954 437
236 70
527 298
595 938
470 604
699 552
477 636
579 49
537 628
497 836
738 207
129 530
322 358
115 905
579 753
247 15
152 364
992 528
949 588
305 910
735 485
588 448
810 698
491 969
199 469
826 276
697 147
128 211
10 440
996 399
334 22
38 733
499 157
92 628
844 67
941 761
139 187
912 808
348 343
901 960
544 198
604 296
397 735
797 744
733 956
731 424
320 287
969 186
16 884
687 264
643 202
221 193
14 154
664 746
116 922
453 98
496 272
390 390
815 213
234 699
238 303
874 432
884 820
798 945
167 343
901 106
245 817
281 380
914 754
844 881
558 70
425 452
884 602
814 630
341 866
812 193
972 78
40 820
94 550
257 843
239 432
114 917
431 479
309 901
197 399
257 774
196 844
136 462
302 494
994 512
400 785
382 391
537 784
142 447
647 696
785 692
849 326
622 591
824 227
124 172
965 126
655 519
884 564
298 174
241 129
100 716
26 972
575 173
647 652
554 889
719 48
820 743
834 70
409 700
270 476
381 391
941 879
651 44
402 944
791 100
336 779
496 867
853 564
616 661
510 15
304 635
827 507
550 608
75 185
313 899
930 340
957 604
59 342
442 869
624 239
112 7
692 832
181 837
749 432
376 345
798 993
241 528
678 961
392 979
496 153
151 942
839 831
323 749
786 395
25 362
819 938
284 806
118 468
572 833
358 478
907 706
772 911
638 60
23 933
210 973
525 715
786 537
989 376
666 746
705 69
244 158
599 597
524 168
1 535
622 150
285 169
522 421
404 984
240 199
280 86
429 29
762 436
445 91
920 566
96 227
120 771
728 225
532 734
553 686
778 639
193 96
686 349
329 942
927 60
596 404
169 26
734 905
629 73
833 5
923 718
830 128
366 649
134 792
173 488
625 768
754 15
96 278
323 527
277 222
419 29
641 664
199 144
72 666
463 285
32 102
561 481
696 67
97 325
548 213
14 289
650 969
873 523
266 345
930 754
104 87
290 321
70 132
547 11
600 644
719 919
170 745
839 159
554 751
462 160
917 52
898 884
573 642
423 111
515 863
272 648
762 505
818 426
85 15
745 245
331 209
750 75
534 448
733 542
333 813
269 683
960 985
289 547
382 358
119 107
725 16
160 340
668 491
729 657
738 325
514 502
435 149
973 930
617 845
45 330
201 304
336 840
566 198
267 867
174 196
597 76
994 274
807 690
967 990
318 150
483 928
831 10
706 14
301 260
952 490
45 673
297 978
333 39
845 826
136 119
235 308
599 651
697 501
922 797
721 376
259 834
304 867
232 64
783 214
428 600
594 942
84 304
465 341
533 956
825 394
656 214
882 318
341 760
123 482
441 936
552 298
941 6
784 5
505 946
607 689
138 481
624 568
273 400
274 139
252 512
788 598
255 855
375 597
175 451
576 776
312 192
568 452
882 801
476 609
907 674
805 418
383 214
91 851
418 624
759 804
430 854
326 58
796 497
151 252
94 480
170 459
284 913
380 55
947 237
290 928
331 28
255 770
645 191
275 507
564 867
828 393
364 400
411 735
918 101
705 834
475 359
365 336
300 532
201 335
451 649
125 637
140 88
501 560
526 404
56 701
420 671
225 469
190 639
38 759
208 621
158 357
379 921
404 520
702 102
763 907
819 636
392 328
588 35
798 401
168 586
319 376
633 759
555 453
21 406
814 916
177 280
814 545
897 574
310 53
224 124
571 162
346 858
791 640
675 361
622 897
82 942
649 403
486 17
602 805
465 870
294 470
756 761
619 998
463 957
420 181
679 603
326 538
936 744
54 477
133 361
510 917
84 254
386 79
166 790
209 425
171 285
96 325
154 839
960 985
90 686
768 826
689 83
846 716
960 27
924 458
845 218
313 989
416 436
525 733
139 917
173 513
986 325
981 477
153 203
262 131
531 139
336 524
507 670
497 406
812 416
769 999
711 427
95 678
320 854
147 810
852 919
910 611
808 195
752 643
771 693
165 181
32 961
936 999
594 365
325 34
640 721
83 584
113 670
617 112
711 901
649 565
388 142
724 483
989 419
598 440
567 490
230 849
247 561
37 991
94 287
462 452
132 318
666 240
579 927
174 109
643 438
837 558
624 215
748 641
893 322
627 401
126 921
968 281
445 52
337 765
195 881
10 949
136 668
691 103
239 862
634 483
887 789
150 358
166 278
927 16
596 428
493 674
48 354
882 297
851 6
933 791
555 589
201 996
949 989
997 890
560 382
460 669
681 277
871 381
82 399
990 516
221 637
486 102
810 101
687 673
555 817
76 541
3 598
770 713
360 464
152 913
50 246
926 149
589 462
520 458
687 938
205 924
429 323
88 440
710 812
691 233
171 756
391 246
628 6
802 426
272 808
191 337
778 902
784 361
752 703
14 611
605 792
149 265
668 215
828 938
569 98
127 340
257 223
680 402
801 818
783 658
803 343
411 255
351 502
546 692
549 349
836 130
369 218
641 758
780 939
475 75
624 893
760 467
980 656
705 129
680 675
561 730
224 549
795 967
563 320
980 72
808 969
5 423
849 622
987 21
840 443
917 956
753 667
677 299
353 316
474 17
762 642
38 38
581 200
416 671
88 232
51 973
899 188
878 398
205 979
951 742
966 423
966 943
675 853
558 507
307 38
607 791
419 596
668 466
110 740
124 810
15 910
955 415
241 828
129 468
394 505
417 532
175 722
536 201
624 260
836 757
638 24
30 380
799 657
638 262
151 917
858 45
513 139
605 942
416 104
680 480
888 326
443 156
458 242
990 28
168 477
88 7
737 711
836 427
797 210
270 768
868 113
268 331
895 749
658 659
657 220
854 377
69 790
207 925
441 527
508 172
707 55
91 67
634 684
336 20
738 173
774 844
604 31
774 996
819 145
303 215
901 894
719 807
470 267
193 706
949 671
6 942
908 727
753 712
415 144
636 381
576 428
199 875
69 20
376 791
922 284
342 386
881 636
279 26
257 99
660 985
147 657
895 570
991 179
995 340
948 354
593 481
851 730
118 280
990 638
218 670
710 716
470 421
870 844
184 77
230 460
699 13
889 907
563 413
419 77
203 187
55 907
980 694
83 359
864 429
613 127
709 304
409 736
253 125
857 580
642 5
512 416
45 312
32 562
759 507
956 455
323 296
28 463
830 744
44 436
100 347
128 866
240 378
494 963
580 771
535 929
53 206
339 194
418 272
451 500
756 320
538 817
398 596
890 92
268 690
957 303
726 441
584 284
913 741
978 929
88 579
68 729
175 766
478 990
156 605
191 453
895 196
241 703
775 327
39 670
893 792
388 466
617 330
601 590
936 225
254 239
455 740
232 130
634 713
932 172
315 936
418 300
473 800
36 796
574 824
488 498
432 489
728 653
610 773
131 107
398 61
167 171
29 557
99 833
645 84
233 588
993 42
677 525
926 605
423 955
462 698
600 514
966 714
871 997
363 895
108 686
125 981
694 462
632 893
591 490
216 551
878 7
160 148
569 588
689 725
735 836
401 468
346 250
393 57
760 186
891 676
652 703
537 307
631 539
300 300
161 837
651 601
869 361
295 703
697 465
446 789
806 179
186 629
576 291
194 13
761 470
580 21
888 117
793 391
331 511
875 801
905 22
132 867
702 467
572 933
46 767
176 747
520 936
382 976
476 613
322 862
197 840
10 98
82 742
762 757
319 999
485 521
703 371
351 596
45 555
665 217
679 108
671 13
925 235
16 237
12 941
95 766
484 798
703 352
543 80
779 917
24 485
880 993
822 953
966 685
130 435
65 311
723 97
507 856
445 695
319 454
439 536
398 820
410 241
543 275
428 770
343 300
720 19
515 562
367 374
864 376
624 764
879 420
391 637
753 741
426 642
227 293
296 311
738 565
248 85
601 172
51 948
204 15
251 105
44 651
522 493
879 541
248 227
878 336
504 46
236 973
548 226
387 965
353 409
179 828
501 193
843 209
411 374
223 152
214 222
809 850
380 874
175 590
20 648
921 628
678 358
555 658
282 540
230 879
269 286
483 125
912 846
233 22
950 862
586 340
417 74
755 798
409 630
953 647
954 24
749 864
829 298
294 566
357 718
556 210
439 432
857 30
350 570
987 186
10 856
35 222
64 113
30 613
1 54
778 295
245 939
253 397
719 873
770 33
410 616
546 85
418 198
70 716
837 200
23 177
528 258
963 300
378 500
615 951
177 18
48 648
407 528
943 128
854 405
912 277
461 898
364 421
430 506
561 149
564 633
690 162
295 622
375 707
547 630
133 934
810 298
618 521
841 697
340 571
600 856
306 964
158 658
631 22
630 436
577 695
297 647
642 141
458 282
797 880
616 391
710 980
16 851
567 867
698 649
535 505
850 704
671 25
230 323
651 742
723 92
154 787
443 727
102 38
115 551
97 225
625 512
412 568
123 987
231 903
161 380
180 244
687 957
569 871
594 464
734 849
193 272
741 92
751 615
569 701
511 737
868 21
158 138
657 698
428 104
619 980
678 550
754 814
79 208
649 853
777 84
194 135
118 181
119 376
43 401
704 769
576 816
99 169
578 341
749 729
650 335
352 63
730 928
53 783
576 515
888 974
275 304
791 361
131 992
434 891
652 798
755 546
17 448
777 786
997 189
963 895
340 879
857 254
586 114
366 634
