5500 2000
677 120
164 335
988 656
203 280
640 295
591 779
850 693
76 486
266 929
734 199
226 59
85 713
986 67
913 784
456 707
161 248
768 992
553 866
492 51
79 664
693 960
206 106
948 704
797 288
672 3
809 807
927 903
486 110
397 153
61 367
565 629
604 329
260 762
259 852
786 606
492 197
196 466
743 660
882 267
934 569
674 626
766 208
493 44
533 727
998 969
646 828
241 614
19 653
35 41
94 700
114 707
685 844
994 924
263 372
532 666
228 70
580 917
256 495
508 525
303 587
899 141
760 861
806 891
552 496
756 204
286 114
385 187
464 393
485 635
465 48
306 928
363 467
383 233
897 712
575 33
991 151
641 242
175 824
429 877
716 213
375 752
495 878
658 359
825 575
142 235
554 840
942 656
830 794
73 489
285 588
939 324
572 966
111 908
20 116
635 29
615 864
101 601
255 465
255 326
956 791
637 922
243 405
595 52
626 797
24 436
92 75
382 85
682 919
893 368
42 772
426 733
451 955
368 325
780 179
455 81
578 926
836 98
701 147
597 681
887 347
944 471
420 327
691 442
975 906
316 499
997 972
668 597
966 204
74 629
405 591
859 826
52 578
804 981
411 687
805 16
685 714
479 963
867 770
550 196
32 260
939 362
153 232
387 536
994 363
941 187
568 856
787 790
730 239
275 987
14 134
20 691
786 705
294 759
522 512
6 824
661 197
530 697
860 595
638 183
755 919
381 374
12 238
718 664
443 351
769 956
738 475
623 195
13 307
239 882
45 743
411 713
142 882
311 786
729 713
771 90
35 361
110 503
851 860
740 390
33 662
966 366
908 922
616 634
486 141
872 536
160 310
9 732
588 268
955 630
532 225
21 619
935 735
57 473
144 429
196 6
181 703
50 479
584 96
426 71
961 487
318 725
447 758
879 307
314 633
408 928
339 129
91 501
727 967
487 151
325 987
123 100
470 990
193 147
473 561
906 460
42 225
871 297
683 44
151 366
526 715
880 373
397 573
989 397
714 849
234 654
250 665
862 828
197 831
244 160
843 57
414 920
4 276
712 950
911 392
134 41
844 732
454 320
979 246
901 111
51 572
682 55
197 882
607 857
614 508
485 613
560 425
266 86
295 455
161 421
618 447
775 470
953 495
892 454
868 250
517 987
790 650
352 977
208 44
810 729
761 389
366 459
291 25
71 196
530 565
916 902
218 472
937 800
9 254
798 456
44 944
107 101
619 928
598 96
358 192
325 502
74 875
503 32
224 975
602 427
785 629
379 755
311 135
142 936
159 864
226 527
473 548
556 870
913 945
461 390
374 343
828 919
897 5
76 89
516 885
575 793
211 441
516 251
43 965
799 999
95 966
136 301
594 994
380 847
659 288
53 100
836 569
166 477
459 699
567 588
416 906
543 930
322 517
627 403
786 491
355 312
841 452
891 646
738 537
214 173
984 217
995 743
445 239
938 27
399 834
427 580
698 908
392 399
183 426
859 475
152 177
597 567
252 244
691 228
971 312
178 253
716 583
747 199
959 846
40 357
889 76
825 580
826 618
79 538
828 189
434 722
478 884
865 529
148 960
943 465
355 569
606 100
977 648
342 324
584 104
631 809
731 552
84 939
660 115
720 283
212 255
933 92
90 821
588 580
247 412
199 626
698 762
934 898
15 7
444 28
157 139
433 111
951 962
87 92
32 13
410 598
104 905
560 819
277 211
723 850
716 173
984 217
582 648
527 217
690 387
604 315
648 734
481 910
5 661
437 152
208 560
241 104
16 500
816 9
700 789
197 154
687 543
253 955
637 471
583 126
215 60
993 273
928 720
252 68
113 741
566 980
592 509
842 585
472 494
763 224
709 120
561 706
180 798
788 301
527 308
581 819
908 455
556 245
222 475
963 31
999 669
929 27
736 670
800 386
669 834
296 963
721 642
397 844
596 686
867 318
843 453
355 187
715 200
29 737
68 856
894 702
943 267
62 977
51 464
780 113
686 771
525 632
301 848
856 69
242 706
661 483
875 841
596 378
886 180
272 340
172 247
28 955
767 427
890 702
107 394
790 488
953 538
83 343
688 905
71 855
885 12
785 259
987 3
656 904
923 347
690 448
131 957
154 270
483 659
726 355
70 883
859 244
335 151
735 616
149 46
325 230
492 845
58 818
611 344
934 663
612 281
874 772
838 616
773 731
79 805
769 926
366 129
336 967
978 993
653 72
379 580
91 46
807 560
581 508
452 698
688 784
977 779
512 498
111 765
475 899
18 690
904 8
890 96
799 151
556 481
111 899
520 945
407 465
10 966
263 707
627 666
263 148
478 185
376 404
530 16
407 997
483 207
544 680
847 666
115 812
239 560
597 454
905 489
560 190
505 699
694 964
238 267
459 678
945 415
843 304
731 543
890 275
513 712
112 105
679 194
96 808
196 395
602 193
729 659
656 404
660 446
794 746
545 838
203 318
504 988
388 17
525 806
2 316
764 590
381 316
186 152
303 742
182 449
889 181
623 702
677 845
603 97
994 168
598 993
549 6
436 505
684 422
899 551
502 929
840 709
2 368
256 351
68 836
42 781
29 457
129 14
4 500
433 813
554 89
105 397
613 964
613 993
598 620
853 60
253 549
829 790
703 10
301 150
270 543
977 521
307 620
248 705
70 814
920 768
399 109
23 690
367 228
849 290
635 102
224 327
293 83
627 20
3 736
352 727
208 256
824 822
931 384
866 824
672 895
853 855
984 762
787 197
734 928
127 932
985 419
913 708
341 349
61 828
520 343
770 804
326 550
791 198
800 285
47 987
889 67
741 128
729 515
760 720
306 268
479 670
613 434
213 256
76 688
873 171
115 361
617 938
64 636
343 670
100 493
180 46
491 250
95 889
951 895
573 572
942 719
163 746
249 225
76 840
721 462
851 636
472 657
286 975
476 944
741 183
221 985
309 370
516 803
358 458
659 475
56 979
756 816
622 200
14 303
79 538
903 427
126 925
362 235
182 363
121 532
934 148
806 911
518 876
265 321
762 193
561 196
178 261
903 498
802 768
760 377
908 734
86 822
519 532
886 675
645 297
701 650
37 400
551 822
787 432
80 701
779 988
132 652
394 920
231 78
670 622
389 694
920 709
962 977
411 863
214 156
594 709
148 687
801 142
888 276
211 868
936 164
353 294
707 64
477 491
801 126
660 120
961 908
342 773
804 735
21 825
556 972
75 209
606 471
390 461
894 463
584 996
156 301
581 165
193 818
953 842
950 905
537 786
977 738
332 191
908 290
705 790
521 274
940 577
209 838
918 37
337 685
616 95
909 923
551 976
572 452
44 819
763 310
677 189
923 256
761 442
385 53
65 503
596 425
424 741
909 717
652 189
698 176
82 35
866 653
480 600
644 789
160 606
668 92
261 906
434 851
250 411
455 392
298 262
665 772
371 730
933 936
202 332
15 763
842 941
192 446
463 773
8 779
762 362
753 65
56 782
410 731
693 66
706 808
207 969
795 712
963 387
446 228
928 62
36 59
359 791
50 583
801 782
544 397
201 853
831 162
218 861
878 612
232 531
17 473
19 537
655 679
251 150
253 589
44 482
518 147
43 391
716 755
927 602
329 659
696 780
341 962
929 75
453 981
687 301
119 240
619 41
403 208
537 739
578 657
486 170
477 587
999 829
942 435
411 195
758 918
908 6
537 946
988 225
170 374
696 609
384 98
456 79
676 147
957 846
903 837
797 790
86 646
866 246
752 181
382 717
695 448
685 289
982 641
155 834
314 662
642 699
364 680
328 188
900 920
738 408
865 827
898 892
469 771
281 79
955 776
246 686
626 239
659 954
484 234
917 104
470 51
628 104
749 611
743 203
339 980
953 436
522 882
781 74
604 313
942 597
285 337
796 131
669 644
925 68
113 670
323 335
874 707
19 5
943 719
81 558
264 36
950 369
741 555
906 38
575 636
223 11
188 449
431 232
234 391
541 517
286 970
672 907
579 300
453 41
315 550
328 344
781 758
160 164
573 941
420 195
394 500
642 302
74 650
576 780
590 339
877 107
169 500
610 369
834 83
801 778
790 508
103 765
871 247
978 462
124 148
358 155
985 968
886 386
319 329
991 88
41 389
42 158
582 81
150 381
669 829
978 823
542 804
877 304
788 308
25 861
671 16
420 145
896 188
307 880
48 767
630 994
79 536
997 543
749 166
671 603
131 881
326 40
195 127
264 768
810 224
284 685
780 601
226 780
222 257
708 30
511 368
641 335
273 637
526 154
421 131
155 468
119 837
173 585
368 439
663 645
125 121
580 118
162 81
419 798
627 619
189 642
181 597
304 828
71 164
818 483
721 515
791 3
49 161
837 536
378 180
393 975
797 354
28 413
695 860
597 437
57 432
553 8
826 980
415 276
53 391
202 492
662 890
665 999
883 833
204 8
234 799
663 454
137 852
246 120
195 849
963 229
38 786
867 65
864 440
14 587
882 683
120 932
670 797
699 972
196 110
963 795
154 193
462 559
305 811
252 485
47 821
969 854
967 58
998 499
711 879
192 425
497 524
21 233
927 874
539 690
466 897
145 228
991 837
307 323
219 699
7 625
746 224
118 691
561 420
264 111
510 520
686 65
274 173
24 607
485 909
485 381
442 651
266 166
970 593
732 870
22 991
561 583
704 992
716 964
545 440
852 497
318 825
848 58
614 182
257 876
314 855
480 299
245 533
149 154
333 553
313 448
904 192
300 163
340 681
642 436
4 15
459 250
727 946
924 872
440 293
410 914
963 385
979 424
490 656
548 874
252 811
243 145
444 902
641 917
854 260
950 672
608 910
833 757
171 807
665 921
594 978
276 703
13 650
845 100
190 891
682 159
656 35
33 155
257 102
848 578
885 690
75 719
968 858
245 156
861 148
511 463
243 63
456 272
798 402
196 986
541 561
913 972
400 573
141 316
286 862
637 934
633 439
368 536
819 210
219 468
296 418
580 645
114 938
384 829
695 67
632 33
171 516
4 65
586 102
286 59
808 32
825 328
516 970
184 707
442 770
314 978
815 218
22 875
103 436
574 468
286 825
234 145
212 117
147 732
304 354
950 358
167 9
930 561
27 519
513 240
633 181
257 807
493 467
108 973
315 449
180 110
156 474
411 535
150 882
702 811
748 482
230 209
684 943
939 343
202 319
816 142
58 889
733 82
943 553
583 204
19 532
774 242
778 13
743 957
550 267
799 243
549 548
305 126
773 497
661 520
756 977
395 886
485 679
396 640
705 664
134 70
327 556
221 838
976 976
445 101
989 492
534 394
675 301
858 918
28 39
226 405
181 685
947 297
5 99
337 427
653 188
998 189
419 281
878 986
646 341
413 27
761 72
532 105
900 555
836 696
978 747
842 56
828 934
918 712
947 506
398 4
270 86
968 119
781 430
977 629
159 499
326 227
610 330
898 46
629 906
381 577
13 253
840 66
134 10
456 818
237 597
957 209
908 529
949 346
576 835
886 256
787 659
42 172
32 53
54 674
473 966
731 553
93 865
75 635
223 652
495 207
380 625
800 805
587 598
410 547
280 727
978 163
344 471
222 939
108 693
859 615
462 898
75 875
537 339
973 968
195 991
220 915
963 834
736 82
530 64
578 512
674 6
780 847
604 545
561 175
72 340
31 526
175 314
750 762
891 723
99 756
816 712
489 821
109 100
80 764
228 75
221 791
893 392
303 836
909 92
171 927
496 470
664 347
682 745
294 791
936 428
553 395
936 705
893 654
783 282
655 709
351 386
80 445
944 995
951 63
572 564
119 383
196 888
912 740
414 944
373 981
834 17
716 555
913 501
911 827
828 313
538 12
51 350
932 18
735 267
801 991
357 610
558 297
964 770
760 972
257 53
731 360
129 456
579 525
858 124
403 837
128 662
804 542
121 244
638 490
950 52
838 728
571 718
990 409
879 248
135 373
722 251
281 432
512 988
571 733
182 854
8 340
648 848
258 182
578 710
370 837
640 325
532 400
605 958
383 588
905 425
752 649
491 289
395 27
628 419
227 177
396 657
910 720
508 19
625 911
872 598
314 596
319 547
534 145
832 101
226 494
590 48
404 585
27 210
23 102
918 543
17 329
9 962
444 339
714 638
122 835
836 14
468 280
152 222
3 868
293 793
691 379
547 406
117 917
342 678
600 866
778 105
383 79
714 470
693 386
934 127
665 51
745 137
981 516
91 43
282 934
735 953
51 201
455 133
710 663
467 501
882 124
488 643
742 828
220 933
785 19
183 357
404 693
302 591
856 865
845 761
833 66
184 12
325 933
656 949
374 899
271 752
579 131
147 355
36 371
345 748
727 187
331 854
475 773
893 501
989 650
2 656
598 750
564 373
534 414
133 504
630 211
345 906
856 328
613 890
817 111
13 585
204 504
558 442
755 502
233 934
365 107
956 428
554 432
182 973
703 236
886 942
81 249
90 767
942 167
95 878
547 760
871 977
275 159
523 400
410 262
313 883
562 455
779 803
446 909
231 397
198 775
4 758
302 736
266 600
57 355
548 783
768 304
476 417
278 717
244 4
378 492
177 492
927 448
511 745
414 294
87 265
354 210
190 286
734 24
509 933
864 743
850 426
389 482
222 185
573 68
526 63
769 110
332 203
108 617
498 680
12 66
569 687
296 580
378 15
172 596
438 977
819 165
27 26
673 188
450 451
990 503
875 704
594 131
300 512
701 116
553 454
909 169
86 715
832 368
35 134
152 759
319 787
194 340
46 956
726 237
714 746
583 932
864 32
538 354
587 464
863 746
798 959
804 891
780 643
567 518
89 177
717 648
419 849
387 441
176 631
566 610
526 572
189 694
650 384
986 155
147 182
333 193
261 295
849 774
990 709
660 810
715 561
288 129
316 697
290 941
216 401
241 240
911 198
916 675
899 786
943 755
903 469
274 371
273 817
150 285
279 955
720 815
698 751
656 389
421 86
249 349
758 507
362 477
429 305
988 592
49 285
82 279
392 16
153 725
649 513
467 835
373 239
440 363
814 520
893 772
762 751
936 625
147 766
418 822
871 317
920 621
101 357
364 449
666 873
953 975
597 839
189 719
280 627
786 265
449 791
3 55
293 15
948 621
798 230
780 520
269 335
705 80
309 84
752 936
688 330
850 368
865 349
28 779
310 517
758 653
453 250
579 34
620 786
746 99
142 419
681 24
878 781
853 156
536 319
233 5
90 570
881 996
413 677
480 926
555 689
966 452
670 102
473 793
906 316
914 128
167 582
840 839
881 454
631 754
60 832
911 715
411 66
375 830
446 453
219 735
864 452
95 520
700 681
330 958
721 749
613 363
29 92
710 746
14 878
179 697
891 769
92 830
653 276
581 393
937 460
366 153
842 821
631 129
746 309
974 94
948 314
910 648
60 897
622 442
313 43
812 925
940 299
277 773
362 803
266 498
201 86
317 928
404 255
616 983
784 647
959 708
941 847
930 440
375 444
154 708
23 618
916 715
118 378
882 121
858 392
101 913
907 761
785 437
196 896
525 193
107 885
494 279
881 286
317 896
416 601
41 390
742 463
879 972
119 183
425 252
118 264
82 506
650 575
536 191
976 561
803 417
155 275
858 815
828 515
44 923
108 968
558 553
414 133
494 136
488 764
879 362
668 207
737 826
366 4
449 970
172 580
419 303
186 178
122 484
575 49
391 275
818 123
153 697
57 855
64 885
689 439
571 145
932 578
731 850
650 912
406 570
502 595
212 303
346 32
195 593
269 647
199 73
275 753
623 885
470 82
917 579
518 739
1 888
189 630
389 394
274 728
438 95
872 784
25 620
333 848
808 724
374 360
353 923
573 471
961 238
760 953
68 899
134 734
869 794
466 91
671 348
273 476
232 597
643 766
148 642
281 180
781 937
407 160
416 704
405 164
982 909
940 147
33 194
322 586
620 724
70 468
713 587
917 917
548 396
26 181
46 781
791 250
638 808
735 272
134 616
467 661
916 472
114 213
734 135
16 662
484 416
485 222
71 302
744 668
936 193
431 563
932 304
542 470
233 113
107 596
474 398
568 950
839 597
578 742
932 77
9 289
472 946
822 683
359 535
956 101
789 190
646 772
532 688
980 917
339 690
655 598
819 908
622 273
606 377
643 204
460 66
566 553
111 527
962 818
316 709
898 950
654 643
318 302
213 183
740 287
846 152
942 948
864 379
501 777
113 46
855 503
289 431
481 22
260 727
711 627
91 759
332 48
563 413
876 940
927 228
183 884
33 603
140 377
903 604
921 821
510 262
368 454
534 268
67 371
703 601
926 620
295 508
494 531
847 178
341 990
819 227
818 847
849 641
69 348
850 195
959 318
150 821
627 26
299 162
232 553
767 667
475 407
499 825
75 105
857 525
162 120
685 54
173 468
699 402
975 746
611 956
370 428
447 89
643 481
585 43
246 981
724 254
929 491
839 308
755 142
745 554
568 701
529 791
503 269
785 679
437 147
83 77
666 485
97 667
214 1
902 263
279 762
111 624
837 365
44 792
434 225
740 581
179 441
464 225
14 141
526 342
50 620
675 523
770 349
198 6
579 58
726 406
748 907
681 293
451 374
470 928
819 810
441 95
250 472
263 169
843 59
494 750
918 481
151 497
846 927
559 811
565 167
894 635
2 522
317 506
522 58
795 285
977 473
625 189
821 860
639 13
719 238
537 916
68 779
97 404
611 735
604 935
775 522
872 558
995 224
903 271
745 849
790 540
140 70
120 153
70 741
357 86
309 961
71 241
599 290
590 819
71 301
666 766
109 560
628 922
44 37
416 143
118 884
383 432
965 602
621 663
276 875
76 502
488 329
234 907
650 909
525 32
655 739
812 707
891 786
403 639
181 740
375 57
357 958
347 322
964 800
155 119
779 994
242 410
106 165
15 80
200 506
241 994
43 344
504 1
725 7
773 992
837 66
685 615
501 304
837 295
983 789
396 179
991 651
358 426
701 421
485 574
390 547
337 296
122 639
274 125
357 790
2 939
854 660
761 672
616 125
407 289
592 364
412 458
126 203
893 571
236 791
52 133
954 70
44 439
305 326
246 969
145 242
637 923
355 941
534 62
437 683
491 739
115 414
134 655
84 676
486 183
560 386
38 46
321 764
229 705
799 348
800 873
440 140
254 251
923 756
873 436
670 663
422 900
124 668
202 618
611 236
378 817
198 929
222 775
512 186
96 75
222 775
543 596
673 553
160 41
908 416
235 476
402 897
773 325
247 885
540 942
896 372
994 729
34 311
219 703
126 272
723 534
107 283
806 258
533 414
224 43
443 391
915 209
591 330
209 737
93 234
937 22
778 19
309 307
957 29
74 265
404 466
678 348
37 778
737 505
407 498
844 55
186 82
193 206
169 424
132 12
142 130
16 156
194 449
568 54
350 785
794 566
287 770
756 475
93 168
204 355
812 378
221 186
145 597
710 918
766 371
136 862
714 560
354 333
118 494
106 793
152 542
352 44
801 129
964 610
217 101
217 259
727 161
496 582
356 729
52 73
6 380
986 877
628 778
809 877
483 98
720 704
369 474
930 227
541 905
30 389
990 267
222 608
445 568
774 854
127 71
889 460
959 320
926 591
217 768
919 189
400 952
614 281
430 603
103 841
100 49
53 232
42 588
47 4
590 889
756 937
364 117
779 154
93 680
204 749
778 400
924 876
723 948
791 859
378 137
722 504
973 779
206 586
980 812
38 614
911 597
559 377
121 73
276 849
319 845
805 391
518 851
115 18
368 24
92 987
291 758
53 954
43 41
9 365
938 477
180 340
910 961
291 594
616 66
734 26
351 977
225 49
262 294
505 604
350 484
544 288
152 105
759 813
672 667
717 869
15 547
418 67
615 876
46 48
6 949
923 603
167 182
546 151
171 663
483 449
774 838
781 1
623 60
376 821
910 231
474 811
528 152
16 800
189 200
141 990
312 232
384 118
422 466
320 337
423 6
821 2
495 798
110 583
467 301
426 319
932 904
307 363
594 399
169 93
581 506
226 941
732 662
915 60
152 72
273 543
107 655
876 890
545 900
196 360
866 522
803 359
78 491
975 200
84 10
103 706
767 415
519 83
617 973
643 819
518 513
906 259
921 605
2 702
835 833
239 332
413 108
150 661
809 114
46 151
324 229
165 241
301 10
570 508
489 966
805 625
591 958
374 54
730 535
251 74
252 932
513 305
127 386
510 988
793 310
318 4
21 324
411 702
567 638
18 209
666 720
934 459
976 134
388 32
725 610
458 258
552 459
171 721
594 677
786 267
580 581
64 77
796 959
702 839
474 134
316 174
555 924
933 228
193 135
846 246
524 280
69 243
320 282
425 326
899 509
785 282
248 650
903 482
723 423
414 132
149 985
383 570
435 312
635 955
207 426
12 951
588 954
354 642
535 3
629 484
811 320
685 444
674 40
970 158
253 564
532 91
901 704
507 363
435 854
834 238
807 641
925 778
488 49
23 223
61 782
814 267
929 650
521 964
527 384
25 339
355 34
158 868
881 605
6 787
397 202
909 963
920 786
44 235
195 797
383 439
117 695
927 993
171 227
534 537
528 277
103 325
928 7
987 115
779 715
158 869
528 883
207 406
501 275
728 970
857 774
398 836
672 58
18 36
883 854
430 532
329 614
850 247
366 924
907 57
732 294
736 113
962 422
665 61
841 339
323 464
60 702
584 698
687 460
256 220
534 138
426 699
115 823
756 749
288 954
892 620
416 709
791 489
26 336
241 683
696 811
54 847
302 223
841 361
362 274
184 918
390 878
750 183
819 900
538 233
473 548
807 343
585 135
731 589
109 418
91 524
349 454
184 963
333 752
653 101
879 846
234 491
757 682
469 297
482 494
469 455
52 37
755 262
68 89
740 502
758 15
757 847
435 245
732 857
794 661
426 645
25 194
772 146
169 138
519 527
843 236
43 102
591 806
422 467
422 481
106 734
394 970
182 369
969 877
847 421
757 746
55 437
881 575
44 407
520 688
68 859
325 888
216 541
517 107
729 314
383 642
511 6
581 644
243 769
640 179
19 452
539 258
986 209
644 36
454 346
702 691
951 257
728 445
528 882
420 282
96 528
829 791
114 90
133 652
98 608
672 404
151 433
894 580
442 264
601 361
388 744
250 453
305 840
709 123
545 690
468 490
896 553
635 893
229 44
603 949
784 596
6 947
520 648
568 511
659 829
321 86
571 512
294 987
440 723
706 307
562 48
171 87
932 91
823 548
176 172
260 657
361 27
253 142
662 975
739 334
188 982
518 812
838 304
425 579
33 675
650 962
638 986
84 263
386 982
430 394
64 173
278 179
228 627
678 817
722 515
222 400
729 825
47 351
191 972
978 523
816 115
739 49
250 629
315 917
901 660
121 371
792 700
567 73
7 308
592 122
36 329
146 107
579 567
974 765
605 302
554 24
753 316
267 488
96 689
948 527
497 567
818 979
706 724
529 189
192 324
465 443
455 217
449 626
266 754
453 910
308 256
582 468
872 737
708 163
424 769
736 474
25 460
512 802
873 338
27 16
318 849
878 37
493 245
483 926
559 650
986 523
242 98
856 601
117 286
15 349
48 785
912 1
742 999
349 274
119 347
238 109
202 798
604 930
520 645
867 290
123 893
133 229
72 584
66 141
883 332
550 679
816 108
133 565
990 859
54 258
834 60
920 973
421 443
424 827
121 110
947 340
540 756
640 749
261 391
734 277
623 611
626 475
796 278
984 880
854 116
371 49
365 876
895 952
567 473
708 968
337 614
90 222
193 460
77 179
614 805
513 622
743 385
384 666
323 989
497 538
414 116
203 330
340 870
984 775
261 294
81 874
327 49
134 555
953 885
999 666
150 141
550 101
683 426
166 325
564 727
846 456
318 572
518 838
217 394
294 56
976 612
255 146
142 347
565 476
226 914
719 876
263 220
663 770
302 134
262 155
853 540
428 690
824 194
290 326
343 41
804 238
407 389
824 256
74 220
888 568
564 454
397 284
506 674
298 135
652 654
443 565
739 893
62 296
393 434
763 852
895 666
415 564
757 847
436 600
449 14
108 70
632 371
386 638
589 300
20 709
722 157
395 512
81 975
556 206
912 272
563 2
109 650
151 147
236 377
239 700
819 237
615 903
650 105
754 180
943 108
696 748
722 121
298 173
460 428
419 355
187 210
352 128
608 714
764 471
304 513
792 482
408 237
494 52
530 513
554 915
676 864
746 715
978 807
38 342
626 20
811 315
33 837
418 577
508 131
806 326
639 334
724 61
63 510
678 588
195 595
877 370
960 202
267 249
495 710
530 191
211 159
385 349
618 19
297 289
644 450
794 494
680 782
386 343
674 698
449 566
730 592
512 328
350 362
491 891
826 94
498 218
151 814
101 983
573 939
578 202
819 172
841 113
249 530
127 434
477 97
425 25
468 282
758 647
15 676
863 825
926 124
676 486
94 486
813 377
375 4
19 177
791 441
390 118
716 622
723 235
268 202
528 996
915 471
348 70
861 5
396 158
932 337
452 151
385 617
825 98
516 158
97 530
644 481
46 422
606 532
268 761
356 748
321 256
56 915
966 432
999 813
514 30
567 393
867 18
462 590
341 7
348 308
165 560
538 915
317 13
222 120
125 334
490 526
824 863
190 260
33 907
28 211
288 202
313 736
222 247
633 800
957 458
208 734
637 562
552 679
798 1
180 415
542 657
598 627
685 80
312 537
930 823
147 159
571 539
154 749
174 266
834 515
838 441
25 491
304 119
368 71
454 294
647 419
363 525
854 953
602 125
938 363
822 695
831 322
814 711
994 616
323 950
803 462
36 750
494 838
29 203
636 941
88 177
556 885
443 971
944 502
53 352
39 772
518 452
351 814
536 541
84 423
669 318
920 105
83 151
935 56
998 496
307 720
864 333
408 641
813 179
789 880
887 373
703 113
952 911
633 513
989 117
822 570
98 492
429 872
798 865
593 680
119 861
314 330
696 117
615 337
921 468
682 262
120 488
688 924
324 906
829 802
442 914
824 949
127 306
521 36
298 87
215 554
7 515
114 421
601 327
654 42
615 24
761 616
337 681
743 974
262 283
620 842
231 158
910 465
133 679
942 425
830 341
519 16
382 959
194 274
843 686
429 912
941 452
764 624
323 385
124 122
59 756
686 605
475 121
395 794
488 729
444 610
708 799
668 282
848 893
28 510
652 937
318 970
978 315
553 984
527 626
990 228
835 66
663 469
737 266
898 904
514 276
731 149
992 137
816 525
936 598
21 647
196 790
405 67
487 762
971 935
479 617
917 219
70 814
403 647
22 481
142 295
761 913
645 625
80 746
454 163
146 862
252 40
523 297
990 164
381 5
359 350
548 406
300 500
943 149
734 860
619 347
892 251
749 716
492 46
437 552
416 113
248 461
1 751
929 445
185 910
959 852
632 259
867 216
688 657
377 866
287 935
768 397
313 320
480 455
335 996
20 340
607 167
340 595
358 470
285 46
576 576
911 886
404 824
63 833
571 762
880 661
412 338
96 808
62 676
735 160
801 567
581 841
509 362
604 359
404 550
638 646
495 871
709 594
374 706
623 17
74 294
467 243
992 765
368 606
198 457
358 702
213 823
807 44
876 16
255 651
736 318
672 763
617 114
198 877
610 506
119 119
51 604
872 411
670 297
767 302
524 882
613 512
794 629
821 922
277 682
31 518
781 328
610 341
294 816
82 961
827 700
877 213
720 526
38 316
381 582
870 722
987 713
376 212
559 578
876 958
850 343
80 265
981 840
927 984
398 816
766 826
322 211
651 999
738 33
719 837
53 344
311 497
227 163
424 904
554 265
88 73
159 195
756 156
449 485
122 899
10 78
864 692
514 208
147 933
883 311
820 16
519 920
332 807
320 932
411 398
706 550
307 868
781 213
136 13
16 44
306 287
644 224
944 501
861 478
686 161
314 968
475 526
357 702
144 918
746 507
414 61
364 194
210 438
845 951
635 15
661 865
724 34
554 766
676 317
497 528
427 630
229 163
746 634
874 631
68 848
514 482
971 87
457 30
586 194
206 49
66 131
788 960
741 86
391 640
937 399
124 988
774 265
334 482
284 692
793 158
447 167
438 60
915 253
681 258
760 817
753 931
757 797
82 521
342 496
156 554
801 283
658 549
505 534
419 587
306 943
127 729
296 537
329 755
535 375
760 532
448 556
350 392
204 332
427 898
879 5
96 602
36 603
872 106
68 676
899 197
224 547
263 840
428 227
523 153
756 214
17 971
914 340
526 378
817 318
399 285
743 406
188 530
469 77
204 763
96 458
139 483
550 275
264 71
834 898
286 67
130 757
769 38
945 754
773 20
877 684
840 390
271 182
214 942
101 750
834 903
918 151
344 694
852 834
936 431
185 32
295 915
935 6
909 316
948 152
39 501
169 165
484 385
315 166
682 154
888 29
881 899
216 911
568 672
233 857
47 198
413 656
196 284
38 93
342 975
147 81
863 69
806 84
884 554
207 934
392 426
945 365
310 221
553 368
969 828
871 721
838 68
69 312
542 108
14 957
208 537
910 663
87 694
986 579
361 711
962 30
803 766
237 72
859 824
312 844
305 874
526 810
415 421
384 512
762 638
769 485
142 762
222 526
540 322
129 39
557 355
732 393
686 42
855 43
29 456
622 779
886 206
457 87
580 850
296 720
927 158
824 643
997 619
818 705
261 195
635 215
916 438
564 554
487 632
530 237
517 301
33 4
406 306
373 838
20 726
886 777
687 177
819 705
51 811
751 401
664 619
241 707
768 427
906 582
764 798
924 978
786 434
930 496
980 419
314 132
282 627
231 465
476 469
313 478
481 44
194 607
516 856
446 964
966 935
507 183
525 296
576 345
367 159
905 834
757 541
605 659
772 639
28 749
327 654
948 779
549 806
245 395
653 20
708 530
612 726
203 260
14 866
903 694
575 406
466 837
14 305
88 111
728 711
879 534
955 69
276 894
769 101
108 35
770 850
898 275
323 982
376 357
418 474
777 609
80 77
984 361
359 558
821 633
302 463
938 732
731 115
118 15
153 288
246 293
96 399
51 672
870 261
533 569
701 267
345 90
570 693
937 680
913 915
975 658
327 115
642 201
672 876
176 126
718 885
307 657
971 741
307 803
704 635
303 207
786 343
621 872
470 502
680 339
427 174
861 586
769 810
689 967
524 92
493 783
892 334
336 718
838 787
504 561
298 443
53 980
330 393
471 720
599 815
991 425
428 992
817 173
738 425
931 985
966 311
280 462
535 321
135 542
815 716
293 684
647 608
983 903
927 897
422 845
516 363
531 566
760 242
744 44
75 279
923 709
854 80
305 991
609 532
692 724
808 911
329 216
341 177
780 158
547 163
32 301
9 42
443 268
408 420
406 177
326 209
449 520
975 55
796 608
604 523
172 995
9 226
4 860
724 188
429 199
771 455
299 130
828 993
813 836
824 57
662 857
779 665
789 329
316 289
804 516
733 169
586 412
798 426
473 972
253 360
481 721
947 715
541 571
602 571
802 202
174 27
719 835
771 781
764 367
604 238
946 324
851 937
118 131
271 345
59 956
387 366
382 307
239 63
662 767
882 462
741 813
491 343
85 871
764 647
442 819
846 539
606 41
566 712
50 273
680 403
621 162
851 297
367 237
441 130
584 24
634 158
730 563
24 391
932 336
845 782
856 693
628 652
794 387
436 300
474 957
681 551
19 607
54 633
611 151
211 120
942 608
450 538
710 422
412 413
372 878
298 416
413 128
112 742
642 351
953 736
731 791
748 518
416 609
803 597
50 298
224 313
912 622
606 667
882 615
456 633
221 737
661 124
642 320
269 151
169 812
810 760
471 378
310 618
665 265
362 430
195 74
934 899
831 610
106 578
866 403
24 961
344 268
516 703
116 652
449 537
968 434
231 734
302 384
220 75
750 389
105 373
707 47
905 914
144 87
837 516
872 155
756 730
616 977
992 308
204 381
860 151
728 592
277 995
276 530
512 582
387 210
608 978
485 566
558 111
428 119
465 534
784 327
273 994
401 730
485 29
832 913
470 735
620 978
802 150
612 950
586 260
815 909
615 179
821 192
167 729
546 979
96 232
128 479
743 13
159 759
969 826
739 920
941 442
179 445
75 94
713 542
529 276
345 683
211 117
22 161
622 125
111 178
106 424
913 132
597 973
686 53
417 641
246 283
478 196
311 54
258 38
62 520
782 570
557 625
922 758
471 530
642 121
388 733
96 712
536 856
211 737
347 469
335 222
565 602
790 685
359 916
333 710
332 794
757 748
509 792
344 768
816 978
780 754
314 662
145 662
301 108
41 77
275 165
148 70
911 93
538 270
182 163
347 815
534 12
90 730
784 573
980 147
520 202
331 683
895 39
454 930
986 611
134 578
932 212
359 390
938 601
264 618
273 548
421 380
336 566
196 55
999 813
556 764
570 855
264 39
754 450
687 854
710 690
617 634
773 330
873 480
470 436
497 336
910 997
497 688
781 724
866 90
779 736
235 376
752 811
151 183
317 703
370 547
484 758
520 546
194 957
581 507
952 880
442 147
29 171
879 97
609 299
801 696
204 472
108 132
230 427
654 908
441 983
792 560
711 355
544 590
419 963
43 881
309 660
47 182
879 696
122 282
549 370
418 816
357 771
842 995
932 596
236 989
278 3
902 748
779 539
310 590
561 33
897 886
638 907
350 626
186 569
996 231
911 485
716 541
107 551
803 357
529 84
150 99
333 270
715 639
413 542
335 889
858 406
360 495
670 743
127 277
841 537
702 829
750 243
723 325
10 428
548 425
42 491
44 996
802 105
458 658
773 770
582 494
610 526
184 112
513 40
83 583
211 130
269 381
742 543
959 185
113 452
891 701
827 804
152 413
54 924
10 994
92 14
996 294
565 128
595 506
642 805
41 603
792 554
100 856
75 256
933 608
889 151
923 392
814 41
210 120
263 209
452 778
878 85
851 722
472 306
929 303
526 788
797 737
625 578
590 406
796 988
95 590
566 639
225 232
381 91
988 839
518 340
388 263
666 383
658 782
251 961
311 711
644 843
204 967
537 737
192 125
979 505
659 637
125 18
267 338
58 607
457 502
741 992
352 667
512 470
176 880
815 927
159 326
407 534
674 718
251 613
402 370
870 372
104 882
398 958
327 883
684 102
38 131
229 394
448 565
61 740
989 991
373 615
679 681
442 782
349 774
617 552
874 214
117 447
173 571
294 190
937 376
506 118
162 519
748 997
601 306
161 217
798 659
723 592
152 921
253 410
410 413
409 456
161 239
83 176
698 175
870 723
587 89
969 70
495 937
565 329
33 649
859 705
331 395
287 239
918 898
437 895
550 529
702 277
303 511
62 695
663 667
820 88
836 221
520 586
995 948
41 949
593 527
461 953
836 554
379 352
423 928
858 122
66 823
704 226
68 788
911 528
819 492
129 587
472 319
604 231
990 50
298 166
880 220
779 847
402 598
738 532
804 155
315 956
647 887
742 887
632 434
646 578
122 670
94 507
147 827
728 955
619 767
491 51
920 890
706 937
399 994
486 988
708 752
353 37
386 808
933 682
579 113
69 136
732 505
453 540
833 760
4 575
980 750
797 553
491 963
302 90
385 313
468 421
341 889
956 951
548 900
94 156
860 300
756 276
841 682
57 317
713 613
288 394
994 637
151 787
537 281
773 304
397 251
781 669
769 469
7 213
72 427
726 20
982 341
34 325
578 71
641 252
60 484
192 605
248 935
739 608
778 490
941 977
494 321
834 485
62 166
650 45
555 352
355 585
223 764
377 177
730 796
722 800
836 942
733 699
534 92
787 979
356 648
794 844
956 800
222 63
696 235
764 524
448 903
326 995
829 488
95 232
816 474
42 880
700 330
111 411
214 738
687 102
11 322
691 941
828 334
691 656
424 378
941 538
83 173
674 62
903 506
743 351
753 970
722 732
755 154
893 687
542 452
129 628
872 263
772 206
190 608
511 751
319 756
331 401
33 704
275 818
885 350
599 286
848 276
638 279
882 625
711 628
195 534
581 875
616 300
634 541
28 811
93 420
165 26
280 949
870 306
898 804
605 348
185 112
901 282
371 386
518 565
711 858
99 891
293 48
762 447
465 691
642 988
218 687
399 795
452 486
28 562
58 735
537 626
223 924
263 296
404 235
99 281
7 104
179 295
640 260
541 443
195 752
68 331
744 917
253 24
597 830
804 75
116 257
139 143
658 368
542 761
373 449
214 853
333 398
917 689
112 835
752 559
127 104
975 280
759 774
980 610
568 598
658 243
905 942
345 855
347 717
462 721
54 704
312 638
341 898
755 203
478 523
875 984
27 286
149 163
461 400
334 280
811 984
840 523
706 300
747 268
23 809
793 467
171 16
942 414
426 841
707 890
149 430
487 487
165 935
235 779
287 608
26 907
920 893
46 696
351 287
290 563
414 376
535 819
264 702
885 498
879 102
155 554
291 970
430 618
169 739
178 858
153 471
900 359
991 61
791 221
492 616
65 521
608 24
835 326
125 655
537 640
532 169
81 403
964 712
17 413
788 183
255 538
887 128
574 576
621 648
180 652
644 752
209 180
217 31
307 559
198 44
197 268
456 483
599 666
301 303
58 876
310 628
906 864
782 893
967 66
440 949
800 263
590 361
604 307
921 838
278 908
911 19
46 883
675 214
960 232
863 485
77 136
668 221
774 577
442 749
885 211
281 504
8 815
979 716
439 612
840 204
461 920
340 305
22 374
739 52
385 676
463 924
525 845
382 993
951 280
208 879
319 971
941 382
468 426
694 797
881 643
835 339
825 966
68 684
347 978
339 836
200 896
758 349
473 134
966 84
590 639
298 331
700 614
14 962
550 782
328 77
56 623
19 923
755 323
268 431
525 112
46 209
565 355
605 673
647 275
525 238
328 640
710 405
271 240
472 21
318 295
458 1
398 850
155 687
622 428
594 382
825 755
87 211
872 554
198 763
649 121
384 330
332 90
769 565
85 615
221 126
353 200
777 431
322 828
265 694
425 210
280 87
446 775
235 489
132 803
971 110
104 525
116 329
726 164
652 57
140 360
622 927
915 989
302 269
904 790
476 18
986 323
71 878
685 316
129 101
199 810
310 363
816 679
495 316
486 210
985 589
689 265
830 70
191 325
838 803
58 261
725 814
354 314
165 998
854 256
75 849
162 26
745 523
401 282
71 912
785 206
735 267
941 290
888 905
666 804
19 344
316 374
966 644
621 872
760 526
529 627
84 205
793 518
952 277
588 53
21 402
531 206
657 631
862 973
819 223
908 548
588 768
359 541
992 274
823 105
69 478
942 904
309 966
337 736
258 978
149 881
421 224
45 870
679 508
434 64
21 654
167 248
66 773
243 218
935 391
207 751
702 736
671 302
974 520
965 656
31 458
47 775
296 940
626 643
111 527
792 501
240 501
248 778
24 764
226 718
402 452
312 179
720 843
837 105
289 326
430 521
60 869
711 341
209 166
764 491
950 960
401 980
667 609
835 724
417 84
508 460
504 19
426 107
183 423
554 974
738 109
577 297
618 159
918 800
403 672
656 195
881 39
396 137
834 71
629 722
424 715
748 770
198 123
443 451
668 766
839 7
945 687
50 118
237 780
14 506
347 228
438 307
644 492
600 821
752 564
67 102
619 392
693 371
974 190
113 187
186 918
995 389
955 593
331 598
359 506
602 423
259 673
785 499
685 114
190 438
872 584
686 555
261 682
79 747
472 177
530 932
568 417
952 82
470 951
112 121
862 671
841 598
416 502
425 650
589 228
198 470
372 300
373 255
194 338
895 641
646 993
65 740
204 599
548 672
268 924
68 329
569 257
987 33
598 853
17 144
327 937
968 828
119 597
515 66
814 989
266 968
567 428
329 332
771 818
611 337
543 386
717 586
681 725
258 211
307 173
40 305
605 268
585 466
328 356
561 478
422 982
684 170
345 970
242 593
846 798
291 560
590 41
748 648
920 944
120 973
370 41
878 838
901 265
487 571
932 193
267 434
242 858
807 434
796 977
249 16
794 621
996 617
314 585
559 742
214 453
959 34
670 979
790 946
606 988
133 116
405 717
736 286
435 668
992 40
948 898
476 9
885 241
123 975
374 588
497 977
166 542
655 868
347 360
38 456
372 764
992 759
221 16
641 608
799 58
67 398
967 709
666 351
761 767
430 107
693 378
755 614
267 725
406 305
766 291
465 374
736 238
881 341
673 479
887 438
796 479
735 820
20 367
539 720
805 346
813 764
16 235
430 285
622 899
31 242
338 325
684 595
185 681
524 322
558 262
933 300
790 769
437 78
263 553
21 169
408 483
600 492
465 2
902 188
797 676
911 437
8 258
558 203
459 381
50 629
458 649
590 645
560 424
326 934
130 885
349 70
751 811
319 353
52 397
452 844
303 16
834 50
484 529
298 576
265 716
693 245
532 107
362 395
158 587
609 670
770 499
248 322
438 290
801 476
394 596
836 578
795 556
971 541
257 472
828 175
226 530
820 292
98 86
736 568
889 346
989 546
286 781
626 264
938 286
728 51
334 718
569 327
461 470
970 567
940 962
995 553
737 90
331 517
339 294
203 718
988 754
234 2
142 449
421 899
323 622
110 156
450 635
911 178
217 594
688 477
125 154
719 823
780 954
780 83
642 955
633 496
442 165
113 770
754 237
554 721
401 19
528 743
881 217
983 946
92 433
601 287
785 202
91 875
950 825
346 170
324 806
292 248
220 517
227 712
100 93
291 946
295 63
839 551
603 470
895 84
876 662
612 300
230 662
510 343
894 182
579 283
162 613
912 376
233 684
180 91
235 524
122 835
416 662
988 149
761 7
502 808
68 378
222 771
438 894
42 940
815 949
112 974
928 496
268 888
345 101
302 154
528 543
173 124
520 522
631 372
241 29
283 346
337 580
526 180
54 911
314 29
277 796
428 105
17 278
248 357
104 883
931 884
497 300
90 708
667 859
387 62
549 461
233 404
974 910
82 257
3 504
473 460
595 660
278 626
214 687
579 441
524 534
632 523
983 247
594 650
666 371
616 233
797 481
958 580
994 990
745 89
674 961
930 795
386 388
88 319
676 714
315 990
800 381
78 386
465 556
171 525
475 117
381 878
555 401
365 247
977 698
707 794
133 875
585 727
175 788
267 707
781 614
322 721
648 335
100 369
353 748
25 445
536 615
138 427
556 597
631 508
93 40
372 667
581 319
278 530
722 45
318 948
161 471
880 465
802 481
696 440
806 525
641 922
913 815
771 443
64 546
234 797
129 558
543 410
932 450
376 793
229 675
789 607
863 105
157 446
57 435
557 305
419 855
781 313
432 75
818 788
832 414
913 749
265 280
691 387
799 606
641 603
677 96
79 541
819 806
47 690
591 27
753 966
139 436
380 695
553 717
98 271
900 316
713 655
409 890
396 405
740 17
24 620
922 872
638 469
697 359
895 317
915 856
734 105
916 558
731 639
92 209
308 340
766 636
498 923
397 102
831 875
856 803
545 124
657 682
51 262
390 329
386 404
917 78
35 391
595 853
83 723
635 238
923 964
605 845
747 439
583 100
474 921
360 297
824 611
574 553
36 448
535 696
101 412
301 545
816 505
918 876
393 475
511 846
200 523
795 102
264 68
345 98
738 978
355 334
829 199
926 285
205 230
979 668
714 662
456 930
540 618
140 757
234 352
815 689
353 437
535 683
853 426
267 816
444 960
30 924
872 328
309 954
308 495
947 234
920 894
281 912
193 814
991 149
122 25
8 414
677 881
336 90
233 560
191 704
305 636
458 199
301 574
696 277
887 702
52 545
314 688
389 198
363 585
872 71
153 59
583 312
978 264
341 706
735 55
690 876
395 641
41 948
354 895
315 448
905 910
487 907
316 558
246 97
559 129
787 906
355 523
138 706
154 549
553 876
744 873
521 579
610 808
273 541
655 473
332 783
969 694
805 680
840 991
501 333
272 521
481 440
939 392
538 800
626 160
22 805
839 667
870 484
976 614
513 6
176 981
251 278
813 564
667 53
49 831
665 292
342 358
407 340
861 95
656 775
107 305
782 867
630 131
283 856
606 327
930 806
839 698
403 739
423 928
454 247
285 417
923 291
467 670
763 115
506 35
617 193
488 686
819 591
978 439
706 650
832 457
617 3
932 155
985 219
920 370
795 119
776 185
623 884
709 614
391 757
780 486
927 462
298 865
580 427
648 168
635 52
844 669
423 236
94 572
210 858
958 909
501 871
550 384
814 343
594 414
699 894
65 290
313 745
757 354
372 895
793 988
292 592
729 705
613 505
456 613
617 620
280 642
249 211
348 256
707 843
560 93
927 77
607 368
34 675
148 785
362 570
736 296
252 110
322 594
401 133
35 488
952 896
10 776
356 836
339 155
60 761
308 611
950 672
822 298
797 838
36 254
360 246
488 444
442 153
274 707
45 406
664 858
813 373
183 307
459 575
886 830
240 389
642 372
543 641
35 89
331 87
170 921
600 223
299 822
408 722
59 553
906 647
200 984
498 903
784 230
240 225
324 605
281 585
825 295
585 656
717 504
695 307
162 198
971 664
96 947
216 69
273 629
137 941
374 728
949 864
344 554
903 78
337 839
877 306
211 71
142 344
61 725
871 201
156 925
293 435
454 836
663 533
29 578
475 299
130 797
905 734
234 767
903 112
687 632
328 126
382 178
907 973
70 580
531 294
637 66
306 902
720 793
845 910
445 823
684 15
23 345
637 617
939 644
211 774
161 890
329 628
622 348
498 673
671 158
701 963
644 777
278 16
245 583
768 143
666 395
131 234
114 182
136 158
373 454
103 796
501 53
875 151
753 777
346 90
797 269
939 587
622 917
530 848
201 494
80 187
625 822
564 438
561 144
154 253
933 701
23 453
264 722
13 301
806 991
406 744
985 76
787 314
143 826
943 222
868 499
294 674
742 427
978 474
384 181
610 350
279 834
367 265
621 532
231 724
323 378
172 749
144 512
757 857
69 720
640 196
613 415
128 321
111 316
828 390
512 469
91 248
692 440
988 142
521 16
986 86
188 104
524 957
406 133
705 153
153 935
722 494
535 575
887 575
171 543
969 669
971 74
288 929
135 827
843 573
773 597
8 409
7 894
492 1
960 807
494 682
380 233
700 743
478 486
267 948
746 452
969 558
634 885
45 150
788 814
327 362
989 931
196 661
720 984
715 199
859 390
214 245
78 82
61 534
543 416
761 327
294 99
638 440
348 698
857 362
741 255
967 295
893 341
181 550
205 144
812 455
196 993
379 627
366 395
717 898
766 661
16 158
192 873
69 156
482 338
458 220
226 874
732 922
294 885
882 75
378 515
593 26
777 448
603 819
15 169
245 334
889 871
282 229
674 411
217 555
379 263
776 970
288 506
166 832
893 549
188 656
653 376
815 10
645 106
843 559
779 879
497 844
683 72
303 643
868 101
16 257
889 860
7 621
542 318
304 257
477 562
769 878
260 617
820 86
960 200
670 447
648 445
749 62
134 853
137 472
392 574
980 943
154 573
878 57
304 367
480 399
721 505
212 922
865 697
837 964
781 926
488 840
437 831
468 304
93 311
807 57
879 94
474 573
286 187
583 966
99 981
605 67
157 371
875 635
784 290
652 839
589 376
160 412
100 239
566 234
957 50
835 691
936 226
615 723
23 10
236 734
591 219
384 662
970 251
410 243
469 147
49 786
18 453
889 258
773 456
607 923
186 859
752 197
9 4
705 140
150 329
754 868
424 580
916 335
659 135
278 265
578 208
73 864
559 119
846 699
323 465
683 228
161 290
185 786
870 695
659 208
940 380
371 577
765 217
78 407
162 378
5 275
790 615
345 492
358 897
387 279
729 108
358 171
674 481
514 815
277 99
789 18
726 439
357 591
524 739
447 745
901 1
809 838
595 864
199 928
153 471
765 49
133 109
93 312
419 707
818 839
690 258
788 292
864 458
949 409
790 308
531 246
191 802
81 942
203 133
82 590
794 717
690 30
436 283
959 877
828 235
285 152
796 265
88 734
499 571
803 794
524 306
922 435
186 51
128 470
305 292
278 594
189 660
911 574
859 384
241 265
828 912
318 754
412 101
808 862
386 613
254 758
906 782
250 855
569 645
11 561
771 982
11 97
947 652
612 885
769 73
796 287
68 660
306 636
830 846
729 927
54 31
738 590
497 966
384 982
74 66
178 284
856 994
862 764
51 143
949 679
419 857
809 101
950 419
539 348
300 537
977 267
278 49
128 953
50 972
179 89
8 161
955 383
191 559
740 59
927 116
915 824
18 422
779 562
900 725
65 220
355 386
99 295
720 684
764 301
89 926
661 294
418 179
625 368
21 832
300 212
978 162
748 548
126 806
68 371
958 273
502 528
125 810
983 151
246 775
596 923
859 90
945 385
277 996
85 246
445 707
854 900
772 777
477 46
143 982
305 62
367 327
387 885
741 469
50 521
56 532
988 589
255 757
571 896
933 13
160 432
194 302
205 356
131 556
233 929
75 168
219 103
785 109
589 959
29 624
832 495
331 703
833 608
684 952
218 238
14 813
900 637
637 462
1 733
537 295
49 889
900 88
525 686
604 301
606 155
845 457
624 604
522 79
383 68
949 704
195 873
368 112
795 431
101 880
925 40
806 413
967 616
460 595
166 331
16 974
502 703
917 293
152 737
888 57
838 890
591 339
208 681
33 171
534 881
115 969
538 769
114 574
553 180
436 673
559 232
464 659
991 292
65 501
492 157
383 27
705 338
928 515
345 788
804 869
602 839
824 330
471 61
702 899
661 657
732 687
314 941
142 378
913 521
646 518
