5500 7000
315 348
570 182
664 596
467 812
585 963
216 281
966 975
697 619
714 28
854 336
624 258
41 970
197 226
802 888
115 967
474 890
812 34
724 208
717 251
639 112
773 933
197 532
199 888
837 54
289 411
278 609
725 852
87 421
85 438
269 660
360 671
585 199
516 32
884 450
344 322
764 586
321 677
441 220
509 783
781 682
852 724
11 159
251 92
266 262
536 597
50 964
690 439
375 661
478 332
327 242
799 69
407 805
634 794
986 504
830 40
868 536
68 701
786 326
598 599
239 84
701 989
64 178
491 916
394 55
745 956
811 559
521 359
490 315
403 58
235 128
666 420
922 890
768 480
533 35
95 653
125 581
312 625
574 854
185 233
508 743
165 508
52 864
360 177
205 456
475 157
303 873
860 651
391 980
793 477
373 239
883 66
774 60
473 56
222 435
394 879
951 533
328 819
437 546
128 529
246 504
759 425
860 9
84 825
480 709
520 350
155 114
999 243
915 784
840 624
913 843
157 827
454 923
337 715
78 426
6 66
362 395
760 225
676 522
53 883
901 301
775 297
522 348
169 310
186 993
19 375
993 807
309 950
393 464
550 961
878 767
331 283
193 665
594 106
2 799
538 524
333 352
628 64
934 546
709 74
749 486
663 428
722 654
366 230
393 513
418 93
58 699
658 917
269 437
596 933
94 23
777 964
657 193
115 458
51 124
859 710
532 585
217 975
387 260
914 125
114 939
717 967
510 909
237 394
139 911
76 38
916 169
956 973
442 64
880 749
180 483
872 893
197 534
109 285
205 916
26 426
582 647
913 767
456 488
509 936
473 775
764 315
842 966
262 820
746 204
974 141
46 598
822 160
392 347
581 654
245 634
402 263
751 187
327 659
325 686
867 949
41 90
909 441
58 628
397 883
457 551
630 254
945 891
3 929
810 84
267 969
274 143
798 26
73 940
508 343
673 788
787 729
145 366
745 163
93 878
344 820
40 697
642 411
964 64
602 221
80 958
124 167
352 411
995 472
275 575
715 951
993 421
534 860
88 230
668 693
727 453
426 407
418 221
280 716
930 854
483 584
88 507
997 695
26 907
601 990
276 747
554 842
76 806
465 970
840 445
110 471
597 96
175 736
906 835
649 729
590 278
714 379
610 410
25 272
809 492
752 156
99 773
202 776
425 454
503 219
890 623
165 344
556 240
447 574
856 986
506 816
562 618
41 537
735 689
805 312
793 656
929 618
206 687
623 833
204 358
68 814
501 486
643 909
321 75
25 872
554 681
970 394
651 283
379 783
333 735
971 259
6 246
116 780
531 575
927 428
550 809
139 105
406 719
383 716
336 314
930 800
903 163
572 162
289 673
506 592
649 239
186 71
35 980
126 137
1 199
12 469
753 946
201 538
820 548
10 883
744 83
85 194
47 639
147 9
533 679
893 652
618 674
832 469
213 166
217 408
46 587
500 642
852 488
497 483
700 348
416 529
373 465
499 607
101 4
185 466
176 95
164 244
624 136
360 361
141 589
206 468
1 214
444 595
489 237
519 48
595 189
732 683
333 698
418 6
662 7
421 161
226 819
465 252
968 752
261 950
408 310
744 121
116 752
701 883
899 398
593 398
950 34
568 510
921 696
879 853
453 643
909 63
455 387
876 99
386 282
563 535
532 51
495 629
202 553
750 749
119 116
545 856
192 431
550 58
342 849
104 522
137 77
672 148
176 339
350 596
263 115
122 481
860 381
678 557
303 471
693 923
728 823
910 153
844 647
339 688
28 264
731 947
867 137
190 816
384 728
693 30
650 321
371 142
135 31
449 513
620 760
973 458
807 261
585 845
205 596
326 519
104 388
305 759
528 321
910 804
160 323
830 633
827 217
269 218
859 355
458 46
994 355
549 213
601 154
732 726
250 756
836 605
834 567
152 741
560 384
215 890
492 73
291 709
824 445
590 719
760 816
262 723
991 240
813 229
116 210
695 650
161 547
144 98
885 199
123 300
791 256
54 550
94 803
669 23
729 852
631 566
256 374
223 716
707 8
189 434
603 709
917 544
715 811
810 977
663 381
272 309
194 443
137 769
569 777
755 975
206 647
425 608
58 655
425 669
710 325
991 798
719 852
903 613
330 571
157 402
518 412
934 366
893 759
614 656
316 314
787 85
493 971
115 605
314 285
859 693
393 713
607 397
657 860
909 567
43 853
577 78
274 798
322 878
778 765
42 908
951 65
387 885
194 729
120 425
623 122
702 771
383 128
672 721
768 848
774 990
382 821
845 277
520 146
71 157
931 780
357 224
771 591
467 890
64 944
682 586
549 725
507 356
123 252
540 974
682 997
170 461
126 946
476 168
41 613
704 28
718 848
785 621
839 673
317 402
916 428
450 128
324 687
28 16
677 500
401 744
632 414
364 996
979 416
263 195
355 160
205 395
321 514
834 983
917 280
521 825
489 577
178 846
452 894
423 436
588 267
128 74
347 749
93 144
155 717
193 952
992 870
184 386
215 542
567 361
385 732
799 686
568 826
799 138
735 868
550 361
248 5
685 452
22 373
579 166
965 678
869 8
990 859
357 854
51 604
513 448
677 986
869 138
749 19
952 15
934 920
321 527
251 948
601 150
354 509
785 487
986 383
668 17
643 243
511 893
514 533
948 620
276 760
600 307
993 747
330 934
260 353
645 863
574 518
919 981
488 266
527 887
357 944
404 821
728 871
87 706
129 336
620 173
709 403
195 572
764 785
380 431
218 9
12 477
769 701
806 309
1 605
798 389
722 308
831 724
934 390
956 419
644 841
744 876
407 627
409 200
944 980
302 816
38 454
781 498
701 924
606 509
246 710
72 102
85 34
788 947
680 179
527 999
684 196
152 664
676 391
882 920
998 103
447 513
260 728
730 783
624 358
351 591
377 987
6 479
947 797
938 6
752 357
872 435
816 408
248 971
12 587
376 661
517 464
319 443
334 704
157 786
302 75
82 953
345 303
602 571
313 757
66 208
332 569
53 560
944 508
322 143
658 362
965 83
323 793
983 256
849 171
993 406
680 94
414 479
182 495
826 724
200 570
262 490
845 385
557 239
832 232
141 454
37 561
40 613
68 995
309 52
240 560
815 13
934 706
54 471
634 702
345 354
53 790
373 470
806 371
510 568
49 437
442 531
925 821
781 602
150 198
841 259
498 328
656 811
166 909
604 128
174 112
751 40
158 5
479 25
327 856
457 377
646 595
160 644
988 52
437 143
75 655
101 287
614 155
87 13
941 696
716 404
294 191
277 19
559 829
669 308
783 188
267 790
890 901
238 209
113 119
925 106
142 638
318 434
788 255
508 171
166 552
603 554
349 103
698 463
696 849
908 785
662 788
841 815
900 606
109 523
341 606
452 316
87 509
360 721
143 91
597 832
858 398
930 727
450 553
342 370
203 362
986 465
362 338
526 40
117 665
212 300
884 218
39 940
167 565
512 886
15 534
341 728
575 991
746 878
673 364
987 967
271 639
773 309
924 767
594 76
912 300
261 82
745 886
380 91
695 897
473 68
410 665
129 277
408 778
565 828
156 331
74 417
597 339
767 881
984 767
231 872
831 971
776 759
638 122
212 880
682 415
998 349
428 624
56 809
443 540
479 804
228 472
63 109
114 962
248 952
571 108
537 148
307 666
353 983
670 88
448 181
45 559
130 39
782 619
679 85
248 450
594 372
848 986
163 918
780 681
14 856
836 499
347 260
823 192
979 949
879 876
438 858
651 606
29 145
456 975
275 136
533 420
740 6
564 964
482 606
807 4
61 97
130 897
488 725
251 526
990 89
273 242
915 492
792 29
417 660
832 57
951 700
888 635
463 400
252 56
338 237
409 63
490 785
7 468
315 314
340 625
977 67
401 676
30 394
800 808
942 859
204 439
767 597
653 154
982 528
310 542
165 255
216 864
981 475
900 666
989 98
400 983
831 368
750 765
911 687
165 223
68 265
649 172
914 162
36 364
815 76
167 333
351 556
295 385
894 243
910 247
658 213
536 874
620 334
863 532
832 594
943 168
696 111
757 265
990 252
952 705
815 348
486 453
516 745
808 932
50 705
965 939
849 908
991 554
352 787
886 95
867 252
953 10
13 602
399 988
318 709
566 382
433 927
490 739
202 304
831 590
719 368
725 865
331 193
160 973
460 232
707 42
570 714
63 625
892 208
42 587
825 482
351 988
777 153
34 418
792 54
564 450
321 492
793 710
224 219
376 527
245 822
295 710
983 312
537 621
118 994
611 153
299 863
542 262
585 853
367 913
17 90
770 804
508 385
292 382
673 771
681 394
447 916
727 851
417 49
596 247
705 343
383 751
887 417
777 615
524 686
349 514
694 517
914 935
426 166
354 522
225 988
857 865
594 968
754 693
476 132
607 823
697 326
834 548
140 478
3 821
11 787
971 947
392 36
168 491
115 764
124 696
651 493
856 222
778 416
190 807
797 804
36 45
320 650
650 304
695 846
880 41
123 771
596 289
150 74
792 123
345 172
380 219
787 379
652 889
489 462
406 113
208 851
702 603
331 470
745 153
132 216
813 233
927 707
22 38
649 130
773 603
852 781
140 908
469 246
328 589
783 790
479 373
941 664
315 707
879 72
5 596
739 902
859 825
291 530
502 318
458 626
205 833
739 507
778 837
212 630
802 782
955 401
307 544
866 724
611 158
947 672
929 983
801 621
182 644
527 535
978 552
738 49
390 916
412 925
865 303
61 970
116 387
625 2
552 380
81 122
203 822
587 899
843 908
861 507
568 142
572 646
108 493
160 444
16 203
697 833
565 142
213 802
415 507
895 931
331 342
901 300
680 382
978 215
36 670
867 698
126 699
662 268
782 495
435 213
575 430
368 813
323 308
881 898
401 633
304 426
162 727
846 388
937 977
952 721
956 409
321 410
268 784
820 991
375 457
27 993
525 435
241 663
786 604
953 443
519 8
75 192
564 841
318 252
830 500
482 247
517 276
28 458
84 100
150 652
869 309
234 407
36 634
179 921
731 940
861 834
146 637
894 385
671 556
725 987
936 277
613 202
149 779
843 740
664 605
450 645
393 361
988 17
88 139
597 181
842 42
61 380
243 449
226 99
617 763
895 776
385 254
145 622
100 972
906 27
350 495
442 544
551 260
411 118
205 979
237 21
478 143
494 773
804 177
833 570
873 39
929 319
849 727
68 525
953 828
369 1
261 103
481 893
903 40
356 242
581 358
362 105
20 269
216 899
991 56
73 136
918 511
79 968
717 612
133 544
934 13
51 984
769 832
846 12
425 843
932 766
298 131
219 193
512 47
928 433
985 930
123 716
667 98
85 5
678 556
445 227
979 304
226 470
765 985
9 986
474 271
471 746
484 775
229 231
72 641
374 460
713 719
450 907
767 393
35 876
829 86
348 210
422 928
345 562
663 61
26 841
831 953
738 448
836 343
256 46
499 39
967 28
619 212
709 455
637 989
580 514
525 818
311 961
746 152
429 654
91 144
530 139
747 183
233 185
732 164
742 806
958 932
421 174
125 873
473 724
401 322
948 336
133 946
729 829
405 446
279 384
978 107
765 723
638 806
330 981
469 997
210 164
210 590
114 922
112 29
678 539
564 186
941 19
924 383
468 910
30 326
809 640
349 305
740 18
85 897
209 157
286 52
868 91
650 195
962 46
888 378
400 366
572 829
753 617
864 701
654 218
546 24
921 568
692 810
968 965
323 97
140 612
464 432
571 176
341 715
114 908
776 570
137 378
880 697
466 251
487 148
261 600
774 553
174 838
296 222
371 440
483 634
424 599
907 464
933 835
802 113
514 48
777 19
481 553
89 240
854 189
600 937
824 654
509 744
381 261
437 192
145 879
130 125
4 897
27 150
719 19
689 770
53 901
682 972
628 859
653 706
745 811
907 546
307 733
6 632
918 948
71 40
250 805
884 377
459 660
203 135
296 205
284 686
177 737
250 568
479 872
81 148
166 678
238 208
471 914
120 343
385 950
606 903
725 345
502 986
275 962
781 236
896 68
475 884
398 648
366 402
784 38
926 437
826 564
385 913
368 11
998 837
403 931
937 297
22 634
275 488
788 565
895 342
742 44
985 267
941 625
581 61
393 930
420 401
932 387
458 664
543 788
796 138
935 920
600 164
391 563
15 899
138 651
313 73
895 477
649 451
243 73
356 530
51 149
927 85
963 661
616 982
253 357
894 167
577 662
37 857
59 567
600 404
344 990
256 300
971 610
491 604
126 589
142 348
146 61
956 160
75 325
979 856
928 963
124 757
454 682
659 2
665 823
647 483
42 885
601 413
989 894
575 232
287 828
61 135
674 669
772 605
727 38
888 770
540 778
51 757
936 506
354 223
282 719
914 56
855 175
29 692
817 920
242 728
322 53
205 508
8 460
467 828
448 612
543 389
636 636
810 978
311 634
133 290
560 727
65 784
976 626
845 977
359 60
375 344
557 170
88 803
435 5
68 261
686 152
972 354
438 772
486 145
51 564
412 934
208 989
756 448
283 556
31 920
794 946
973 648
626 514
234 984
34 89
138 17
19 279
714 821
991 337
637 152
725 678
675 566
43 135
512 104
750 916
275 989
927 792
746 351
743 997
872 991
361 535
516 981
68 923
895 709
847 325
726 391
934 172
395 57
226 860
24 707
479 831
63 35
942 364
302 61
903 167
632 293
105 74
116 477
850 176
561 864
258 550
906 142
746 839
845 791
110 210
361 47
624 641
605 944
174 51
181 705
192 52
406 293
539 252
836 431
791 340
797 593
297 730
107 715
593 404
625 591
64 841
331 434
436 674
803 838
902 540
197 533
942 185
666 649
703 146
935 85
484 645
102 640
581 970
788 194
972 481
356 931
902 349
555 655
263 447
795 789
865 463
586 545
686 688
7 239
115 567
682 72
590 777
201 269
907 755
338 388
790 301
961 619
693 385
759 17
737 603
813 979
805 427
759 464
603 785
641 788
655 344
167 861
504 606
554 63
205 917
124 559
582 220
599 32
477 221
784 267
984 298
802 411
782 564
446 658
803 553
192 427
954 858
499 374
476 99
839 957
983 371
583 153
960 798
446 742
244 576
524 52
107 260
287 417
714 113
629 408
201 815
464 388
307 15
766 662
407 106
410 178
909 458
125 402
407 390
607 85
156 670
450 385
162 510
252 919
544 931
211 560
8 622
82 92
384 844
302 276
391 113
312 982
121 969
181 791
84 742
309 975
67 794
501 767
289 727
982 982
527 443
518 842
533 414
344 226
25 625
147 236
73 469
249 526
528 696
618 133
206 118
10 30
472 691
434 180
68 98
716 84
872 369
134 876
901 291
373 495
21 584
971 177
211 728
772 501
102 487
677 558
554 383
370 23
607 159
143 308
209 576
413 233
768 228
330 799
849 485
966 258
815 323
340 245
128 874
78 823
282 704
223 952
185 846
197 574
330 872
476 975
169 586
309 646
934 728
632 455
659 951
375 78
697 346
197 209
38 793
191 146
367 499
251 173
992 274
684 838
200 924
101 251
271 756
643 429
702 914
347 894
722 632
853 237
257 648
166 689
129 907
655 329
799 632
148 622
52 145
626 904
204 709
436 53
97 522
848 853
434 271
364 725
359 588
752 647
930 699
487 48
429 156
321 881
74 198
168 861
723 306
481 157
484 711
432 833
764 47
672 384
290 82
901 325
901 143
71 740
943 473
323 337
319 142
551 73
895 845
354 962
770 700
483 124
275 209
551 158
535 152
234 611
401 263
716 78
892 579
904 91
467 658
487 956
435 656
755 955
631 536
763 337
192 872
463 701
154 438
371 260
950 898
291 979
564 11
984 734
817 247
705 417
302 7
947 216
64 793
322 990
79 852
224 226
54 173
867 289
483 816
745 947
859 692
918 30
49 713
201 446
188 758
831 148
586 566
618 107
194 617
113 716
522 934
601 602
220 285
351 942
583 569
640 238
347 263
81 182
681 590
858 204
636 319
127 186
986 390
606 466
910 206
906 573
643 549
141 796
792 545
510 885
39 432
213 128
316 541
361 141
471 725
94 584
645 937
811 256
703 709
574 233
153 70
957 102
316 100
812 569
563 879
619 883
743 861
920 595
11 435
872 744
389 28
52 814
211 998
455 32
576 26
891 815
439 278
7 783
565 199
873 598
693 527
156 467
736 710
800 521
278 148
456 356
946 771
689 759
938 526
958 753
187 863
195 544
474 35
253 941
703 271
447 998
466 444
949 40
267 33
847 545
739 966
43 391
208 184
46 343
49 639
875 204
578 93
241 41
896 332
972 694
727 884
743 744
491 655
558 137
975 258
260 814
747 623
468 516
955 975
130 779
472 39
730 461
526 641
362 338
917 722
845 73
676 343
281 775
470 900
677 806
554 718
682 870
473 43
383 418
530 548
303 59
217 403
624 583
627 728
903 239
187 410
943 300
284 983
458 839
480 504
469 519
648 864
276 913
715 37
599 762
314 842
374 846
771 705
912 790
244 183
469 528
579 589
89 38
288 530
272 363
633 682
178 406
143 45
724 279
211 13
156 652
497 891
101 415
546 483
426 49
708 545
180 727
786 62
716 836
766 571
961 578
867 799
703 350
707 704
191 802
393 584
260 21
899 492
495 425
316 676
116 330
114 349
486 359
606 170
24 639
751 612
499 722
861 397
510 972
851 161
68 297
85 583
46 30
238 453
191 531
93 480
941 821
56 836
576 974
291 59
986 878
936 190
982 408
48 289
922 453
981 990
46 66
617 237
685 427
830 935
716 297
389 169
512 921
223 682
962 750
912 413
404 924
408 743
387 663
186 138
243 518
928 712
745 473
366 390
246 88
14 589
485 757
809 369
58 615
423 345
388 145
809 901
662 226
340 98
485 518
225 797
407 658
5 888
13 729
362 469
985 255
150 929
60 794
46 423
317 774
307 229
673 965
624 160
148 880
73 813
8 756
354 78
31 794
500 31
794 66
731 965
638 378
380 962
253 486
334 562
369 324
979 135
112 999
694 227
887 182
583 78
589 617
951 619
446 465
972 326
849 726
194 213
562 293
42 354
936 111
365 700
979 675
55 758
49 348
440 113
915 672
394 39
961 995
948 218
891 40
566 701
140 384
878 169
461 812
15 876
904 188
416 978
944 375
843 641
478 557
109 45
843 538
19 550
169 971
726 490
780 416
133 885
769 598
711 568
470 808
466 926
937 758
136 700
189 876
840 246
577 78
162 159
138 5
746 95
73 551
618 938
140 178
775 688
25 497
122 539
902 822
487 732
564 265
296 808
808 623
742 712
578 530
666 219
926 105
642 256
3 237
49 815
200 830
979 995
370 82
313 605
271 414
142 908
330 509
524 830
208 115
572 315
576 526
703 974
38 719
968 779
5 998
796 422
756 342
249 358
343 201
493 813
524 251
38 648
910 90
116 262
763 427
287 33
502 389
3 763
525 546
956 913
778 23
107 114
518 850
260 784
551 876
786 96
672 872
194 474
534 274
838 867
281 356
398 771
835 493
785 103
417 1
75 991
513 327
964 860
287 732
706 271
193 374
112 679
619 237
542 327
481 246
730 223
279 704
204 822
806 818
404 100
769 595
170 936
236 667
104 765
567 448
539 482
677 736
551 722
209 581
169 723
52 382
292 678
568 165
520 339
707 57
740 888
205 55
729 795
484 847
616 963
989 116
123 758
469 244
177 761
923 300
178 551
670 292
167 920
337 925
623 268
470 858
812 171
841 975
566 424
122 165
456 516
66 852
692 794
665 625
111 964
200 884
990 253
571 225
319 568
111 621
44 306
34 938
992 198
419 931
118 900
486 672
78 219
691 308
253 9
933 496
206 371
872 215
642 582
398 276
487 747
128 351
279 876
214 323
626 562
551 806
404 979
810 377
558 939
997 366
767 783
596 267
499 771
904 48
676 772
669 725
495 802
250 430
580 497
964 559
558 144
256 43
903 877
426 613
138 592
34 866
846 127
907 405
223 23
877 889
141 159
354 567
276 708
41 723
817 656
11 658
356 48
47 108
500 134
982 436
788 609
138 22
625 919
214 735
673 892
23 875
183 397
70 944
342 393
2 196
422 988
508 217
187 818
182 134
670 179
585 210
276 544
155 232
175 345
160 928
53 893
334 358
437 81
304 686
519 201
306 913
951 678
580 954
717 813
231 424
251 837
371 630
859 74
135 583
921 824
799 433
486 3
394 307
403 154
731 416
301 231
198 234
614 351
344 353
469 61
795 582
787 641
211 318
697 550
801 542
162 374
112 448
378 417
50 697
354 276
708 560
123 352
338 524
345 225
13 464
930 716
865 77
389 536
987 940
656 114
49 7
561 265
192 57
907 856
769 919
469 199
992 301
22 405
556 432
536 979
584 509
8 137
945 765
666 891
740 180
952 208
420 255
648 426
144 203
820 987
789 48
414 84
937 662
60 98
414 620
736 105
834 645
672 251
505 604
856 917
856 964
969 470
371 198
108 606
393 612
384 852
484 90
856 652
364 227
43 200
262 5
107 461
60 564
574 687
500 41
558 771
192 150
450 969
165 346
980 429
268 525
173 667
160 603
209 16
139 151
17 233
740 331
501 825
13 809
365 629
511 566
894 993
217 170
443 127
5 584
578 286
766 504
913 330
417 721
623 94
27 252
525 731
891 626
652 833
659 454
24 170
64 121
50 59
280 87
182 619
229 83
853 426
802 920
237 260
476 26
986 300
527 428
397 383
187 833
463 308
489 248
180 396
322 484
690 408
979 60
610 570
43 66
162 541
890 245
426 470
823 342
540 812
448 951
357 847
646 562
666 985
7 231
854 44
345 305
902 973
246 365
730 388
532 417
589 657
714 7
399 962
312 919
374 820
277 76
283 217
19 584
859 447
715 318
916 766
739 262
874 958
957 729
532 14
694 617
57 378
811 920
669 124
550 411
973 780
732 971
14 247
525 924
503 487
792 318
309 201
191 775
13 397
132 962
160 514
694 473
575 99
257 325
345 566
44 939
280 888
209 233
351 476
939 558
514 898
982 656
21 63
537 403
231 156
447 403
215 72
26 474
114 172
718 719
968 910
978 425
480 571
366 781
361 877
827 791
536 909
75 485
809 191
256 178
202 520
195 381
807 188
883 641
990 435
475 818
703 184
144 757
701 438
718 53
414 308
446 435
550 620
208 828
479 407
779 33
520 277
742 18
988 928
71 872
694 619
149 655
510 778
109 732
715 892
364 144
13 79
269 750
803 365
682 939
245 111
134 684
658 647
477 419
318 140
709 857
742 578
645 378
529 669
269 952
225 231
619 629
451 787
329 116
459 53
610 552
392 501
6 248
893 831
299 866
860 965
722 569
53 10
623 245
22 656
47 801
884 243
285 470
225 355
672 341
805 946
362 277
870 838
109 361
584 231
667 328
854 428
390 356
884 566
79 517
646 701
539 962
517 386
132 152
674 410
436 682
731 675
560 674
770 591
162 995
745 586
73 13
290 626
75 309
56 323
516 893
979 802
969 58
397 327
789 613
267 461
292 513
266 449
966 22
39 164
146 169
402 384
306 580
955 693
948 831
146 528
548 801
69 535
469 540
232 872
817 349
35 167
133 169
475 41
615 895
11 166
287 99
42 245
771 183
409 598
544 145
2 908
116 534
622 500
834 357
932 219
873 208
449 730
113 787
934 243
611 215
250 561
656 231
880 163
903 175
867 435
862 243
642 726
152 123
761 904
828 456
327 314
966 159
824 844
71 252
795 498
27 296
165 91
743 621
732 44
154 437
940 115
422 779
898 305
309 806
317 468
769 42
322 53
315 353
470 671
849 8
472 22
586 907
211 739
106 738
225 973
937 250
782 273
782 636
235 354
930 649
455 649
244 596
294 735
576 825
458 295
940 189
449 143
618 286
992 593
832 184
508 223
789 23
743 491
498 365
526 952
544 96
405 263
463 565
931 417
603 454
987 285
385 960
300 144
588 507
671 302
422 749
674 546
419 862
110 899
533 906
394 576
876 963
739 268
273 433
556 381
734 609
621 774
517 591
895 587
700 692
840 454
513 575
770 158
18 625
619 901
221 343
362 435
635 440
870 953
755 632
838 368
999 607
816 757
684 874
913 777
713 25
392 661
347 692
732 410
25 445
637 729
945 185
597 749
913 95
669 138
227 467
810 231
999 349
722 901
550 692
413 994
818 400
1 505
540 247
656 235
319 329
772 674
187 221
390 456
614 502
124 461
23 680
149 72
619 332
295 735
203 472
290 550
640 782
721 44
382 58
179 682
681 497
219 579
66 234
672 191
44 46
572 216
740 537
142 526
586 426
943 692
854 144
909 41
719 358
318 952
458 731
736 180
621 632
522 561
755 599
478 951
909 177
791 56
608 371
347 422
380 710
202 770
425 891
788 549
579 707
778 835
98 677
568 782
595 143
776 595
713 767
806 431
464 156
997 673
605 875
429 690
712 550
420 648
347 365
842 302
784 880
925 465
195 863
761 314
288 403
123 700
351 53
298 167
482 925
358 939
139 604
962 12
445 19
763 406
650 602
621 812
712 397
389 685
613 364
746 776
791 826
43 957
584 721
293 909
95 946
160 470
52 352
659 870
759 930
791 548
20 89
410 463
539 715
808 89
601 914
418 416
974 78
151 920
833 905
673 236
654 203
316 485
882 566
220 66
415 373
900 474
613 386
303 932
965 332
980 841
852 651
712 503
782 379
361 687
198 153
740 826
82 18
66 884
941 787
226 972
632 704
103 679
599 952
445 387
487 452
953 204
937 489
797 946
351 815
808 904
67 228
933 119
129 769
867 283
142 950
770 862
451 218
74 682
804 237
239 160
624 226
970 226
135 550
853 957
268 572
81 963
722 992
144 540
206 667
390 171
624 867
464 610
10 147
699 64
825 716
797 980
823 33
227 692
650 540
879 129
119 730
773 46
424 328
607 614
642 237
491 223
566 928
947 612
968 784
5 132
173 220
933 99
470 54
335 541
642 560
828 646
509 825
73 257
105 823
973 480
892 873
29 862
13 354
132 366
431 883
127 637
60 906
926 684
509 649
784 925
520 201
829 203
573 477
641 100
554 750
878 254
206 980
808 242
204 82
16 433
423 268
113 755
745 348
847 947
619 114
762 66
456 338
268 208
232 114
734 440
214 89
30 446
36 562
733 313
947 358
412 807
173 604
893 779
944 585
329 526
121 759
98 673
178 85
608 516
248 85
993 280
36 899
985 953
195 215
904 595
651 514
741 250
928 209
518 982
162 803
702 480
524 171
981 294
126 521
44 81
379 795
852 178
712 390
47 354
922 10
445 341
937 747
604 529
843 124
980 34
933 900
431 192
355 237
681 706
121 72
323 64
706 102
420 655
326 630
860 693
240 344
113 713
660 2
930 859
223 712
74 86
158 624
978 270
184 805
777 229
235 945
599 940
56 228
513 149
841 833
978 857
332 335
897 677
908 428
237 915
960 660
465 243
652 260
233 940
666 132
218 432
186 24
558 677
119 949
408 743
49 709
880 519
464 805
139 243
196 364
995 70
207 241
429 301
30 800
841 477
38 47
194 188
4 681
71 52
448 569
173 349
736 343
586 319
97 424
237 578
707 592
655 189
783 629
59 715
677 709
121 292
232 293
505 846
169 869
406 653
722 236
893 305
411 285
518 205
521 257
704 686
615 699
134 760
293 146
280 238
491 542
369 530
716 768
826 847
433 258
642 816
405 504
22 464
285 323
804 659
980 461
976 358
408 477
5 15
768 299
593 476
401 26
375 377
186 793
203 320
456 91
506 46
893 934
865 667
501 711
294 73
468 11
329 281
612 599
659 919
160 364
495 598
349 176
633 145
781 526
225 856
694 958
408 719
373 211
315 133
23 986
34 986
891 427
443 593
763 133
366 993
900 131
382 825
566 332
107 837
728 198
767 107
334 997
804 870
296 790
953 626
139 58
785 101
515 937
102 453
937 278
734 940
486 172
397 320
770 522
664 908
544 331
780 856
93 956
946 721
38 752
636 86
233 468
435 245
731 546
69 847
261 562
259 805
374 885
498 834
45 355
943 495
986 388
835 596
236 781
672 188
437 842
297 230
377 989
862 410
475 661
953 233
352 905
275 738
941 83
960 15
402 705
464 232
154 453
331 191
959 186
455 735
387 906
995 299
867 535
888 290
985 949
806 498
253 230
511 209
279 874
143 274
721 215
581 823
524 409
964 949
722 948
328 428
645 791
801 795
120 828
48 431
241 404
744 917
242 250
202 509
484 622
159 433
440 140
336 181
295 40
546 628
277 106
986 299
845 847
408 902
282 748
239 937
794 336
958 654
780 318
216 783
129 948
988 863
137 677
990 198
594 580
183 998
449 189
875 545
760 750
467 484
664 458
257 602
529 666
816 552
949 667
134 166
263 979
976 34
613 446
749 553
605 110
440 269
110 457
918 755
759 35
307 276
721 626
816 248
280 916
2 776
749 892
844 352
573 680
696 811
521 547
225 597
828 588
638 909
988 624
582 404
296 343
640 132
885 451
422 174
302 713
40 336
482 477
74 342
180 804
453 208
883 551
529 185
400 373
642 610
161 47
410 288
853 476
170 130
801 965
321 821
698 108
428 654
93 947
774 951
250 708
203 753
761 146
799 142
999 722
260 107
674 670
294 922
403 964
472 836
813 944
667 100
719 796
991 689
677 569
231 74
830 939
306 589
9 561
198 121
107 17
362 433
624 249
780 901
291 753
553 471
516 977
498 861
390 752
785 80
261 861
359 105
412 566
163 158
800 873
643 121
986 464
465 42
187 780
661 146
694 300
891 170
414 362
37 120
727 306
134 596
294 508
284 739
924 95
653 467
515 769
998 22
388 131
616 856
938 106
127 513
244 431
742 871
122 753
989 828
893 700
42 766
835 410
762 341
698 979
467 830
420 662
604 990
944 954
254 737
874 121
635 742
62 163
242 617
123 22
971 201
335 310
166 362
913 51
237 608
30 533
790 11
470 917
448 360
373 179
651 336
433 381
74 851
599 760
360 888
718 575
909 974
660 98
726 403
585 770
239 193
464 502
606 286
403 449
172 632
385 908
741 511
229 427
855 348
11 965
614 785
558 89
665 845
499 468
923 462
305 63
863 591
75 478
148 947
57 179
998 963
240 872
459 153
659 142
859 960
199 85
63 492
389 614
86 40
758 881
569 61
804 407
31 144
967 975
893 910
683 247
273 660
730 451
682 323
240 334
83 994
588 374
529 638
135 543
168 685
814 516
182 286
988 766
655 358
303 807
732 196
20 238
409 881
860 178
145 347
317 816
241 170
678 391
236 150
189 377
980 488
521 17
606 329
710 907
934 316
7 268
8 32
821 176
417 151
318 819
380 160
606 935
747 194
396 845
842 358
904 158
649 185
319 791
937 856
245 263
971 607
739 342
379 905
363 286
740 385
298 239
298 643
716 806
199 385
379 375
540 44
648 18
482 259
21 343
140 371
449 717
771 289
557 149
804 194
123 255
848 677
870 771
161 125
455 9
827 988
422 196
760 670
417 258
346 996
870 26
18 378
117 712
602 124
984 671
545 631
739 851
97 363
82 579
335 534
829 283
696 391
559 542
305 654
890 909
535 582
644 935
965 548
847 182
455 276
313 628
695 629
333 207
144 160
994 697
38 295
129 789
262 753
903 998
864 81
743 532
139 77
184 850
567 621
356 721
858 380
558 837
685 239
792 623
96 315
552 551
202 312
440 29
344 116
582 533
161 296
114 359
475 430
259 667
677 308
717 503
889 763
529 795
72 554
107 324
108 882
206 325
924 308
622 660
183 775
973 303
697 527
720 239
374 698
864 854
445 7
487 716
867 165
419 902
429 69
414 601
556 984
99 209
121 334
780 481
60 757
37 764
468 781
99 585
637 125
703 914
575 505
256 465
504 726
929 843
714 309
35 752
299 173
921 639
495 476
530 551
456 427
382 811
45 744
281 353
28 224
242 85
532 434
361 95
270 734
105 109
13 779
481 220
140 268
361 504
223 461
46 602
939 440
761 999
274 263
741 211
129 828
488 170
87 338
667 915
541 570
900 200
696 584
88 620
232 371
900 612
113 769
952 836
12 554
270 334
727 623
666 55
535 184
667 646
578 639
749 365
511 125
681 980
455 366
471 598
731 564
966 502
107 885
63 426
524 37
958 434
694 380
742 533
936 974
800 53
249 379
614 30
794 44
206 531
779 868
348 383
390 93
828 841
947 996
170 849
310 417
552 642
82 209
256 906
326 271
455 939
10 371
977 263
617 862
724 616
132 549
47 600
986 3
414 795
424 510
63 899
18 775
338 867
614 807
28 461
210 52
369 75
767 930
804 677
453 875
325 665
252 777
199 393
581 130
984 671
539 655
841 662
102 15
16 83
539 788
434 304
898 202
732 985
637 714
8 664
329 125
913 178
321 88
118 249
691 7
286 694
550 349
280 961
501 475
242 824
683 944
33 951
368 919
237 48
988 853
906 918
638 160
811 910
511 966
147 16
27 427
205 935
404 537
94 9
972 238
114 171
12 993
939 470
481 510
576 855
709 530
51 375
303 495
13 793
459 753
870 24
250 800
295 348
204 785
598 271
583 170
202 268
776 256
806 349
52 481
870 528
675 400
208 527
970 956
483 798
243 26
867 598
64 505
903 338
230 539
686 397
607 795
194 463
44 331
40 591
246 831
208 411
27 842
253 16
733 549
304 385
973 828
698 114
794 802
167 670
113 317
422 231
992 981
94 503
972 663
829 989
988 58
559 341
711 426
563 770
680 221
737 122
549 429
706 725
852 385
890 325
521 53
236 383
755 548
460 946
12 704
330 894
623 51
742 65
538 109
24 338
363 362
68 730
987 472
522 897
920 376
738 812
659 926
322 289
252 283
774 520
113 850
348 573
247 768
447 124
433 858
556 747
153 956
442 637
448 104
209 390
469 178
256 519
986 75
507 431
696 385
591 915
487 788
633 725
383 914
1 678
626 716
939 601
521 192
359 772
856 604
492 122
194 476
45 369
712 353
421 333
838 977
128 666
118 110
993 737
425 979
443 361
870 228
286 832
920 204
116 734
288 18
725 956
438 729
673 822
780 243
252 47
150 158
732 650
547 260
181 513
835 648
84 206
233 167
589 31
271 184
109 441
754 723
284 785
346 800
609 478
152 681
159 54
261 108
544 535
364 844
299 956
395 541
766 917
846 280
299 512
181 168
25 954
408 529
476 711
590 557
733 217
664 37
950 955
278 308
720 921
79 40
368 501
658 627
77 475
845 36
68 972
628 885
204 328
829 194
314 407
799 401
700 476
938 892
655 115
614 415
841 373
364 958
556 372
626 100
73 28
834 517
851 741
243 172
32 882
498 793
526 76
622 814
490 324
901 203
553 143
594 148
416 441
434 511
929 85
719 567
136 330
23 445
263 293
55 856
195 748
807 242
459 261
820 754
503 773
717 181
792 581
787 82
758 11
324 531
238 793
637 67
816 283
919 960
904 362
229 286
273 571
838 271
732 553
200 365
156 718
324 845
523 400
994 477
534 161
588 101
521 841
795 405
762 716
575 900
516 26
207 810
617 963
871 443
955 546
647 879
667 910
938 93
965 250
739 996
91 698
390 711
560 481
287 118
826 601
352 354
777 335
142 505
319 996
347 880
267 189
721 684
926 291
771 796
592 853
356 661
176 566
872 677
789 880
637 442
321 258
29 695
283 593
458 43
22 54
52 447
70 194
456 155
246 662
196 823
447 551
876 850
630 512
45 812
795 428
401 216
312 948
315 189
930 778
581 502
40 822
513 195
970 153
442 69
254 352
276 919
459 613
942 800
91 545
455 551
834 154
362 703
612 617
304 362
415 544
851 634
470 787
366 824
866 202
290 892
104 972
655 281
536 568
999 831
335 767
660 607
960 847
870 463
940 203
399 47
67 94
836 658
107 303
922 718
223 945
461 951
737 943
20 399
615 326
525 236
287 49
189 959
170 829
513 293
965 228
937 595
389 774
299 947
244 440
640 790
615 419
601 505
890 566
21 616
204 660
38 368
799 51
177 825
511 62
206 552
653 864
204 991
61 944
68 476
114 446
736 377
647 734
139 193
581 348
82 270
603 917
980 513
60 526
512 626
623 317
629 856
171 111
14 674
755 908
58 429
549 783
218 862
173 71
836 138
8 784
165 902
143 261
289 54
598 356
122 301
642 251
497 976
401 979
679 753
5 399
720 754
320 312
299 293
798 45
732 677
491 501
68 318
688 991
465 835
643 727
657 778
631 24
427 881
101 698
845 235
853 890
2 814
684 494
753 333
577 282
597 580
251 800
236 805
780 963
101 104
225 684
592 668
689 957
819 554
240 269
88 176
433 429
780 555
472 539
968 60
47 100
630 20
489 551
951 266
67 870
578 984
920 523
593 925
108 520
246 97
734 821
737 587
225 269
149 896
516 618
628 303
454 385
353 738
521 566
864 789
16 687
800 664
812 22
919 807
304 109
944 307
943 174
686 966
861 190
853 611
570 201
731 230
94 558
54 514
302 196
62 527
291 49
897 895
972 806
871 367
338 162
109 461
643 77
113 524
45 538
204 416
815 665
127 717
504 16
905 168
220 95
229 518
261 951
701 910
17 780
198 996
336 298
340 323
39 32
262 338
753 486
657 718
352 380
274 554
90 899
980 273
338 976
476 117
496 898
386 802
535 741
912 863
231 80
112 264
717 990
720 791
175 320
252 441
695 552
476 484
572 483
53 894
45 414
809 67
238 406
39 303
14 345
976 163
864 318
591 940
254 960
475 807
962 618
562 46
642 410
237 663
805 427
193 565
186 386
150 629
664 977
109 662
628 827
424 572
2 341
98 844
611 469
44 195
964 952
784 407
515 466
599 2
696 855
11 897
209 602
635 329
741 930
63 657
653 534
337 468
615 423
505 397
243 601
627 272
89 881
764 702
415 932
685 134
269 913
534 534
666 86
564 359
219 253
683 715
797 117
247 343
714 110
214 129
729 247
859 680
554 872
402 268
260 718
444 551
984 869
324 109
595 458
919 160
51 985
19 278
27 463
177 249
650 647
484 224
274 327
965 665
739 177
438 395
302 426
115 825
865 42
119 254
564 728
538 847
211 131
415 681
896 476
918 997
145 42
184 476
628 777
769 419
395 782
407 593
137 912
370 188
597 723
700 369
343 777
57 127
161 750
878 586
813 107
600 660
116 217
419 58
936 954
257 450
205 626
733 242
3 213
634 244
127 678
947 67
629 551
573 233
25 657
786 942
362 389
657 899
117 179
184 464
341 823
266 612
299 852
191 344
302 867
298 285
40 309
59 426
638 789
962 776
655 402
621 579
775 192
868 365
98 897
477 737
136 824
883 503
724 428
230 144
321 901
46 319
755 296
584 672
175 467
927 925
852 259
683 295
771 558
586 230
411 109
796 678
207 973
694 39
525 710
641 246
286 368
481 69
794 971
10 369
404 863
832 747
458 347
477 284
877 399
884 774
162 821
973 174
59 592
297 438
455 859
798 481
586 788
854 259
24 32
961 874
693 941
385 920
913 804
88 247
21 311
56 66
428 829
85 824
139 505
889 248
926 251
525 465
894 885
962 526
463 850
517 880
636 932
912 323
232 13
548 222
829 537
49 53
616 636
760 472
959 120
891 340
242 365
517 531
885 411
986 296
880 642
831 531
723 857
736 445
145 713
82 936
682 223
134 122
410 705
571 22
435 477
182 505
256 240
568 489
669 409
63 237
63 613
40 449
571 63
892 880
302 444
325 107
853 158
871 549
379 370
361 903
500 906
381 959
29 101
291 631
172 659
281 661
312 316
773 735
826 134
440 392
983 612
496 410
980 47
186 539
502 699
936 508
200 798
426 976
458 981
250 517
627 977
28 467
886 773
446 103
980 299
128 797
271 216
665 324
81 457
820 583
270 97
59 589
40 579
907 479
234 681
717 64
835 678
127 931
293 147
267 820
216 632
206 962
867 920
971 342
415 802
837 712
204 120
994 749
94 650
459 837
234 76
260 238
248 875
441 702
484 113
844 45
335 428
530 330
917 495
77 906
854 919
333 863
813 326
934 735
592 290
228 391
821 754
9 534
642 44
964 718
41 883
708 644
296 230
541 393
223 755
497 2
72 896
712 515
773 116
780 134
690 624
536 166
591 534
507 35
457 329
225 756
405 108
696 850
513 478
139 875
415 550
544 326
113 833
621 17
4 300
441 819
50 248
738 677
47 447
260 888
676 927
160 39
59 592
371 992
805 766
229 89
150 169
174 633
225 370
416 595
30 96
306 460
489 887
656 984
470 712
517 646
878 272
694 284
127 294
14 315
933 277
352 365
64 25
647 798
199 278
663 812
639 532
30 960
636 512
333 923
382 193
819 835
529 574
429 585
346 288
857 593
767 999
763 174
618 601
753 967
62 964
21 430
637 757
380 661
755 123
770 694
388 990
561 494
794 408
214 831
791 134
301 659
237 28
510 429
70 169
714 806
650 251
522 781
637 18
487 735
352 557
767 899
653 562
296 682
390 955
81 912
230 850
707 231
906 682
568 717
465 716
816 39
161 660
882 321
483 835
439 218
155 446
98 434
249 597
487 87
371 768
588 64
969 647
387 765
320 384
423 944
40 633
320 437
446 528
606 973
602 527
769 839
6 796
237 88
642 232
547 125
409 826
326 754
981 654
886 946
571 871
634 536
994 881
910 791
951 871
698 814
868 986
431 901
866 276
493 516
786 643
756 69
116 603
343 932
989 911
844 108
768 150
565 617
59 39
403 594
956 165
105 308
205 326
41 547
74 286
504 379
702 142
480 526
64 103
97 768
391 669
532 113
582 243
480 701
942 774
522 883
981 730
890 688
718 578
984 592
588 827
890 866
1 821
334 165
901 297
548 768
265 651
299 756
290 148
432 44
173 804
971 963
55 925
535 171
628 666
914 181
464 894
845 752
158 787
731 860
774 844
560 198
721 310
306 8
622 18
797 935
996 970
776 778
911 943
620 492
468 189
995 604
584 692
588 5
60 823
727 509
104 554
455 197
817 100
470 972
64 804
324 542
930 396
706 133
335 884
489 560
958 676
772 247
884 759
474 197
428 455
15 781
89 767
128 298
763 486
336 100
499 636
479 926
136 280
371 825
736 78
300 62
184 695
208 177
325 726
665 241
531 244
797 345
265 409
881 50
955 91
830 990
748 374
277 796
121 1
265 738
797 734
663 596
725 450
601 255
436 187
260 764
859 465
785 813
77 7
851 593
644 85
346 368
458 918
265 111
266 721
918 922
429 130
6 902
407 603
442 197
721 493
83 375
843 15
282 906
149 95
536 436
286 902
805 417
426 935
665 495
878 532
913 489
403 673
49 655
378 519
455 29
769 613
19 739
117 226
441 539
68 903
642 435
78 666
593 91
59 261
948 350
193 62
460 376
458 161
985 184
486 214
149 744
331 611
222 901
140 341
955 836
472 366
943 664
393 138
901 143
528 333
222 168
272 344
775 76
155 861
561 995
546 421
245 442
848 959
411 852
750 552
651 251
490 733
366 928
254 786
442 882
423 769
100 150
308 877
518 919
192 490
334 585
909 557
830 644
981 396
454 503
770 921
523 622
603 805
922 404
108 840
279 890
385 622
727 839
867 627
850 829
266 109
569 72
794 757
658 243
372 166
791 394
401 554
780 859
268 781
636 661
956 501
926 430
412 999
961 368
873 723
64 924
814 934
55 153
792 457
806 158
36 787
129 201
444 963
785 915
797 522
399 556
78 878
952 506
661 452
256 369
993 511
794 391
818 458
435 275
933 990
105 860
690 773
159 174
298 919
660 743
453 162
683 765
580 622
343 381
353 697
111 426
793 267
579 305
487 157
439 280
812 277
986 822
713 982
488 524
969 806
68 271
62 313
959 668
245 264
633 352
334 126
419 295
83 458
418 104
561 4
668 838
350 893
269 541
15 798
781 87
752 25
36 967
686 197
967 109
196 806
924 33
308 115
409 494
298 790
446 438
279 36
193 17
953 850
948 719
84 698
764 922
868 942
659 820
502 931
74 615
696 188
601 730
221 90
372 34
395 629
611 557
60 12
725 998
605 292
758 908
78 795
24 151
8 706
196 199
501 522
255 582
435 915
804 656
230 876
599 893
268 669
692 947
481 791
465 892
421 405
749 990
191 1
734 235
275 432
202 879
382 827
20 603
102 833
725 549
772 208
897 183
829 302
497 938
995 102
972 87
931 331
609 813
396 217
327 407
854 770
243 542
66 674
861 715
273 654
491 675
294 670
423 157
425 467
117 315
374 588
955 940
468 486
750 626
135 258
52 363
235 281
816 572
242 327
331 72
920 381
919 467
784 119
512 497
984 709
911 4
608 807
513 924
734 997
406 798
363 353
824 279
178 415
75 541
690 215
951 374
414 492
371 880
444 529
130 200
75 958
516 405
53 891
777 358
302 722
852 643
490 816
858 152
725 402
748 872
530 947
275 193
954 211
773 387
645 863
629 130
305 896
101 7
679 24
334 175
426 34
693 56
382 381
550 910
736 606
417 373
798 893
458 574
892 252
675 426
367 765
18 805
427 101
658 354
923 596
788 815
42 498
75 982
906 579
575 778
725 781
395 786
564 169
402 240
389 940
622 45
484 291
86 603
129 759
44 989
307 244
12 578
595 117
569 653
256 615
973 271
87 522
622 782
544 679
470 352
383 34
444 812
969 807
241 722
227 268
845 461
240 29
108 672
307 255
100 483
705 306
867 363
594 133
439 902
598 589
356 800
800 311
520 957
189 936
688 634
571 154
31 564
300 337
759 529
452 737
395 900
984 850
823 891
582 613
720 525
2 983
242 28
189 543
566 443
793 448
635 704
276 708
687 128
53 415
884 417
926 426
859 486
10 277
769 652
145 232
277 254
658 874
876 569
964 709
655 291
921 269
269 131
845 987
556 514
592 526
934 824
242 77
451 463
185 480
864 983
363 64
745 33
564 979
340 987
862 938
505 952
111 983
268 58
329 863
239 713
414 428
858 157
864 836
673 935
425 901
946 967
380 364
706 663
682 138
821 180
122 532
372 155
900 381
805 753
383 211
776 603
811 776
63 924
44 713
872 605
180 64
179 530
676 24
862 461
819 484
606 739
544 103
740 871
862 305
404 985
841 819
921 324
545 197
405 883
284 946
164 752
627 37
917 969
415 781
199 510
719 935
765 105
837 561
411 447
855 286
516 813
411 342
944 653
937 196
755 728
905 892
441 478
240 803
252 960
594 989
293 310
558 50
333 862
802 185
155 67
443 995
17 261
85 393
270 294
330 473
979 356
523 323
425 223
68 372
841 185
110 834
746 674
822 837
804 656
917 272
877 819
157 645
32 919
540 288
720 275
985 247
362 583
120 115
422 780
979 714
139 9
766 948
999 332
649 666
33 18
561 8
724 907
379 501
616 471
851 202
294 351
616 969
728 790
519 716
726 213
779 206
996 702
888 564
921 318
733 773
445 680
724 826
502 615
188 58
209 785
934 873
504 199
361 393
69 831
480 920
258 732
973 285
916 871
318 206
186 619
340 361
866 230
603 555
762 689
428 597
458 310
151 120
642 100
685 239
15 775
36 688
63 356
92 649
26 661
62 675
725 664
171 855
516 294
185 996
419 36
470 117
721 615
835 393
902 369
897 425
410 130
495 174
608 974
140 304
690 779
579 811
588 675
755 563
413 993
521 274
523 568
408 736
733 17
439 798
748 292
590 541
375 515
533 190
614 951
880 851
592 661
880 645
260 962
434 230
465 411
887 369
301 848
968 27
987 588
165 175
78 960
952 977
106 94
612 24
175 707
300 157
383 465
245 807
485 940
732 200
363 942
660 242
477 615
799 356
836 203
864 163
494 348
345 901
850 936
974 165
881 290
862 5
65 669
509 615
562 85
907 6
20 846
934 395
683 733
17 19
614 761
135 488
421 507
483 182
343 528
602 239
160 142
321 156
610 137
663 296
24 224
20 743
565 907
78 178
111 733
59 749
76 599
805 54
559 527
854 953
956 681
50 74
786 365
362 684
509 601
873 452
579 955
312 294
207 776
871 555
546 416
648 952
580 919
509 50
931 813
734 983
750 275
171 402
969 910
168 799
156 543
824 110
989 207
233 739
570 711
71 675
931 103
813 637
549 844
389 528
643 100
986 113
301 180
530 635
551 740
759 519
679 385
898 541
551 456
706 103
460 510
578 594
551 915
413 699
780 259
639 29
809 352
101 848
521 416
480 85
289 377
64 838
181 648
360 401
758 166
478 408
628 585
839 851
498 412
237 991
299 835
601 368
146 261
69 787
841 272
357 868
6 151
659 902
863 921
272 810
848 274
291 997
1 670
520 463
165 216
594 107
925 357
642 916
408 755
939 727
147 46
999 382
695 403
730 585
472 570
38 701
743 433
470 480
444 984
895 235
766 862
586 84
131 3
569 871
410 35
867 739
35 446
459 725
273 629
130 328
533 701
764 971
59 212
463 425
710 608
932 337
108 302
418 235
375 984
621 792
877 232
902 790
322 42
37 87
772 421
378 723
383 229
497 727
766 143
164 780
528 989
653 89
558 764
17 466
559 468
431 229
759 942
226 252
815 504
662 497
798 878
351 131
896 528
593 547
962 772
274 209
485 428
689 738
465 99
302 52
932 806
463 437
262 269
648 802
572 332
310 493
5 651
122 46
46 522
642 435
690 68
305 868
6 138
555 49
288 436
585 128
984 948
776 461
138 202
568 954
772 570
80 860
365 727
8 544
407 241
321 186
602 805
161 175
206 466
702 207
821 820
810 467
270 179
199 604
