5000 5000
288 668
239 448
258 231
839 307
528 99
260 237
633 434
325 156
570 437
236 762
490 422
714 989
444 267
562 693
90 213
123 804
520 432
751 39
689 998
655 252
496 53
333 384
821 70
311 260
129 369
917 149
317 93
912 894
651 786
204 591
540 712
846 820
392 721
682 109
696 366
194 428
180 505
242 663
976 249
295 111
598 386
885 478
413 631
768 168
531 190
879 162
647 885
6 992
293 861
553 629
689 238
417 967
710 525
482 972
947 853
802 341
908 750
603 546
198 733
214 542
280 907
875 599
213 872
612 169
888 830
63 438
894 702
617 884
705 475
927 617
601 587
841 596
620 35
704 457
18 442
734 445
847 657
879 342
700 413
918 927
93 319
218 234
511 156
83 857
730 669
90 735
411 161
465 443
552 18
137 628
227 98
252 544
211 401
341 776
850 614
500 454
86 387
879 127
286 139
963 141
90 37
942 125
376 276
460 749
417 975
148 385
378 57
885 352
56 644
369 857
202 159
354 521
272 437
750 382
88 276
629 161
88 277
388 62
565 12
433 864
379 855
577 168
446 160
865 60
725 149
44 216
207 651
979 440
90 873
967 585
451 918
510 762
723 92
138 710
167 944
13 562
2 405
593 935
646 471
75 141
500 725
440 704
546 104
984 459
975 225
25 274
842 127
429 439
727 909
411 516
819 249
508 201
679 69
805 533
242 519
54 273
786 422
443 495
166 382
265 39
113 509
734 690
156 984
641 239
870 462
897 641
550 371
649 533
285 333
336 346
816 20
271 837
653 788
356 70
407 202
916 257
7 691
603 140
677 573
289 682
351 566
819 411
820 462
247 849
973 839
468 253
329 253
722 370
597 584
323 115
115 274
899 6
461 366
43 699
640 683
628 782
473 549
371 13
233 390
512 386
241 256
351 874
280 32
687 122
312 913
709 691
716 904
983 977
700 176
725 523
707 184
690 388
482 82
385 685
787 964
119 319
89 5
22 114
730 491
874 957
118 621
528 211
2 328
490 230
865 497
870 552
959 429
89 54
370 608
924 807
152 426
179 288
964 889
754 144
307 811
627 289
93 574
691 835
737 255
737 537
200 539
486 604
211 204
685 783
567 121
667 200
365 891
705 504
529 790
806 517
758 661
656 127
12 361
249 645
728 32
298 860
496 934
269 837
218 85
728 359
411 867
464 287
823 89
569 812
141 611
414 668
343 191
198 900
24 276
339 413
347 731
7 690
525 197
590 198
959 63
507 665
67 426
115 792
530 378
614 72
453 530
305 175
716 957
646 45
279 169
427 165
653 248
324 888
502 376
49 205
607 731
707 839
707 686
321 584
972 466
371 620
627 750
113 739
436 839
927 729
993 828
672 915
312 768
105 655
858 783
107 954
66 592
582 931
581 857
684 8
76 238
255 673
974 494
677 513
683 435
330 53
582 795
633 332
284 624
825 575
740 540
559 869
212 718
143 661
353 14
271 187
897 981
163 754
128 869
924 55
573 50
385 726
808 569
513 835
399 662
277 885
577 203
410 179
9 132
150 147
397 771
723 665
381 99
484 924
311 628
429 254
306 220
163 508
60 138
453 924
223 768
448 617
716 632
233 634
74 735
203 971
93 101
675 31
932 928
580 475
971 886
633 18
686 46
85 255
678 579
528 183
128 841
675 489
719 505
865 183
670 253
766 451
438 322
819 633
392 415
672 557
466 575
844 556
828 601
461 347
793 703
324 346
375 74
392 431
905 278
86 999
537 981
587 984
158 316
172 709
224 679
781 92
795 337
997 576
126 769
243 53
532 78
878 906
227 131
265 670
38 993
50 29
580 45
624 588
966 307
578 255
817 821
213 829
302 682
583 286
65 576
488 785
744 849
589 263
527 956
784 337
993 715
132 219
692 197
381 442
68 216
686 497
346 458
25 346
213 150
278 394
938 903
852 258
890 5
2 79
442 937
906 12
68 527
959 84
379 94
25 787
535 633
852 648
465 690
435 821
135 400
850 417
285 953
85 470
827 140
954 775
264 321
907 940
692 335
495 929
110 308
416 874
569 275
363 879
312 373
810 956
642 434
768 898
721 170
758 465
294 535
876 37
190 978
206 705
263 117
29 903
651 939
952 388
421 555
111 32
982 637
13 937
163 469
361 484
268 409
444 800
158 690
486 102
340 380
512 621
112 297
16 336
406 224
939 260
873 641
674 560
857 159
605 521
114 702
49 905
65 653
52 795
142 746
862 104
411 123
726 822
480 891
637 73
755 518
672 174
583 678
718 915
426 124
822 285
748 197
11 955
437 201
109 441
317 127
11 425
107 778
275 322
981 108
746 128
234 464
532 88
432 316
242 282
550 40
606 712
966 823
722 235
121 300
435 289
93 938
74 921
834 214
394 582
480 894
923 908
211 460
388 689
282 530
740 393
337 331
480 687
565 298
805 952
692 26
571 208
130 729
26 294
27 777
338 355
139 675
156 382
448 330
134 131
867 574
255 662
502 653
348 812
194 758
351 224
87 883
571 228
216 157
668 503
735 920
610 420
897 606
449 92
198 788
498 344
698 45
693 30
453 434
904 883
671 760
695 891
597 155
388 275
211 424
94 674
570 765
250 601
151 969
368 666
725 125
255 783
114 540
774 180
228 432
487 39
322 169
46 227
991 347
307 536
610 415
308 683
415 652
105 642
145 211
493 402
235 327
627 281
46 417
507 117
188 444
381 616
637 847
807 477
392 150
632 928
847 833
624 786
33 276
130 190
268 586
295 545
290 638
138 248
133 982
375 984
696 218
58 607
619 283
102 956
822 393
185 397
705 818
851 699
788 369
319 562
59 736
106 672
44 696
157 674
285 505
195 405
320 57
857 239
84 137
981 13
27 457
747 198
379 340
144 187
583 273
141 412
254 275
299 119
609 329
533 527
70 283
258 170
844 287
604 730
310 520
131 808
814 285
267 41
133 231
322 125
734 717
860 102
461 264
477 858
403 91
5 314
653 35
349 19
263 509
450 690
855 698
886 310
827 307
376 638
349 117
783 160
748 457
366 962
893 194
989 199
392 476
858 859
17 326
46 265
566 260
326 173
385 522
711 217
753 481
775 961
648 102
411 406
941 367
21 324
140 77
107 525
718 612
930 423
188 635
486 148
229 431
90 239
519 927
490 126
768 306
447 250
101 58
329 603
854 582
1 321
579 344
432 347
238 700
700 238
328 910
987 691
759 616
2 203
711 521
814 75
441 964
120 258
874 923
298 469
79 992
919 808
510 99
715 699
842 975
120 774
581 24
912 706
659 168
485 664
657 984
941 784
732 351
545 861
981 818
524 884
262 190
835 889
949 977
514 833
384 457
342 470
568 489
267 959
930 491
236 132
659 196
508 9
676 759
689 538
224 793
819 164
73 371
758 160
132 762
880 215
282 513
673 493
14 951
120 258
386 798
223 478
24 180
790 530
830 815
340 336
110 257
708 321
342 946
761 625
896 332
685 353
699 453
161 691
674 156
634 427
344 77
744 857
274 539
797 749
570 319
596 927
212 772
170 390
777 475
889 56
480 123
299 927
936 665
896 600
326 667
422 595
768 546
556 97
43 680
601 708
328 626
92 349
237 855
39 534
460 733
703 778
570 737
508 214
872 957
311 247
46 970
391 335
503 181
673 851
611 194
258 204
201 238
815 970
329 434
370 648
259 355
664 59
899 950
215 527
533 999
256 391
830 747
6 648
980 333
640 187
12 64
923 78
807 105
807 637
14 41
938 33
932 351
737 777
740 453
719 200
435 892
248 900
278 50
360 839
773 283
498 561
474 672
595 20
495 566
814 197
819 410
192 308
693 901
591 474
383 865
652 372
119 997
439 904
207 729
143 34
307 329
616 609
765 259
768 483
333 93
236 421
860 13
132 51
244 105
58 106
156 650
926 395
856 601
187 924
661 732
389 901
140 601
712 48
523 497
274 996
799 383
184 729
325 988
866 39
405 552
476 271
748 526
982 33
817 783
130 530
261 785
63 453
715 626
508 776
545 475
997 158
550 927
881 758
628 577
882 226
979 631
97 348
509 602
175 656
397 889
275 348
484 116
936 121
397 323
892 343
868 215
43 108
282 149
44 879
128 692
879 891
732 787
482 861
407 283
128 955
675 626
546 250
828 469
431 46
529 20
473 394
7 881
133 163
616 130
87 492
688 434
280 584
389 775
420 257
174 132
64 129
945 158
145 336
136 927
751 982
155 827
176 487
418 928
466 433
461 280
289 761
984 947
378 161
450 737
492 554
987 774
954 457
936 68
902 133
292 46
679 998
123 39
149 386
514 249
630 501
726 737
491 428
957 481
423 398
884 692
332 749
903 639
563 285
830 973
774 318
87 716
410 794
272 596
989 83
765 531
590 502
764 854
133 565
479 393
179 708
188 721
826 822
647 347
305 534
150 951
535 843
253 954
940 84
890 876
16 535
635 483
605 177
119 219
991 650
98 373
451 2
511 722
962 720
499 608
229 989
705 918
689 691
608 587
384 689
652 623
123 833
227 876
40 753
438 419
458 414
950 903
337 259
713 603
538 83
897 568
465 124
713 393
71 781
132 953
463 494
25 487
720 464
361 206
722 455
845 280
28 542
604 954
219 180
409 553
814 803
258 786
428 463
901 769
647 868
773 109
567 616
66 69
635 429
618 938
719 907
991 216
922 781
953 738
762 953
884 334
334 16
255 160
115 768
216 332
287 11
478 551
40 692
347 342
219 401
403 629
209 847
117 907
503 227
598 333
631 116
158 184
457 426
267 426
363 559
707 351
828 504
504 555
369 482
922 296
751 51
203 795
710 964
300 898
675 733
648 180
840 291
936 365
135 196
265 651
884 438
472 695
442 205
13 244
347 468
487 932
523 853
596 221
834 818
157 66
822 79
991 646
42 382
384 556
616 445
956 858
588 271
238 461
946 768
240 633
444 343
538 394
649 74
578 26
548 677
471 950
391 280
229 650
696 130
596 978
632 849
745 124
662 911
223 397
730 796
342 605
543 229
757 163
956 124
499 37
316 568
359 327
120 682
5 364
781 513
380 39
96 841
102 433
318 650
914 967
723 132
162 961
744 762
869 616
31 811
263 291
781 563
689 154
29 666
44 887
363 355
71 241
303 976
401 739
440 819
307 955
272 262
913 779
800 14
333 332
870 838
733 56
582 735
427 828
986 682
749 668
391 407
398 226
713 692
111 924
650 100
926 29
287 114
110 370
733 600
244 702
137 949
141 301
476 102
619 566
764 567
804 649
94 41
458 441
924 885
106 499
487 91
828 290
129 669
535 135
57 328
640 998
890 899
734 4
456 778
172 676
256 948
538 282
918 819
719 110
536 925
342 980
798 232
22 743
363 82
524 900
459 590
115 934
976 774
443 712
733 112
629 873
35 668
89 852
613 80
199 323
308 194
53 380
498 991
574 131
626 542
456 127
475 125
252 640
27 194
457 320
224 564
847 659
41 265
145 523
665 108
138 806
931 732
338 495
147 222
18 343
89 953
847 220
326 138
624 88
778 427
846 904
770 106
753 645
508 482
46 785
901 101
621 571
918 988
772 117
234 448
425 377
327 213
724 207
198 226
100 782
190 533
612 419
179 213
13 35
696 850
424 332
752 61
766 994
744 951
910 977
11 250
310 985
836 384
275 541
766 957
888 776
20 801
13 452
829 587
20 307
432 582
150 403
694 278
871 206
42 771
867 280
38 401
620 499
435 324
387 768
160 393
174 877
853 218
718 845
6 449
785 656
428 327
299 415
309 944
866 105
671 175
812 802
672 659
334 82
57 499
614 710
748 927
638 428
239 492
366 992
66 716
67 438
288 221
560 221
149 199
873 849
996 979
990 860
70 601
469 850
740 906
556 542
778 177
739 823
793 884
30 743
169 996
306 695
263 160
507 65
778 2
946 772
252 732
860 807
429 14
710 551
294 206
487 686
825 165
321 187
256 318
360 1
601 379
352 654
241 23
977 500
708 756
113 541
639 122
159 329
284 972
379 191
488 599
193 889
59 304
411 365
215 468
232 87
976 211
135 733
5 619
819 77
486 515
173 885
621 220
654 370
108 969
979 826
220 22
101 396
148 136
284 639
451 749
319 522
569 617
913 514
646 973
137 832
646 533
782 695
566 991
659 789
658 371
408 398
90 889
61 371
510 623
573 126
456 402
748 385
652 888
892 490
459 274
463 740
445 902
131 609
65 362
940 944
365 466
356 317
138 994
833 671
240 299
704 539
731 261
521 579
294 144
906 751
751 981
902 758
647 472
420 562
440 53
99 473
961 254
717 377
292 369
417 704
758 549
353 423
492 558
666 281
353 646
537 348
843 107
697 18
139 871
572 139
988 122
801 148
504 306
124 450
519 483
681 187
372 632
361 31
330 620
67 394
746 246
602 861
90 117
965 29
338 657
716 744
310 571
813 636
766 490
592 25
842 28
92 6
237 562
722 715
189 353
73 300
871 633
471 104
68 108
994 782
753 806
526 625
862 825
385 580
825 847
36 490
234 142
66 167
759 624
762 712
54 995
509 50
161 314
324 610
775 178
352 988
450 371
127 989
530 848
961 544
1 231
438 455
366 217
958 561
209 310
168 985
279 781
105 50
41 473
931 282
315 636
865 339
446 362
817 280
438 273
488 486
194 208
573 14
150 309
752 332
800 158
321 500
987 208
830 963
604 737
151 93
85 286
824 454
570 857
261 984
211 814
961 267
823 899
150 316
811 181
617 278
328 252
885 266
460 782
249 968
941 278
553 297
937 908
285 743
110 633
409 491
858 26
329 452
140 949
873 249
370 994
203 502
115 201
475 753
14 302
606 349
823 168
655 692
296 304
673 498
678 708
307 328
757 224
83 564
942 770
604 503
97 977
654 787
297 328
811 846
562 422
526 360
676 656
427 403
331 195
509 791
467 242
418 279
119 633
552 857
412 111
941 807
554 12
163 395
998 672
574 958
471 72
167 825
641 298
756 955
465 343
413 435
857 379
230 931
526 119
272 889
562 477
781 635
900 381
615 839
978 53
120 40
508 635
616 910
608 600
258 110
344 303
809 105
167 175
297 115
999 985
511 917
970 104
906 367
466 422
63 487
305 868
773 55
662 403
226 149
689 270
159 357
270 151
239 775
492 473
246 174
862 760
755 734
871 171
364 820
554 86
97 925
942 936
350 560
475 878
456 960
366 381
755 737
562 237
264 756
50 292
901 678
755 767
292 663
410 333
260 796
31 25
632 560
160 135
946 210
224 759
279 560
382 322
962 723
811 880
500 588
910 207
378 829
396 857
949 230
340 473
74 586
461 31
641 752
190 240
176 654
121 497
838 482
64 635
246 183
648 814
251 347
42 910
683 397
907 720
199 793
517 525
27 927
546 253
402 374
58 719
279 592
559 433
147 167
338 780
526 334
73 740
448 940
126 553
324 910
332 132
599 725
89 415
627 247
595 330
389 865
46 554
929 743
250 898
242 576
195 879
69 106
950 406
941 598
312 616
956 536
878 947
707 482
695 517
355 381
195 232
939 528
975 491
49 659
537 283
306 906
222 625
630 710
478 71
613 643
143 636
46 423
672 217
737 150
289 379
150 126
750 36
480 45
9 127
252 121
75 520
406 916
798 71
382 280
897 217
126 826
931 867
143 147
836 372
622 979
833 785
581 253
549 326
77 433
433 693
742 317
761 70
36 50
154 213
67 688
421 897
200 529
184 280
906 782
579 370
526 50
764 558
888 384
550 396
842 463
589 145
487 994
404 135
221 43
577 136
619 823
887 829
414 118
449 412
826 733
659 289
228 702
890 958
295 17
595 900
875 147
910 914
576 961
736 486
83 978
673 351
43 943
153 518
420 447
767 921
753 234
7 21
101 104
563 989
248 904
878 37
477 195
274 458
754 484
155 746
4 453
385 455
958 577
520 875
368 717
427 300
271 575
560 214
710 440
18 346
163 962
988 332
713 301
226 301
929 548
343 939
963 760
476 224
578 21
208 649
839 603
47 885
205 7
687 740
70 938
211 517
638 479
354 456
316 738
318 26
77 710
528 197
773 187
286 829
599 71
192 195
173 651
684 254
814 638
473 789
874 899
446 161
758 698
996 640
328 188
884 438
806 938
306 764
11 18
216 818
870 771
236 340
431 286
557 260
397 49
432 508
814 485
330 833
800 644
307 527
203 570
417 836
864 869
982 719
793 453
709 152
73 795
516 250
352 437
70 265
431 427
857 976
50 529
574 570
667 531
183 716
830 387
193 603
3 569
534 633
272 46
166 783
847 956
832 367
758 807
398 613
13 341
480 511
969 457
256 954
154 312
242 849
269 489
142 865
972 972
482 792
568 446
329 430
621 549
542 753
516 553
518 409
441 212
716 106
421 123
49 120
233 788
418 254
419 353
971 496
534 116
450 64
468 919
526 21
56 697
694 877
610 391
259 675
744 78
65 835
224 903
969 424
123 305
603 400
147 640
77 471
89 151
422 941
201 871
299 315
760 552
47 975
700 508
751 246
757 850
199 532
867 627
807 434
274 224
425 92
835 246
380 5
177 116
626 202
423 74
610 603
336 346
47 56
193 633
809 643
210 363
823 877
183 535
497 176
957 724
105 693
173 601
172 127
696 790
762 349
930 898
750 36
547 216
939 191
324 113
718 911
997 291
624 486
677 919
170 405
871 435
748 708
688 484
697 987
927 718
820 637
568 271
339 440
419 103
751 830
498 342
656 153
469 737
869 588
386 824
43 685
451 519
408 899
162 690
555 152
417 750
247 874
108 458
494 550
307 584
97 157
269 876
648 760
184 567
301 873
614 52
84 325
385 587
903 986
746 288
50 298
940 729
205 80
613 977
609 903
354 881
638 622
332 67
443 255
656 713
587 307
54 480
861 44
877 92
778 275
683 587
195 407
819 867
282 288
128 978
153 250
858 104
27 947
228 648
978 842
930 417
474 34
873 2
676 880
212 426
298 97
958 727
370 596
78 708
724 286
199 932
489 12
783 656
123 869
13 757
801 232
725 665
150 111
694 139
582 204
988 900
395 232
410 168
445 250
860 787
216 543
801 541
751 386
194 724
813 247
132 900
649 789
54 359
854 816
906 338
536 132
334 365
38 922
474 421
304 692
962 46
45 878
172 260
591 798
53 407
740 206
209 146
502 307
200 693
135 101
225 335
744 568
680 609
650 925
156 614
806 452
280 885
840 70
964 865
64 249
970 350
77 369
699 976
716 775
140 927
267 423
620 117
423 251
875 765
857 570
608 105
815 652
707 845
836 319
114 408
562 991
815 829
218 277
502 111
955 282
523 671
462 277
17 363
153 129
820 376
387 714
231 889
830 928
770 303
630 520
737 876
888 226
391 923
128 109
91 955
734 594
249 790
910 115
63 917
20 990
264 999
729 499
522 138
510 757
27 798
290 222
902 166
521 69
199 396
736 299
524 714
970 352
819 999
263 464
869 325
515 683
81 674
358 785
438 631
9 430
75 534
654 590
434 238
299 140
72 611
123 232
363 573
524 807
821 487
892 615
247 676
599 85
923 791
310 190
767 14
292 206
23 778
654 834
715 212
685 850
998 300
725 981
224 728
42 798
928 238
605 550
928 675
389 629
606 754
829 705
837 702
724 250
634 721
289 577
619 448
460 977
786 800
530 941
603 80
333 730
651 538
72 864
247 513
77 100
631 716
191 942
276 646
909 134
159 919
698 691
505 915
522 446
987 877
760 24
841 447
859 233
397 289
766 519
879 53
881 140
527 356
293 248
864 429
742 915
107 653
214 576
868 826
625 413
967 823
529 334
835 8
241 965
682 966
711 263
694 971
465 586
97 183
254 306
42 490
889 144
570 89
995 12
132 707
53 383
287 284
565 716
832 193
284 958
892 252
698 448
499 565
616 406
356 267
114 419
10 706
575 620
116 174
542 255
99 760
437 334
599 494
912 615
693 576
107 557
598 877
285 503
707 62
28 413
7 801
845 933
232 696
724 159
654 501
572 234
183 379
760 487
529 419
583 130
8 41
464 899
534 161
411 989
956 258
838 919
333 94
637 812
943 857
496 5
95 191
100 326
97 222
787 723
321 551
256 228
959 658
811 105
873 841
144 23
361 288
665 12
111 830
960 967
135 90
227 2
839 108
452 59
547 842
448 297
842 622
833 169
289 275
559 861
53 284
333 521
301 565
611 38
843 599
757 197
676 746
135 365
514 34
897 311
419 784
533 61
985 980
882 537
671 258
520 936
692 354
825 148
294 860
630 629
550 857
646 759
255 93
116 544
534 697
806 599
782 767
477 943
288 137
336 961
453 937
907 630
355 645
759 777
16 967
629 451
159 949
263 510
576 228
838 906
284 148
227 508
43 274
83 235
979 916
808 622
373 353
749 419
581 226
179 375
966 795
977 537
597 882
666 809
286 310
802 293
131 952
489 607
795 641
713 322
728 822
207 534
415 363
206 712
221 661
844 99
86 491
644 568
411 590
527 965
6 691
421 54
916 252
122 361
382 145
207 257
703 284
566 302
303 400
682 630
180 146
209 959
885 69
770 594
924 774
304 571
690 53
342 367
443 361
843 477
673 21
790 53
556 172
828 326
571 755
110 894
983 295
290 618
149 637
272 30
456 172
582 968
602 368
988 511
402 472
26 910
987 913
304 316
580 364
847 964
330 390
802 253
327 372
963 748
440 812
315 426
898 844
307 496
330 470
205 747
276 666
611 167
140 474
584 115
755 816
882 735
238 574
557 391
553 273
617 878
715 813
608 537
102 458
950 228
765 258
140 589
272 15
541 567
261 202
886 42
65 858
610 387
815 695
420 560
539 844
761 164
632 560
224 94
608 886
840 828
626 821
629 612
690 780
212 169
883 56
290 361
512 530
517 619
252 164
558 167
887 900
253 815
170 154
296 751
134 358
449 888
994 255
884 426
918 692
781 647
532 849
86 35
191 241
274 383
178 93
834 868
966 839
846 161
876 254
324 944
841 102
918 405
429 347
178 325
789 564
38 79
971 685
826 723
238 515
86 490
15 4
843 548
239 521
592 297
820 951
75 250
433 453
802 536
144 997
110 332
948 797
860 14
583 280
612 315
240 550
506 788
638 996
124 715
880 630
40 352
973 189
389 730
774 828
951 376
859 407
317 584
522 934
560 45
668 581
436 51
537 249
827 289
788 961
524 624
863 909
575 415
723 330
263 966
710 567
728 183
391 767
677 193
881 267
74 642
684 440
234 964
747 463
106 972
769 350
432 914
975 349
320 845
690 311
734 484
622 415
871 439
976 103
730 188
597 33
791 312
418 421
537 283
992 166
130 459
730 760
344 906
654 934
155 994
679 908
356 705
70 858
202 109
558 341
656 234
776 778
174 509
462 673
151 345
621 78
82 392
142 521
168 714
678 607
404 324
640 15
771 516
971 937
384 813
646 565
310 133
239 725
712 693
956 744
271 662
107 775
440 552
578 248
583 406
103 549
84 212
983 618
949 317
572 129
578 686
312 172
117 797
846 561
668 804
585 352
9 6
454 222
851 397
236 245
657 516
761 338
165 321
191 906
19 165
915 64
184 624
912 632
344 572
558 742
335 174
687 717
191 69
44 642
423 162
562 604
992 561
886 907
164 77
564 706
208 797
635 492
385 256
578 900
357 528
882 144
24 477
626 346
585 417
970 672
321 689
753 240
6 135
631 89
873 450
693 73
942 270
841 811
380 189
190 132
316 929
239 651
175 563
316 360
900 940
949 93
762 595
670 97
877 851
553 504
895 177
828 1
844 884
969 2
893 249
349 152
590 488
402 636
391 946
857 23
695 142
374 172
182 700
671 811
612 385
428 465
384 89
944 182
700 909
794 815
307 120
641 351
203 626
401 213
849 802
360 649
696 652
932 724
408 380
586 70
20 896
849 894
627 552
54 924
393 299
730 104
594 729
479 570
89 152
571 585
409 290
848 89
793 757
841 596
287 859
646 997
285 720
312 769
862 435
348 31
729 773
9 187
158 940
832 745
718 250
135 338
973 516
543 232
176 174
869 274
630 709
925 409
815 202
59 546
936 646
664 485
683 528
686 764
635 854
570 832
198 98
822 871
393 290
476 45
914 234
180 164
726 632
621 117
688 743
627 733
882 873
116 975
91 485
3 52
758 169
382 253
152 776
7 144
990 593
147 857
268 669
496 196
862 873
509 734
797 626
10 364
105 861
739 642
897 766
156 227
245 416
155 530
438 918
178 350
32 809
111 53
474 363
55 355
421 585
556 231
791 66
248 59
136 532
28 789
111 665
865 719
88 314
986 640
252 427
251 359
613 425
531 835
59 870
897 457
336 487
142 563
340 156
662 901
747 254
893 831
904 436
23 21
495 132
18 438
935 601
735 499
270 341
293 887
991 221
616 165
96 714
729 456
341 305
821 598
314 905
533 335
801 671
836 421
3 484
842 734
361 370
433 632
393 569
973 164
733 417
817 601
941 401
279 675
417 362
27 345
566 831
784 771
49 197
422 754
812 855
232 936
157 672
896 135
833 180
281 664
667 240
651 222
684 343
310 593
724 253
433 636
923 131
719 159
267 390
309 456
48 975
78 9
773 567
644 393
383 674
990 848
99 513
689 985
310 458
351 89
718 68
434 124
853 789
385 384
18 301
307 326
584 398
731 575
368 924
444 67
172 183
857 809
408 73
554 518
216 633
618 701
871 196
564 954
310 501
935 22
8 939
332 636
477 985
366 411
834 585
743 985
305 788
929 930
211 265
750 398
635 432
292 705
556 846
382 890
110 647
443 785
788 489
106 123
349 981
872 464
416 853
517 707
999 63
573 811
271 464
556 501
915 210
10 429
105 254
800 814
194 929
692 80
218 674
559 24
754 523
354 497
750 728
347 12
812 614
556 501
487 113
922 461
300 927
863 401
469 796
654 539
334 558
798 931
520 157
14 975
679 118
559 244
291 209
893 206
425 658
823 213
797 67
646 286
326 111
222 282
848 985
404 220
63 50
150 335
804 884
168 793
774 813
253 182
725 806
437 32
506 913
962 354
804 541
50 869
543 604
595 16
417 83
538 520
486 408
588 64
776 988
58 41
895 875
467 800
376 373
308 82
584 214
691 341
760 130
511 360
96 46
713 660
733 898
534 762
30 397
945 598
270 736
625 521
153 963
215 330
973 2
51 882
528 853
717 996
286 727
455 115
906 64
137 663
141 783
553 64
464 330
900 508
355 391
238 971
558 752
214 603
68 344
76 615
954 737
543 107
764 492
153 202
579 397
476 508
615 848
384 250
578 521
292 864
275 310
996 452
831 394
761 524
775 405
599 772
630 320
237 511
547 949
396 103
99 304
770 815
251 646
624 951
471 945
713 771
319 950
437 668
246 809
771 630
203 540
258 75
916 985
388 569
651 750
960 523
267 656
437 78
561 493
616 410
713 617
977 816
421 584
464 989
530 764
21 473
850 793
254 416
350 233
991 178
341 438
865 821
777 776
122 805
699 470
489 51
470 727
158 12
119 86
112 817
34 817
533 171
240 568
9 468
528 135
520 690
120 658
827 942
125 185
996 960
658 951
78 196
745 721
457 215
514 999
606 217
984 148
842 127
712 878
511 18
313 596
583 394
558 778
530 371
475 932
558 853
950 384
983 620
207 905
771 744
901 346
779 390
883 486
125 374
650 472
652 930
529 577
373 126
1 553
777 720
374 351
323 230
817 32
886 49
961 968
753 266
87 802
432 448
280 118
679 121
354 749
305 166
770 900
452 557
70 963
895 273
504 583
162 608
488 329
794 846
410 255
561 953
72 8
516 676
509 585
311 715
963 901
248 516
737 691
62 548
954 821
164 92
420 216
404 949
853 613
148 861
900 957
850 853
339 271
240 136
745 822
699 413
69 865
811 389
712 860
814 337
947 317
509 902
40 21
887 607
500 739
267 216
244 93
797 865
554 529
405 716
156 703
739 491
145 537
252 336
276 804
903 633
149 70
998 684
785 394
802 518
513 918
7 704
740 592
286 222
532 204
301 423
952 736
992 507
511 3
125 840
292 807
561 417
894 646
313 45
553 333
132 248
396 427
208 812
352 590
931 782
658 22
360 680
682 646
819 243
260 534
264 181
99 297
868 565
484 561
130 840
609 293
761 468
706 448
252 83
75 204
373 281
1 343
580 572
804 141
844 807
216 130
281 503
800 174
680 164
141 651
875 69
556 317
147 132
154 73
488 489
684 531
855 133
852 659
652 362
796 510
621 33
907 250
233 366
113 404
528 574
41 5
670 201
2 111
929 666
409 651
318 228
413 259
327 646
51 561
376 704
643 253
745 678
204 510
997 384
831 139
507 520
151 34
657 503
471 859
573 805
810 335
109 518
248 253
323 582
119 25
394 18
680 928
249 190
560 114
15 154
542 928
864 139
270 172
71 41
881 161
285 998
465 343
492 771
254 194
328 199
813 507
40 399
516 83
276 190
832 653
697 721
118 745
241 736
292 313
132 946
103 907
696 33
725 975
472 344
989 741
479 174
418 599
104 808
37 141
573 681
429 694
537 627
6 688
555 341
569 433
615 693
223 366
9 861
648 629
890 487
912 266
165 379
325 868
133 102
862 29
486 314
111 25
591 991
100 381
710 364
951 648
679 798
919 957
798 632
571 341
978 93
12 185
205 442
815 433
281 975
808 293
195 487
105 5
224 996
222 645
700 541
180 662
808 921
306 732
69 675
760 474
733 275
333 884
321 127
210 843
628 621
393 322
722 234
876 727
680 971
868 552
220 801
832 316
536 198
783 191
790 741
832 706
684 831
26 485
473 625
162 31
583 903
420 9
666 728
508 885
427 115
647 220
527 8
64 324
359 736
338 826
460 331
603 587
36 938
982 703
693 845
534 278
190 362
643 281
443 237
716 393
853 891
810 959
400 965
289 333
789 584
115 253
301 987
113 413
442 467
462 514
257 190
802 779
781 605
91 467
539 651
663 899
401 277
554 463
583 701
701 193
644 30
922 57
25 96
388 613
819 874
154 41
162 307
953 852
730 332
582 730
218 348
987 468
875 662
965 996
68 422
787 959
498 473
352 167
551 445
176 266
613 158
607 460
841 280
859 796
192 558
6 640
185 451
171 839
909 235
667 916
354 979
365 449
139 551
766 472
671 117
455 323
164 331
34 716
830 839
927 929
587 455
120 595
113 403
367 244
928 950
277 203
855 238
737 638
73 976
982 698
48 94
143 344
31 983
2 377
966 266
655 608
286 545
669 946
649 115
729 490
873 783
567 450
664 567
889 221
573 761
846 211
917 440
187 493
500 194
889 356
27 359
104 20
443 877
833 323
556 311
712 576
559 329
503 191
989 406
358 719
250 272
592 313
856 861
531 215
230 930
742 405
987 37
438 774
440 410
691 641
94 646
28 819
43 576
840 929
396 503
704 769
563 401
278 836
36 378
2 626
306 513
33 768
592 623
467 954
763 104
109 606
980 234
787 925
401 994
708 394
195 77
297 115
92 627
237 312
765 18
896 882
830 649
338 743
842 378
794 402
71 201
99 516
940 157
622 103
951 995
837 472
489 977
606 46
494 923
808 133
339 733
53 77
646 311
301 110
624 61
563 522
992 532
523 564
756 251
170 180
697 626
603 919
483 517
970 733
682 464
210 644
496 730
455 523
997 953
980 299
563 268
98 973
946 886
664 656
829 551
509 663
357 768
115 487
675 460
251 950
398 798
495 933
781 295
17 408
364 127
581 482
11 836
887 642
435 781
693 760
168 992
574 29
367 494
229 909
333 712
568 993
715 418
636 898
118 412
325 777
317 874
668 958
821 339
422 391
743 799
514 455
314 773
186 551
747 221
116 766
218 416
539 503
560 129
659 336
264 836
158 497
546 546
698 991
419 885
703 964
138 13
341 297
627 504
482 111
655 713
994 111
53 433
956 512
88 488
147 222
139 203
415 595
555 881
131 100
69 763
889 823
874 999
183 600
457 297
887 173
815 46
190 680
621 156
651 517
321 252
486 804
603 979
711 114
896 945
596 880
669 89
790 522
621 561
361 252
566 951
54 575
908 733
551 812
38 81
142 487
764 79
923 430
933 574
571 549
478 156
360 555
550 283
473 851
459 820
28 201
631 555
323 248
836 165
492 500
830 534
912 611
982 496
561 671
665 433
943 685
487 425
988 89
251 632
168 594
84 698
437 752
506 70
405 787
140 68
842 533
783 31
488 25
820 235
378 348
104 565
459 686
565 159
655 95
880 672
184 339
251 67
467 934
5 860
491 731
648 352
126 885
647 144
2 861
309 676
498 542
340 419
898 861
846 822
694 221
505 991
398 857
593 891
74 207
675 585
833 440
874 887
525 361
257 759
965 569
272 421
64 263
539 665
896 864
929 746
16 936
172 291
407 480
640 597
967 344
519 685
672 221
398 481
799 690
679 529
597 385
854 396
367 319
965 853
315 192
629 448
531 579
300 798
535 987
101 453
102 55
740 545
589 89
524 232
540 20
470 149
666 54
86 833
848 391
605 124
800 918
803 168
35 53
954 487
711 792
841 190
643 683
342 763
493 295
693 167
497 581
729 802
865 902
818 791
927 970
604 318
866 908
78 114
98 692
602 206
140 329
385 186
949 433
657 94
881 887
768 986
619 58
120 26
254 640
610 160
867 515
681 934
534 988
527 430
112 277
962 881
257 148
105 176
843 134
135 634
891 730
635 101
229 239
946 172
787 29
756 786
457 155
257 84
794 926
721 939
153 796
51 69
876 934
278 56
89 598
910 212
728 178
668 959
301 822
777 147
59 235
880 615
123 853
429 929
466 451
1 437
583 526
46 83
855 173
594 126
349 114
253 125
213 276
288 516
924 776
121 380
751 603
596 628
964 691
235 3
231 634
913 36
149 897
264 928
276 572
131 973
890 668
451 21
239 162
693 294
361 876
513 487
499 281
848 976
556 839
15 287
715 823
961 973
974 627
978 606
144 60
78 120
789 802
928 13
449 714
996 371
423 368
640 330
923 364
168 163
2 469
983 192
442 606
418 362
407 596
293 39
891 278
505 658
180 396
641 618
988 596
984 564
132 742
541 661
778 245
438 994
720 975
5 9
996 717
657 717
480 981
91 304
702 23
846 676
510 540
899 443
382 225
846 952
572 71
32 6
436 631
971 704
417 973
166 10
455 310
438 649
446 62
58 997
656 286
329 359
336 408
434 765
960 98
173 982
520 950
800 703
916 110
183 624
269 167
467 616
261 141
95 899
100 474
942 300
776 543
343 232
504 485
115 543
128 207
698 944
445 938
317 396
367 78
716 936
98 201
180 748
487 467
779 865
550 555
411 14
616 473
936 938
306 359
954 619
791 387
844 646
862 659
969 953
301 386
192 244
620 48
718 727
553 992
528 822
499 104
998 862
152 875
466 279
761 447
664 831
354 606
747 869
189 218
260 906
184 699
584 590
75 216
817 736
113 423
59 315
472 305
620 343
157 573
171 719
302 534
473 332
993 89
708 129
692 260
590 58
660 468
889 827
117 953
292 309
875 78
511 590
221 198
652 306
284 600
454 232
474 321
76 235
145 89
483 969
153 218
35 665
951 382
336 397
558 415
856 700
21 867
878 281
296 844
255 853
75 555
780 430
402 81
153 281
836 158
248 192
370 179
750 496
102 8
671 895
461 932
403 223
20 730
98 253
452 345
135 233
283 121
263 180
920 753
609 297
391 674
706 979
924 244
584 149
329 267
938 561
10 214
888 731
930 981
866 155
117 756
959 474
756 204
860 264
683 955
147 191
905 472
637 368
106 432
82 241
27 281
673 620
193 579
227 225
486 868
855 228
731 909
992 162
685 586
440 565
589 675
127 442
221 564
334 550
65 909
733 402
655 346
885 725
701 482
474 644
115 379
779 591
795 274
693 786
584 592
592 472
918 687
685 454
290 687
985 905
122 259
567 860
398 103
773 695
17 930
522 276
546 741
808 132
421 856
86 520
181 550
61 121
535 491
485 737
597 272
397 203
812 107
375 434
432 10
605 406
909 168
603 768
396 913
60 693
481 337
698 935
402 475
374 457
675 49
297 159
624 826
734 417
134 833
294 235
19 88
4 339
531 686
945 34
153 542
310 522
652 768
723 261
653 429
868 301
508 257
13 339
472 853
67 402
550 159
220 506
137 869
559 465
545 352
351 382
370 21
273 465
42 490
739 449
67 668
905 810
305 833
599 878
404 237
500 647
396 257
14 643
819 362
776 75
969 277
455 972
606 95
442 281
649 642
487 915
49 968
865 345
743 696
402 130
634 928
692 806
304 153
522 939
946 262
608 430
628 368
681 233
831 862
848 201
682 382
638 291
127 6
517 96
754 411
724 524
859 801
559 10
517 883
65 351
242 592
257 592
60 971
123 456
109 313
397 912
526 543
846 145
93 508
668 654
834 447
217 959
221 564
837 668
588 699
989 172
414 320
167 936
32 853
794 808
938 777
863 708
749 190
86 529
109 119
252 200
588 856
17 173
567 640
579 317
840 132
136 325
351 154
719 549
51 761
458 488
133 870
905 999
398 355
653 332
942 894
348 162
319 940
179 794
729 770
530 926
500 746
411 103
607 912
931 316
367 88
638 56
363 575
626 242
807 707
407 976
351 833
724 666
503 988
333 135
132 159
810 515
938 169
67 18
671 930
931 344
856 252
942 670
891 733
469 613
853 446
821 644
10 391
516 148
658 91
796 400
918 122
28 526
190 939
628 431
752 454
744 781
131 648
571 23
118 742
941 659
371 150
430 372
636 685
345 77
980 96
567 399
37 183
127 500
200 939
966 247
617 61
449 855
976 981
343 955
150 729
374 769
180 777
908 837
542 856
513 799
98 814
533 304
751 839
887 38
410 646
809 349
910 212
925 806
495 277
559 612
729 149
907 708
836 937
477 615
752 982
263 515
184 519
707 617
965 23
429 590
754 798
533 533
45 75
756 709
295 246
831 163
713 984
175 604
28 266
238 215
890 287
630 385
728 563
731 783
514 459
482 65
449 378
109 66
499 553
349 816
523 816
374 883
16 193
851 492
629 660
657 545
179 314
40 784
907 322
847 162
565 966
170 333
930 295
34 514
249 478
626 127
301 441
523 307
318 795
832 811
710 323
445 679
931 134
785 12
18 563
8 136
540 708
838 239
936 317
1 94
374 722
360 898
319 666
165 177
813 259
473 178
197 663
943 640
606 251
992 411
648 230
891 158
773 897
469 912
806 417
99 142
763 195
562 911
942 885
100 753
41 710
474 910
186 378
435 107
28 619
795 372
207 195
992 96
57 826
50 693
901 852
834 321
699 485
153 956
279 582
702 651
833 290
270 822
525 339
188 495
50 150
121 264
333 467
55 955
180 272
881 217
219 534
145 879
578 128
953 912
899 932
170 346
447 7
245 821
427 26
199 325
684 861
260 24
767 746
31 87
383 438
35 91
66 29
320 677
277 861
471 434
722 678
428 831
708 524
274 192
675 93
276 23
952 219
677 172
879 345
368 692
482 100
186 154
740 491
909 122
206 906
746 712
335 27
457 622
282 208
487 5
645 28
643 544
778 305
213 601
521 705
434 824
95 920
46 458
206 594
910 999
306 587
587 699
180 851
544 838
17 374
181 66
837 545
886 950
104 870
762 43
87 691
103 58
389 658
595 529
461 502
999 348
679 488
619 37
241 987
401 902
991 507
464 898
812 425
563 713
499 983
809 456
48 149
757 831
497 444
238 498
613 743
724 241
612 401
385 926
240 160
963 324
569 754
566 73
562 748
454 972
318 201
408 619
333 582
247 142
948 551
98 277
404 43
548 596
461 209
940 253
799 833
407 611
239 644
920 729
3 632
204 9
773 462
199 165
222 635
340 493
714 507
270 395
663 81
729 749
419 393
690 366
694 496
371 231
205 449
442 698
664 266
524 557
776 82
291 948
795 412
336 827
688 592
512 420
720 126
974 121
308 221
332 45
180 309
341 76
969 353
658 901
284 723
567 809
55 747
296 957
667 518
624 240
597 117
269 390
393 220
982 918
351 811
279 601
137 775
252 299
673 963
414 136
214 78
398 933
782 143
124 252
937 358
199 71
298 794
365 266
645 785
932 280
83 992
986 57
558 834
587 501
829 16
842 330
530 480
440 951
178 938
828 984
582 398
496 98
726 71
131 535
616 156
676 473
394 543
882 303
180 460
74 513
598 951
521 560
337 257
873 238
313 965
182 326
473 535
186 824
545 695
856 726
775 462
990 480
526 785
218 367
4 510
128 173
686 983
403 395
586 511
264 639
709 435
676 63
622 90
205 835
921 357
168 502
895 497
672 622
830 692
220 128
547 441
154 724
393 418
569 808
483 830
53 195
270 600
575 962
448 477
135 215
673 889
790 624
218 130
150 770
14 149
911 979
792 693
835 183
135 795
463 681
969 522
542 484
815 903
167 954
284 832
905 264
301 526
898 657
917 679
36 644
221 243
58 124
794 178
32 926
821 287
940 587
1 643
659 326
807 336
381 200
112 248
465 601
371 344
282 422
873 922
762 494
21 849
969 648
720 565
645 653
520 745
114 583
345 876
137 217
500 39
110 584
624 455
934 639
870 75
80 293
313 303
694 847
358 744
507 340
65 117
843 475
290 803
457 505
950 411
617 562
647 843
677 327
139 238
214 490
857 153
492 818
384 689
328 464
867 270
863 828
639 719
137 218
433 667
490 151
838 934
982 279
361 816
887 240
198 116
403 437
259 329
406 149
197 672
839 547
67 693
352 977
122 905
235 934
28 802
505 752
199 694
97 30
762 931
468 203
849 383
473 265
458 616
239 60
902 476
874 722
474 55
767 50
984 541
426 755
588 818
138 344
218 464
518 867
617 865
656 229
724 737
55 455
131 866
537 427
982 425
739 932
550 305
78 436
328 492
368 804
906 196
613 477
888 860
554 356
931 764
414 322
774 461
401 780
419 914
603 350
892 418
537 631
444 529
26 52
657 434
831 597
15 418
955 670
852 524
51 998
735 79
676 38
259 680
288 647
490 464
857 687
263 103
104 631
702 809
110 750
496 916
668 644
596 591
724 656
762 755
272 685
363 889
382 111
490 515
302 315
456 478
366 766
532 713
371 37
727 899
770 618
933 527
246 608
41 834
265 76
977 749
201 899
422 97
610 416
129 635
674 440
187 457
926 534
154 516
875 794
634 986
95 809
274 167
474 341
715 726
610 255
683 373
251 960
951 197
104 90
393 805
989 204
735 128
494 240
750 565
319 75
403 346
66 935
261 145
911 931
87 386
932 979
742 575
716 272
423 172
697 942
67 91
979 934
907 890
575 888
379 337
7 68
760 663
1 137
844 410
426 82
412 88
317 234
824 98
451 595
116 715
689 702
705 577
929 125
537 987
176 148
492 575
568 998
825 603
262 731
362 365
517 541
717 643
302 827
569 875
855 3
943 592
325 426
709 148
703 361
585 523
626 625
303 436
430 487
543 584
709 95
606 447
322 461
70 624
422 925
270 123
274 504
232 289
278 567
71 414
345 293
909 566
924 455
356 467
106 378
22 247
994 364
832 383
274 869
264 918
301 737
850 224
988 665
575 776
21 479
317 571
473 158
128 616
854 575
936 188
885 574
78 872
830 752
808 868
795 644
263 259
384 597
80 226
807 236
191 882
213 728
734 428
1 656
138 985
656 858
582 332
621 887
158 91
778 568
712 162
404 629
383 635
875 66
909 985
784 34
225 692
444 239
90 912
80 768
438 618
917 6
526 479
474 583
409 389
552 699
507 312
375 861
582 105
47 330
180 423
352 950
386 43
606 993
630 608
69 182
409 908
104 414
246 297
699 307
32 84
499 449
241 305
348 56
953 439
988 986
391 741
971 710
577 601
350 261
765 303
852 235
116 342
13 148
414 634
577 939
157 883
85 94
913 689
689 646
334 799
305 545
809 5
25 880
894 243
16 907
764 974
167 811
865 863
81 779
880 988
211 726
378 670
491 733
283 687
805 663
238 428
15 512
113 180
238 506
408 268
284 23
247 376
670 868
509 811
378 348
94 392
533 133
58 486
936 341
621 706
608 446
659 6
884 944
147 467
103 518
750 31
465 814
229 296
141 952
50 670
240 63
617 726
495 448
813 293
205 941
985 764
53 441
554 368
796 717
992 415
116 587
427 863
753 10
451 55
900 442
526 840
960 929
553 770
992 289
238 20
906 236
773 157
240 724
987 836
431 567
509 109
856 161
767 599
13 597
520 610
237 1
902 196
913 110
616 330
393 237
723 251
950 310
299 999
989 746
201 273
81 779
310 102
238 22
892 780
624 70
112 83
67 458
272 998
863 778
726 674
667 492
372 522
49 548
885 663
799 320
815 408
102 657
305 753
926 997
943 482
304 310
427 908
479 887
795 668
247 759
54 537
661 988
662 532
731 771
671 811
19 822
969 801
287 468
910 975
956 463
178 674
891 961
883 228
564 424
664 950
872 438
241 473
891 35
218 31
909 183
913 445
147 819
507 250
30 985
352 197
128 198
92 573
228 945
163 39
233 682
126 88
48 840
682 210
