5000 3000
616 793
167 585
961 627
879 572
461 354
302 36
963 863
395 363
470 722
222 644
895 719
535 241
638 468
232 192
870 644
507 15
650 920
747 55
103 422
20 596
54 437
838 732
331 826
641 899
951 273
982 368
989 629
29 932
535 975
821 177
615 523
608 831
295 470
992 452
105 517
137 297
778 384
517 163
710 814
122 134
926 968
638 606
454 159
669 207
940 492
870 352
866 214
429 705
407 326
288 505
213 315
947 143
255 43
405 603
307 510
745 888
337 690
506 707
134 535
53 325
280 498
772 911
919 879
712 128
152 929
302 677
136 323
739 634
585 591
304 344
823 830
978 341
920 274
160 325
188 440
662 550
488 605
180 289
537 979
484 332
498 468
158 280
500 834
957 303
564 407
428 415
584 629
755 545
490 733
872 555
362 538
634 950
263 6
27 580
215 645
13 632
46 613
357 144
681 237
523 457
251 863
865 229
595 17
451 510
216 300
352 816
47 617
671 660
869 119
638 460
189 121
196 721
333 333
926 31
384 3
120 75
451 975
304 13
632 972
390 938
442 845
602 456
555 817
653 183
770 927
61 733
238 269
378 678
284 321
478 545
502 290
873 499
272 153
649 61
699 998
194 585
165 934
639 621
6 656
662 669
175 707
565 148
361 452
588 589
430 921
965 608
893 17
138 421
173 392
30 908
53 492
111 351
308 65
457 185
280 963
279 30
330 306
469 185
679 734
774 654
50 842
2 210
350 500
129 296
193 991
428 444
619 789
874 732
440 288
720 344
110 781
95 570
212 732
566 394
159 186
303 470
596 960
68 673
615 436
460 674
849 487
559 838
970 500
330 84
207 718
878 386
167 944
698 874
642 907
663 830
887 215
563 355
881 350
64 186
817 672
333 238
801 117
231 919
613 601
499 921
793 839
28 32
422 507
725 65
81 14
606 830
186 853
220 750
139 6
188 383
737 73
229 873
218 975
617 641
712 881
539 60
764 200
693 549
105 383
841 143
647 699
96 343
507 530
826 855
576 800
734 499
963 4
27 125
221 669
591 135
4 246
942 515
252 431
979 677
534 837
483 610
805 497
406 888
869 464
152 15
216 168
573 836
715 517
949 420
612 579
124 772
270 142
244 294
376 765
141 333
448 280
301 142
549 807
419 663
780 198
600 685
609 495
461 171
80 623
429 241
493 823
133 1
168 817
363 158
789 382
209 238
989 77
806 178
650 656
25 166
935 959
834 491
635 942
775 257
556 428
961 510
147 472
480 766
205 484
136 336
312 21
985 875
948 213
358 726
332 667
29 105
135 440
903 16
674 77
306 945
631 141
960 238
753 734
31 166
843 759
588 741
651 475
404 559
141 398
545 459
642 891
678 79
525 644
764 469
163 522
565 570
660 187
785 223
432 888
800 379
259 618
877 410
682 622
302 478
19 68
548 299
998 407
841 498
621 128
753 659
599 677
622 169
706 900
771 79
349 267
106 282
519 972
409 640
896 313
693 260
915 425
757 417
792 82
278 420
451 342
907 922
806 263
562 524
57 764
311 157
360 398
404 711
53 662
603 421
610 448
677 64
21 168
138 594
417 495
647 916
923 369
299 181
217 633
207 921
779 260
393 413
959 714
246 812
913 194
130 473
69 551
306 825
539 852
519 477
683 160
50 512
749 636
506 460
70 154
321 878
862 804
997 92
852 676
655 10
467 465
648 904
734 505
617 438
252 657
156 290
761 745
917 790
249 747
709 589
785 716
11 439
891 253
402 621
395 378
959 715
647 53
321 588
624 65
369 527
338 776
531 535
503 893
945 954
960 965
351 724
346 219
242 475
883 416
720 2
776 442
355 397
90 340
574 589
871 603
278 398
78 498
761 365
696 387
947 10
477 558
612 985
879 100
127 471
488 551
161 30
640 997
65 736
193 124
842 570
585 282
458 592
552 283
27 500
440 48
250 81
112 889
175 610
377 681
309 542
340 959
615 318
920 935
93 479
902 36
441 307
125 217
320 157
461 448
948 354
501 944
583 15
391 830
53 631
363 711
94 976
452 445
272 958
188 38
575 845
134 875
402 770
97 199
47 677
241 677
794 391
736 797
657 153
540 197
936 359
623 99
16 86
870 69
636 505
860 907
976 366
240 392
196 997
973 406
803 497
982 420
233 35
726 775
872 870
528 306
168 20
928 377
722 566
810 421
384 823
138 916
57 253
516 490
191 726
267 62
703 187
511 778
546 202
886 48
749 679
57 530
951 488
44 349
876 275
915 393
123 412
236 49
112 268
525 643
99 861
655 983
962 291
458 750
866 348
391 520
944 394
477 486
874 391
872 476
147 11
936 8
947 207
55 500
561 454
337 563
298 968
275 755
792 232
353 461
835 173
950 574
786 142
249 574
567 634
741 373
297 574
555 420
276 909
959 431
910 130
202 637
485 876
347 794
145 624
383 349
558 965
644 11
250 791
349 757
464 358
401 128
23 546
289 395
306 963
901 571
411 281
367 859
187 322
219 825
100 118
645 356
790 220
868 465
832 720
71 893
337 696
261 114
37 815
807 532
448 616
347 274
250 762
176 78
491 987
148 483
988 573
391 567
346 86
407 851
359 155
17 188
477 445
686 766
56 871
571 912
109 348
977 742
674 329
11 287
607 337
829 933
705 907
982 127
908 808
446 869
30 566
149 554
112 539
415 537
845 706
831 325
790 845
911 843
777 61
823 690
847 200
532 86
23 52
599 932
609 200
842 405
615 834
907 791
616 146
505 18
238 185
651 558
385 759
353 621
254 113
607 268
363 57
782 764
757 72
615 710
606 629
657 588
60 980
827 371
929 845
875 170
388 940
934 47
156 35
566 331
802 871
981 764
698 37
663 308
75 864
519 133
883 255
512 902
456 62
277 775
698 789
543 768
174 224
18 966
423 492
917 105
286 467
976 793
907 218
643 213
139 783
380 685
42 227
693 705
961 232
60 763
344 332
360 663
135 450
982 582
844 847
328 611
78 395
191 80
272 218
266 605
516 892
717 36
371 476
229 734
811 472
251 87
291 830
850 193
624 187
86 555
741 21
467 616
145 343
439 677
809 260
418 194
693 568
842 506
25 292
142 248
491 613
581 495
46 313
276 284
214 779
914 41
788 609
583 107
77 286
394 320
106 435
916 88
850 319
571 984
260 945
595 806
274 444
576 509
230 720
743 324
376 75
497 616
22 455
900 225
928 202
363 831
826 776
393 280
345 595
505 707
222 141
416 906
191 909
307 669
442 375
823 206
421 838
302 156
889 807
359 892
128 257
468 878
683 455
477 276
666 995
617 96
442 442
540 882
219 248
125 339
658 450
432 504
681 401
421 522
457 59
541 430
126 771
747 437
34 31
869 869
432 352
539 509
345 944
523 147
637 93
758 568
248 631
12 711
392 242
665 942
922 498
30 913
721 849
86 716
768 568
547 853
395 610
312 989
24 221
413 932
449 143
710 96
220 35
566 545
432 553
343 162
403 121
123 564
389 127
824 432
608 822
186 296
646 323
708 75
160 776
352 183
181 592
645 52
937 567
824 135
833 145
256 916
32 403
509 652
238 384
845 529
614 242
107 10
508 97
830 133
42 893
172 357
836 538
471 203
667 245
121 272
843 311
495 106
403 761
323 323
123 675
516 986
994 247
699 972
75 459
132 385
243 226
843 484
114 505
643 824
95 306
532 787
35 175
123 276
714 214
677 456
120 109
128 469
106 999
534 932
399 517
727 72
507 325
298 667
482 485
107 995
894 776
803 805
675 254
382 778
608 116
154 159
290 881
654 983
65 464
930 461
200 62
170 203
20 829
346 8
744 839
289 788
343 809
650 321
773 295
990 505
314 138
941 553
609 940
323 56
658 120
440 561
438 958
354 752
199 561
548 96
142 798
890 745
624 106
61 949
214 283
839 238
691 749
68 522
984 691
530 64
327 428
449 898
390 8
991 758
645 863
903 743
932 46
472 129
419 221
87 983
304 224
767 500
874 693
248 644
597 604
57 512
701 330
658 800
279 147
13 960
110 820
548 692
130 452
284 751
384 143
556 179
969 937
846 714
67 717
238 501
935 380
236 344
735 95
175 671
447 531
372 475
997 68
371 652
29 65
218 869
670 207
861 312
566 876
128 735
448 122
607 638
186 706
48 747
493 596
789 945
507 593
82 452
572 908
990 668
648 326
711 732
744 14
470 400
308 898
385 360
931 62
872 867
367 217
378 890
203 726
248 646
407 842
692 598
578 414
467 898
232 703
812 74
857 311
805 738
888 963
473 324
159 48
185 525
101 821
518 622
34 848
99 706
650 189
454 272
367 128
433 222
400 713
1 265
730 258
303 530
982 660
33 451
961 774
514 138
672 48
410 484
6 424
132 854
1 706
81 220
697 774
966 992
459 280
75 864
977 129
939 118
990 206
617 924
507 837
57 696
769 434
910 755
719 111
630 324
201 231
497 979
411 590
24 864
444 449
129 805
627 477
224 818
92 296
718 15
603 127
924 991
329 490
813 689
108 90
730 108
466 343
715 37
357 192
72 834
802 970
451 34
507 609
217 594
743 240
831 249
376 429
991 102
124 511
558 25
278 811
78 597
222 586
727 588
849 222
333 922
952 345
362 877
179 782
601 484
405 227
942 852
13 73
364 851
531 899
579 32
933 423
307 597
485 879
65 93
51 80
671 34
414 701
794 674
121 987
533 627
852 873
330 663
765 424
632 7
906 338
250 108
523 278
260 774
899 822
879 192
115 753
580 321
835 375
622 577
801 343
888 939
428 860
981 878
953 364
696 109
323 143
532 830
760 145
949 745
162 759
844 11
355 141
750 97
716 308
674 289
597 805
513 27
390 311
905 862
381 711
766 482
525 63
824 943
878 97
359 398
261 341
996 780
236 430
603 606
336 810
693 755
270 619
392 38
133 936
454 971
589 666
143 57
143 395
978 987
136 641
183 52
701 975
818 799
390 2
731 922
814 29
613 139
600 536
142 976
159 944
852 505
275 259
729 127
936 958
658 407
523 461
37 359
255 888
507 590
378 380
461 49
979 26
122 740
33 565
548 965
158 80
311 81
543 247
449 882
359 564
807 891
907 390
275 290
442 473
30 93
874 758
86 939
692 160
301 165
809 90
853 355
646 397
852 473
796 507
947 160
834 887
363 54
937 108
520 19
883 585
827 563
173 99
47 892
299 672
428 346
302 921
62 657
917 86
665 931
556 750
851 69
723 779
214 586
106 281
445 334
421 438
959 111
85 628
28 742
477 667
474 411
693 694
305 985
762 375
249 281
547 59
978 469
760 949
188 401
101 163
34 159
938 496
740 697
888 771
462 307
5 788
364 857
491 18
237 134
999 716
661 455
781 654
594 795
52 740
105 56
372 967
299 974
934 737
34 362
502 691
775 940
433 711
337 25
780 471
276 984
9 558
959 953
663 788
242 605
492 473
464 210
249 545
857 402
442 779
681 872
933 531
781 135
967 496
627 772
504 139
926 754
332 97
88 351
841 951
963 412
329 414
452 148
176 536
955 434
441 400
634 913
712 648
150 613
115 589
794 826
680 245
699 177
261 992
425 627
780 750
734 805
28 703
415 135
453 362
901 280
154 50
398 285
20 105
787 316
223 573
297 197
140 35
50 719
512 509
651 600
631 423
164 523
940 674
881 384
67 153
955 333
166 79
699 654
44 60
695 52
566 530
509 734
10 367
762 876
747 350
531 611
934 757
203 241
97 514
596 550
787 301
739 725
957 331
793 252
304 622
244 95
975 345
281 598
295 337
307 64
708 168
623 160
273 200
149 628
3 963
191 564
669 425
2 206
390 250
394 875
77 550
64 805
352 899
658 88
611 803
395 322
164 685
707 72
850 5
996 873
131 332
859 592
478 476
646 174
840 326
718 290
123 175
14 984
504 869
201 179
889 725
889 499
994 268
772 177
342 299
621 106
701 146
424 716
336 64
355 491
762 530
454 761
597 176
509 971
718 987
342 583
775 826
888 99
727 795
612 26
862 924
173 887
303 677
143 985
590 802
8 132
15 982
657 823
639 529
886 405
858 559
648 506
960 555
196 528
713 627
873 517
67 460
750 918
883 565
80 230
699 500
418 877
481 254
57 895
523 521
967 414
257 563
934 10
371 798
899 382
847 700
978 20
550 902
869 916
191 839
108 459
411 342
198 955
60 691
301 744
375 806
321 411
833 512
691 332
492 689
584 527
364 930
61 664
313 260
734 573
495 868
361 970
35 912
107 883
820 145
263 79
825 780
560 503
152 192
563 954
33 69
609 527
708 774
859 703
275 677
68 435
908 453
516 244
175 983
838 81
348 917
649 90
248 432
54 623
372 361
645 994
286 282
448 431
210 512
995 592
497 261
985 3
89 549
511 159
422 623
223 988
2 276
525 69
879 9
724 748
797 187
834 464
647 187
299 166
870 931
937 309
239 660
351 781
849 204
679 832
280 146
5 194
75 511
499 516
602 202
841 396
865 591
107 67
94 104
222 791
258 137
832 189
273 20
405 910
445 518
88 357
316 504
172 913
3 261
612 177
10 300
105 928
815 181
262 155
824 46
4 974
149 620
269 429
752 334
76 521
976 810
301 217
123 622
237 427
32 767
240 21
601 998
352 280
870 169
375 821
499 33
539 492
680 873
48 965
199 22
467 269
875 109
818 283
265 627
109 631
823 393
667 430
514 862
375 78
124 333
664 807
14 811
406 194
517 207
316 186
946 528
733 947
150 661
145 36
329 580
840 963
424 484
66 468
242 149
3 72
354 335
60 346
82 159
92 389
393 995
960 667
710 901
53 445
894 799
137 368
99 475
844 267
624 277
438 381
702 402
194 286
572 498
694 457
183 43
307 801
23 991
338 65
578 516
74 477
912 774
394 977
431 822
2 507
690 758
375 905
344 67
992 586
159 863
988 812
163 762
715 273
634 417
962 861
377 334
335 567
803 522
894 47
784 897
466 663
149 866
493 612
770 555
564 174
19 641
206 682
316 709
70 87
438 234
550 899
802 675
933 307
608 495
844 715
471 507
719 946
352 578
228 644
927 319
198 488
924 173
211 222
154 594
214 111
866 322
485 228
698 466
246 110
999 415
40 432
654 547
188 3
543 116
117 931
486 714
957 904
697 961
606 396
872 693
573 511
558 954
564 659
485 184
789 871
203 176
14 40
143 408
534 278
729 673
139 364
5 391
924 634
564 853
580 214
649 681
705 142
639 195
413 123
820 967
942 135
935 92
858 974
705 904
316 702
672 890
497 70
826 433
387 478
390 293
786 59
368 409
911 880
26 837
841 268
109 715
176 260
60 224
530 240
117 901
693 696
252 638
889 847
428 575
860 363
542 751
641 944
258 298
655 202
354 742
481 157
67 60
828 601
14 166
419 809
258 241
45 8
116 241
985 67
317 274
879 871
370 682
218 605
280 385
232 608
246 379
176 554
330 318
839 773
958 595
490 420
475 32
682 379
118 841
949 604
571 881
26 64
25 76
841 937
844 857
472 777
702 596
808 177
955 149
148 948
282 574
514 723
671 117
311 954
320 951
4 179
723 218
7 46
156 733
898 746
468 575
781 583
149 3
128 41
327 417
880 993
774 35
157 425
580 600
101 148
544 571
863 412
532 777
567 545
696 352
639 49
220 466
485 683
868 499
408 719
780 706
323 313
995 33
421 286
170 315
767 569
761 792
991 967
920 79
590 594
316 693
370 58
591 245
7 999
112 140
82 64
610 824
647 653
30 881
400 915
242 204
679 61
472 709
448 538
112 269
705 469
232 220
206 708
710 378
974 210
437 16
495 554
522 843
13 998
316 312
65 293
734 293
900 515
474 182
910 737
784 525
320 930
293 196
76 387
60 756
720 395
37 80
166 365
399 71
215 480
576 570
307 641
986 727
721 309
577 943
675 471
650 537
32 494
582 186
290 907
440 54
199 795
549 385
732 719
824 207
927 765
363 852
565 963
84 700
636 532
140 950
692 115
769 322
564 210
355 731
751 211
139 715
364 837
994 35
685 526
379 657
373 230
177 531
371 534
860 973
709 212
607 965
269 400
598 809
939 130
275 769
520 699
783 158
729 231
647 41
380 2
700 240
994 177
823 147
487 209
205 356
119 958
512 937
575 81
12 683
131 478
133 800
729 410
218 535
155 43
698 854
171 422
661 397
679 919
469 416
449 142
792 433
69 589
874 810
849 842
907 598
479 821
3 573
65 947
28 258
47 590
654 388
499 122
308 267
374 846
521 784
582 811
452 609
231 57
29 663
5 278
602 560
315 609
177 606
108 943
779 341
114 480
835 405
636 580
736 698
356 199
801 991
103 895
578 762
275 850
7 737
580 736
935 99
800 549
946 616
970 795
723 200
953 852
225 675
322 26
528 163
13 726
677 423
962 402
820 438
349 691
147 458
482 798
88 398
927 855
129 160
277 925
826 847
681 79
125 664
571 496
636 387
445 374
859 126
811 779
283 999
837 939
173 589
540 805
210 767
574 389
125 560
408 902
982 999
858 914
422 122
946 796
454 755
926 898
258 130
258 486
206 838
78 285
809 694
74 163
594 775
972 477
473 509
314 381
391 463
339 825
430 630
316 345
214 419
150 594
620 734
673 702
901 33
902 321
994 610
709 125
849 361
306 271
564 735
311 522
679 474
667 630
929 62
478 382
202 617
387 549
662 297
186 8
894 933
613 974
949 652
974 257
120 189
491 7
645 984
718 7
46 12
310 609
61 241
457 662
800 56
166 774
584 442
714 591
562 279
515 375
61 230
64 285
440 358
451 639
521 298
980 309
283 416
817 162
621 679
417 623
990 656
128 263
590 870
836 169
227 940
64 415
92 692
992 630
848 764
429 81
869 257
539 13
332 945
492 453
324 867
72 538
786 213
842 986
147 324
688 980
791 803
359 503
911 252
977 408
754 806
941 273
954 735
986 292
324 748
347 176
116 193
907 151
598 891
661 656
61 807
989 538
570 380
726 862
409 950
920 927
875 820
879 634
242 983
853 711
904 839
780 839
475 646
515 891
237 540
178 187
968 988
811 279
127 965
878 442
70 966
238 755
55 110
957 334
136 194
165 141
238 173
913 599
759 989
897 147
491 692
398 779
121 140
253 941
3 777
266 216
58 525
421 106
189 505
22 973
222 963
969 80
802 247
447 522
661 365
31 868
832 90
542 882
264 981
98 704
769 312
845 213
427 518
746 553
368 222
601 365
542 608
932 367
825 336
652 708
751 467
145 272
455 772
1 515
948 604
663 714
694 393
351 622
49 632
104 985
949 157
567 581
689 498
701 544
637 953
691 114
523 701
124 615
888 374
847 656
52 293
346 682
355 50
293 861
873 981
961 186
183 699
358 872
620 583
911 517
401 213
568 292
225 367
439 668
1 903
534 123
758 897
654 720
791 210
545 950
777 532
628 425
684 97
419 246
573 993
759 601
515 41
707 70
410 271
904 672
485 170
31 754
242 373
700 408
684 773
46 246
757 389
640 86
521 179
861 153
470 678
978 278
889 839
275 824
934 267
611 947
106 617
904 502
105 901
639 334
289 807
983 889
104 209
960 263
409 110
426 21
619 7
920 393
244 912
140 403
180 944
853 879
788 582
85 667
772 91
3 204
558 223
431 696
771 812
669 202
897 2
152 5
158 967
226 179
115 739
973 173
413 26
907 803
619 150
755 202
629 348
631 121
967 737
146 99
16 591
264 306
813 944
633 828
754 292
129 854
65 536
367 938
483 429
951 841
438 44
542 75
333 322
673 980
292 140
213 744
376 542
509 625
721 249
626 631
542 170
290 462
802 177
611 662
765 605
71 242
748 830
404 615
400 846
364 548
839 971
584 770
627 102
88 410
384 329
895 646
697 597
64 774
56 111
352 545
206 97
389 611
475 664
190 380
849 870
380 80
538 733
51 93
363 748
829 184
940 697
9 141
665 385
420 355
430 113
694 428
313 922
208 928
581 218
735 93
136 336
932 443
403 937
945 535
977 703
937 144
954 618
93 105
996 330
620 440
23 509
730 106
135 61
726 304
500 556
48 695
969 510
449 485
294 204
764 655
906 72
372 69
841 955
893 338
268 819
899 74
823 543
796 198
456 172
510 2
499 589
227 620
864 512
333 885
531 238
519 253
758 818
373 430
561 201
404 785
552 549
372 681
806 382
218 359
414 299
533 170
702 210
883 585
390 748
600 735
221 642
752 34
984 260
877 113
630 159
345 263
714 945
314 84
932 418
218 935
690 105
384 21
135 805
432 275
429 61
223 443
55 915
185 696
407 131
88 65
788 965
710 637
754 602
911 25
658 890
233 607
975 176
746 273
834 66
812 281
620 474
109 303
355 563
505 237
396 157
26 61
750 510
377 278
215 840
921 771
182 122
168 740
579 620
469 448
725 243
151 804
338 829
520 156
466 832
59 196
934 832
952 992
658 103
236 591
630 460
89 985
533 22
773 915
313 833
537 494
875 722
150 214
194 529
886 915
677 291
942 268
724 850
26 159
114 947
125 54
97 373
626 865
373 245
750 27
857 586
978 378
760 151
292 993
153 521
832 795
429 314
150 562
962 634
990 65
941 456
949 98
867 274
963 304
822 435
729 25
842 72
77 930
969 973
738 541
103 773
900 49
323 612
241 32
443 119
899 995
183 773
259 381
669 780
521 292
157 974
827 858
665 463
830 860
195 798
715 749
290 682
256 447
825 796
343 630
452 836
111 578
407 954
267 980
992 376
314 590
632 944
874 317
72 212
465 170
568 883
793 487
215 925
850 795
416 145
156 659
389 283
571 259
935 62
273 404
406 6
870 848
763 984
295 835
551 380
700 8
224 722
697 359
526 809
50 922
439 420
407 515
330 88
944 437
220 801
677 519
883 810
85 274
301 203
917 760
951 455
390 795
435 28
278 889
194 146
49 975
399 285
701 454
258 922
695 309
491 184
431 446
978 438
453 590
718 239
639 62
575 921
494 938
390 169
231 110
291 42
841 410
63 208
986 185
4 98
322 681
972 351
268 185
312 799
527 769
481 412
569 436
637 759
725 206
442 288
287 384
98 760
363 205
279 650
183 607
564 376
287 117
703 713
74 959
131 298
685 249
230 754
137 847
331 870
284 128
245 291
714 411
853 227
746 763
784 966
104 493
471 269
854 964
344 471
842 299
995 312
840 842
613 807
625 996
281 362
242 789
729 59
875 173
990 389
335 877
803 479
448 390
156 146
366 205
840 454
719 159
975 162
417 583
567 397
16 3
917 538
596 338
177 728
466 414
57 266
101 746
953 647
202 754
833 742
326 990
558 256
267 181
665 197
370 867
247 793
217 253
23 227
267 101
599 771
969 589
683 869
355 67
142 659
995 74
829 965
299 275
565 108
650 826
25 469
713 805
148 666
150 177
950 517
910 129
618 149
731 375
409 96
83 329
20 377
704 353
753 389
587 419
718 532
469 67
624 430
146 717
33 966
776 931
754 429
553 774
179 265
744 805
15 620
275 556
639 281
784 499
137 928
664 619
594 510
996 804
587 892
981 805
800 208
629 370
290 361
75 396
543 553
750 215
239 740
563 487
658 899
841 943
535 477
995 198
422 75
18 65
946 413
228 71
589 400
727 343
732 761
377 622
680 347
422 533
654 646
467 163
729 722
975 61
973 396
939 38
905 893
695 648
557 98
36 789
653 240
780 555
635 895
980 776
931 747
44 250
925 672
624 475
275 493
96 412
898 337
876 42
830 766
902 982
839 925
747 365
953 468
434 820
884 104
140 836
698 543
639 708
816 903
349 948
153 638
481 208
572 452
107 55
468 946
177 156
745 400
358 187
873 781
48 126
107 241
987 710
608 515
580 637
928 823
724 628
861 105
283 653
477 808
874 359
238 330
544 192
634 233
552 582
123 576
460 417
556 675
908 869
389 970
230 110
94 262
42 941
185 60
34 222
155 166
685 726
707 692
948 422
902 228
907 120
700 580
750 582
73 570
78 13
616 301
485 803
388 389
641 615
587 357
859 754
321 354
905 249
181 337
532 252
182 536
969 584
582 330
298 9
911 70
214 355
524 320
548 190
865 338
717 187
700 164
851 92
940 603
886 522
778 359
61 766
429 3
973 823
726 83
364 222
371 26
297 792
83 79
906 966
526 589
470 365
642 50
386 87
827 367
577 868
469 584
309 431
131 290
860 388
859 361
591 107
213 35
888 334
310 425
694 911
195 571
557 659
353 702
734 966
688 182
304 161
486 892
507 191
529 324
265 270
896 864
316 240
397 588
741 960
344 979
109 686
807 12
698 888
414 409
802 633
20 468
211 83
120 181
588 794
821 85
262 990
681 580
892 920
317 179
493 104
234 611
498 55
517 608
800 842
406 723
83 470
802 842
911 53
587 414
828 235
531 80
824 251
811 847
66 650
525 2
805 178
108 41
664 153
623 803
931 176
136 993
737 901
947 874
80 88
130 189
539 589
187 856
356 882
52 714
30 935
992 182
99 537
176 992
492 153
450 802
500 666
859 109
817 567
819 879
357 707
479 970
463 388
887 875
470 991
884 407
741 467
93 187
763 365
679 438
27 789
618 960
800 622
99 937
662 112
509 804
760 270
821 848
831 611
729 535
291 173
274 648
601 177
30 120
572 118
308 990
572 964
313 671
380 272
534 559
215 381
382 679
109 608
514 699
979 485
876 835
674 315
977 327
71 911
432 869
895 522
40 252
299 816
960 528
754 997
657 626
750 15
416 900
825 815
258 875
955 349
233 266
144 956
87 558
634 351
263 928
148 305
39 768
640 971
483 533
823 115
341 298
504 556
88 433
816 577
587 781
850 443
651 660
637 267
583 549
250 772
902 950
49 190
953 800
253 569
397 691
24 223
348 333
33 963
55 711
730 338
173 48
587 243
243 356
583 527
275 138
11 245
425 84
999 560
319 58
622 77
662 662
388 221
768 943
308 611
145 212
535 729
617 245
273 823
319 298
506 351
20 193
460 996
27 594
784 273
835 170
866 859
403 673
472 765
100 507
87 482
147 466
772 638
790 71
439 711
36 47
707 88
515 924
183 576
751 613
973 597
607 286
861 251
268 358
990 552
692 16
246 694
540 225
194 480
587 342
148 522
96 690
196 148
165 462
858 749
308 94
526 625
168 51
476 300
859 368
957 94
46 214
63 666
566 42
600 553
193 159
280 722
894 739
542 38
513 142
649 842
394 276
500 840
606 53
673 769
846 607
582 102
578 707
344 564
995 392
197 526
617 550
356 194
978 301
246 355
1 388
407 313
225 912
809 746
557 633
470 350
591 842
991 449
704 13
786 468
790 512
790 833
419 354
674 638
891 616
878 551
873 531
53 789
183 363
557 622
414 734
31 273
45 613
295 145
446 82
67 592
120 230
435 930
522 664
290 118
501 360
78 28
602 431
423 444
699 222
169 221
527 358
727 942
679 2
59 65
900 247
609 65
658 704
11 540
441 52
518 461
676 843
108 962
670 361
176 747
38 372
568 262
38 692
333 598
626 185
657 972
827 352
592 651
420 912
143 142
530 395
974 871
957 914
728 120
120 265
801 445
982 923
174 425
714 809
720 313
59 285
193 758
756 71
695 976
390 839
561 936
508 250
235 536
442 934
510 333
170 407
265 217
82 830
762 56
873 917
131 213
152 289
105 661
514 610
212 234
257 47
911 471
410 128
939 128
445 543
225 412
622 979
641 822
901 858
851 16
987 501
806 562
818 552
641 799
192 775
230 699
416 203
744 652
879 375
561 414
481 903
840 361
857 8
14 765
134 452
859 753
208 690
326 557
236 9
561 253
56 218
840 853
696 376
506 248
489 649
3 671
407 270
321 674
381 205
209 694
622 675
624 950
758 65
16 636
612 530
933 509
359 183
401 625
706 863
230 719
175 49
179 91
538 542
239 729
419 292
335 715
336 958
188 372
893 840
379 898
913 177
648 938
224 823
557 361
354 658
720 102
658 599
173 794
674 536
438 535
85 458
838 353
686 688
204 351
487 483
140 634
242 726
720 467
17 563
582 349
305 629
210 298
54 387
263 568
711 198
245 245
247 793
745 757
451 63
22 942
782 484
394 732
165 763
710 7
799 430
892 429
57 264
877 961
726 294
543 695
379 794
144 630
906 958
121 767
983 920
969 428
457 665
274 623
884 262
833 469
742 863
616 523
594 697
735 134
242 715
370 181
727 506
178 982
328 880
219 562
238 999
713 14
924 644
401 177
490 199
197 274
187 184
505 207
538 111
172 801
41 314
894 433
448 825
587 858
883 600
795 285
487 291
939 750
784 257
417 222
413 44
851 458
848 831
490 591
733 388
683 87
873 285
226 745
575 593
38 332
628 866
102 274
23 164
15 139
990 557
400 229
202 154
706 834
942 783
18 212
562 26
528 377
753 955
330 315
121 107
401 178
949 805
751 964
780 202
265 973
152 949
875 406
662 499
981 542
879 931
553 804
98 436
87 194
751 321
912 409
891 940
496 595
925 39
131 967
606 508
226 443
159 448
302 429
551 678
243 85
635 556
635 403
99 59
631 142
859 571
243 389
749 682
845 409
309 243
574 131
370 954
239 929
601 408
512 898
716 71
708 818
739 186
420 344
606 219
958 450
478 24
654 179
81 543
845 529
124 731
309 211
778 384
396 831
427 408
741 690
656 88
23 300
367 425
768 485
391 527
140 664
119 804
317 839
912 714
66 224
988 868
433 998
702 856
849 665
894 58
106 76
305 149
377 14
72 449
628 715
87 345
284 101
667 756
447 922
158 279
490 806
71 884
545 325
69 363
620 96
562 319
784 58
154 173
151 370
119 500
379 278
759 468
346 866
393 259
922 88
228 359
210 97
169 261
140 539
675 23
257 491
292 146
164 364
932 445
955 732
29 435
233 481
18 57
174 430
522 846
316 428
515 166
125 671
132 920
27 346
6 54
659 71
820 546
416 642
752 413
743 461
437 751
180 435
957 255
75 809
963 757
406 980
897 45
525 152
3 98
876 608
588 593
683 51
74 205
316 383
315 180
249 616
113 602
574 890
770 503
409 122
523 327
156 528
153 177
500 127
848 950
81 500
740 791
507 67
266 595
277 196
695 311
627 305
621 143
941 141
685 872
571 364
636 392
82 726
743 222
281 632
934 398
491 777
159 399
694 708
8 716
983 370
5 675
13 285
992 623
614 772
517 517
161 596
143 974
647 880
656 682
676 625
625 295
889 310
283 956
38 862
19 146
771 301
611 23
133 372
939 887
354 77
644 74
9 833
673 388
272 793
875 878
7 604
215 484
74 142
288 265
543 553
232 968
974 327
836 344
197 364
537 842
593 463
250 363
71 762
125 891
785 397
840 723
27 353
395 712
621 842
814 990
463 948
636 171
349 587
836 378
830 980
884 311
410 709
71 765
328 423
960 593
512 899
483 650
569 86
231 665
352 199
444 718
684 588
955 119
350 302
569 631
781 896
212 949
628 835
607 618
280 127
865 426
30 56
955 283
553 872
500 243
550 194
252 269
650 769
286 222
808 267
141 566
373 949
863 52
405 685
355 619
913 277
809 316
419 443
24 482
843 615
997 264
704 422
302 407
988 825
490 432
492 265
906 615
721 715
886 272
972 92
420 881
977 336
686 517
992 810
171 145
437 671
251 607
782 569
406 263
856 639
67 36
439 889
548 7
10 234
252 698
696 249
314 39
280 712
593 393
956 784
560 598
65 201
857 61
594 785
785 579
115 501
134 187
368 622
355 147
131 177
681 79
35 552
763 675
399 420
344 468
477 866
889 291
914 878
639 938
587 67
963 248
553 819
626 608
197 904
985 361
275 626
554 518
442 2
924 212
495 767
73 744
740 584
348 872
557 494
225 454
377 112
666 557
909 749
119 603
382 101
899 247
956 125
504 524
116 435
573 289
662 429
400 890
917 152
578 979
261 503
712 93
915 602
728 655
673 253
96 919
982 160
464 304
343 115
978 224
602 531
676 913
108 361
27 632
654 272
113 623
402 302
106 274
825 233
975 1
50 225
131 279
251 474
543 738
615 352
417 281
254 994
556 457
743 349
40 54
409 277
50 854
136 626
323 344
613 829
128 392
596 803
88 152
282 770
599 749
800 5
1 42
480 341
187 627
603 222
845 148
581 650
618 582
639 447
333 134
674 813
158 329
68 991
670 284
914 341
447 465
414 755
67 550
188 545
133 412
987 836
83 157
32 909
87 752
233 341
576 492
175 104
476 981
572 769
664 798
866 67
171 628
72 341
242 698
25 779
754 902
838 982
147 621
461 633
136 41
380 144
971 484
823 650
603 571
327 753
69 605
959 651
766 442
646 568
267 495
790 468
411 704
397 773
447 577
868 190
89 787
590 159
228 667
724 807
689 719
98 348
506 756
65 30
858 149
992 984
557 108
72 66
319 26
262 905
889 843
289 377
453 879
37 868
845 376
938 477
778 35
434 423
918 944
581 311
516 45
451 924
306 433
372 615
140 316
842 691
782 403
342 711
737 107
212 299
894 796
133 143
213 210
973 44
599 709
711 737
761 833
103 344
423 828
197 798
576 467
975 315
174 793
602 928
951 86
955 247
581 51
375 907
971 608
848 356
329 750
272 353
460 199
117 348
308 930
264 596
471 222
348 773
827 553
222 851
883 600
195 228
490 224
752 734
191 192
265 723
569 452
628 3
979 957
611 66
916 411
372 104
550 164
72 753
466 460
643 741
741 802
193 267
678 835
364 439
673 157
627 238
352 113
667 188
447 178
722 25
347 17
824 291
21 569
24 858
294 134
19 76
72 958
64 300
543 760
667 452
294 590
488 243
463 668
285 214
940 611
500 544
38 890
665 53
172 333
340 26
555 956
594 750
883 760
492 463
567 860
464 50
949 627
884 817
357 266
982 910
940 940
304 586
140 558
136 121
915 223
853 387
455 490
449 984
665 407
282 688
189 444
941 585
501 164
126 751
713 507
705 561
781 867
771 899
737 599
776 344
82 437
232 623
853 373
452 988
981 256
174 516
80 861
427 188
631 60
264 257
59 577
176 954
352 8
718 243
884 564
59 35
529 776
100 371
248 964
489 881
912 843
266 529
35 847
307 627
338 459
142 168
843 343
913 686
706 176
190 971
384 240
343 81
125 969
285 589
929 804
998 466
394 752
118 601
829 264
62 85
669 782
522 143
327 794
227 196
513 11
605 907
473 434
961 958
943 125
272 811
356 987
10 983
378 604
972 626
562 750
969 35
946 542
607 763
863 529
966 223
667 328
783 995
814 261
199 24
138 844
65 367
185 605
159 22
737 407
950 703
100 32
354 961
443 796
414 78
710 604
207 521
619 187
777 724
651 275
406 559
318 415
299 83
18 307
885 200
658 263
278 876
198 281
543 686
289 343
920 799
848 726
625 334
270 812
38 712
163 887
977 246
21 89
940 301
136 87
452 169
813 104
495 568
115 47
608 14
228 850
540 266
261 721
827 288
144 47
507 913
746 387
401 709
885 283
684 227
544 560
207 425
70 709
502 325
897 99
161 904
145 694
531 617
655 668
923 83
140 682
587 386
32 917
897 529
854 245
428 949
192 774
442 530
601 287
626 196
80 209
744 400
15 789
521 789
841 193
36 964
908 190
787 682
517 90
206 477
438 149
219 199
203 162
957 454
358 620
220 752
27 568
506 989
551 717
467 45
521 90
456 659
397 659
598 221
588 849
626 860
459 963
528 189
188 526
215 718
188 62
514 290
784 670
740 733
780 886
151 582
108 860
900 883
572 194
188 292
236 106
517 605
922 572
604 329
555 895
568 993
351 875
267 750
625 235
316 900
917 670
227 792
198 472
684 169
154 193
766 125
841 364
426 807
163 533
23 940
832 479
16 998
559 377
631 330
832 918
272 957
996 421
719 23
255 209
127 978
990 843
807 595
255 315
499 463
738 963
436 567
893 770
486 948
884 793
693 844
208 609
857 211
783 829
950 820
606 801
478 72
562 938
586 215
166 47
292 586
611 477
211 825
297 48
967 13
766 665
123 962
432 985
35 845
732 530
579 555
222 489
284 546
336 85
631 771
633 652
183 16
853 913
151 314
914 447
736 422
811 277
367 589
292 947
290 472
637 771
287 12
539 79
670 654
95 304
189 108
688 34
764 497
669 517
899 297
613 801
999 834
653 296
104 498
288 75
778 340
589 382
247 297
305 954
139 2
740 599
957 328
670 874
279 142
658 859
884 350
346 682
970 838
739 665
432 86
511 850
878 251
585 321
87 807
942 868
988 431
387 768
488 618
884 24
305 630
149 760
421 701
685 555
883 278
89 422
834 183
720 854
770 720
160 51
30 700
341 774
251 35
825 480
439 440
748 387
263 6
793 787
484 533
443 287
22 587
342 203
357 992
577 261
65 490
654 233
745 508
581 370
177 597
234 698
623 641
959 962
308 379
600 545
23 189
356 786
395 424
460 87
375 406
124 421
117 133
100 164
768 960
736 131
302 595
747 964
141 664
823 879
721 224
633 67
149 676
28 839
530 753
240 768
107 817
306 4
856 644
699 359
288 910
861 618
761 663
601 733
614 369
666 261
858 128
29 130
161 963
544 513
253 404
281 416
646 410
374 360
369 18
692 564
45 656
370 670
610 891
77 575
42 722
293 425
398 103
190 392
112 482
43 869
147 625
752 645
528 758
863 946
597 847
49 359
340 452
167 4
782 406
310 195
758 185
423 664
360 749
779 668
912 641
554 462
761 430
426 26
528 797
944 91
771 76
520 256
550 139
478 880
320 55
306 633
327 307
81 787
467 214
394 863
608 16
76 725
728 926
537 119
841 354
250 353
761 876
915 822
844 845
918 771
909 389
665 842
896 727
160 197
628 322
281 835
824 612
886 791
407 140
27 208
291 454
924 639
873 254
456 1
395 40
970 604
709 790
193 230
935 204
112 388
791 763
561 498
670 606
563 929
326 714
756 656
232 69
323 602
503 301
413 900
273 529
989 874
445 947
321 592
860 455
758 972
858 110
833 487
833 784
119 764
522 516
295 345
30 84
44 504
321 855
183 693
670 923
406 331
418 794
40 266
753 393
109 746
754 540
741 404
50 932
783 74
952 233
327 327
512 122
877 557
370 101
226 166
26 653
480 187
210 512
733 895
452 192
804 408
76 611
77 496
427 874
849 165
702 704
533 216
606 429
704 206
402 780
226 423
131 537
704 251
775 466
973 264
341 729
148 621
411 88
929 153
620 95
726 948
588 834
486 807
574 346
712 330
435 887
390 536
371 266
978 301
211 973
799 242
732 810
746 905
390 345
489 527
886 754
242 585
961 383
224 767
358 609
146 591
915 454
813 210
477 93
24 183
296 160
290 191
879 43
789 512
831 402
895 617
946 138
640 498
378 2
782 978
244 741
40 658
696 438
767 880
696 783
425 87
969 437
82 179
843 148
983 627
102 643
729 257
236 71
8 622
357 868
763 294
179 746
130 994
655 895
132 136
742 703
43 808
517 986
721 396
459 283
126 848
926 402
645 869
571 568
276 823
574 456
486 377
181 78
772 702
822 137
89 576
813 896
634 15
222 902
409 348
378 516
855 377
34 881
876 283
21 185
405 434
239 790
624 877
370 456
145 591
767 345
193 232
362 122
525 805
415 368
183 77
416 937
315 688
837 4
667 189
377 214
75 736
126 818
415 495
190 559
601 892
605 816
233 156
904 504
103 383
774 224
285 651
438 104
347 957
126 754
167 31
416 446
823 198
60 645
143 960
575 35
861 674
376 88
390 332
11 345
65 754
456 452
59 642
578 762
536 810
47 903
445 532
842 690
186 829
121 884
11 47
77 283
59 331
353 296
531 444
865 61
605 686
818 962
694 136
530 799
716 149
80 87
904 981
375 305
451 460
877 303
563 552
731 443
140 668
662 170
496 236
190 771
586 207
775 239
630 306
788 497
610 70
9 939
213 130
702 765
864 962
668 67
625 734
87 40
473 760
969 841
573 825
235 520
966 16
52 918
180 991
671 798
640 907
469 349
971 642
88 158
792 593
767 797
319 406
391 852
421 524
951 91
978 619
809 559
663 585
495 222
687 468
158 701
784 789
465 739
104 247
933 388
624 66
3 379
300 192
899 724
442 975
936 960
247 610
123 972
405 513
549 886
671 206
983 771
71 69
949 928
957 654
289 243
173 492
268 474
83 703
719 430
639 342
948 747
517 809
385 507
599 697
23 916
443 547
314 820
822 394
180 346
904 535
698 589
780 749
535 287
492 797
389 767
240 691
488 110
712 205
354 463
238 581
330 401
393 354
924 469
381 2
61 469
301 339
893 223
828 434
903 172
662 227
897 274
726 445
715 305
251 19
918 310
452 26
181 612
524 43
619 573
617 836
269 854
300 150
234 606
521 852
737 643
126 796
946 923
635 547
781 155
818 936
361 644
60 41
758 116
610 562
103 17
194 793
436 754
357 889
578 249
22 744
204 641
617 589
606 259
420 523
187 268
217 771
736 232
869 530
365 984
234 267
632 683
504 977
330 416
93 662
112 975
546 217
675 634
737 721
707 587
528 796
939 765
226 295
30 642
346 403
803 770
8 296
597 383
586 680
917 924
45 525
487 15
269 33
413 506
689 10
717 806
769 860
327 356
986 952
530 929
757 731
954 522
522 53
249 584
674 723
838 993
144 706
197 641
306 123
989 604
911 472
98 979
898 297
647 833
519 454
66 191
346 13
581 805
889 408
174 471
244 576
469 400
66 75
404 951
359 533
623 815
422 686
121 222
841 992
555 493
794 90
935 257
810 738
570 770
348 996
535 51
94 780
515 579
231 838
679 752
352 45
613 326
866 156
710 428
846 388
916 38
90 5
409 766
964 816
569 650
604 865
661 707
112 817
153 898
983 349
726 616
74 34
536 271
98 502
689 42
695 817
887 934
223 943
354 419
956 959
374 865
935 395
730 513
840 407
380 606
939 475
607 557
267 120
103 129
357 789
189 391
72 881
231 202
583 176
371 985
732 830
999 618
654 143
426 574
438 195
981 825
380 558
995 52
479 799
317 661
860 960
107 212
379 363
833 924
853 762
646 691
718 10
420 754
306 507
694 626
399 927
107 133
279 716
463 983
592 815
189 923
819 389
111 515
598 173
358 526
897 862
55 609
384 298
939 213
538 605
139 731
55 174
302 243
656 820
756 176
292 392
762 126
978 975
713 861
667 942
208 955
532 249
656 971
247 782
2 70
446 754
761 572
406 858
845 988
987 313
405 23
797 363
758 362
461 888
913 954
402 22
302 40
135 146
122 338
17 724
850 3
288 131
78 904
527 243
249 609
324 479
234 379
246 124
668 941
286 812
909 807
110 680
633 838
204 209
706 467
717 235
793 235
580 777
208 833
94 608
795 282
116 445
284 319
95 333
25 196
926 639
157 973
822 147
878 62
796 171
921 260
532 6
142 266
739 432
971 34
19 347
25 621
733 925
186 864
449 596
272 173
759 537
777 685
290 820
958 263
620 150
920 671
907 491
624 318
222 646
448 659
246 31
883 523
970 47
198 516
678 993
735 791
337 361
34 258
131 772
662 502
113 17
832 972
662 61
809 376
371 888
194 640
527 479
99 633
414 285
164 331
391 610
610 798
766 576
824 810
742 759
9 776
728 891
835 829
453 667
45 979
144 598
653 224
273 601
332 818
649 613
215 498
309 388
883 771
151 94
505 963
236 540
857 851
272 124
298 612
120 754
955 742
254 736
922 719
193 686
764 631
964 31
387 524
952 674
575 80
772 870
66 859
164 27
348 266
913 570
117 12
771 114
570 423
116 508
188 290
985 128
366 754
644 822
627 38
191 392
279 267
371 835
122 140
270 844
40 435
386 585
777 831
919 649
18 198
51 85
574 389
645 776
796 714
420 905
947 393
701 564
304 871
313 48
340 522
868 380
183 116
314 94
259 648
865 859
783 101
418 631
288 201
329 836
778 444
622 418
911 937
723 821
660 26
901 118
650 968
987 575
580 242
323 805
473 581
455 190
90 671
823 124
461 530
303 754
25 204
305 267
38 419
64 311
83 427
634 601
738 538
834 887
873 529
810 679
547 855
393 65
859 303
108 885
691 75
25 617
187 871
23 194
469 877
253 187
875 79
581 715
274 335
258 931
646 701
308 393
888 678
966 417
134 372
756 444
801 602
652 549
858 381
660 263
406 666
649 733
988 311
152 841
976 979
393 157
210 103
825 494
461 829
731 785
596 956
425 315
593 12
18 151
464 715
288 403
959 511
884 76
959 331
951 618
419 686
359 704
47 216
394 943
856 519
615 634
682 860
166 977
875 27
760 669
690 819
754 74
71 157
894 145
356 420
905 158
84 247
288 561
14 955
424 24
793 452
501 233
377 863
948 843
542 201
934 683
859 524
470 731
258 119
729 232
294 21
266 805
467 241
684 266
85 717
698 680
528 312
422 158
277 957
981 546
52 235
234 324
597 148
733 774
502 158
446 820
831 687
629 671
75 44
436 252
744 722
674 596
231 817
534 526
958 970
267 498
61 972
949 388
