6000 97209
276 241
762 192
979 526
203 356
108 808
639 716
249 212
687 670
75 985
925 309
3 619
825 921
623 68
613 318
93 170
647 67
413 566
513 931
235 311
4 27
923 161
796 544
612 895
444 860
814 150
156 13
625 90
774 447
408 456
682 276
29 152
287 948
698 985
730 472
819 73
907 735
863 398
210 229
145 268
936 890
509 175
665 73
221 734
332 341
26 778
955 583
736 702
189 449
589 135
975 293
357 435
973 425
55 151
949 168
549 660
745 894
69 588
344 573
632 434
742 49
736 215
451 444
530 823
664 575
324 31
273 347
432 130
430 326
996 979
812 414
856 151
866 491
972 156
805 252
304 756
420 84
434 761
583 750
220 40
510 759
738 299
309 727
644 741
53 855
400 321
878 589
257 834
664 716
448 179
170 482
423 997
157 640
865 337
584 603
5 331
366 436
158 920
276 427
733 727
793 31
137 555
272 605
328 723
869 579
779 844
309 599
876 600
180 896
886 13
95 470
388 191
591 744
750 115
414 314
394 226
859 291
925 992
504 832
833 729
510 759
600 603
43 263
237 395
287 954
775 170
235 779
734 751
79 289
746 746
767 728
99 832
262 263
260 715
341 729
139 868
863 731
783 681
868 641
192 137
791 65
98 893
421 276
734 184
527 682
15 966
837 278
495 441
540 250
327 747
132 279
759 901
61 68
415 851
468 196
891 688
695 510
660 631
399 233
292 321
912 794
600 841
342 595
871 982
28 79
448 649
74 529
973 829
587 787
779 375
645 484
774 412
288 303
424 987
433 428
518 323
813 21
108 192
528 860
918 217
546 210
104 800
905 931
857 192
719 240
650 511
859 630
517 604
540 388
818 278
390 726
88 621
42 765
326 62
840 39
790 450
644 419
622 65
497 724
722 845
590 933
202 143
722 729
872 333
123 964
688 597
724 82
713 468
443 98
521 645
169 908
518 327
683 893
469 194
389 205
480 189
363 828
357 339
262 969
255 983
403 656
111 688
40 279
525 279
692 31
509 845
396 812
416 686
389 282
695 989
844 841
947 595
823 579
19 690
87 750
487 124
972 982
569 199
231 632
959 351
592 428
289 747
660 808
298 766
61 415
315 447
951 599
270 133
836 276
408 963
841 415
985 430
479 877
103 697
889 570
493 546
333 656
822 487
242 766
139 24
955 924
591 502
975 882
660 441
930 426
621 505
593 156
931 864
607 598
107 484
162 860
532 589
143 366
101 926
509 279
446 684
288 498
919 613
883 257
451 409
477 788
151 368
534 828
4 993
232 115
426 483
134 670
464 370
505 554
154 385
310 392
148 928
549 865
33 779
146 766
79 396
288 840
923 143
294 621
280 836
759 544
702 929
952 599
539 328
240 621
134 45
811 86
464 304
819 143
801 29
157 970
439 918
743 207
9 459
351 214
169 534
159 605
872 892
65 595
289 141
684 506
230 209
391 493
308 586
673 877
668 536
689 727
996 627
444 305
278 529
833 187
374 416
890 578
408 633
218 762
371 831
818 759
904 248
845 923
536 419
488 358
779 261
673 80
280 84
468 999
635 915
632 934
13 59
388 34
252 977
219 980
153 206
146 281
115 399
401 717
446 954
524 922
157 392
375 803
506 75
597 777
904 409
154 41
735 66
878 74
459 275
300 822
403 236
859 136
826 396
76 632
665 88
1 487
465 97
885 896
5 220
274 348
654 491
19 573
552 663
646 641
45 909
684 405
739 119
786 118
742 719
733 869
761 74
647 266
113 746
122 455
534 508
30 407
215 350
96 540
339 700
113 150
9 193
774 852
475 398
737 138
468 441
610 659
557 705
694 398
921 563
974 598
677 326
847 422
762 182
927 125
603 390
687 544
94 986
303 64
497 135
315 902
533 758
364 171
487 403
164 822
355 931
959 793
454 597
719 289
35 723
29 156
482 154
907 906
349 585
39 667
960 672
134 957
471 109
832 701
541 152
541 893
43 401
874 606
711 230
721 868
777 409
424 647
250 443
852 929
539 960
791 498
126 89
140 525
74 889
764 938
917 433
192 390
135 406
200 45
874 599
722 131
596 183
438 244
302 660
9 582
233 220
471 713
26 989
796 673
418 51
671 192
29 438
971 391
211 927
25 259
745 501
712 671
867 660
564 701
164 408
320 825
176 670
394 417
479 599
200 554
50 814
515 678
323 892
859 97
703 168
546 969
374 575
139 385
353 829
300 374
350 541
516 36
826 993
690 224
366 953
428 74
20 542
43 924
897 259
158 166
286 201
728 380
939 23
889 207
234 920
467 418
398 644
648 861
976 942
481 756
846 504
8 327
860 322
679 393
833 21
716 296
480 620
556 762
411 168
29 654
59 531
127 839
727 902
665 442
521 582
935 320
632 28
569 451
939 407
306 329
465 668
452 291
773 135
89 781
733 808
673 687
63 491
40 388
970 643
649 580
826 852
786 515
720 354
765 757
855 586
547 371
699 71
960 475
913 473
381 258
989 922
76 813
86 915
668 933
761 531
599 904
363 322
630 653
872 903
204 72
624 962
405 934
507 447
961 708
161 307
970 645
651 779
414 959
742 480
308 629
618 335
404 666
762 35
349 29
394 348
104 173
631 112
510 90
690 874
253 750
134 674
470 631
340 322
557 312
875 626
892 939
500 660
390 993
114 481
829 645
163 305
708 41
186 465
399 558
410 829
168 827
418 647
557 980
471 858
923 49
345 227
506 186
492 450
458 378
747 486
452 271
909 51
384 195
437 721
226 428
283 44
150 175
861 361
612 923
258 638
502 625
353 572
795 637
803 3
290 490
711 724
934 751
425 323
116 942
4 385
243 375
936 665
269 270
321 628
404 615
89 730
606 455
208 727
21 756
736 603
757 723
435 80
899 756
831 869
100 788
742 432
861 732
282 81
217 111
436 690
526 242
359 222
973 6
170 795
417 671
833 513
322 418
156 561
972 510
977 49
650 753
238 91
347 301
827 270
877 779
482 777
425 344
706 642
735 784
624 203
268 822
956 494
864 792
465 698
854 55
189 896
620 525
558 855
597 992
259 611
652 485
711 903
120 663
23 499
830 74
983 733
467 245
815 262
754 991
274 184
300 956
423 171
368 965
744 458
174 12
645 697
330 917
402 999
17 567
7 322
901 992
306 584
84 572
376 142
187 822
451 628
995 719
333 646
524 461
931 998
631 279
966 499
113 661
500 222
450 852
661 953
772 704
449 965
603 366
398 341
760 967
947 759
662 56
286 701
669 840
109 318
476 59
616 579
914 402
223 733
772 86
549 508
345 359
898 873
474 708
130 583
182 251
529 719
703 201
419 648
273 640
647 66
21 557
122 844
354 645
895 66
424 635
42 373
16 580
423 889
244 949
775 46
74 203
893 273
485 531
280 426
469 950
749 480
140 841
687 449
260 474
261 382
294 558
793 655
204 443
284 165
650 466
526 955
721 99
299 109
20 434
186 779
365 108
666 702
512 407
471 588
492 107
627 742
619 981
794 15
501 291
279 244
279 353
714 187
940 736
936 306
108 473
246 597
536 49
312 898
116 965
789 218
562 161
971 175
968 593
838 927
292 8
973 651
775 923
818 964
895 92
98 479
956 973
509 393
143 124
538 467
820 51
267 548
57 445
383 426
89 151
421 103
969 511
549 440
98 790
587 917
924 445
893 551
761 227
865 671
444 883
618 420
277 51
781 641
60 596
70 582
821 436
714 896
71 82
668 264
861 163
557 100
815 689
453 572
491 946
921 240
320 592
554 422
899 28
809 21
172 405
36 507
316 616
2 857
162 750
399 437
663 765
994 371
530 883
471 938
879 501
22 311
75 688
709 700
783 270
548 651
333 937
326 457
235 889
15 168
497 180
496 284
479 84
497 267
803 979
111 316
376 19
258 87
882 644
758 524
814 629
113 953
697 534
217 561
103 550
205 254
368 490
971 112
2 299
948 927
118 251
941 277
947 267
280 424
872 80
945 383
624 877
318 621
562 535
781 376
925 356
923 777
726 849
199 135
784 467
892 975
839 296
886 992
855 382
952 19
564 88
836 594
742 837
715 100
283 754
85 625
303 730
147 490
510 105
794 42
541 64
617 52
192 639
314 891
300 422
917 962
416 82
842 298
213 456
181 574
557 592
311 202
278 223
782 452
663 600
584 332
691 287
747 457
266 147
809 10
601 312
560 271
377 623
60 827
124 783
674 456
40 103
41 395
725 350
941 593
294 390
883 201
111 196
492 407
828 120
404 234
551 784
367 627
826 495
455 150
812 217
362 58
649 607
684 602
575 552
134 675
711 815
884 858
480 803
303 811
679 113
4 256
767 22
308 424
190 108
745 462
348 894
668 158
382 762
559 13
195 75
666 334
444 331
474 422
205 328
118 950
130 149
672 151
70 685
732 926
332 589
797 59
737 8
937 365
400 249
501 46
103 136
571 408
435 282
194 733
320 183
789 345
932 692
30 63
591 673
549 800
346 353
146 987
380 687
731 372
538 339
781 67
891 4
528 901
89 979
246 580
727 45
419 334
368 857
409 221
305 217
399 346
733 321
361 26
521 131
536 671
46 93
797 965
114 754
743 599
531 676
16 596
296 961
662 821
729 555
833 978
537 108
323 784
8 637
940 444
729 971
457 350
945 595
26 182
159 106
146 822
471 196
12 84
869 287
234 907
539 874
619 483
941 304
554 860
883 284
499 139
934 950
328 27
142 131
376 902
806 544
515 790
677 732
389 734
589 216
41 795
227 722
809 733
842 958
137 924
714 678
934 367
877 576
777 53
646 917
309 616
559 769
86 319
602 480
797 955
522 649
794 227
640 701
774 470
447 875
455 145
892 430
38 239
769 457
628 134
485 657
768 856
658 101
142 429
7 467
362 775
332 275
189 298
252 465
166 414
993 282
103 400
240 52
496 256
729 454
967 691
94 598
214 941
280 322
767 72
439 644
442 984
569 841
111 136
501 13
594 59
867 999
972 170
618 504
528 942
966 318
655 240
701 863
358 148
66 583
216 411
785 506
245 924
120 209
462 27
59 823
161 36
661 989
584 649
4 343
71 25
510 900
318 174
287 344
66 653
733 26
361 899
500 340
562 711
325 385
770 734
877 101
571 672
199 145
445 58
988 914
75 796
444 253
395 230
860 982
946 945
694 293
997 628
618 424
861 608
368 861
90 466
11 533
955 30
212 960
607 901
491 993
703 585
416 827
53 214
884 186
874 324
255 619
685 571
825 133
803 856
142 201
560 890
590 120
179 752
447 76
911 833
270 733
509 446
454 410
235 575
674 349
893 690
380 510
552 49
84 668
849 996
248 475
896 513
263 495
772 944
35 894
801 23
463 963
139 380
823 995
887 863
904 797
227 43
550 644
60 857
808 304
309 176
120 80
389 646
959 765
12 828
456 148
925 773
102 135
671 130
304 990
102 878
908 197
91 737
458 193
565 597
619 771
327 30
70 156
397 811
863 279
409 572
216 345
719 167
285 487
156 141
214 267
146 873
483 994
753 242
11 349
986 892
313 501
987 331
488 718
948 690
422 158
934 401
813 99
794 731
981 404
460 479
82 582
933 191
701 575
958 370
351 836
594 253
9 288
492 52
405 393
990 12
480 963
278 958
526 81
159 70
627 186
717 506
250 592
377 537
742 206
862 790
930 780
665 237
809 786
543 100
914 587
959 602
397 966
752 23
830 587
235 171
668 138
955 13
803 206
173 116
122 319
994 331
219 327
547 648
9 627
662 127
23 110
204 661
962 562
698 338
195 135
2 948
848 634
921 995
746 981
914 241
924 548
67 39
230 108
375 444
838 393
402 814
483 371
994 455
394 929
167 430
250 16
463 797
819 266
527 672
949 901
929 388
312 128
570 298
203 940
348 764
49 567
788 892
103 939
581 425
99 832
228 264
642 727
468 790
662 58
160 732
394 730
308 712
622 413
762 613
93 443
834 580
804 10
800 192
694 431
727 136
105 449
742 954
111 400
419 440
705 988
311 392
215 508
478 966
105 226
61 818
464 581
433 36
384 61
215 323
763 833
101 153
412 435
515 91
38 870
435 730
289 988
834 112
787 643
790 912
338 43
80 881
505 547
831 202
400 678
840 243
79 43
108 245
443 982
150 853
361 882
965 918
815 653
186 288
397 113
603 9
301 556
730 956
133 475
841 710
194 24
109 711
534 329
339 643
966 303
275 902
955 664
355 13
805 251
721 148
841 60
694 905
534 655
59 268
5 187
121 998
761 88
663 653
769 542
605 269
454 50
418 893
724 778
371 160
90 829
108 476
415 304
985 155
964 977
319 926
983 609
836 837
46 530
800 108
233 590
400 444
972 596
626 200
14 945
506 386
232 728
285 249
809 463
891 416
267 326
692 389
742 826
590 471
491 4
187 421
504 420
466 475
379 692
88 609
713 353
343 883
686 838
867 478
57 669
300 98
445 777
825 652
96 494
267 181
973 758
114 338
365 716
248 153
125 195
385 804
576 970
957 489
982 22
417 409
480 98
838 366
262 323
962 363
491 793
392 513
12 63
997 589
471 494
356 833
769 539
386 206
15 200
564 848
121 711
313 870
259 761
526 362
233 321
157 691
582 675
311 81
126 548
380 504
417 355
389 792
72 579
195 948
187 165
457 637
217 901
890 605
555 110
321 540
109 558
566 366
838 353
862 336
30 328
167 288
754 902
217 274
793 570
88 605
739 196
955 144
454 662
679 857
503 663
169 449
340 280
878 434
590 911
935 626
971 835
789 908
293 983
345 186
532 836
115 112
258 958
899 875
811 672
565 175
800 335
283 138
705 962
997 984
71 382
257 160
132 886
754 250
168 793
665 485
931 929
896 27
247 94
217 257
906 168
305 392
179 725
673 555
446 214
339 894
86 180
963 718
96 576
444 756
590 928
422 309
264 544
416 276
749 376
474 667
753 478
363 706
970 424
491 751
801 204
733 651
409 585
703 682
540 643
883 755
917 48
105 336
324 864
556 503
503 277
629 20
799 370
500 981
93 932
374 47
790 390
567 190
791 805
537 33
480 201
899 726
351 314
373 152
461 953
776 508
55 72
306 536
451 737
42 291
184 537
994 909
229 220
234 417
760 852
684 389
280 276
20 430
571 8
840 238
840 286
77 75
789 141
328 412
819 496
560 28
623 157
411 260
526 248
88 992
159 407
955 254
637 356
786 398
845 162
58 592
672 587
625 240
939 242
173 946
229 438
174 648
799 639
269 320
787 2
465 523
278 811
470 237
18 787
892 436
939 109
90 389
604 82
567 703
229 74
278 621
696 264
138 410
145 290
223 71
27 327
989 550
239 212
20 241
28 854
304 806
152 142
660 668
680 197
910 761
127 450
965 408
588 647
24 794
392 509
983 837
736 321
502 782
65 617
817 383
80 475
702 666
183 600
815 237
123 902
785 52
28 334
301 482
117 212
154 324
106 145
627 159
820 822
119 250
222 606
50 398
676 108
953 979
40 23
646 139
568 774
43 931
164 488
314 996
158 354
130 290
879 686
379 550
786 107
255 565
66 67
280 713
597 908
318 518
548 673
409 295
457 60
15 194
726 554
542 649
548 58
346 957
514 689
536 831
278 586
814 987
498 795
812 447
370 660
150 304
413 485
733 142
620 619
677 998
367 872
831 89
41 872
854 613
641 605
164 382
421 736
157 840
635 506
615 485
311 559
988 864
798 820
439 560
787 455
141 140
303 47
670 500
467 538
721 858
565 692
854 379
657 292
690 205
248 299
117 136
398 826
79 138
300 958
531 458
738 90
501 483
723 87
326 911
339 611
773 67
66 862
6 760
411 691
399 182
652 410
651 972
98 26
54 154
369 322
336 625
845 935
279 919
50 188
488 679
513 413
89 763
474 629
499 773
82 699
120 558
717 991
867 645
12 5
672 530
12 503
761 275
463 655
223 868
345 434
732 883
649 687
768 31
910 990
948 165
747 171
191 473
400 363
429 887
130 317
222 121
414 630
539 567
498 257
702 657
251 942
999 373
356 273
695 523
11 114
662 60
24 948
547 517
70 154
869 511
512 787
957 44
950 671
176 214
901 165
605 417
618 654
864 993
264 672
301 381
862 930
46 521
594 629
926 811
794 848
832 983
48 496
677 731
69 527
693 149
852 344
55 470
113 805
902 815
574 133
336 982
216 444
134 704
400 931
283 324
585 844
30 421
970 144
283 878
643 106
419 392
781 987
864 299
60 170
474 396
666 372
476 779
609 112
176 941
271 722
318 484
370 807
140 895
909 923
412 469
663 181
748 857
249 934
971 259
964 186
357 166
706 913
332 957
721 798
870 223
517 905
461 817
412 160
668 922
840 208
34 142
622 450
159 748
283 200
390 487
186 666
989 933
771 96
64 69
383 755
636 426
438 97
854 782
8 428
233 651
986 941
175 788
777 336
220 484
889 53
41 784
980 506
310 791
863 703
141 83
259 880
896 568
824 178
887 100
551 792
974 355
902 239
259 812
896 757
101 281
169 761
213 604
165 208
904 575
95 623
448 693
626 327
684 161
797 468
983 176
918 816
664 373
6 398
245 76
507 368
514 458
199 430
793 439
766 551
535 725
881 568
644 29
898 171
407 267
422 499
546 414
249 277
818 206
842 215
983 339
570 716
266 305
43 577
553 141
257 365
320 715
439 342
660 331
576 520
405 567
79 273
153 250
375 459
3 107
173 544
929 330
37 156
402 574
338 526
376 165
627 230
265 555
713 870
692 902
672 887
465 827
158 990
970 37
923 20
455 306
692 347
732 445
87 618
202 107
155 327
663 573
384 418
368 50
702 350
849 926
473 744
749 422
507 246
922 376
301 609
651 294
642 403
419 581
475 762
960 785
388 543
156 517
871 234
752 446
581 523
188 831
971 913
885 191
429 899
471 442
755 528
479 14
238 685
303 337
111 470
767 875
214 305
832 169
695 182
181 415
836 728
839 385
533 316
878 548
946 559
137 767
436 989
653 733
443 836
716 814
697 385
398 34
791 745
921 893
245 585
996 466
692 682
792 213
120 506
571 328
117 311
530 764
250 269
231 328
913 7
403 861
239 856
455 543
769 226
50 192
833 514
705 516
369 790
249 602
503 576
177 3
306 819
483 75
375 902
508 643
285 240
870 346
12 641
889 390
292 351
520 310
9 823
889 332
643 807
979 516
611 338
362 536
445 372
343 53
22 568
192 244
756 114
39 908
500 541
294 187
721 683
960 646
943 282
509 887
207 39
426 818
466 764
611 304
191 768
143 76
209 605
719 988
443 817
393 780
436 948
25 939
752 297
837 498
119 70
124 509
460 241
334 657
492 670
5 819
820 745
497 39
446 629
675 979
623 94
127 65
369 121
724 253
965 621
263 33
283 775
930 261
933 734
15 134
760 670
938 274
975 101
953 466
775 838
765 568
25 480
169 828
773 149
524 231
969 52
154 113
806 657
367 985
914 771
17 890
446 502
44 773
349 689
229 468
811 137
29 954
487 135
917 22
419 172
648 539
374 486
887 335
15 138
380 412
867 264
194 347
412 90
642 271
22 100
996 173
133 391
822 700
881 937
413 668
563 128
717 416
757 883
416 268
295 536
317 507
816 598
89 196
787 774
289 668
609 966
866 922
807 389
720 917
115 289
624 913
162 905
882 598
716 609
429 370
118 474
593 87
234 722
686 584
46 947
749 416
22 850
881 653
587 76
948 813
99 238
284 536
755 193
674 850
726 952
565 742
111 763
924 715
359 770
510 431
244 498
412 866
434 425
539 511
535 701
432 45
895 209
801 58
572 626
450 68
668 937
35 33
542 326
409 85
513 640
679 635
753 432
862 655
151 997
870 115
965 842
603 531
924 707
718 713
593 90
88 183
998 646
801 715
589 11
545 946
920 15
200 951
39 517
878 45
408 919
254 727
203 865
91 464
724 776
986 98
280 374
325 828
529 47
826 59
191 505
83 827
730 941
914 853
932 293
968 542
201 236
771 157
984 196
175 790
686 436
326 414
520 123
974 653
249 735
340 962
286 885
163 776
119 498
605 362
491 80
839 428
732 216
343 618
167 578
680 292
916 811
661 552
899 312
461 675
436 984
910 832
236 29
199 207
536 995
907 497
403 530
52 677
845 278
214 415
85 721
145 620
661 170
699 238
62 941
95 196
741 687
356 506
467 167
751 461
347 922
943 622
20 747
144 930
609 720
690 134
484 304
417 243
582 809
761 256
186 52
685 89
857 554
945 737
69 120
24 998
101 520
390 690
688 535
814 319
481 356
252 341
472 314
930 743
801 480
665 342
98 376
585 240
330 699
242 572
731 406
510 462
583 172
905 552
466 182
582 613
538 690
940 602
842 265
205 659
971 667
507 774
73 124
588 965
827 970
120 75
874 368
534 348
32 832
966 276
86 777
493 886
321 871
799 293
736 107
821 861
603 234
678 203
619 322
564 842
586 825
434 488
639 141
40 931
267 843
88 735
924 914
183 496
38 575
304 551
862 962
127 782
187 551
307 864
358 667
331 380
591 653
86 152
180 713
472 114
652 291
760 147
613 507
749 826
960 881
486 734
165 859
522 734
196 755
34 351
630 850
936 887
490 23
339 523
701 561
514 21
167 786
807 87
267 427
380 325
562 862
136 484
158 626
755 36
150 446
323 216
344 824
827 475
795 689
966 10
105 222
461 742
788 521
814 311
568 143
65 95
393 889
39 24
781 893
260 176
848 915
516 582
133 5
607 713
798 548
802 972
653 241
20 624
37 332
459 979
393 52
457 553
698 487
876 978
536 515
678 306
532 195
711 726
296 559
810 295
189 338
523 787
59 245
294 300
457 317
661 958
278 747
572 82
39 309
145 35
514 581
683 239
882 424
255 755
806 73
1 129
514 788
9 35
337 498
884 711
435 923
13 517
286 723
54 350
390 37
369 425
487 702
305 648
432 705
913 837
769 584
765 33
547 289
211 229
73 519
345 155
330 440
928 318
529 424
574 717
147 523
640 270
736 123
870 756
926 161
818 847
496 166
264 583
335 365
218 599
305 41
243 526
852 916
24 868
326 196
175 75
488 448
865 792
807 496
68 929
896 363
885 582
340 978
514 188
365 519
390 605
318 376
554 250
582 770
668 265
46 813
931 207
784 811
296 433
511 934
366 238
374 720
167 167
311 538
553 870
885 203
598 304
785 633
977 172
48 875
267 656
800 980
935 995
830 758
405 451
922 491
284 76
706 173
478 646
128 732
993 761
417 990
884 763
713 313
642 103
907 755
515 693
540 619
907 847
422 540
445 9
317 124
199 412
513 173
667 156
181 340
234 376
63 584
537 886
184 123
305 211
538 841
156 672
158 950
597 528
652 711
642 72
459 806
46 777
403 495
91 528
820 266
963 692
350 781
106 521
567 153
467 372
99 536
177 937
241 530
913 229
509 556
530 616
323 986
364 418
590 577
392 460
991 726
697 282
442 859
588 821
544 252
247 315
140 615
368 665
902 709
935 237
434 389
443 869
446 306
701 120
548 131
304 46
385 86
564 343
860 385
226 470
530 129
695 436
929 608
928 983
984 135
284 454
647 645
815 81
339 483
371 806
557 5
51 761
861 475
267 17
820 682
126 387
867 994
214 501
286 25
420 787
381 258
664 438
640 256
61 987
511 664
653 751
599 505
104 230
156 87
632 995
331 562
539 360
138 141
437 414
808 461
50 18
198 740
332 770
192 320
201 115
507 62
962 529
109 462
963 307
200 196
407 592
544 435
51 21
735 697
358 987
924 584
136 700
294 410
879 216
661 116
188 873
716 475
714 407
139 297
582 784
356 679
243 250
886 367
675 639
296 683
418 419
428 304
694 991
430 19
368 831
448 678
70 135
411 386
198 588
32 39
419 262
100 592
110 744
178 560
584 416
484 250
890 221
111 34
133 319
412 661
664 303
411 482
97 690
205 441
2 361
982 10
705 870
679 827
24 163
416 649
347 485
965 572
986 274
640 415
264 785
365 779
978 938
851 927
395 884
447 888
811 245
904 802
410 199
629 46
856 733
1 886
931 397
721 475
615 221
462 199
64 334
794 136
524 803
944 348
614 904
602 191
918 721
845 157
452 309
58 911
87 61
120 50
71 261
535 653
365 187
103 185
901 444
963 119
559 405
499 115
474 861
481 271
256 783
489 112
83 465
605 756
604 582
146 108
438 181
264 40
110 759
95 88
908 304
681 390
551 238
631 820
987 310
488 628
531 275
698 450
294 263
686 980
904 574
761 683
698 785
72 246
177 179
742 827
636 597
139 436
363 205
592 964
487 197
245 296
975 434
370 789
259 930
513 401
604 975
412 693
230 321
349 531
77 988
513 661
654 123
518 804
759 523
401 458
873 62
588 470
94 386
496 212
377 713
79 283
952 608
647 937
561 209
608 603
565 26
326 838
462 912
337 120
916 110
284 850
244 381
518 331
842 752
982 148
756 510
683 316
958 508
464 134
650 33
362 40
160 327
478 241
488 649
693 260
163 193
654 264
997 894
467 964
455 294
261 823
498 40
139 926
435 96
920 334
39 491
988 201
401 634
696 526
296 985
10 638
202 31
286 36
851 191
607 315
87 185
868 689
613 667
772 14
263 737
89 441
764 917
57 757
972 89
975 41
987 35
623 811
411 507
886 621
462 738
773 981
450 565
660 832
69 78
846 542
639 206
922 443
17 783
139 14
934 663
956 355
34 930
658 567
176 34
177 951
661 899
500 130
929 701
753 889
82 237
592 839
443 248
335 664
258 227
709 345
954 203
75 313
233 196
25 393
544 210
55 187
413 801
102 97
383 596
359 326
777 979
756 610
658 172
38 239
950 912
480 387
544 723
440 196
402 289
511 532
994 107
740 193
151 597
78 549
356 458
112 416
580 944
653 492
533 6
109 286
179 581
465 514
597 748
769 781
126 380
889 901
683 797
178 212
786 789
264 1
564 3
249 152
747 424
395 391
141 196
838 679
175 764
651 243
896 100
142 924
36 993
835 537
135 808
323 696
96 581
850 217
677 571
939 283
613 373
163 906
216 646
79 390
342 984
956 289
76 126
85 891
560 749
742 568
666 726
408 685
468 492
909 184
820 899
310 430
84 647
903 940
447 574
323 80
792 187
975 927
186 450
997 657
674 105
853 315
369 276
191 150
677 81
494 932
874 181
747 711
734 921
10 991
822 16
370 285
605 825
245 60
212 588
489 401
993 960
274 89
785 578
654 388
398 361
584 119
685 889
779 399
14 227
290 114
650 459
786 538
534 933
221 528
369 412
711 704
546 72
507 647
429 523
768 372
612 152
941 702
501 801
359 499
463 484
957 332
304 804
665 556
554 847
924 447
87 105
731 826
845 476
714 674
455 94
883 412
609 743
506 964
638 379
979 724
801 421
643 229
542 227
439 748
241 223
826 42
840 183
316 440
934 54
975 26
714 442
631 296
949 103
379 420
820 269
398 86
110 738
204 366
348 697
895 838
728 771
66 864
988 384
856 293
687 27
326 421
921 236
906 36
996 125
730 588
543 795
936 718
122 197
734 348
699 649
394 615
932 700
317 427
247 949
270 775
796 831
969 375
937 365
893 998
642 749
650 63
627 652
229 978
895 494
649 198
855 949
793 162
124 482
692 958
950 252
358 600
534 896
347 855
578 978
933 430
828 903
721 23
458 468
732 849
293 642
36 536
512 931
811 436
237 606
632 709
443 859
213 997
837 339
419 550
936 828
203 516
181 983
241 75
338 880
170 337
319 34
21 540
585 30
635 322
840 880
83 101
544 249
400 793
870 791
269 573
545 398
239 536
59 755
257 614
437 599
748 603
986 150
912 604
62 570
508 13
148 381
632 538
416 951
295 58
862 135
510 160
106 191
424 710
910 763
831 181
36 418
834 176
473 13
102 778
326 668
921 967
855 690
123 807
230 938
627 857
299 207
558 410
377 861
825 591
516 241
679 698
842 960
607 448
661 551
663 300
7 377
207 948
606 818
452 467
996 884
151 523
849 824
559 694
294 50
984 570
854 580
533 753
234 17
447 707
303 240
414 336
237 369
920 931
948 394
286 213
29 271
558 128
695 460
244 999
94 72
235 828
132 230
719 732
275 191
961 593
345 983
490 679
556 61
351 827
659 562
941 704
734 721
469 427
646 640
393 461
605 145
852 676
283 227
540 618
917 912
544 962
798 718
341 69
501 650
480 991
81 809
46 586
571 533
590 94
492 614
195 415
3 971
935 637
858 433
741 75
833 854
755 614
291 212
386 797
314 495
467 203
175 897
402 21
646 867
623 390
628 858
802 920
766 846
77 167
599 257
335 476
775 401
183 516
463 177
649 226
256 639
549 51
392 936
170 100
482 224
995 175
569 785
58 148
496 980
229 259
623 523
150 645
24 46
430 786
799 914
750 981
284 914
764 977
701 512
41 424
530 450
450 113
960 860
550 560
856 982
736 535
386 663
378 953
113 147
150 433
124 774
936 815
703 847
471 709
10 587
976 439
374 477
930 869
463 643
292 718
998 7
686 939
542 899
312 832
445 725
473 519
250 36
442 48
360 889
477 736
115 633
376 157
626 455
391 226
302 271
882 523
509 15
713 433
72 134
443 36
124 36
368 951
905 341
756 586
58 694
289 569
817 583
436 32
401 748
869 299
250 145
134 180
793 25
236 678
924 277
279 973
384 217
980 407
304 938
485 123
534 658
56 592
547 805
684 489
268 738
518 904
367 53
967 181
87 678
117 346
838 886
217 263
647 277
493 747
237 84
663 32
245 116
544 21
858 612
630 3
651 873
545 214
450 154
752 928
356 479
320 116
953 176
281 621
632 278
743 306
536 423
257 596
135 500
886 961
121 976
283 256
546 182
705 155
986 727
358 902
903 961
21 753
439 787
437 231
788 661
695 801
804 936
854 104
928 14
390 627
886 784
525 240
285 192
369 465
564 173
813 775
360 782
239 387
864 795
509 56
837 685
813 811
668 378
756 574
995 259
882 212
519 316
789 996
545 151
7 926
449 634
896 471
325 136
59 17
173 489
251 733
857 612
240 453
783 548
832 947
839 155
540 872
725 148
851 159
794 91
463 524
833 23
2 572
396 534
848 330
847 140
451 152
871 194
471 783
403 813
767 506
170 211
234 835
198 20
836 308
563 105
959 958
286 843
188 712
329 282
631 851
507 889
671 826
932 961
948 449
74 993
908 935
455 260
218 302
523 454
86 192
59 280
16 933
737 70
99 517
987 457
687 930
863 844
924 929
205 934
760 506
312 334
404 404
882 84
416 370
217 161
316 368
644 95
132 287
956 845
48 353
74 743
599 928
448 919
413 636
407 402
146 487
694 663
56 31
335 663
194 204
823 836
300 940
573 361
130 899
295 499
218 515
809 47
542 943
743 467
875 621
804 313
989 796
375 242
973 580
449 267
42 893
4 944
204 237
558 195
925 473
533 234
880 959
763 892
788 896
836 490
568 503
565 529
726 931
660 569
460 489
825 435
437 105
634 17
655 498
491 866
305 383
409 938
938 313
832 642
572 31
159 959
589 7
747 69
878 219
357 216
110 618
268 802
721 870
418 860
917 250
329 289
78 530
318 83
651 693
481 911
429 915
183 259
861 332
337 291
638 468
163 545
761 670
558 298
369 410
340 312
637 54
583 446
621 961
532 902
131 600
816 44
527 609
688 215
839 410
822 986
306 28
334 720
601 577
363 650
620 523
929 372
463 416
821 447
132 259
775 905
775 400
298 439
410 189
634 972
513 659
404 971
909 411
956 160
21 395
262 221
778 225
985 119
463 696
679 618
523 137
310 920
95 645
516 29
489 30
261 909
132 354
813 346
61 860
399 419
735 175
662 922
427 864
734 638
876 48
415 306
260 172
110 935
419 244
883 660
768 670
878 473
1 437
345 736
872 573
162 250
832 708
906 249
931 664
952 644
526 879
850 806
800 421
331 507
191 477
129 856
583 544
298 89
938 285
438 812
249 283
113 985
658 107
20 109
688 197
840 746
484 188
848 725
74 22
713 319
835 883
935 394
472 302
626 693
151 224
104 976
734 532
15 446
762 645
427 306
409 163
263 88
616 313
767 252
386 377
714 656
619 416
161 470
878 979
608 633
291 709
803 231
232 930
491 868
829 622
26 497
330 833
822 507
553 399
653 497
500 852
363 875
483 61
546 695
409 375
954 849
352 93
35 36
552 93
962 435
721 289
245 61
179 877
582 669
768 924
823 91
475 604
964 813
295 56
123 584
64 830
632 357
915 780
943 500
659 549
256 841
806 142
544 252
70 180
122 805
97 709
63 264
238 376
396 632
212 126
14 638
808 706
243 127
724 803
543 645
958 672
172 242
268 805
341 626
631 802
958 663
786 263
227 993
530 4
805 910
379 206
739 198
255 635
851 351
610 495
188 143
138 270
382 109
228 645
520 15
262 178
861 942
208 731
182 571
859 186
608 378
387 547
279 206
783 685
765 102
561 75
745 918
623 689
696 619
708 470
331 463
237 417
462 204
797 79
705 737
959 719
371 450
22 806
389 316
172 954
489 158
914 666
475 374
917 692
193 101
956 465
5 449
492 431
403 679
998 472
489 580
623 26
955 413
527 302
272 135
434 293
575 907
125 751
56 591
264 67
927 417
975 298
737 417
967 65
364 194
158 217
151 827
549 219
464 480
258 878
309 683
406 614
773 51
371 558
287 751
617 169
978 294
321 840
983 378
827 487
748 108
440 421
807 786
411 148
25 494
103 633
150 769
796 806
635 539
29 537
439 800
525 624
329 985
2 304
230 759
177 928
299 189
329 478
625 415
727 683
487 71
462 782
702 516
55 59
397 173
19 936
948 630
110 874
694 450
153 179
119 506
457 158
354 657
249 553
4 499
540 408
973 229
632 88
616 300
589 562
83 285
289 215
272 3
667 931
241 867
763 118
613 121
936 517
296 957
556 553
128 675
11 973
851 613
903 987
235 19
881 596
994 135
888 853
180 45
650 41
10 163
393 404
357 695
596 481
995 315
355 203
858 184
379 282
556 628
172 530
606 488
464 160
28 366
650 174
114 328
842 376
499 791
592 997
590 514
354 565
169 298
194 896
13 173
84 59
7 594
449 916
701 764
329 304
736 32
112 778
892 746
724 148
640 98
925 437
278 527
674 8
265 129
875 823
529 196
306 348
28 223
301 486
163 440
877 924
187 502
258 234
985 778
489 249
672 400
575 973
378 909
792 969
714 85
459 569
683 132
541 542
784 780
724 470
703 48
744 81
64 226
178 191
21 231
867 443
219 825
542 845
603 921
386 78
744 99
622 390
324 654
225 209
389 819
326 296
448 623
767 484
579 237
661 569
825 127
890 991
885 501
89 79
936 16
806 41
456 874
625 934
284 195
123 130
13 410
976 86
471 987
715 377
952 788
237 434
881 949
148 847
707 716
884 315
608 913
898 345
602 813
890 661
366 81
176 431
754 983
396 748
226 293
812 777
30 592
79 273
831 42
229 722
110 562
67 263
994 508
473 671
294 435
74 568
621 425
331 294
14 829
559 819
275 604
477 549
726 654
13 392
897 652
557 383
453 620
711 384
620 879
995 114
164 660
451 744
648 105
248 78
410 86
921 445
962 710
98 827
488 741
865 19
459 903
672 685
814 723
40 729
787 680
671 220
441 560
353 906
776 690
810 569
653 983
434 566
477 78
967 346
64 763
234 742
959 500
589 659
879 850
171 220
977 33
360 31
129 644
433 350
64 455
92 968
903 18
709 623
251 361
782 794
411 376
314 360
991 261
528 800
792 476
749 469
382 519
7 575
854 360
753 798
17 264
352 407
871 140
749 355
348 935
642 919
160 9
333 752
233 129
397 675
517 572
360 535
538 664
49 757
957 109
700 330
596 371
26 751
439 980
161 321
689 49
143 390
802 42
133 244
190 73
457 364
935 423
81 163
894 251
602 423
289 704
110 251
281 89
619 81
454 764
726 583
908 250
569 645
881 702
522 110
684 26
389 728
344 86
930 189
756 398
38 619
289 898
154 706
81 329
889 888
416 687
119 7
299 889
631 791
651 872
858 51
472 62
577 568
185 345
901 363
75 654
941 851
758 630
693 466
118 799
547 249
184 95
544 579
433 567
893 685
969 548
231 48
497 737
982 579
650 591
681 962
265 623
952 116
941 381
933 874
32 74
195 248
708 973
782 164
676 19
418 850
13 739
740 938
844 667
335 475
929 51
688 240
465 385
587 833
119 794
209 74
164 482
854 689
459 838
667 39
419 961
367 332
268 856
476 259
727 753
934 803
796 608
827 909
357 816
960 382
775 693
314 333
72 396
192 569
529 238
431 731
774 332
906 65
353 5
70 468
984 320
253 526
561 818
100 368
485 408
952 38
463 126
879 283
473 857
854 100
311 58
643 320
732 667
731 623
600 59
894 618
208 530
827 92
812 820
134 332
660 392
860 989
688 150
779 521
945 508
183 416
720 853
190 219
666 355
522 372
121 705
867 849
779 480
158 721
912 938
592 126
771 839
157 776
965 72
231 325
154 975
472 328
370 962
618 876
843 914
707 424
127 342
485 167
763 596
90 692
13 613
167 42
58 701
966 314
382 855
458 717
397 296
551 866
781 664
996 140
124 537
987 3
14 369
128 495
297 207
359 379
333 843
766 244
186 393
222 311
29 92
387 22
369 359
422 262
240 307
460 607
934 926
229 772
897 589
807 937
824 630
248 532
86 362
384 732
89 364
556 178
145 197
92 623
181 510
186 773
343 616
482 157
523 307
538 993
56 581
914 738
941 476
856 846
452 91
923 162
79 482
242 14
448 851
995 634
288 113
755 714
620 952
747 10
751 59
98 140
445 909
592 842
488 382
822 138
294 102
6 902
462 903
411 483
248 794
873 784
992 203
90 364
318 878
434 173
836 844
87 519
664 440
861 741
868 86
112 200
736 159
806 526
632 553
5 288
367 394
821 838
774 459
264 351
290 108
756 580
359 706
333 173
885 666
921 74
455 441
309 148
159 906
339 24
131 391
754 296
445 436
89 13
936 389
54 400
658 515
346 300
357 303
402 287
971 274
233 428
226 829
100 301
529 537
377 394
91 681
383 853
102 87
306 988
653 876
499 43
751 951
932 132
834 561
723 931
620 551
857 682
446 849
509 187
243 53
96 260
53 273
291 179
137 66
290 17
576 577
634 19
121 636
102 377
652 102
603 849
447 259
403 26
169 228
295 280
432 579
970 489
281 583
252 373
360 437
546 488
492 371
124 546
203 261
433 209
429 970
444 877
469 9
833 649
693 146
755 352
738 342
622 4
70 755
100 137
600 963
829 812
583 221
252 686
996 488
80 77
818 239
571 10
531 643
925 836
185 549
561 48
285 197
595 558
726 115
501 756
564 47
110 350
297 334
977 983
904 675
551 512
768 647
614 991
170 87
941 404
840 883
130 158
57 755
405 435
939 121
125 784
654 909
207 569
401 851
887 162
815 155
933 873
702 765
67 38
710 30
468 667
647 809
206 78
39 857
423 225
227 268
527 579
743 45
461 935
12 212
441 901
583 234
848 806
196 851
796 471
255 577
521 625
606 162
104 745
999 161
392 127
601 176
561 375
597 343
973 256
273 783
184 562
132 556
192 685
295 896
875 704
517 531
443 508
550 278
707 741
863 126
601 851
29 846
224 135
506 749
63 6
226 708
319 602
637 480
662 786
267 162
775 688
68 118
451 266
618 219
135 487
130 82
547 284
346 450
315 390
502 147
738 981
147 616
836 757
434 540
529 701
122 849
434 392
939 447
518 275
1 581
901 865
252 548
322 505
749 820
611 295
582 76
995 822
632 599
913 661
805 937
434 931
766 311
770 859
681 988
139 696
100 555
922 955
110 739
883 518
577 398
236 353
274 414
584 207
865 572
760 764
433 3
619 193
336 235
455 922
269 565
911 305
734 360
716 188
259 847
282 342
442 217
365 289
251 534
507 209
803 972
93 742
982 416
370 172
224 676
623 998
814 916
348 446
170 917
455 11
603 811
394 909
689 499
947 428
876 410
831 758
494 699
967 889
628 63
646 779
327 226
514 626
939 577
45 784
341 580
363 248
489 422
323 556
339 398
914 218
870 707
131 255
567 578
928 66
84 121
31 120
766 848
769 525
695 152
193 640
861 416
918 340
82 910
378 260
765 425
358 203
917 575
869 370
67 383
946 79
772 335
189 325
823 574
20 305
559 876
653 645
293 59
155 782
675 34
22 42
481 18
714 253
319 614
110 381
498 628
855 995
260 366
299 248
943 801
906 35
492 518
675 764
415 995
628 713
104 200
771 14
944 47
325 103
353 193
406 515
879 810
961 520
571 705
747 945
782 615
455 602
889 256
583 149
894 58
772 208
36 57
685 927
933 375
385 704
527 570
743 715
805 901
667 918
444 965
360 796
721 316
66 162
135 472
180 794
826 979
585 973
924 273
8 10
712 140
219 494
80 192
642 519
207 577
864 103
463 451
996 402
550 608
590 62
259 469
975 483
180 216
410 789
947 511
735 711
507 229
136 283
737 468
320 227
272 627
720 924
787 785
794 690
963 393
817 842
30 794
20 770
724 676
481 204
938 804
397 340
232 755
902 995
744 965
5 405
943 857
153 36
666 186
269 540
194 214
973 325
469 47
351 571
552 47
469 100
61 838
549 44
571 205
629 919
286 752
12 162
948 866
903 938
593 159
254 213
716 437
90 783
61 797
89 524
145 484
648 524
842 562
596 19
585 865
957 195
172 607
506 291
279 191
831 154
82 457
832 322
127 248
238 738
109 458
458 8
79 260
142 147
22 409
907 55
522 156
613 341
146 179
491 909
522 725
664 612
482 212
65 789
298 220
940 518
839 706
297 891
314 199
918 109
41 972
742 409
909 963
54 298
351 7
187 541
333 418
127 734
319 954
288 152
418 482
376 520
481 623
192 752
741 920
39 840
242 444
579 828
799 1
451 375
259 374
337 668
975 708
346 814
687 249
949 634
866 916
13 857
575 23
79 864
498 818
960 256
765 21
527 960
524 107
543 233
631 482
331 687
833 11
764 463
441 263
934 722
155 501
78 843
34 423
810 834
885 156
75 368
800 366
634 150
335 271
442 82
201 274
298 498
253 987
950 217
756 116
224 204
607 417
206 496
384 875
871 998
868 724
135 921
286 512
652 400
202 302
523 265
72 717
201 728
257 165
919 700
415 22
240 442
511 806
608 832
283 771
731 548
378 248
838 756
40 675
839 347
139 377
523 963
290 492
416 134
562 846
94 822
588 811
299 965
950 475
838 37
511 535
177 898
112 323
851 963
976 905
216 675
292 510
52 111
798 850
663 314
565 920
2 419
111 467
156 553
341 15
976 614
629 838
986 951
632 255
249 848
180 917
1 11
193 589
539 350
528 729
275 301
466 878
605 832
179 997
666 564
513 245
322 600
151 473
844 1
753 920
436 284
93 434
61 976
346 801
479 676
758 644
241 156
333 755
793 903
231 405
166 479
36 920
562 973
53 784
811 573
152 706
710 634
766 549
371 401
747 95
477 438
751 866
707 700
268 955
915 398
285 705
960 34
898 19
591 473
809 823
553 677
953 438
712 818
915 566
855 183
212 862
368 255
336 358
351 647
339 525
880 179
456 769
147 543
251 760
199 216
974 942
36 56
924 270
18 149
406 469
337 801
39 703
561 402
935 137
467 685
520 26
616 82
932 465
393 523
916 422
935 872
611 716
894 91
107 421
388 654
317 288
694 571
609 691
214 868
713 772
44 672
7 887
591 405
742 520
928 447
496 408
731 53
679 897
659 779
756 592
943 609
980 499
363 845
303 259
516 448
790 85
455 676
669 165
320 390
479 875
865 90
925 768
614 316
824 198
221 449
215 785
899 911
406 551
34 263
808 625
225 829
63 557
717 410
516 496
215 947
296 425
855 503
595 654
64 292
677 661
537 301
948 193
138 932
644 648
970 872
706 760
408 670
39 522
29 137
109 350
581 176
529 354
180 40
862 532
781 705
390 95
439 631
581 17
140 445
798 77
898 376
134 601
377 612
550 278
782 517
251 763
397 230
606 477
631 643
940 23
25 332
490 685
418 21
294 144
159 425
740 272
689 574
626 702
233 201
109 610
877 789
474 938
929 821
271 140
7 420
423 632
250 207
107 165
318 59
195 520
598 943
635 756
563 879
742 768
737 309
746 513
694 49
254 580
384 663
354 307
750 793
471 549
608 103
935 157
367 799
485 25
527 452
335 165
956 271
29 772
323 59
582 397
926 929
775 432
566 452
116 206
239 59
164 641
70 354
990 710
47 737
668 372
731 704
900 692
6 578
63 584
954 499
747 975
402 590
667 223
720 856
91 635
828 116
683 356
76 995
12 122
38 635
576 410
535 739
217 899
484 483
496 969
146 843
946 626
503 737
638 276
173 157
654 667
398 701
143 10
964 337
700 761
959 758
266 154
478 496
915 669
192 39
354 706
391 146
237 841
286 732
334 874
523 370
687 89
20 6
900 130
428 110
620 762
503 219
492 425
797 57
892 611
954 463
553 902
836 799
589 609
759 789
2 500
587 263
628 203
507 926
259 270
756 395
113 93
421 554
170 557
457 502
936 735
540 197
313 617
915 386
170 338
988 306
409 284
696 772
864 209
795 445
922 139
741 924
543 780
732 191
986 13
37 795
954 201
761 313
307 610
630 409
35 383
433 88
523 920
203 181
870 785
829 744
687 833
427 54
208 95
623 761
458 198
338 317
906 555
764 390
574 558
700 12
301 8
850 614
459 646
457 949
398 432
326 402
776 19
887 564
204 999
690 611
177 187
329 258
104 919
439 151
258 408
58 802
622 561
59 538
879 940
573 285
326 507
105 751
729 84
960 294
205 463
811 397
167 511
174 184
596 320
317 759
556 731
289 965
133 798
540 890
57 499
932 631
221 272
260 980
779 964
265 183
896 627
930 191
348 284
127 770
751 345
478 347
478 815
664 201
226 390
532 45
550 260
758 920
611 896
791 697
501 151
324 731
586 56
113 890
156 343
862 604
129 512
319 293
792 638
584 41
118 982
129 920
281 931
955 869
202 137
313 564
990 180
954 241
350 345
672 61
992 652
755 216
475 737
505 569
685 774
973 660
402 75
89 321
73 219
268 199
976 220
921 799
984 715
557 980
639 609
41 966
429 548
354 447
484 183
965 399
633 604
967 69
701 886
948 932
774 295
109 906
562 504
76 803
384 597
5 186
241 607
438 977
740 635
746 230
812 178
848 574
665 736
922 813
972 818
406 376
502 67
465 586
899 392
121 768
597 58
74 823
455 532
35 570
757 719
585 278
857 225
305 618
432 728
231 368
823 709
175 766
273 963
744 634
593 204
35 98
658 608
101 110
673 26
578 211
717 938
846 463
250 548
966 582
79 915
736 213
426 643
4 382
959 448
843 479
738 206
517 89
490 482
607 763
299 634
821 98
821 626
695 616
726 541
519 38
365 844
742 312
398 601
252 409
489 255
52 434
992 895
419 207
474 148
994 559
975 585
871 641
408 362
395 88
649 100
810 16
276 388
646 845
353 239
861 154
423 44
713 12
633 196
620 346
587 479
617 827
458 385
412 168
660 254
154 736
314 784
57 923
960 795
899 367
326 274
653 758
828 169
425 952
582 812
714 144
673 160
226 325
814 274
914 714
370 967
654 637
326 182
138 965
511 737
931 185
618 60
404 756
259 563
689 67
583 841
13 594
693 262
549 475
590 967
48 51
399 519
604 945
972 510
404 77
236 789
501 482
572 615
355 280
478 652
532 796
832 783
782 48
368 238
593 918
824 126
107 803
195 89
823 878
412 810
508 264
602 734
872 110
176 457
717 924
590 649
822 426
767 362
71 263
564 995
144 601
730 38
969 681
693 421
666 716
477 955
592 46
140 283
18 129
224 666
244 314
695 710
408 620
471 590
608 924
915 998
322 464
315 881
218 148
163 524
342 613
123 363
368 731
599 148
699 540
275 786
36 795
86 738
744 996
981 590
450 384
940 354
386 59
556 148
714 660
609 161
805 202
995 120
219 83
815 569
969 240
887 265
605 673
338 77
536 14
751 386
287 42
107 34
448 330
768 923
977 134
334 712
47 995
253 543
535 323
32 291
356 407
381 454
623 928
188 16
46 971
113 507
374 424
566 740
394 643
64 484
295 293
206 661
549 904
410 861
356 209
416 844
381 448
350 587
132 547
198 59
854 741
632 170
947 588
288 281
359 833
746 907
107 42
732 665
845 302
266 91
147 778
287 265
827 102
271 384
756 357
879 996
293 201
748 838
687 689
667 706
776 195
735 231
823 178
521 877
622 175
568 179
56 518
419 281
455 944
320 636
977 220
655 206
782 686
574 267
981 465
886 386
22 490
771 720
900 381
142 266
33 574
696 51
914 821
17 621
343 786
998 726
974 925
323 691
914 177
555 14
110 857
229 788
20 976
603 611
545 380
546 533
347 792
288 448
88 949
665 103
974 51
914 288
253 492
60 23
967 398
129 419
159 672
619 828
945 475
884 46
441 410
513 746
537 118
770 671
447 922
362 645
680 372
972 7
835 852
193 638
728 137
927 597
62 554
446 563
101 813
501 905
812 866
629 165
967 36
439 400
393 697
761 426
234 120
57 60
19 386
105 37
209 832
524 794
210 226
725 895
344 996
847 822
565 651
977 497
893 391
60 931
878 537
456 994
727 169
730 966
95 954
513 593
394 339
278 86
36 44
306 639
11 790
237 381
285 933
369 368
829 646
414 900
248 503
834 364
712 904
182 148
556 579
127 684
525 342
977 882
414 146
367 17
667 614
560 481
690 326
380 649
414 744
555 902
563 29
714 40
416 144
110 983
866 455
664 298
108 58
588 931
382 473
126 963
995 913
57 276
838 783
645 248
846 377
21 810
726 283
958 196
51 767
930 208
800 691
46 192
672 543
659 607
443 341
520 450
491 831
266 51
424 616
567 153
961 323
899 297
337 842
513 274
978 837
322 739
479 421
783 143
769 236
585 352
123 873
192 442
516 810
837 381
761 508
233 544
240 691
4 776
266 258
588 770
203 353
430 931
758 301
293 798
481 977
833 397
552 387
615 731
962 536
901 779
905 938
744 230
642 453
266 929
459 55
226 101
100 355
753 249
736 123
468 292
851 973
503 191
563 695
470 598
914 397
611 254
821 606
900 124
578 570
510 309
783 783
775 263
487 590
276 447
974 169
178 386
374 385
986 18
879 234
409 263
404 881
213 290
751 357
385 924
857 251
19 39
272 895
191 482
266 447
160 591
98 259
131 941
793 642
422 631
722 495
995 345
876 161
926 479
319 44
327 667
660 244
879 886
128 817
981 551
146 235
171 515
193 547
298 728
297 19
833 813
976 294
33 339
367 771
931 737
622 474
116 130
551 789
521 812
46 314
711 651
704 614
997 362
627 123
596 351
240 953
207 747
996 188
388 695
712 456
99 633
201 57
802 480
957 302
724 774
836 124
111 77
429 116
206 752
215 386
956 133
179 731
703 388
972 412
114 51
913 927
557 10
1 290
813 540
680 570
829 394
456 359
128 192
790 131
749 127
614 800
844 660
948 685
781 433
625 322
320 58
253 734
116 68
221 18
498 158
988 900
785 151
897 427
61 821
502 805
918 961
394 90
25 583
105 148
540 313
889 441
644 604
733 649
851 506
312 416
911 118
634 585
356 678
35 390
84 928
338 276
690 891
444 619
950 771
211 922
914 981
775 689
143 616
393 823
11 117
425 894
731 716
665 140
973 53
621 547
227 247
185 461
761 741
391 294
598 598
466 316
394 537
352 151
976 33
664 862
13 461
972 693
446 55
118 881
962 783
906 279
513 237
750 807
603 901
900 254
725 465
675 422
855 518
823 622
158 246
106 195
911 134
832 866
531 364
58 472
973 593
583 47
8 541
894 594
426 455
352 104
616 447
837 90
61 101
978 695
433 722
324 534
781 542
513 699
637 141
396 91
994 885
176 891
82 916
992 630
42 422
388 151
562 799
585 450
552 303
453 815
141 928
857 398
341 728
287 429
225 8
705 644
104 40
887 556
667 489
299 839
355 354
750 129
121 195
925 775
263 785
679 200
702 548
599 253
616 505
542 281
84 952
838 508
797 680
610 742
358 478
649 636
857 816
854 94
172 165
358 390
255 950
913 817
74 25
116 889
572 122
884 199
609 486
667 694
639 295
320 257
700 306
687 18
732 687
970 261
16 447
244 724
36 701
739 277
406 373
693 467
929 747
539 745
839 744
272 840
749 540
883 793
501 144
576 753
65 83
290 471
902 460
579 842
214 491
362 291
393 279
709 188
646 853
109 9
78 704
877 385
595 679
205 611
188 947
749 19
725 407
249 748
583 773
600 678
488 901
57 772
548 426
508 33
47 966
196 835
39 316
671 159
47 45
42 839
761 346
110 980
368 44
605 773
770 553
229 345
470 338
493 801
617 951
465 247
202 903
709 931
460 101
475 24
873 318
249 39
364 744
932 687
337 197
583 805
381 671
458 506
96 394
54 875
744 348
271 807
734 995
137 388
180 835
38 54
173 849
29 401
124 966
869 320
884 880
754 526
821 783
108 220
699 471
27 981
191 331
358 885
187 936
29 756
371 901
852 972
113 996
691 994
997 288
638 134
113 713
390 85
562 164
966 873
6 683
556 820
786 938
946 683
418 947
893 66
248 12
839 45
127 772
542 506
413 786
553 34
940 250
106 807
303 279
898 547
505 158
803 19
969 947
420 952
396 563
337 880
862 909
83 394
161 822
856 384
387 354
606 293
576 21
686 170
959 735
705 111
279 395
310 919
363 986
29 41
896 232
574 666
969 867
653 43
134 430
404 193
17 189
319 365
273 140
455 957
899 9
510 661
347 11
505 875
539 601
971 849
701 983
313 32
571 439
635 656
336 493
933 694
679 681
406 244
339 948
303 211
818 27
500 167
825 255
670 162
241 494
713 700
464 75
619 72
980 161
380 955
179 368
932 513
662 956
701 145
450 839
115 209
308 460
965 234
