6000 3500
457 930
332 871
63 868
51 986
373 973
173 303
774 481
295 140
261 262
469 772
502 958
257 681
805 705
777 262
188 797
206 156
779 940
450 903
39 696
786 551
53 447
450 749
463 784
29 539
37 729
393 941
439 60
955 544
44 37
43 375
229 590
203 525
939 263
944 879
87 169
402 890
289 763
992 653
392 923
266 989
958 347
417 824
357 412
418 575
260 162
263 82
627 197
677 498
117 749
199 947
835 289
584 659
995 784
10 975
348 53
767 569
708 350
519 893
683 464
675 325
880 675
199 26
939 633
766 389
970 540
22 321
532 2
685 304
540 745
478 103
427 106
505 430
852 56
351 796
489 171
661 721
711 572
579 477
889 189
738 780
392 753
625 754
692 94
140 909
512 151
381 234
79 750
24 837
182 941
732 506
926 695
915 336
314 11
83 359
647 810
621 827
462 269
308 451
217 282
32 466
113 996
214 314
330 936
992 574
428 542
340 605
232 166
955 276
487 531
127 475
672 280
303 975
286 640
616 987
112 29
681 749
808 601
66 491
12 478
183 140
860 914
1 496
373 537
521 881
18 668
679 921
717 548
513 181
96 541
414 9
489 430
212 725
725 332
505 115
436 461
199 501
197 564
643 890
991 758
39 723
920 273
816 30
811 18
805 521
146 430
989 6
954 269
466 274
224 911
135 663
363 843
626 575
124 354
180 201
747 28
590 523
480 312
796 706
229 515
61 681
968 568
678 152
758 960
693 546
935 116
73 498
536 646
354 809
233 480
329 419
612 193
550 176
247 383
662 134
28 718
73 369
490 192
192 71
102 252
138 237
766 799
582 841
187 518
552 624
196 919
769 245
693 657
296 36
280 99
621 780
207 482
396 695
200 267
633 697
53 398
469 171
651 457
366 359
695 602
122 543
290 944
581 791
264 726
757 806
170 278
386 824
662 228
943 988
467 828
892 764
923 557
303 628
454 179
497 797
548 677
359 435
985 572
275 152
546 1
140 485
849 939
162 422
729 371
824 586
881 617
614 85
910 151
588 417
27 155
14 982
47 992
626 102
872 453
856 755
222 349
518 971
620 467
560 788
768 540
356 987
965 197
153 279
596 288
705 688
172 805
719 827
526 558
487 362
6 912
479 940
653 484
612 705
710 436
218 195
393 375
594 109
530 583
440 786
693 326
525 454
710 359
570 522
56 493
823 120
403 532
844 414
28 617
650 51
327 35
723 192
168 171
668 581
704 710
707 457
851 667
422 107
973 251
254 146
967 990
744 739
690 922
235 341
331 997
910 366
39 143
674 856
21 950
115 375
715 759
517 235
743 690
153 89
102 482
561 877
600 275
990 672
24 540
277 962
611 475
262 794
869 574
443 268
768 244
826 33
487 777
695 143
899 30
58 744
947 571
490 158
647 5
866 298
34 761
930 894
707 650
257 793
307 377
126 777
487 203
884 358
953 108
222 305
365 565
647 157
865 852
811 444
490 491
466 359
600 16
100 963
130 569
796 863
339 69
341 569
756 668
463 558
134 385
748 203
47 871
13 71
530 994
610 168
720 863
313 693
288 447
864 680
933 149
300 125
318 124
324 18
337 121
304 891
651 148
807 726
133 267
294 671
90 669
985 982
167 628
30 180
3 462
80 202
622 133
706 693
116 385
639 3
317 549
553 802
223 658
450 385
906 165
65 713
216 54
431 669
101 350
483 317
835 49
773 404
463 371
637 795
600 845
665 845
629 724
836 724
225 566
756 734
1 538
819 860
123 54
959 960
925 473
187 959
47 270
273 862
478 433
590 823
360 804
644 587
686 377
323 805
898 322
330 458
722 727
600 680
666 997
142 315
42 843
788 858
392 289
805 287
796 407
537 338
314 589
335 70
317 2
346 883
457 396
813 149
943 178
757 586
55 286
25 217
33 582
944 67
34 675
364 839
585 40
123 244
685 147
579 118
508 93
951 867
875 265
675 194
93 502
708 395
309 783
628 213
838 446
510 400
94 512
622 186
315 272
893 23
638 55
93 667
646 267
87 25
897 866
619 771
903 95
566 220
220 485
728 27
319 95
925 580
382 750
842 411
537 256
591 759
596 576
644 121
73 316
552 151
191 326
465 635
813 511
55 345
824 635
360 25
784 361
264 986
23 490
719 356
892 518
64 579
263 792
429 360
119 589
28 902
807 157
650 47
766 961
28 184
335 734
959 624
952 936
840 997
562 444
590 817
685 972
925 445
187 841
454 138
410 259
232 202
158 399
414 592
45 287
227 932
788 307
46 901
441 265
16 573
591 558
767 828
396 638
99 64
448 839
44 849
490 363
733 559
169 84
298 74
217 397
46 341
414 12
405 556
405 36
813 666
815 616
467 425
106 167
945 77
503 367
815 252
620 200
614 6
514 588
211 118
560 28
528 740
917 594
994 977
161 947
361 324
791 241
285 960
666 326
701 646
660 819
195 382
905 309
723 188
830 408
367 924
334 503
469 205
777 129
579 727
749 261
749 161
341 832
758 253
356 557
995 563
733 481
98 770
673 511
683 590
826 362
331 490
940 801
341 388
207 836
691 972
406 160
991 906
509 183
295 807
920 757
127 249
357 853
4 394
897 257
52 884
880 746
989 917
336 718
684 522
643 917
11 666
952 275
245 995
226 594
435 778
571 821
748 312
715 631
536 780
559 820
862 100
241 83
966 322
800 963
443 172
36 979
195 730
637 971
107 940
415 175
547 173
807 394
337 177
418 841
199 675
857 21
751 37
651 977
386 77
516 856
922 66
730 83
764 821
890 344
52 144
817 394
980 54
638 185
73 496
10 809
125 826
39 699
513 425
320 946
253 907
94 732
484 309
653 28
573 179
400 358
391 200
931 756
267 959
289 562
623 713
286 494
943 733
344 365
537 940
852 318
907 17
334 218
173 392
170 442
910 420
447 774
46 21
759 814
464 925
860 64
360 706
906 304
16 950
295 321
15 130
358 24
460 621
196 102
248 938
963 808
857 939
269 181
160 987
268 874
38 836
776 320
577 439
831 930
79 454
525 39
891 299
574 760
765 854
452 660
307 243
997 971
387 43
645 165
587 439
756 672
710 522
629 724
664 730
744 688
167 225
394 722
433 393
532 870
394 573
515 617
372 144
243 416
215 234
761 820
269 669
7 427
356 697
345 486
246 391
795 757
412 998
872 241
395 358
804 556
385 4
889 686
421 699
703 143
759 426
66 187
471 612
708 796
42 592
782 198
710 512
405 373
156 305
430 769
933 826
465 263
422 416
872 59
706 747
416 437
872 45
890 747
659 929
810 481
977 123
760 14
654 434
511 821
199 582
444 433
106 667
195 309
424 947
655 955
10 788
528 942
676 192
930 291
708 152
389 522
64 326
942 488
957 927
400 706
84 660
86 924
371 484
392 519
957 315
822 86
64 470
461 324
909 533
291 526
969 865
422 308
299 517
254 964
983 391
654 344
703 627
420 529
599 457
616 403
981 467
280 615
163 796
112 563
142 62
152 619
981 763
589 878
798 658
691 634
711 173
805 853
47 191
102 387
673 96
754 183
627 602
129 21
35 332
279 30
883 8
256 669
75 986
904 512
831 993
245 308
406 46
707 19
566 219
275 548
958 151
301 731
444 809
744 339
40 751
892 654
131 51
82 153
686 965
707 960
448 417
118 128
277 222
662 710
500 921
91 77
147 529
562 225
315 200
996 173
78 467
157 738
969 122
734 485
890 408
693 584
284 369
757 811
565 753
543 881
975 371
169 600
778 978
227 992
971 248
463 490
473 907
364 409
363 849
332 618
282 394
634 572
919 776
520 752
363 784
454 546
515 370
654 295
968 549
495 563
288 854
625 742
613 753
182 243
308 325
130 988
81 819
999 253
408 224
7 894
772 754
742 481
884 973
130 490
386 375
932 921
910 39
590 791
145 10
452 111
302 564
992 704
474 696
42 680
56 891
592 405
188 484
603 345
41 836
200 519
228 282
232 949
360 408
565 174
776 192
138 597
789 258
374 407
165 893
223 961
630 357
164 25
720 895
63 134
199 206
471 885
657 989
657 257
263 565
871 424
607 834
846 637
135 798
461 226
216 920
113 827
3 589
665 168
181 367
33 950
302 374
211 286
305 384
957 216
841 194
284 985
260 673
535 108
656 727
960 245
896 204
74 523
659 150
237 206
839 603
60 887
89 87
446 161
382 220
602 515
230 663
5 917
995 856
610 252
220 48
742 148
408 583
326 16
537 948
757 142
677 618
9 788
798 259
661 121
784 128
543 417
486 821
669 474
45 989
385 939
336 3
340 336
214 561
461 398
110 143
99 528
50 165
203 617
387 186
889 87
446 738
164 447
116 767
773 568
637 744
655 789
284 477
174 521
352 649
570 572
178 916
173 316
198 735
889 518
343 926
524 621
394 403
11 776
119 715
886 764
998 897
177 934
704 50
295 290
69 557
126 716
525 741
941 286
198 717
838 123
167 360
961 614
753 491
689 376
224 940
143 938
867 320
305 196
478 115
527 665
839 426
597 866
455 74
201 923
897 70
118 217
897 319
824 998
913 345
182 319
801 718
968 178
507 934
555 447
126 319
20 341
838 211
849 286
581 584
152 858
507 245
487 753
247 824
79 436
30 461
199 870
275 159
64 474
383 308
515 173
672 743
219 760
249 445
902 860
854 46
805 84
575 381
208 490
908 17
244 215
884 606
494 801
511 826
652 18
362 606
169 107
457 454
14 578
796 430
547 101
15 128
645 28
754 991
955 435
122 616
314 622
998 393
739 72
570 923
480 126
684 117
750 241
442 754
840 781
408 687
580 439
368 266
710 887
861 74
701 630
500 419
892 619
521 706
166 432
742 152
336 378
202 642
476 920
783 426
241 360
435 252
523 303
141 480
211 141
418 590
848 268
409 125
172 20
849 550
793 915
73 186
360 616
140 554
162 649
486 890
896 404
647 701
912 831
626 181
82 985
499 65
816 820
474 20
821 445
536 743
195 673
773 875
147 578
94 376
159 124
969 188
425 285
899 127
508 194
523 968
729 509
354 803
478 61
578 538
238 666
442 59
84 684
743 349
200 698
781 355
64 330
396 898
282 641
611 767
522 480
623 814
687 406
376 772
505 425
765 658
926 199
65 35
593 672
134 189
474 304
280 243
655 285
256 33
833 876
476 362
412 159
65 887
623 651
545 778
718 860
601 187
682 658
533 991
713 415
51 530
673 538
833 727
619 964
525 403
252 638
597 898
33 887
888 10
786 380
659 747
136 14
447 672
284 145
522 894
729 205
502 401
477 244
621 827
656 55
628 869
471 807
579 282
367 317
988 145
562 239
285 516
638 194
845 158
76 783
903 785
621 764
295 99
204 216
758 926
75 578
896 848
210 426
910 814
865 15
440 866
449 869
377 607
562 495
36 292
290 120
593 403
535 843
139 983
739 698
620 13
54 947
875 436
309 42
929 329
472 98
757 128
753 836
122 591
803 923
33 764
360 528
932 166
442 21
657 170
911 774
314 133
602 444
722 228
241 540
335 498
306 912
921 232
763 788
380 220
281 662
418 190
162 244
449 539
373 101
745 1
208 414
634 287
254 701
508 874
672 168
55 298
182 772
784 593
217 175
245 893
836 338
90 250
629 664
709 596
335 325
676 335
710 378
50 809
808 800
201 47
701 517
334 350
416 848
329 691
603 635
413 76
558 969
521 264
975 538
391 76
168 903
783 583
718 204
351 22
395 670
734 24
99 225
710 300
797 273
418 640
54 929
313 867
665 856
379 307
604 869
494 782
295 162
617 70
227 544
278 467
966 813
174 211
658 344
316 737
127 336
301 866
252 904
242 942
722 364
791 787
710 66
861 880
939 664
689 796
453 734
956 875
216 53
70 971
333 297
315 106
183 36
523 675
737 799
514 181
225 998
285 327
504 881
176 854
699 470
748 703
765 866
967 530
8 418
167 653
440 486
114 652
331 86
30 677
579 841
7 694
581 642
959 5
326 771
227 842
394 32
70 282
526 951
434 274
845 590
905 132
783 268
884 809
953 889
474 48
145 325
219 80
84 917
280 841
394 391
803 75
242 521
694 947
582 373
997 250
882 49
774 498
606 479
568 995
959 160
565 558
982 642
68 989
842 89
629 118
895 293
546 513
170 248
242 485
847 456
441 285
393 817
191 93
766 631
96 883
303 752
320 755
215 91
635 767
871 534
859 698
980 522
941 998
522 766
686 496
421 352
212 593
713 887
680 658
469 109
917 232
501 739
740 627
665 145
119 727
902 571
317 456
276 328
4 81
632 47
678 518
145 523
219 587
552 967
365 458
459 335
868 833
326 990
151 833
224 190
368 426
168 649
524 646
441 964
513 933
29 611
632 189
802 407
707 952
640 258
301 431
707 965
152 244
334 325
526 190
62 412
364 271
852 147
299 597
179 804
236 983
84 767
420 454
149 392
966 675
723 145
220 115
225 312
118 812
19 947
921 989
162 895
302 925
392 667
656 326
272 603
117 870
931 935
59 973
164 214
984 88
709 253
1 729
444 978
725 224
779 379
78 143
38 576
742 708
938 105
113 284
911 827
628 786
445 331
260 454
426 991
347 725
463 602
771 314
356 489
253 537
572 654
554 58
989 387
61 686
98 171
242 75
973 727
136 747
437 164
414 730
331 901
276 62
707 808
502 850
264 92
510 303
495 557
551 777
489 705
631 166
126 431
856 872
68 73
337 341
812 884
864 488
377 13
540 891
209 328
541 130
531 965
743 163
357 218
820 107
673 127
839 40
59 514
494 552
204 963
448 613
42 249
9 427
310 515
992 911
341 233
612 495
120 565
992 25
55 14
195 846
473 135
206 660
84 886
792 133
101 121
657 364
686 513
537 538
137 145
368 696
214 393
747 193
238 994
322 115
553 134
675 365
410 994
552 785
550 886
407 204
967 75
266 911
337 116
28 261
591 944
788 833
451 686
559 568
173 490
579 124
104 726
934 499
48 900
694 395
739 324
676 551
923 221
636 477
281 468
21 967
798 160
255 914
754 28
641 348
289 530
682 564
296 198
224 620
943 19
786 2
791 37
944 702
322 943
771 319
50 530
531 998
351 512
323 793
894 849
340 245
163 548
465 831
547 671
437 100
713 369
23 637
276 24
913 841
874 424
417 615
512 380
843 141
239 155
427 249
401 162
589 879
686 492
11 918
441 121
556 890
163 600
131 432
460 600
420 406
903 652
668 75
719 12
790 154
682 26
336 121
624 667
802 685
338 390
191 254
96 370
10 972
188 967
58 789
333 464
398 824
49 802
303 802
472 919
924 806
813 855
481 853
585 311
46 533
302 22
123 986
408 222
687 858
832 152
239 55
20 342
511 478
973 867
775 152
801 539
31 939
371 742
768 162
427 62
247 534
854 788
548 232
164 324
21 184
886 323
20 487
800 714
10 21
437 102
729 198
166 650
310 725
56 877
314 392
889 459
898 360
997 186
532 25
457 580
638 524
577 221
225 402
662 67
347 624
890 150
189 736
412 398
34 138
646 301
411 95
225 290
269 278
768 531
496 360
68 184
276 528
304 201
156 442
329 957
186 109
369 546
331 620
485 170
574 533
503 267
780 692
394 431
528 726
327 512
886 668
387 412
931 205
170 532
653 429
974 638
460 899
112 411
341 220
818 943
468 500
890 878
694 40
415 821
415 595
31 613
3 801
84 713
630 451
598 453
801 589
661 362
710 32
363 470
960 83
129 878
457 164
634 449
512 409
709 619
149 501
127 174
398 241
811 348
93 215
390 784
823 646
191 104
928 187
136 298
164 859
911 583
780 424
386 897
944 51
195 725
370 365
614 643
17 190
253 853
380 698
680 421
850 473
660 921
538 798
968 684
285 759
372 121
629 970
151 280
236 68
399 614
202 434
93 328
64 838
919 264
216 996
833 705
93 112
158 490
669 964
617 708
311 903
57 542
474 943
4 129
579 778
232 615
260 75
258 685
778 738
268 257
948 747
658 785
111 319
634 687
480 659
189 286
611 702
306 178
434 746
102 694
343 387
651 750
456 497
878 791
674 397
699 982
92 833
881 113
565 873
507 54
518 74
384 495
337 81
687 826
834 684
13 991
926 683
913 270
377 317
479 847
156 263
258 320
578 658
429 619
633 694
175 262
798 181
936 448
668 105
269 312
337 302
150 352
552 587
596 244
105 158
88 36
821 663
537 577
977 461
477 969
330 622
321 239
595 113
557 556
218 635
207 914
315 151
574 841
806 920
636 48
321 988
861 85
171 598
409 344
89 180
150 904
300 218
580 461
984 700
477 722
571 59
420 270
10 529
253 32
286 175
953 438
712 703
502 456
764 162
906 79
971 705
30 731
180 797
397 682
183 770
456 721
230 219
333 461
890 80
894 357
534 232
261 47
582 412
173 368
34 660
128 226
873 509
663 992
240 570
257 322
673 487
930 944
381 393
53 414
731 514
757 300
574 51
680 387
733 340
55 798
426 172
340 135
502 681
878 410
543 692
663 336
102 57
407 932
813 453
874 684
301 889
735 264
850 61
751 343
43 438
558 756
539 932
87 88
997 639
15 596
285 74
269 389
658 116
319 694
452 698
515 191
852 606
130 289
889 893
742 625
831 499
939 35
338 175
472 712
634 498
279 217
96 618
603 309
56 152
497 339
972 801
390 995
50 390
927 858
735 227
381 988
579 801
315 300
583 624
743 90
391 219
711 297
724 62
109 84
855 800
894 580
522 83
441 138
649 789
241 664
714 376
825 919
677 365
878 638
550 21
45 983
520 386
888 16
390 905
857 327
99 684
318 781
193 172
425 117
474 890
542 338
212 17
49 811
535 818
792 529
424 25
726 860
921 919
389 176
926 619
884 719
338 892
758 977
146 740
214 235
906 11
844 585
677 665
767 289
649 772
731 398
687 216
231 352
551 787
18 803
775 307
86 580
855 714
11 338
285 437
621 958
162 391
618 53
373 384
671 117
383 747
40 966
523 765
155 386
970 547
648 162
989 405
585 455
148 919
779 470
717 732
858 358
776 270
760 3
515 964
341 139
385 454
494 970
424 601
364 45
996 37
860 276
259 971
438 16
676 534
704 8
991 660
703 460
112 894
222 50
483 518
105 175
920 579
857 807
577 980
17 357
284 144
596 961
866 31
473 714
562 683
989 729
492 33
676 716
796 152
988 748
607 590
798 659
428 859
467 362
484 489
218 337
198 46
582 331
271 919
866 360
93 922
300 248
832 703
995 547
936 987
224 892
747 972
716 695
225 512
321 630
842 6
422 941
669 585
285 480
632 278
491 734
352 708
344 624
322 968
470 156
138 858
55 718
194 447
695 846
597 95
198 133
833 417
979 280
532 903
170 319
424 501
422 10
166 693
750 984
714 848
859 302
538 989
282 273
433 402
622 363
204 519
432 941
417 960
322 306
63 784
255 987
997 368
970 679
45 818
626 821
111 274
243 525
910 508
45 927
764 359
708 13
451 303
629 15
344 766
840 726
630 897
911 942
439 532
531 625
675 597
390 607
605 610
847 212
665 8
124 2
513 804
894 86
153 817
208 36
527 959
8 120
679 881
274 75
15 434
922 7
122 32
151 355
303 181
526 632
26 846
467 816
810 356
846 769
415 967
804 623
956 402
912 423
933 597
598 543
632 99
941 152
243 489
605 569
607 917
528 618
325 598
147 778
183 940
485 746
768 960
213 305
437 586
136 493
49 230
967 499
894 756
418 138
813 179
234 980
555 193
726 198
63 147
806 970
401 361
859 272
49 304
244 863
804 636
713 323
194 978
104 588
77 373
675 442
30 717
905 109
191 928
454 617
813 414
459 65
600 883
874 511
854 280
169 562
512 530
828 869
429 379
339 211
585 200
591 195
812 613
911 377
567 886
581 370
976 82
888 389
18 59
714 551
939 365
412 479
877 480
984 259
445 31
763 580
35 601
101 893
834 640
405 786
905 474
351 461
379 954
858 887
405 169
574 766
701 793
889 945
751 834
214 116
123 774
624 937
72 307
276 296
811 839
41 36
163 259
438 477
342 447
91 97
115 288
650 24
554 657
919 994
564 410
204 746
129 106
470 301
945 552
382 660
207 520
845 477
300 996
759 266
664 264
624 423
419 401
780 721
853 233
770 466
898 945
831 951
252 926
235 325
157 183
172 81
320 590
86 24
546 545
308 124
620 252
264 322
26 152
481 197
710 493
165 429
102 911
2 267
634 633
773 154
242 676
18 272
638 183
793 281
891 854
348 792
66 408
727 484
214 584
92 564
493 222
897 314
682 552
988 178
523 531
124 59
518 663
384 120
130 448
887 535
598 748
402 980
469 642
988 727
186 615
847 583
140 780
160 755
247 190
868 448
728 75
128 554
379 866
46 624
557 361
208 165
921 628
775 547
480 561
440 795
952 692
954 467
384 877
742 629
570 723
271 99
472 861
508 876
188 708
364 484
767 506
1 743
886 296
325 963
668 888
340 951
766 556
836 744
284 686
690 432
756 288
730 997
866 144
910 984
204 99
738 774
930 904
775 332
661 378
921 476
357 111
111 307
247 867
576 747
396 235
904 873
991 957
938 726
998 199
867 66
739 636
680 884
365 972
920 630
54 199
754 300
355 692
187 459
503 890
48 591
783 647
979 625
317 950
219 944
43 563
302 50
533 704
986 309
762 589
433 751
475 138
383 823
506 188
749 753
255 973
384 603
15 646
256 663
673 341
417 267
597 348
120 580
108 443
366 775
519 42
625 872
169 43
679 588
812 748
845 111
7 775
338 514
948 469
915 472
447 506
690 235
650 21
90 583
790 94
870 576
545 750
158 35
843 139
971 580
499 578
436 752
485 20
56 376
521 299
965 382
910 627
67 708
6 735
854 328
658 451
225 943
138 324
812 297
663 916
267 916
958 698
588 473
662 952
344 189
669 581
421 947
656 786
183 857
307 700
810 113
102 710
814 755
614 381
177 911
980 449
150 711
689 554
192 368
441 948
975 172
39 97
848 981
772 276
598 817
79 749
141 517
822 260
777 213
10 284
885 675
627 902
475 65
847 316
99 210
20 975
512 708
47 664
369 595
620 537
466 970
630 14
658 200
808 58
328 693
644 501
938 510
279 860
586 201
602 963
538 945
854 909
921 704
492 358
926 133
955 403
394 406
622 460
142 333
136 120
944 153
227 962
222 760
942 107
528 909
127 354
465 837
762 864
276 315
859 131
199 77
610 728
936 182
523 905
262 918
781 389
352 937
938 294
268 615
772 316
286 147
631 324
546 755
215 789
364 141
132 288
712 772
50 58
706 721
381 299
101 694
295 37
101 130
516 480
844 137
660 604
418 350
385 17
67 979
736 554
861 745
944 420
841 263
820 156
330 201
952 85
91 482
485 319
612 754
298 901
503 222
323 945
909 165
404 265
400 947
970 390
790 472
884 463
787 867
232 224
666 243
626 501
289 64
392 546
515 119
755 962
932 673
913 866
943 614
44 692
986 668
985 293
315 465
254 688
64 861
388 477
51 447
359 463
536 609
933 908
957 994
62 832
201 529
224 336
125 891
186 234
65 858
395 995
245 697
263 325
977 378
106 674
184 805
971 607
855 399
478 745
329 636
705 389
205 405
754 761
461 32
359 29
638 698
961 734
709 475
164 272
128 166
269 291
830 468
261 676
108 995
355 245
98 345
867 656
113 227
747 840
720 499
220 981
404 193
862 281
423 360
428 375
87 684
880 42
64 20
561 133
44 131
155 241
682 17
96 585
603 208
68 967
559 816
632 666
987 773
882 136
413 212
227 664
865 95
606 650
903 509
564 244
409 936
179 111
831 552
142 892
174 27
355 546
890 800
510 557
560 246
980 787
95 23
682 52
657 99
195 722
845 585
478 114
443 233
305 824
460 301
941 767
836 331
303 639
716 576
545 553
911 969
776 23
530 955
245 734
435 543
399 13
193 672
763 483
228 609
691 85
229 892
901 582
482 163
36 243
432 233
957 973
221 89
723 398
430 993
814 157
255 711
512 254
730 775
75 845
839 351
351 69
308 997
649 828
315 21
235 420
553 766
508 35
614 497
115 172
783 740
516 314
965 903
94 410
80 118
902 413
746 364
668 407
856 475
838 256
640 287
133 444
348 187
768 870
275 65
862 117
527 305
587 60
704 58
101 286
326 252
692 648
256 260
740 593
226 834
357 895
903 953
223 597
283 383
82 793
124 986
82 489
601 731
295 51
729 688
533 840
48 192
679 548
25 255
426 524
575 512
514 278
266 186
374 236
917 848
860 161
876 995
931 736
813 44
833 498
786 423
634 28
363 410
401 952
71 603
605 562
942 267
481 1
979 217
665 428
234 190
998 455
106 540
993 532
215 425
902 355
201 364
344 310
601 550
593 544
411 682
780 481
527 367
119 982
517 259
168 510
323 386
985 707
201 656
289 378
258 676
998 121
251 569
199 972
632 154
881 555
156 304
313 839
97 961
790 744
307 136
727 869
441 322
227 87
839 205
55 15
131 658
743 996
392 268
953 322
711 752
172 672
129 467
115 750
977 841
971 39
624 841
649 339
361 374
240 862
845 998
63 301
188 226
51 61
573 248
753 621
909 134
724 840
268 665
185 94
526 7
946 170
177 470
488 53
583 121
908 745
106 337
500 495
494 825
668 593
740 848
726 615
846 35
406 491
553 558
599 483
312 186
707 364
5 41
967 633
102 656
820 537
875 538
239 756
371 251
359 288
142 95
7 987
739 188
971 571
451 143
357 150
463 831
770 829
598 40
471 516
159 78
2 20
272 482
378 43
886 40
84 94
359 100
856 231
825 1
209 837
620 72
905 39
898 104
434 710
665 228
853 270
211 535
100 425
288 225
774 410
445 578
433 454
390 912
455 221
823 467
531 81
498 854
751 511
264 752
81 65
428 330
816 944
563 405
764 267
785 672
302 592
668 512
392 726
339 111
334 671
906 862
862 656
674 101
434 392
660 528
698 601
614 145
232 996
659 441
890 672
390 121
851 403
228 938
93 421
319 67
77 459
77 507
554 549
952 613
714 77
699 782
826 935
118 977
898 777
215 747
382 435
945 981
5 655
700 938
967 765
507 937
378 698
732 528
442 860
533 503
17 844
605 52
374 226
845 291
408 957
909 446
630 520
347 710
954 266
633 911
951 356
541 525
460 786
12 233
266 487
605 48
797 145
75 546
138 534
515 550
23 427
745 244
870 672
823 493
4 121
851 655
361 299
327 137
859 744
78 499
278 906
651 606
628 12
891 23
29 141
487 326
407 977
785 106
285 447
788 369
437 496
561 174
991 563
644 263
85 912
851 439
245 563
481 762
526 25
75 642
504 69
199 714
143 422
688 189
866 907
582 832
999 813
812 173
403 86
16 671
294 210
591 540
265 938
89 289
740 647
919 180
224 808
248 890
32 272
122 300
799 11
74 990
389 401
641 789
360 555
399 78
633 336
32 595
224 663
116 445
306 638
854 44
31 485
230 670
979 213
573 278
986 445
158 614
505 811
65 821
576 784
204 35
397 948
408 939
498 65
326 907
923 670
195 64
578 768
165 71
323 336
821 926
851 84
113 896
619 643
334 133
540 195
429 529
476 926
28 226
562 132
59 971
547 51
718 967
906 790
903 875
407 543
651 954
611 54
131 191
490 455
282 182
438 665
119 503
850 301
455 518
813 85
270 389
279 316
626 605
466 593
586 130
456 431
668 133
546 946
254 334
255 442
730 224
446 496
443 42
584 986
809 407
750 722
362 839
816 61
706 495
992 892
597 485
914 263
672 987
749 145
228 698
635 519
143 142
837 357
360 605
244 372
926 956
769 33
512 258
809 840
785 30
33 92
231 186
276 232
930 559
864 49
611 814
418 667
174 783
101 237
35 139
443 989
806 40
368 521
577 709
895 554
221 874
731 665
952 939
695 863
626 340
438 12
78 676
284 17
555 192
468 745
144 745
629 50
671 456
145 934
331 106
273 190
375 211
775 495
356 957
725 815
657 467
105 106
232 696
755 469
295 107
36 876
651 517
475 948
90 915
768 820
850 810
799 822
444 30
606 812
28 67
602 467
411 831
127 374
67 91
747 95
69 750
502 673
914 689
137 694
596 882
473 18
714 671
939 434
320 872
455 749
10 688
716 222
281 314
692 313
836 109
128 906
589 611
297 799
694 980
522 933
746 24
450 639
576 865
800 762
181 586
130 532
423 662
468 266
782 670
777 740
45 949
347 224
701 575
525 667
202 47
383 942
691 960
501 784
859 125
295 821
762 26
422 893
193 176
190 681
539 502
98 382
196 435
662 589
234 915
769 362
687 638
755 443
519 997
988 966
895 406
164 697
139 156
37 584
355 526
398 433
892 112
170 510
735 121
692 217
663 88
131 220
402 359
374 842
319 113
519 696
212 513
958 981
78 988
203 877
538 599
493 490
62 579
626 470
353 942
290 387
370 977
673 467
231 76
598 943
753 807
612 694
171 131
97 916
943 446
649 1
375 444
291 639
703 671
777 15
476 441
956 548
211 373
955 964
770 833
138 72
800 107
461 672
779 54
54 24
137 925
196 254
430 302
544 41
990 700
627 992
439 226
379 290
744 372
757 472
308 583
773 709
406 558
627 415
456 992
472 30
72 181
935 377
865 58
190 20
568 940
124 812
767 382
346 839
572 217
666 72
807 6
860 201
60 346
43 898
921 760
92 617
489 706
135 135
529 177
83 48
503 604
759 499
47 386
772 623
474 72
861 264
386 179
104 816
650 602
86 133
106 242
549 790
785 677
641 244
253 321
742 232
993 475
708 112
313 712
439 758
702 598
914 282
420 922
47 257
424 958
115 986
757 103
735 456
173 953
834 261
7 350
217 520
969 515
786 700
321 913
907 476
30 229
74 213
570 991
199 372
847 19
192 412
987 121
778 452
872 691
373 994
469 964
919 385
482 689
180 955
230 388
724 480
181 542
899 561
551 507
883 171
283 451
378 488
284 186
150 109
428 460
855 349
209 849
434 589
830 27
423 197
115 300
612 27
543 209
546 446
516 827
501 507
66 887
714 301
843 30
579 75
453 969
791 519
109 919
769 679
341 212
729 496
964 852
261 947
991 468
227 609
204 101
372 705
870 950
986 442
675 48
352 43
669 887
265 891
404 199
951 671
788 244
955 162
699 51
751 321
507 750
396 777
684 852
308 939
845 359
254 604
243 991
487 639
77 619
360 941
378 858
433 743
88 666
31 136
479 8
704 381
605 148
543 529
518 557
54 955
333 450
240 990
381 946
520 971
524 563
809 784
416 920
682 250
191 919
258 488
121 278
485 207
117 568
325 123
738 471
640 380
419 68
517 235
368 13
394 162
905 15
930 171
960 253
298 622
959 376
559 933
808 830
976 374
819 583
719 285
989 306
368 86
271 843
440 721
328 83
516 47
438 461
716 192
384 367
605 247
15 513
393 39
126 541
118 501
924 359
136 764
981 204
396 359
905 295
700 36
763 466
698 613
675 281
463 453
102 562
764 695
318 442
254 439
625 166
921 50
199 588
188 88
600 793
559 586
278 605
936 125
827 80
694 925
708 576
296 998
234 905
854 557
175 771
543 174
968 125
824 74
17 605
563 990
720 874
972 542
404 936
696 22
852 38
952 569
900 960
907 838
726 719
347 374
6 394
586 749
502 379
270 649
148 18
586 253
560 715
470 733
147 300
192 77
147 777
157 235
807 239
857 47
735 246
648 596
55 667
114 597
583 123
41 641
74 871
486 290
45 187
365 98
318 347
507 113
564 829
769 641
942 86
483 451
275 902
873 110
664 878
47 730
741 365
419 876
277 359
874 772
368 306
396 316
307 389
920 111
989 825
356 615
996 340
658 858
251 653
840 205
635 675
345 352
65 70
37 703
523 174
175 986
694 892
473 209
867 492
984 714
794 855
371 101
401 345
266 279
977 685
281 297
639 792
914 706
893 175
68 453
327 506
504 370
522 187
886 173
788 451
161 977
645 548
253 252
529 964
772 196
236 393
114 603
174 934
288 169
996 569
604 675
991 490
627 851
693 825
232 998
81 183
714 530
770 518
280 598
165 833
723 246
219 525
656 154
836 997
713 745
965 102
79 629
267 367
672 531
808 475
965 916
407 224
739 105
407 228
290 454
156 668
583 349
676 755
928 384
725 810
283 897
161 929
67 57
468 724
995 302
944 813
13 663
68 687
624 415
662 722
671 297
126 335
899 19
699 110
258 410
272 116
119 194
988 376
157 881
708 756
222 668
833 527
485 780
22 339
951 831
760 566
441 790
701 915
492 660
968 622
739 841
878 142
47 644
985 340
262 170
38 384
772 30
421 985
76 390
646 899
635 367
403 527
701 372
202 402
206 93
16 502
206 947
836 368
630 295
406 593
715 7
925 32
366 557
378 715
984 648
243 734
710 574
308 93
941 421
382 74
632 877
118 989
603 75
753 639
217 164
468 809
966 448
787 244
923 280
845 500
176 938
853 349
881 202
688 122
180 350
668 946
828 362
900 469
445 736
804 533
642 252
397 934
402 916
291 143
969 926
40 435
220 766
618 128
742 533
203 453
729 271
481 555
19 289
600 184
897 362
535 189
191 485
205 828
461 233
130 609
974 412
383 517
686 645
921 574
222 747
732 904
853 287
697 60
576 208
448 681
744 934
694 844
116 788
309 252
261 579
374 528
97 70
809 195
223 916
136 772
350 671
848 726
725 426
46 518
308 240
897 150
85 784
49 179
710 286
598 42
1 916
4 392
185 360
166 564
326 391
964 984
335 787
518 28
376 643
206 896
1 213
425 333
770 956
780 870
765 87
774 802
10 232
886 254
723 444
438 349
843 254
645 751
188 787
413 59
506 138
395 889
752 72
960 530
90 119
255 355
585 584
976 427
267 303
672 546
32 286
818 438
227 367
12 97
466 830
198 108
451 17
745 592
380 260
679 443
928 572
205 132
579 3
322 41
591 274
684 897
74 326
177 123
610 41
422 576
934 247
264 309
987 393
991 898
593 621
444 428
284 136
109 463
694 190
706 41
209 704
337 563
791 52
733 908
501 518
737 819
112 481
246 132
801 390
200 108
562 416
901 904
58 758
81 913
111 424
632 454
873 913
758 460
498 298
832 304
890 665
539 193
22 463
587 431
536 471
608 751
148 20
545 61
47 256
763 472
237 167
710 720
371 345
96 764
932 592
598 952
719 263
233 329
544 934
273 159
710 841
316 59
313 10
666 365
697 170
982 444
237 788
319 994
759 323
883 461
224 692
323 754
97 844
607 649
728 784
157 604
685 627
942 7
668 642
774 173
600 804
880 155
92 377
246 793
507 806
978 182
678 894
118 865
185 196
137 595
87 860
509 236
456 879
726 13
179 712
952 449
770 690
874 337
827 128
370 803
812 642
904 979
271 934
169 328
179 105
490 641
370 14
81 923
19 448
102 694
204 961
340 165
998 314
242 457
552 946
633 336
177 898
519 156
165 438
148 843
451 242
66 228
701 592
115 93
899 124
904 531
585 167
659 907
210 441
428 839
115 357
118 714
884 581
799 230
494 670
445 989
385 974
505 249
660 241
548 292
660 78
439 523
961 859
680 118
335 978
385 932
199 559
724 40
896 780
122 420
699 767
767 623
675 595
233 25
763 762
831 386
797 558
496 984
500 419
221 441
714 475
721 146
168 343
793 897
445 783
162 941
242 276
363 354
241 323
427 688
278 26
675 843
819 497
471 827
66 742
703 21
372 233
527 784
297 989
145 111
121 180
261 741
918 977
263 632
448 17
994 889
221 121
702 836
743 353
310 850
568 580
190 12
560 26
370 766
579 662
804 346
850 413
773 136
645 479
304 137
358 86
84 794
701 370
324 719
366 406
567 86
688 19
521 643
797 44
911 203
344 514
591 54
119 439
263 456
328 758
883 9
132 79
173 969
688 205
380 730
945 151
156 373
758 791
850 528
893 340
362 769
341 726
245 362
747 950
338 567
952 563
511 478
392 952
671 748
375 240
142 833
631 911
102 748
269 129
504 11
444 224
481 29
696 483
408 466
79 798
46 772
764 794
835 213
289 331
553 510
684 72
720 495
778 867
329 410
500 324
203 452
777 424
705 539
138 889
890 300
364 784
354 241
126 422
209 682
847 221
309 597
190 421
102 558
874 408
718 72
864 242
631 390
508 975
60 989
905 284
635 527
716 158
19 979
572 784
373 549
981 947
828 975
242 441
541 908
746 722
334 997
312 744
858 937
201 735
79 93
496 760
475 309
939 798
531 85
248 743
480 973
785 576
110 144
626 885
162 746
856 727
287 623
915 90
26 978
719 252
494 867
372 771
270 932
136 194
809 591
544 338
182 664
361 23
328 733
716 126
293 951
579 431
487 555
508 937
527 956
982 643
569 518
8 357
742 216
958 350
903 605
958 14
914 670
218 217
363 898
793 61
26 899
325 242
883 327
980 902
255 597
379 799
688 792
970 973
941 73
535 997
4 954
82 368
260 72
208 170
102 131
921 426
637 500
243 78
152 210
89 308
441 837
355 343
577 135
398 237
790 962
101 727
466 383
113 57
203 297
659 258
555 953
189 9
846 570
554 821
115 932
147 966
54 440
122 529
453 754
666 999
570 379
874 470
160 535
643 85
786 909
897 609
574 843
594 530
543 98
246 86
547 981
580 212
617 457
684 204
724 385
961 388
90 790
898 844
484 381
323 575
28 543
957 845
179 828
823 489
37 610
524 297
788 115
628 513
813 963
509 428
352 457
533 923
212 710
930 566
777 203
835 647
818 949
425 784
975 162
943 932
207 74
459 483
175 441
482 700
623 655
337 531
663 886
789 748
518 732
575 945
151 838
860 893
52 55
281 917
413 792
452 180
5 600
142 516
969 122
260 100
74 116
77 905
425 108
878 997
824 131
873 842
243 747
379 557
594 827
512 454
994 683
547 583
942 987
798 274
431 887
904 884
628 283
868 306
633 430
898 428
860 624
627 744
481 391
915 426
270 220
763 872
287 197
504 753
107 437
312 120
912 609
370 150
895 267
502 654
265 5
313 265
487 178
126 376
964 819
444 375
318 673
13 480
331 512
918 848
233 525
303 56
601 327
125 238
784 569
26 207
893 213
301 378
586 237
430 435
971 749
281 902
253 394
640 410
382 73
577 72
98 286
512 589
87 11
4 152
382 222
951 732
863 342
252 671
395 3
461 867
154 533
785 952
99 416
169 315
916 755
375 619
855 491
363 76
251 776
992 643
449 47
994 452
999 761
955 589
73 50
537 735
652 917
455 28
838 490
400 194
916 216
578 854
469 295
701 860
656 329
886 684
674 480
493 252
918 712
179 40
606 653
765 962
487 891
928 238
934 559
638 373
373 895
970 81
791 890
972 879
185 56
33 85
198 694
950 601
461 629
902 487
799 32
393 350
407 845
291 341
650 292
900 235
298 847
932 32
784 709
182 332
943 386
716 213
566 696
707 750
343 381
450 578
815 294
229 254
306 307
303 911
736 27
278 821
557 347
964 383
487 281
988 292
76 324
843 52
96 171
333 746
176 474
396 866
420 959
761 601
75 542
447 736
592 524
463 394
816 718
863 176
38 98
917 88
394 93
830 862
747 682
931 12
202 523
251 780
872 822
685 692
918 74
836 605
685 337
917 824
738 221
526 906
57 4
581 949
369 640
839 264
442 26
289 331
70 884
283 958
943 372
51 124
281 560
915 573
938 377
336 988
457 559
461 557
135 617
479 985
569 193
296 481
493 872
946 128
838 77
863 87
939 295
668 327
862 956
859 632
351 180
776 675
714 489
158 761
908 141
235 36
322 663
584 918
436 719
769 354
115 798
662 132
18 785
847 145
201 264
115 266
222 926
690 993
753 57
390 560
792 289
326 441
716 713
535 40
43 428
711 758
71 133
817 504
770 660
707 607
907 945
587 332
361 901
668 291
127 612
249 511
255 406
195 897
133 428
773 425
114 89
176 235
818 848
347 119
553 113
746 50
601 314
720 784
704 192
338 154
141 182
541 322
73 789
541 215
781 307
234 847
935 585
44 889
470 778
28 306
888 778
4 772
15 96
437 889
849 919
460 132
764 564
847 851
96 652
930 5
258 902
443 390
630 964
175 209
930 285
877 542
734 809
995 853
516 419
448 973
703 194
826 260
463 792
985 850
925 738
879 502
160 965
732 751
855 176
182 987
488 309
918 410
653 468
673 849
253 348
198 239
612 230
480 290
805 265
104 416
930 918
691 792
268 910
489 244
310 703
671 688
712 711
538 329
731 322
511 663
896 885
361 777
107 949
962 954
609 191
701 746
955 20
364 334
265 244
522 591
602 597
83 726
633 142
614 811
595 615
679 572
487 364
648 358
645 895
940 868
931 698
90 763
353 825
724 534
843 922
344 273
700 365
431 743
384 511
782 620
457 345
157 951
631 877
698 954
954 232
794 128
600 740
444 201
615 555
287 22
777 136
690 376
695 582
202 303
703 385
944 298
404 775
606 829
592 220
974 990
900 557
659 467
33 617
522 656
115 512
316 834
148 766
860 707
295 111
665 762
876 385
908 820
434 456
5 86
424 290
933 944
87 638
144 280
355 707
332 672
885 992
730 816
113 307
521 820
471 232
166 838
329 652
590 476
237 130
994 829
421 763
715 995
380 632
945 45
30 500
895 867
468 359
87 731
66 118
338 358
219 251
25 135
161 292
238 394
522 356
224 598
658 508
812 525
744 924
374 810
384 508
353 740
581 495
472 323
752 354
719 389
109 830
734 556
2 686
910 704
752 345
1 602
265 526
245 483
255 624
368 846
304 417
154 152
135 498
979 940
696 298
399 42
152 931
274 352
288 713
745 210
828 291
703 166
954 50
779 672
900 373
973 543
343 434
732 710
297 686
589 739
232 160
240 318
506 837
967 729
791 447
712 693
257 989
903 55
588 8
943 870
775 95
201 141
733 528
46 118
643 224
652 347
313 321
168 275
876 692
705 908
815 606
667 886
94 216
425 140
61 209
800 924
221 140
265 187
932 688
700 188
627 774
793 780
338 454
212 77
219 992
836 914
40 766
125 372
622 227
604 987
37 611
493 850
765 743
379 509
655 899
98 352
449 250
183 424
90 760
943 698
471 620
828 269
218 61
47 367
886 481
324 517
717 733
816 452
943 300
979 276
840 423
227 132
35 806
826 983
595 193
480 221
167 578
155 226
127 40
240 458
583 308
310 553
979 126
826 411
927 523
73 113
418 156
629 417
240 563
440 206
355 924
746 356
748 727
207 605
606 566
11 253
744 953
886 305
539 300
127 711
625 856
224 528
15 768
270 990
652 261
607 573
904 486
112 864
428 99
267 961
636 709
631 222
994 990
77 400
435 818
166 165
202 806
762 758
602 737
942 524
941 906
767 288
99 231
451 396
405 567
132 609
554 162
664 751
911 119
221 299
343 649
472 221
701 56
899 832
341 7
747 696
85 667
315 71
263 510
541 555
548 888
136 276
902 735
223 666
70 222
663 239
368 989
757 475
217 405
948 823
417 824
795 476
545 959
940 723
561 823
998 446
45 701
119 614
680 444
748 740
59 552
299 867
68 917
77 440
418 178
526 395
113 522
560 463
92 526
194 298
883 145
145 395
451 90
335 608
468 574
345 539
544 423
404 757
312 314
952 756
676 338
181 837
854 854
271 290
619 134
682 917
578 541
877 588
658 826
696 837
696 141
872 225
182 247
977 932
677 998
860 305
670 785
285 757
778 813
990 336
203 140
834 954
729 865
893 714
988 879
342 943
565 202
680 388
61 649
834 960
478 714
36 576
258 756
507 898
667 828
905 344
617 249
774 355
849 828
838 839
251 719
20 762
57 504
622 387
490 288
788 773
653 23
757 361
849 996
192 66
3 912
954 933
584 739
445 635
807 428
825 25
63 723
440 480
526 136
25 843
812 491
939 913
680 314
999 193
235 93
502 695
654 581
626 293
362 702
628 430
930 127
74 82
309 291
639 495
428 926
550 97
110 637
593 731
60 740
907 63
430 843
436 701
107 598
92 670
718 862
436 442
438 167
173 795
387 252
350 671
814 773
401 961
606 362
658 278
565 386
807 504
880 760
365 185
646 702
876 597
339 865
912 846
343 452
346 562
880 636
255 3
506 128
609 208
246 354
655 634
99 948
503 653
562 435
25 264
566 141
666 879
40 364
222 569
565 726
111 511
242 31
575 965
256 490
541 619
810 851
984 639
157 49
793 376
248 848
9 616
675 529
554 640
585 683
686 560
408 559
839 825
397 573
878 227
225 249
917 473
750 221
850 441
264 190
902 349
538 827
215 257
949 427
328 976
51 94
243 272
822 464
227 517
616 148
772 951
762 390
465 124
326 229
206 849
385 235
678 697
402 511
868 249
404 309
371 563
733 486
285 338
2 711
879 261
598 200
720 547
880 728
14 869
820 988
449 286
663 809
644 913
351 933
926 293
214 50
793 986
133 356
916 215
53 560
194 813
905 121
724 855
401 881
541 664
134 785
280 869
275 39
629 882
877 698
331 18
299 432
524 868
106 36
565 435
480 935
586 75
496 28
535 188
895 430
239 694
699 820
206 582
456 262
367 197
528 644
617 406
469 962
519 576
279 350
602 929
148 4
553 572
365 575
554 140
717 344
270 496
956 397
574 332
387 701
948 509
256 676
80 488
875 533
604 611
56 383
367 338
230 731
356 26
884 470
203 355
696 442
482 557
131 378
465 726
283 782
280 440
944 814
701 591
733 807
718 801
989 81
524 700
245 802
80 529
456 278
128 951
285 628
769 406
854 934
368 518
770 737
655 475
8 789
516 743
212 916
318 37
150 932
18 756
174 753
743 285
903 813
5 420
26 231
949 495
9 861
255 409
967 624
98 65
591 845
616 865
872 188
791 678
439 986
166 251
538 430
327 830
472 136
833 772
68 824
63 623
738 380
253 736
249 528
466 245
511 944
247 15
911 340
601 422
55 377
796 743
566 440
300 917
702 171
548 574
942 492
22 682
574 17
698 866
949 214
585 36
861 362
947 351
598 542
578 210
502 280
419 353
779 887
849 902
921 513
606 946
888 468
528 945
152 597
468 475
63 999
397 617
608 662
111 562
49 751
636 918
275 875
760 672
216 170
111 822
545 759
164 420
718 120
88 468
544 171
649 685
186 594
546 498
116 656
855 352
457 654
208 620
543 615
826 176
694 291
121 388
476 110
854 345
361 49
813 852
622 43
355 802
911 666
373 640
971 45
864 388
753 171
284 242
522 260
234 650
285 653
586 949
176 149
716 7
667 689
475 985
576 585
793 65
5 134
604 2
348 349
132 835
355 102
689 500
326 78
942 743
781 901
191 600
395 642
968 686
459 638
937 444
653 241
653 690
221 555
411 981
261 184
32 862
970 179
212 647
783 347
397 231
896 737
335 515
917 586
806 605
539 250
282 614
331 941
353 114
686 85
434 916
606 524
347 245
445 4
628 370
755 715
86 813
281 840
692 416
39 610
875 546
28 738
581 80
100 211
122 926
91 760
133 904
39 675
428 65
845 710
889 181
586 558
142 791
595 794
994 285
452 863
56 686
502 152
823 781
325 676
322 1
981 378
108 379
99 214
715 249
860 932
47 831
331 493
805 980
670 323
348 942
840 1
594 630
953 841
676 442
111 220
862 292
939 473
645 952
919 68
512 788
733 255
611 359
570 356
474 290
215 907
61 711
257 777
586 634
918 194
39 806
494 435
587 918
929 748
828 916
224 11
550 674
719 654
43 542
354 445
786 172
304 303
990 12
121 957
647 499
128 736
556 200
699 433
800 933
291 551
144 478
848 319
693 203
260 872
526 380
857 118
915 198
203 497
122 497
605 608
4 417
70 873
189 40
254 293
264 485
164 384
146 265
58 929
39 39
467 533
395 639
192 318
233 315
409 954
395 352
55 194
248 323
184 567
607 753
622 205
38 530
625 834
921 924
902 769
449 735
391 669
264 934
61 490
923 650
459 3
581 696
183 405
434 132
931 170
960 529
351 491
927 556
768 961
891 862
543 978
267 76
273 496
502 307
310 347
956 742
428 856
770 691
366 921
402 939
495 247
9 68
406 24
847 369
51 756
636 496
990 143
18 904
367 94
919 530
118 539
127 242
190 835
678 733
458 167
4 16
743 283
712 820
650 860
180 283
211 35
956 15
449 927
17 453
811 294
405 630
557 934
936 903
112 634
735 718
756 213
210 1
6 632
739 501
802 546
227 329
253 12
151 243
97 232
437 57
744 474
629 620
146 685
654 538
737 628
899 775
875 407
684 389
625 596
536 69
528 589
276 626
116 990
954 588
564 445
410 4
553 135
357 799
888 780
694 627
149 321
128 589
891 172
638 297
920 484
13 848
742 765
789 947
430 249
837 875
314 118
611 26
383 274
452 826
959 693
405 106
511 672
899 841
364 460
794 235
343 808
787 451
693 728
509 765
895 33
858 485
940 566
661 38
259 225
625 905
382 372
417 310
57 323
493 478
853 97
431 681
834 740
915 116
412 370
77 746
712 302
391 453
640 753
428 492
422 54
424 295
115 241
150 738
83 402
333 505
405 217
790 48
436 257
225 614
8 639
305 444
877 77
8 612
730 152
858 236
855 309
642 573
716 9
345 455
236 547
118 826
126 521
83 167
684 672
311 306
906 74
578 964
86 911
895 179
836 716
720 538
490 768
999 293
648 872
857 167
986 483
7 54
624 358
151 941
92 625
635 734
869 603
442 761
110 338
963 969
466 589
219 112
402 414
791 433
133 335
617 50
241 334
735 428
391 366
414 870
996 924
540 57
319 42
68 129
766 505
694 57
864 384
538 311
659 424
565 28
369 572
899 929
388 57
896 121
522 70
48 939
57 541
319 701
526 737
662 798
169 922
946 26
575 80
606 822
936 176
210 243
41 963
203 699
548 924
895 370
773 789
430 495
684 396
785 86
309 949
524 492
138 316
676 421
483 222
144 437
507 148
102 164
899 572
186 891
702 820
978 562
502 96
496 454
650 101
936 433
917 670
825 460
784 788
865 790
802 481
877 729
221 47
395 125
669 788
513 747
396 503
738 66
226 475
325 275
631 821
906 560
777 657
914 975
231 788
210 529
800 385
209 612
122 100
722 673
437 997
946 1
177 520
124 715
573 181
867 362
314 405
529 606
176 345
825 769
595 114
964 31
817 924
809 334
904 625
937 275
233 344
543 25
678 200
638 579
265 675
787 603
809 134
613 253
778 404
562 193
742 297
725 112
510 627
535 455
10 859
315 683
5 961
48 820
97 663
3 547
708 468
987 879
655 128
865 741
338 863
389 931
275 769
110 936
677 10
231 658
789 709
438 234
948 268
91 977
418 819
838 442
229 375
629 642
313 827
118 509
249 268
496 497
571 180
544 899
24 520
487 670
681 72
448 181
329 698
293 598
55 602
716 975
504 904
132 331
646 554
606 725
859 608
92 232
150 726
432 790
715 829
68 454
957 165
559 419
428 19
723 447
830 350
636 776
723 271
297 383
484 651
346 107
18 823
635 826
621 377
888 855
761 987
282 682
323 879
929 910
523 17
975 944
336 427
228 883
895 812
59 534
523 396
22 64
405 371
543 763
745 84
592 980
531 320
405 453
79 815
751 929
925 149
116 359
226 536
195 538
532 188
310 274
932 453
62 345
820 723
445 694
211 451
170 419
45 492
784 92
520 788
850 69
990 144
815 510
994 716
501 375
143 79
8 621
294 329
834 349
451 1
788 912
426 271
215 460
775 595
76 586
498 521
942 720
61 179
953 45
925 393
174 970
611 254
210 349
997 435
480 324
537 353
484 52
173 675
345 70
983 461
728 91
120 50
797 69
147 18
941 474
459 618
500 577
760 587
771 950
875 13
426 628
106 893
923 202
85 604
780 416
164 825
47 717
6 909
618 842
964 850
924 206
955 393
696 367
820 350
52 162
181 282
22 412
829 536
411 263
137 586
258 655
355 923
814 889
202 246
341 58
920 946
859 110
6 44
633 60
782 248
877 184
300 881
972 295
723 499
392 979
790 171
719 476
357 793
873 561
228 311
912 105
967 751
562 793
171 666
89 54
536 245
738 786
464 654
734 235
53 630
819 934
759 687
421 8
402 403
686 165
779 724
43 8
717 368
711 286
658 697
273 340
711 355
672 571
526 329
106 342
637 771
249 455
610 343
66 947
839 851
960 249
65 851
379 692
750 215
741 571
70 436
316 209
998 702
934 262
93 690
598 821
453 688
393 626
662 384
124 78
352 504
240 778
166 602
337 298
204 540
643 708
249 112
514 290
180 607
549 323
315 752
667 547
880 968
568 626
720 376
772 99
125 8
195 333
289 530
95 357
163 189
779 673
37 96
827 879
354 845
304 127
427 433
606 524
783 250
706 337
517 507
996 850
749 795
961 37
110 451
856 340
727 765
799 890
965 983
570 241
799 966
502 40
344 454
434 434
200 3
827 976
244 335
125 975
536 52
221 305
586 190
87 25
582 141
673 657
131 594
818 496
144 513
424 916
667 341
579 910
497 575
406 496
706 497
309 162
879 833
470 16
136 591
840 972
12 420
339 985
801 412
859 838
495 209
483 891
333 468
351 844
622 833
619 437
719 736
686 601
467 288
494 793
717 546
538 690
399 34
523 917
177 663
994 785
400 950
586 998
319 556
570 533
750 819
645 655
184 519
288 348
450 228
629 689
524 444
175 567
447 314
610 93
468 964
15 771
899 469
360 736
459 71
624 590
726 202
612 423
945 791
323 965
108 326
779 311
908 357
189 428
676 724
916 223
15 36
326 862
809 411
955 62
26 155
408 627
287 921
708 301
40 215
853 732
853 470
762 858
12 671
206 81
2 727
140 68
843 674
570 826
119 847
187 369
484 432
175 737
249 607
611 768
852 379
670 747
121 34
729 668
999 406
315 711
220 438
12 737
47 911
309 337
585 44
473 24
221 998
117 953
277 788
877 273
482 114
757 721
800 863
144 216
925 29
406 932
860 822
955 449
366 951
436 860
57 398
200 886
