6000 2000
816 386
613 36
346 589
133 99
712 734
685 755
755 70
912 995
638 837
191 435
991 916
413 352
916 966
385 349
461 805
200 951
574 725
759 667
878 235
644 619
89 275
107 743
154 482
598 688
55 437
972 462
495 413
965 639
598 473
934 622
414 671
45 360
82 758
957 718
522 950
866 852
915 967
92 242
479 483
130 614
832 140
984 860
137 139
158 888
735 97
624 823
839 957
89 417
156 377
377 475
47 176
55 419
159 118
802 396
978 515
678 517
723 201
191 991
304 411
153 750
971 407
346 256
587 329
810 146
103 496
237 926
231 743
57 724
175 756
132 184
579 486
963 674
929 986
608 488
448 683
502 544
502 298
315 122
410 663
908 885
470 471
520 919
765 98
833 248
879 845
978 146
201 84
881 220
642 342
523 689
685 970
766 857
888 113
312 575
215 105
448 414
87 633
216 634
444 503
144 858
129 195
668 407
479 938
363 684
534 619
960 247
211 763
722 482
76 459
887 930
431 210
170 430
567 586
218 988
82 191
68 326
566 81
327 312
237 375
259 888
246 91
569 104
743 904
186 940
515 727
15 203
337 240
546 316
858 611
720 682
334 892
439 69
972 459
410 90
326 624
385 132
741 228
329 382
54 853
973 430
38 161
549 537
315 860
761 435
972 271
644 404
827 937
534 636
55 13
732 451
896 829
92 303
536 648
109 63
993 926
56 774
743 339
888 408
504 487
137 734
283 581
95 238
881 236
59 461
390 532
875 892
814 974
921 405
707 279
625 772
855 604
919 9
186 46
949 934
232 630
780 396
299 137
97 612
495 842
830 705
347 552
599 932
899 187
293 170
244 550
157 886
755 755
316 980
299 609
261 786
769 435
138 812
621 564
839 525
288 116
311 324
746 775
366 41
765 240
326 249
22 385
495 556
205 973
721 308
627 392
789 348
875 140
935 424
674 796
952 701
754 418
858 75
278 660
448 933
410 733
171 469
668 942
800 490
761 552
192 252
449 754
702 870
266 732
160 115
308 915
14 131
129 960
520 453
581 29
773 483
421 854
532 470
568 504
620 500
795 135
291 218
415 927
698 331
810 469
804 75
926 707
252 152
379 945
618 795
925 135
552 43
866 342
490 299
444 801
740 727
534 252
571 357
699 938
71 661
737 485
830 104
666 375
769 46
770 53
827 795
118 461
973 273
133 689
447 265
783 599
914 827
410 603
642 184
107 851
617 304
273 47
596 329
633 654
570 494
547 607
889 710
194 922
31 581
128 934
939 595
99 527
203 343
712 150
732 229
136 951
345 885
144 598
286 732
651 431
334 423
277 776
316 404
348 175
276 486
266 494
470 797
567 937
15 240
623 42
141 193
184 304
398 964
380 683
387 584
349 454
928 604
115 139
701 73
78 551
709 244
661 931
534 230
917 705
764 867
187 964
728 775
808 680
905 928
742 73
887 292
192 723
264 430
185 255
634 189
503 951
336 868
351 233
328 896
510 913
621 11
539 480
537 35
380 363
82 945
890 827
935 106
321 158
596 982
430 912
523 394
173 755
871 781
56 89
835 408
203 808
190 496
463 860
438 91
926 320
284 909
898 10
410 638
668 103
504 562
699 478
186 256
617 388
231 583
344 398
216 829
242 760
976 364
895 914
838 388
211 329
479 799
577 310
693 729
437 483
881 684
48 168
419 973
582 606
619 856
893 863
354 572
521 509
774 287
497 709
805 381
992 590
780 828
625 197
862 5
976 796
953 719
44 35
561 399
225 168
649 10
483 561
893 112
819 587
970 479
903 350
626 995
93 219
458 946
953 93
77 589
122 663
18 350
824 110
326 813
918 879
736 714
570 224
709 397
187 145
183 260
28 430
445 35
811 139
910 985
602 312
835 600
574 690
329 323
992 934
505 507
322 968
76 513
768 688
564 586
4 313
978 234
451 746
543 111
998 362
877 735
796 223
288 256
878 405
459 499
802 44
440 275
363 318
831 654
217 518
285 82
21 364
552 77
712 706
584 566
716 61
404 712
649 578
659 251
800 507
271 418
282 739
56 73
827 993
574 926
342 438
624 819
589 868
120 482
8 885
81 153
689 23
180 180
641 997
845 215
68 997
813 249
112 990
375 375
42 852
717 30
679 93
670 759
785 914
551 15
342 519
549 328
346 817
285 865
555 333
510 226
542 635
240 930
799 202
620 597
524 848
698 579
831 440
574 998
799 851
211 674
391 173
68 563
861 954
9 775
140 502
733 641
723 360
266 410
9 302
474 418
311 431
501 715
401 387
640 734
466 761
973 660
886 800
122 972
371 341
669 445
531 695
684 294
880 121
390 849
398 2
270 708
474 740
717 588
131 853
832 496
904 414
881 647
937 725
553 773
307 293
894 962
705 846
737 998
108 851
269 293
336 24
656 631
200 494
219 839
456 31
611 414
915 886
920 511
530 427
446 756
590 875
66 459
673 846
976 111
192 7
989 463
69 94
301 566
768 987
793 473
36 452
633 508
607 957
621 294
632 522
95 240
719 238
20 331
984 500
221 586
674 74
658 58
557 758
664 554
6 462
839 682
886 924
1 90
767 238
751 738
465 254
951 366
409 648
712 771
782 468
80 957
277 625
17 341
602 852
161 215
62 834
490 38
238 540
145 27
380 540
937 794
894 666
700 66
90 68
386 303
667 389
263 136
448 607
470 545
307 371
597 932
835 835
893 688
868 918
795 653
224 29
899 745
735 939
842 620
690 274
175 631
285 311
740 691
507 38
135 482
988 303
129 209
21 540
430 790
379 398
450 574
118 387
823 129
833 321
807 306
17 323
474 866
399 166
521 233
302 459
116 970
949 621
811 558
877 224
630 316
536 26
217 153
939 447
325 726
574 142
517 524
428 606
879 737
577 762
348 451
6 595
28 10
289 979
918 284
271 309
492 744
80 307
68 335
520 521
498 642
375 59
357 422
99 116
565 755
612 908
592 786
788 307
415 974
311 113
420 272
583 485
468 38
851 473
883 832
539 187
540 594
679 807
603 607
757 193
149 390
508 940
950 984
385 494
522 309
400 948
471 348
652 268
326 552
253 323
946 239
329 776
704 50
183 533
59 421
124 560
213 769
762 436
701 250
154 322
505 751
174 739
901 43
748 765
510 717
641 450
931 247
287 885
729 682
154 563
741 514
19 945
283 810
45 739
714 399
455 951
172 378
681 667
796 394
629 833
510 803
316 645
155 804
632 890
807 697
915 873
793 396
357 700
33 941
891 879
603 842
822 395
890 371
136 757
831 71
922 896
159 491
750 618
646 161
588 679
709 277
940 326
382 576
871 1
591 638
538 708
529 465
851 358
696 789
596 183
350 671
159 714
325 81
810 417
423 263
199 920
449 721
415 725
814 436
418 827
827 827
210 85
574 237
99 305
892 795
411 317
914 546
664 120
54 286
29 722
427 738
762 151
181 753
441 531
564 60
832 30
945 760
827 263
723 68
765 293
805 208
151 403
734 810
469 597
480 630
165 976
636 978
941 42
848 911
584 835
313 932
771 954
517 860
484 231
972 251
794 535
759 610
252 976
414 584
197 992
269 787
939 275
357 170
803 889
356 724
137 468
280 704
970 401
615 292
666 819
684 473
933 912
667 211
914 874
838 639
908 520
360 516
11 216
626 905
398 33
240 54
168 38
349 226
114 584
720 97
700 599
565 258
827 60
171 49
719 847
573 196
620 845
723 636
639 317
281 516
105 237
798 764
838 614
706 946
929 141
969 508
312 731
773 556
997 691
423 98
402 767
766 695
952 926
400 962
725 488
45 621
652 634
38 379
503 281
69 224
595 549
546 340
508 119
302 986
920 662
354 485
240 111
644 649
484 224
578 920
204 550
963 73
464 491
114 827
529 430
320 926
64 151
124 285
963 235
920 821
991 589
278 310
157 181
656 928
142 817
611 654
642 157
90 623
234 161
319 988
885 869
286 237
245 188
175 674
935 20
485 654
74 70
437 155
154 989
340 381
850 192
385 600
38 62
702 809
556 407
693 92
253 558
269 779
964 944
314 978
758 289
39 870
34 569
785 469
31 300
294 847
507 72
866 418
318 106
124 82
425 149
874 888
471 879
38 48
228 798
411 593
833 636
13 320
145 99
485 765
774 920
314 590
495 177
59 668
118 467
688 790
253 1
438 93
407 708
894 873
537 335
774 567
822 593
939 618
369 543
715 132
616 866
280 407
896 788
771 138
490 178
202 421
211 563
189 701
556 432
928 444
127 962
149 469
920 757
868 233
219 407
203 554
248 451
473 613
597 375
54 329
265 312
580 245
613 642
908 373
908 117
611 865
596 815
450 712
241 992
618 771
674 714
616 485
837 791
991 240
836 210
879 153
264 132
901 526
151 32
253 689
532 849
448 460
771 118
954 63
967 315
981 296
325 450
729 201
493 575
387 53
751 270
756 630
53 892
988 317
971 879
287 683
706 30
543 213
251 755
281 290
729 900
592 605
418 146
77 352
621 413
923 714
981 728
284 393
877 668
319 562
544 922
936 197
358 847
106 383
383 282
122 956
487 675
309 955
853 761
513 700
784 936
653 249
38 813
322 723
634 795
566 328
672 502
876 468
4 541
453 32
17 956
635 229
697 136
874 868
52 4
8 740
468 306
308 961
121 766
956 71
893 118
834 783
188 284
683 907
423 37
297 736
378 689
797 550
862 63
304 954
251 325
960 898
512 481
785 811
142 561
996 697
778 462
852 918
523 718
523 161
821 516
744 776
521 313
143 279
575 863
440 850
935 87
638 299
992 766
586 791
950 762
676 493
881 564
61 386
912 363
370 693
621 404
12 764
249 260
712 179
927 786
884 702
761 213
583 612
118 625
506 711
514 96
564 614
160 768
552 941
252 181
832 370
431 653
493 409
953 802
327 939
937 520
812 750
303 519
750 201
277 943
855 795
706 842
440 236
954 287
465 95
486 986
328 107
994 331
937 399
286 46
94 164
954 22
528 566
47 575
891 968
409 930
923 592
786 233
555 631
819 755
250 231
401 308
793 395
569 26
84 621
322 50
205 713
336 339
439 381
840 543
538 250
295 51
511 211
76 449
282 899
910 407
107 581
584 807
234 421
725 663
464 316
818 734
984 56
120 258
66 504
528 824
827 893
752 246
468 882
168 135
369 183
706 344
12 377
780 314
539 778
292 945
976 237
619 688
235 356
742 179
64 291
497 696
757 33
955 188
600 157
781 355
359 429
26 82
619 889
759 957
877 398
760 436
760 606
483 951
297 244
229 144
535 965
604 192
344 9
206 240
578 394
705 679
63 676
160 812
396 700
370 855
941 131
190 745
191 526
351 718
770 711
167 768
743 790
392 720
313 609
741 284
3 755
520 82
697 2
567 528
597 409
957 543
329 935
863 855
709 266
454 801
198 474
469 265
397 620
176 987
290 878
22 684
556 544
702 627
174 3
981 386
659 14
121 21
428 903
396 740
589 732
670 692
776 844
119 563
895 715
273 113
149 872
931 647
688 257
13 528
705 217
77 992
984 105
957 764
21 298
451 791
592 281
185 50
325 506
249 412
515 588
465 734
761 522
837 864
805 444
920 518
812 879
621 312
235 215
517 155
711 452
110 595
833 197
274 462
533 731
854 670
752 835
626 248
745 520
379 933
183 536
972 552
907 322
94 388
501 320
888 966
855 62
140 234
819 872
722 851
881 853
227 816
139 796
34 944
270 599
956 297
214 118
490 28
192 76
600 281
836 750
8 68
17 972
16 252
524 34
726 500
899 345
192 982
3 660
518 640
268 586
246 464
560 886
879 204
46 694
704 305
963 903
421 481
685 416
317 684
251 546
430 628
728 97
531 475
641 857
120 439
56 916
997 334
655 988
734 256
797 75
642 844
209 826
755 11
118 595
59 311
708 105
756 163
67 730
418 654
524 349
889 280
49 261
605 931
942 757
981 724
418 421
620 566
542 665
139 35
135 315
71 255
985 314
280 468
448 442
863 954
758 871
849 647
327 230
891 736
416 799
115 977
222 573
620 833
969 644
507 397
71 605
631 710
696 684
936 457
524 906
277 384
403 145
602 271
824 159
646 211
448 563
959 663
155 519
488 968
315 881
487 393
157 46
542 78
794 911
991 928
890 346
165 727
432 189
99 8
797 848
861 606
306 948
119 244
707 437
264 91
439 844
356 573
997 722
144 274
994 63
172 894
903 34
446 84
219 710
38 216
804 417
361 272
447 462
805 370
793 254
980 847
304 845
813 99
965 887
358 652
71 144
33 28
265 875
966 931
912 991
324 418
164 685
974 343
351 649
181 630
611 207
689 119
782 531
220 248
514 732
669 830
831 693
350 813
344 188
806 738
977 20
236 723
50 56
689 734
586 595
100 232
129 750
841 94
71 832
313 607
518 743
376 752
251 634
787 543
914 341
922 895
657 946
897 498
215 215
769 79
550 302
739 223
934 133
164 547
395 420
458 931
630 77
107 103
511 906
240 352
193 626
793 42
51 330
907 971
967 568
761 835
27 156
898 279
463 890
493 894
441 835
508 448
657 228
124 130
663 745
900 528
956 178
923 281
729 330
442 30
783 263
474 519
541 724
963 495
95 395
852 143
433 182
941 251
752 594
672 94
342 116
880 964
660 421
940 250
164 75
737 719
655 489
760 596
100 417
32 662
731 744
672 295
133 778
562 730
546 584
546 336
422 538
504 647
398 312
303 770
265 647
91 667
574 805
165 14
178 967
73 663
894 910
145 433
409 772
9 287
247 464
377 102
783 210
182 863
622 850
469 501
963 521
260 847
146 148
521 357
82 802
20 706
829 703
320 127
107 91
858 277
827 579
531 863
620 497
662 206
525 376
666 621
121 170
65 866
346 725
307 1
225 425
889 703
254 4
425 757
255 959
913 391
732 190
841 387
330 457
75 969
835 515
796 907
630 371
744 928
820 921
465 525
74 6
101 755
370 554
875 668
502 514
665 452
911 81
59 257
171 936
887 617
9 284
627 40
96 54
680 153
861 545
954 895
14 865
764 31
592 785
256 708
354 131
890 844
652 790
129 35
245 321
252 236
964 574
598 350
977 983
703 470
700 351
532 592
147 21
300 695
805 227
244 941
197 256
409 739
733 178
967 627
758 862
723 438
178 98
995 406
814 984
679 442
636 480
497 604
657 783
101 758
318 797
452 77
437 885
528 383
910 525
9 190
95 56
856 658
515 412
938 554
906 325
953 320
949 295
727 269
109 271
156 517
125 358
949 199
9 349
12 490
382 734
942 959
697 352
729 785
576 786
243 657
600 556
787 741
284 41
918 746
906 431
554 672
126 648
384 783
590 46
50 753
504 235
118 529
29 926
249 82
773 77
43 607
534 96
802 884
962 239
420 857
333 917
541 256
439 467
918 374
708 176
629 231
754 569
291 47
761 238
383 310
101 973
159 976
479 292
669 395
741 674
514 80
306 954
188 981
39 999
847 307
407 232
710 764
757 73
946 611
469 556
361 286
655 27
427 649
358 606
675 705
962 934
155 224
851 663
291 761
24 260
242 99
869 51
243 668
234 979
557 456
319 915
966 690
684 53
962 472
777 627
734 649
279 776
426 535
272 633
923 672
777 436
510 566
475 304
784 367
804 839
659 134
401 606
80 250
118 74
917 349
990 586
376 474
768 716
548 976
912 458
206 107
953 233
455 913
572 961
265 160
425 554
160 133
69 572
204 187
473 98
556 335
638 375
879 464
563 945
176 336
99 23
120 194
743 586
711 513
418 437
500 54
205 360
597 959
264 343
928 936
961 23
89 169
213 857
346 408
972 175
180 835
279 892
729 675
599 369
772 642
553 116
13 210
587 731
869 923
850 944
598 218
371 350
946 624
489 550
220 240
45 220
299 408
680 946
368 610
491 537
33 316
534 580
483 462
44 55
740 478
671 108
325 394
204 304
938 550
578 30
663 626
502 608
265 386
705 189
785 797
286 453
91 422
54 118
28 161
540 618
56 730
885 389
245 14
396 578
366 543
691 762
566 65
262 794
263 4
525 305
557 54
75 137
434 279
478 863
107 483
617 15
601 537
99 414
321 858
830 374
990 109
862 315
212 77
896 766
122 895
583 166
989 527
733 74
54 360
853 429
962 261
412 38
903 713
166 869
353 287
51 358
215 81
227 99
609 912
758 916
258 125
912 674
206 607
646 131
779 41
439 204
76 717
874 334
365 365
283 413
161 220
991 383
959 149
173 521
310 546
909 25
774 758
509 793
201 536
203 980
678 562
113 408
502 298
808 903
749 346
833 686
948 546
703 212
966 682
443 794
748 926
904 738
975 745
135 603
206 953
447 613
687 39
805 797
475 191
55 913
659 784
169 784
784 764
294 881
340 879
422 114
609 867
994 123
537 674
104 58
522 666
988 355
276 881
80 883
773 469
787 102
317 756
442 325
318 180
389 274
604 297
171 40
658 583
601 712
740 501
425 847
394 519
184 986
963 860
62 964
771 56
984 222
70 657
315 412
121 747
400 229
456 278
663 277
819 268
39 122
960 317
606 690
8 783
892 969
750 229
664 95
744 659
346 481
986 109
236 734
274 572
319 746
185 48
156 65
978 943
660 497
243 415
544 280
344 625
164 351
767 894
516 438
826 884
153 470
145 113
746 494
435 241
772 956
643 616
566 204
471 331
273 718
326 146
140 614
179 702
725 607
876 389
591 183
408 202
344 634
351 859
825 550
686 251
163 77
605 23
277 284
586 62
226 530
501 432
602 183
476 300
950 899
697 986
113 290
598 858
251 145
837 376
705 577
361 862
863 978
942 13
443 489
686 534
982 136
56 331
420 982
353 895
534 763
935 230
687 876
846 442
240 356
707 402
856 122
356 475
314 237
804 35
674 720
489 508
838 288
619 352
431 330
892 796
433 40
94 464
720 672
3 169
765 796
477 343
499 877
134 554
266 214
787 747
528 788
60 462
592 568
632 607
809 595
876 158
449 793
456 343
73 489
22 315
667 963
366 494
801 824
147 883
671 272
300 141
165 845
193 637
765 233
756 129
619 49
303 590
838 29
15 948
329 421
222 438
269 81
649 153
434 692
622 208
483 185
659 308
862 358
918 432
688 327
396 106
221 712
925 204
452 468
69 688
74 182
618 677
972 791
763 575
204 852
656 383
484 760
664 886
22 767
512 532
689 550
529 824
803 11
716 79
776 703
787 647
926 639
267 306
310 460
156 212
580 522
621 683
680 936
105 721
396 292
706 329
557 398
542 641
30 567
953 524
507 90
286 289
503 442
595 616
734 931
42 5
969 502
434 274
26 759
244 631
731 723
316 708
59 489
314 904
984 874
714 297
906 802
188 894
691 750
665 66
363 682
489 282
234 830
555 286
763 546
497 734
282 946
177 604
104 991
317 853
799 924
746 982
438 459
844 168
611 571
70 302
183 48
197 2
143 659
411 396
529 942
603 211
692 514
44 170
42 774
387 207
539 22
344 363
747 8
28 880
879 504
413 551
721 933
497 453
500 140
407 730
525 998
937 583
825 536
367 111
717 557
4 768
117 646
850 982
24 602
449 419
306 732
318 184
52 608
286 711
830 166
603 565
478 590
844 486
989 158
920 752
282 423
86 51
198 163
326 21
647 166
591 844
126 27
857 414
32 639
805 803
688 817
99 870
870 314
322 479
125 478
217 965
905 213
843 897
574 29
994 182
905 52
671 956
69 823
442 121
893 123
716 212
56 62
544 84
452 32
493 827
614 232
539 34
937 403
641 829
319 217
592 915
495 602
835 396
794 661
974 286
756 348
648 145
860 474
919 339
685 870
248 586
45 365
909 96
641 41
462 777
670 813
166 500
895 875
591 110
18 387
841 561
435 531
345 557
651 478
58 817
553 953
121 273
431 432
552 18
138 436
958 27
780 783
202 13
393 109
948 40
172 190
938 841
764 296
453 133
684 399
394 665
553 392
555 628
486 523
587 979
289 27
797 431
76 272
86 167
356 224
995 51
4 719
715 798
257 356
755 716
971 341
933 264
392 22
627 107
363 78
346 519
559 992
919 876
183 509
863 612
469 505
283 61
843 445
3 867
129 567
8 467
504 567
840 643
728 504
216 641
987 582
599 321
247 641
436 767
690 748
330 214
770 296
719 548
986 6
263 990
290 697
627 461
512 12
921 957
497 20
549 679
374 127
593 528
816 817
933 532
434 877
885 306
963 57
938 640
71 706
367 30
478 14
861 263
838 406
58 72
313 162
463 813
417 276
84 11
6 257
563 788
762 937
815 999
736 731
804 219
936 729
480 6
280 465
241 986
293 276
769 685
266 983
525 998
3 589
747 898
3 450
2 511
765 62
887 495
669 338
693 321
831 56
621 175
279 76
516 335
228 554
916 721
921 435
340 575
340 861
270 733
174 215
574 582
573 580
96 334
551 24
45 874
605 85
271 732
693 211
152 423
130 691
872 67
615 925
275 716
350 822
663 537
321 482
694 885
482 717
124 539
148 200
681 742
541 495
636 503
276 303
311 616
522 342
779 949
505 489
896 88
605 197
973 493
268 804
119 953
382 53
201 657
699 627
492 703
723 488
167 357
666 194
574 842
189 383
737 753
795 67
574 511
546 470
458 547
517 992
276 73
4 571
414 872
128 442
395 803
742 831
423 699
633 813
340 497
449 91
295 400
760 922
451 993
960 206
504 987
639 820
630 38
471 375
947 232
277 153
17 381
662 6
115 633
237 391
688 100
823 365
988 842
719 78
640 362
697 65
334 954
112 273
71 807
947 178
947 65
972 716
543 35
221 968
399 488
103 391
341 956
796 605
323 496
873 650
19 317
395 299
392 250
960 619
54 714
12 666
6 710
567 675
728 814
358 28
631 695
404 853
936 431
1 406
325 156
431 877
290 101
482 809
914 433
450 665
402 123
426 79
780 565
663 845
677 463
922 742
857 17
294 959
307 483
51 840
816 37
352 181
964 906
197 45
687 636
386 885
546 889
138 463
645 696
607 539
5 172
611 550
424 588
583 226
249 487
345 972
872 508
587 720
15 646
320 175
475 811
474 66
112 220
261 855
539 444
447 784
368 399
960 55
191 331
420 54
549 194
848 917
136 925
633 43
572 260
676 778
515 836
743 228
179 222
329 936
652 194
988 378
484 782
737 905
882 609
734 44
204 676
518 337
126 262
772 275
117 447
888 451
855 478
149 382
734 817
128 12
849 938
435 436
271 78
746 353
713 861
850 556
711 366
378 417
135 448
888 965
277 47
803 220
758 344
579 192
199 955
980 272
875 930
271 698
126 768
91 734
556 843
830 189
941 184
915 960
751 119
45 667
663 690
592 138
817 172
474 722
219 788
245 385
277 711
907 389
621 463
364 85
392 79
843 712
130 671
273 49
829 541
672 367
956 581
414 274
834 638
213 121
203 462
872 546
410 196
89 147
392 869
649 811
223 42
410 134
547 175
394 155
878 358
697 701
921 836
780 376
115 162
493 272
670 709
375 694
767 776
371 985
647 978
739 573
376 396
182 818
449 951
783 212
2 281
790 831
504 465
431 561
320 652
545 357
249 981
89 489
71 348
429 948
320 848
56 42
306 653
570 355
567 540
857 452
681 386
251 609
98 186
794 734
935 998
867 231
10 685
605 261
50 822
190 848
294 91
741 924
822 291
519 724
483 447
320 64
568 613
685 64
351 839
462 258
890 572
793 416
800 526
92 345
681 865
164 457
902 240
831 12
400 913
196 689
921 526
884 421
745 497
703 571
317 453
655 767
600 264
3 7
360 567
665 142
66 555
930 530
219 649
929 516
169 361
488 840
531 184
243 678
340 220
671 503
622 40
609 387
77 803
720 860
664 344
385 194
757 37
385 80
402 627
277 743
138 116
411 927
351 705
339 394
331 389
888 371
434 725
622 20
450 367
66 782
789 214
68 244
625 101
154 758
242 869
231 375
279 555
181 644
325 619
715 958
50 597
370 143
766 664
17 701
771 405
319 153
331 165
80 417
836 146
677 409
432 424
509 910
187 464
184 762
436 456
262 497
601 455
143 562
254 295
747 94
869 412
255 591
320 968
952 387
299 995
129 666
125 712
533 390
291 511
516 489
383 142
641 316
811 731
33 475
786 490
517 48
60 746
3 33
924 400
878 249
991 601
238 634
399 493
378 921
946 255
437 684
762 308
906 606
90 617
559 516
973 306
473 271
765 308
475 840
202 974
627 277
800 550
49 989
363 35
299 310
259 452
884 803
812 576
999 461
300 331
156 296
967 892
225 913
869 754
477 140
514 331
736 797
2 36
771 8
272 443
498 357
318 413
351 110
630 537
495 754
626 411
703 739
346 243
308 682
794 280
609 10
685 952
144 463
254 310
697 817
225 686
18 889
53 337
688 404
588 617
385 267
540 916
851 951
481 394
696 620
519 311
352 254
253 154
860 93
902 112
249 958
294 182
708 982
875 819
372 876
720 193
956 885
34 16
773 846
67 940
515 321
687 59
343 244
337 784
743 491
905 409
695 128
877 161
895 167
321 302
481 270
388 932
378 799
152 162
363 144
576 612
282 617
116 488
81 983
35 181
925 925
230 449
43 339
464 426
702 335
971 302
357 299
149 529
889 955
769 219
565 153
48 886
454 524
281 412
315 950
330 821
376 149
511 872
162 967
434 494
165 7
605 623
288 309
1 398
18 926
187 84
247 155
948 193
102 116
176 148
904 716
867 905
5 6
881 326
280 816
701 714
143 125
587 746
958 886
447 119
242 262
991 637
222 572
589 358
637 642
733 859
87 683
152 680
760 434
21 678
755 465
512 907
887 325
22 440
840 750
737 347
268 218
582 771
449 483
852 865
348 141
691 27
122 379
440 285
804 184
805 745
24 902
253 973
554 13
509 217
112 111
117 486
315 470
411 914
214 443
275 889
322 378
830 34
808 902
314 475
260 420
881 761
354 662
825 66
454 942
375 915
168 348
367 157
267 837
447 944
208 404
838 649
940 54
740 914
259 328
984 53
361 871
869 638
934 944
718 396
20 625
407 718
968 712
783 947
512 881
42 744
711 364
92 663
844 676
543 478
498 70
366 966
522 18
417 274
852 287
777 418
392 804
312 399
276 371
438 931
767 8
492 6
792 265
139 251
588 571
812 18
943 614
840 495
493 202
886 917
852 453
733 975
529 944
694 726
767 338
543 172
618 641
43 127
443 160
942 514
293 184
370 919
770 733
177 529
490 626
358 272
373 472
75 216
860 640
358 878
968 246
643 821
712 427
231 46
225 283
461 574
718 788
719 915
146 300
9 280
557 58
783 300
640 477
715 612
831 523
958 812
456 296
784 4
8 634
755 430
197 233
711 777
887 379
955 299
279 611
88 215
167 894
878 47
488 301
324 405
230 794
745 811
182 670
873 76
646 490
50 692
442 155
372 557
519 987
877 707
95 787
420 803
279 758
528 810
120 730
315 596
919 921
816 692
24 913
612 178
122 717
25 602
590 737
496 794
74 81
132 946
470 933
136 41
581 554
577 279
258 146
467 381
929 739
617 438
494 752
614 504
651 260
108 446
999 55
150 78
688 559
52 291
554 607
304 58
862 503
916 730
344 542
271 198
297 924
999 621
43 103
963 525
322 339
117 421
808 422
758 720
617 782
502 953
843 535
955 517
240 34
161 311
776 220
273 568
344 701
164 546
294 590
440 362
757 464
621 177
207 753
987 589
314 976
174 977
194 437
935 662
698 645
567 366
70 949
928 248
891 293
414 196
143 880
900 176
341 687
489 896
689 272
609 480
211 163
741 300
96 594
708 80
352 745
68 331
133 356
360 239
372 912
32 33
423 11
294 386
930 959
618 567
819 373
141 824
462 280
783 45
995 420
989 471
279 3
321 261
616 810
961 624
286 129
420 674
370 223
832 191
859 359
301 17
962 425
521 447
890 772
516 176
356 81
524 358
634 62
518 747
836 196
669 256
488 489
621 592
38 754
671 59
360 543
70 15
183 926
996 22
142 582
966 989
102 141
483 663
258 536
960 949
319 766
442 371
476 908
844 203
54 216
398 268
938 218
614 955
374 182
951 899
366 218
976 633
71 556
392 452
216 91
676 348
496 411
849 978
16 640
986 509
475 624
476 174
529 438
434 72
58 457
619 273
997 561
683 858
408 609
906 403
930 27
132 218
304 279
163 372
658 251
799 965
310 487
524 706
355 986
530 1
402 830
667 787
299 836
266 694
599 199
297 641
200 553
770 516
430 819
402 4
535 11
370 850
758 987
529 566
833 620
116 735
669 579
286 81
778 653
933 862
612 143
5 143
434 484
368 565
504 707
851 360
603 237
677 896
553 575
369 604
264 338
792 438
816 254
990 121
396 289
537 61
13 946
672 722
218 776
669 109
692 991
468 971
258 614
125 875
692 673
314 599
889 97
755 455
2 101
287 707
710 602
613 994
688 55
984 6
66 569
819 755
171 961
376 89
61 267
271 564
808 579
697 39
387 45
132 214
249 101
371 334
270 162
703 546
759 215
329 689
104 545
838 312
177 858
285 121
781 193
647 408
699 318
187 955
716 760
952 521
915 678
347 723
849 608
427 772
897 291
111 967
717 93
947 592
898 651
71 392
783 651
773 649
26 6
827 801
792 159
51 203
211 533
616 766
120 280
767 65
990 553
378 320
767 720
87 949
350 257
469 337
679 435
756 209
483 465
883 610
170 641
278 14
476 525
428 536
669 862
533 841
774 546
592 27
650 137
27 714
448 209
410 603
819 345
511 862
446 339
692 360
25 166
678 629
773 983
301 812
460 167
902 891
419 768
256 692
144 553
642 283
82 141
491 748
554 446
241 373
308 374
219 930
135 897
786 129
133 448
640 130
894 306
750 494
358 679
253 436
560 167
799 919
110 707
45 539
438 865
560 778
960 210
727 380
906 951
660 144
627 162
580 952
667 254
159 557
595 187
404 596
834 795
920 424
639 719
686 635
412 646
633 87
996 381
500 21
327 308
761 300
915 799
358 555
559 890
741 163
529 318
454 47
906 735
684 932
321 664
653 914
12 855
109 422
993 587
836 713
405 404
305 49
900 851
541 491
867 89
263 8
431 906
672 903
756 381
276 262
514 978
285 912
15 614
459 572
935 675
243 126
125 13
628 311
71 260
81 240
281 279
810 102
386 681
448 223
780 713
397 116
209 12
603 220
633 486
367 562
427 997
91 530
33 462
380 101
54 804
80 952
24 17
692 575
668 19
790 787
9 928
426 962
625 517
795 671
594 896
922 339
632 107
199 1
923 546
516 910
357 974
965 660
573 356
203 526
381 385
625 466
652 552
958 314
855 686
829 229
772 798
965 13
914 206
131 655
748 362
531 390
914 705
981 887
980 572
592 510
588 909
93 791
835 302
398 549
800 844
909 10
474 931
899 949
264 439
721 99
156 522
321 111
623 807
674 766
768 830
389 496
804 135
810 142
36 357
422 80
866 611
706 922
556 323
59 404
81 88
465 931
459 530
813 543
158 851
719 906
778 766
457 903
894 965
622 255
988 570
674 668
6 686
498 819
175 478
278 108
945 554
376 919
79 331
774 666
745 19
379 112
48 376
357 39
918 541
775 172
131 475
463 611
688 464
302 903
340 851
161 177
617 670
971 342
246 129
776 530
434 515
178 227
598 512
944 812
31 877
238 541
40 348
181 353
593 481
429 422
177 387
676 653
665 49
729 377
582 251
930 389
525 663
95 555
700 665
360 73
941 286
335 135
860 85
373 924
6 275
338 530
58 376
734 129
897 800
368 594
384 135
338 254
278 560
963 183
455 82
868 172
620 741
626 411
268 858
121 495
647 589
158 11
956 604
829 835
211 537
865 169
438 946
873 831
846 691
106 183
798 807
155 493
661 851
67 587
506 174
327 427
39 776
223 876
565 846
568 998
552 943
954 17
114 943
185 323
425 379
734 189
454 136
151 201
630 27
320 706
462 92
66 337
898 698
254 497
80 89
478 111
853 947
990 951
85 888
98 278
852 678
96 815
969 768
667 209
652 896
88 27
636 733
118 945
106 278
429 326
569 593
494 579
19 484
227 173
68 97
818 645
245 233
347 944
272 263
391 530
184 245
494 226
332 899
118 676
37 341
217 453
171 657
719 949
597 970
601 775
19 179
61 21
652 587
835 579
444 851
819 525
887 584
759 916
256 847
245 988
874 515
184 393
464 723
241 190
52 629
407 688
517 492
26 256
482 403
118 291
936 42
580 913
252 46
606 551
14 268
160 944
47 526
417 358
907 143
399 802
265 858
198 41
922 940
483 326
203 974
327 907
712 964
485 888
219 210
128 564
741 128
112 520
322 210
962 833
355 788
152 567
141 929
630 241
644 480
211 741
194 55
970 217
313 414
769 204
658 785
516 925
872 726
400 918
852 705
793 16
912 515
269 425
939 189
823 36
208 311
697 679
707 271
42 551
718 377
986 628
472 383
297 478
340 188
346 732
299 446
581 472
604 253
315 665
324 400
502 724
643 47
408 765
439 278
176 925
770 182
457 109
905 562
257 746
103 340
3 964
963 457
446 851
21 742
873 153
998 7
660 242
831 236
52 80
28 444
341 183
590 297
317 372
998 295
674 814
610 527
207 862
558 765
396 589
188 259
899 68
845 137
862 962
705 171
866 636
450 548
146 258
55 58
839 227
79 27
130 411
640 752
443 246
945 900
844 698
141 183
922 159
651 494
718 909
299 314
483 591
402 954
307 914
706 147
313 971
279 686
864 971
860 929
523 761
719 558
505 333
651 803
636 310
916 328
127 383
143 707
464 394
954 462
521 127
298 972
72 956
638 255
712 214
939 58
90 952
347 213
902 255
226 878
728 369
742 287
324 88
171 781
141 608
261 782
698 853
428 647
541 105
731 430
925 210
882 178
762 71
702 245
73 642
327 325
755 816
54 678
515 416
201 800
318 587
471 668
934 536
721 22
107 534
122 736
696 4
483 882
247 790
594 119
631 680
28 151
946 754
587 354
429 854
989 234
895 12
70 366
868 415
937 32
952 762
355 32
581 376
13 692
275 978
954 622
601 463
982 476
914 172
880 645
782 455
866 423
965 465
568 562
878 505
72 620
678 363
143 908
596 253
941 241
736 494
76 661
87 443
331 685
682 711
449 697
313 413
765 712
441 170
315 891
703 103
795 2
540 5
37 610
565 43
301 33
680 77
781 989
525 913
91 934
9 19
838 206
825 158
400 483
619 45
108 879
270 986
512 965
337 278
447 815
309 389
149 953
77 270
767 695
466 264
458 602
507 803
113 218
604 146
758 352
751 2
389 577
976 750
298 741
229 417
745 37
281 587
423 101
875 692
623 599
53 294
270 697
95 930
229 39
92 334
590 172
661 877
86 13
881 217
620 200
685 723
642 743
926 393
854 754
510 669
751 756
827 627
597 372
484 643
590 647
150 609
873 74
361 534
753 760
990 334
212 855
274 929
402 225
290 370
203 927
695 803
921 864
859 283
417 292
680 132
261 946
901 932
743 684
747 902
478 402
798 552
16 485
243 155
913 383
899 35
323 780
273 688
860 924
549 958
539 62
873 970
574 255
300 954
262 342
627 905
399 589
627 471
277 885
465 428
956 783
742 182
157 346
605 451
104 836
176 265
148 15
854 562
51 848
157 995
800 403
366 56
701 481
274 331
753 737
715 733
17 298
858 982
933 417
248 894
665 341
592 171
324 743
108 348
184 27
39 310
333 637
461 208
285 394
965 210
13 868
511 247
985 294
131 814
903 774
319 102
813 67
929 181
351 496
231 617
188 151
346 768
908 67
98 859
327 123
816 911
562 348
181 88
393 936
874 107
703 472
292 516
411 209
831 19
711 828
970 190
228 2
908 822
587 88
748 189
460 513
950 953
170 581
151 803
921 401
907 726
930 323
830 462
591 779
86 864
429 657
705 668
532 940
380 974
778 691
590 613
81 513
957 119
531 600
821 958
496 793
798 338
587 743
367 426
795 472
888 673
107 307
245 570
133 28
192 778
431 670
50 36
3 817
90 258
265 678
185 713
123 610
73 605
587 229
34 301
8 738
729 260
897 262
749 878
92 509
130 210
366 634
342 733
642 564
16 838
856 793
442 554
890 626
448 100
3 488
251 872
750 472
966 215
665 240
310 260
124 835
682 610
205 309
822 119
783 189
169 640
876 556
655 872
395 557
232 133
235 497
552 292
333 455
554 790
708 323
339 171
929 389
785 561
600 284
642 652
811 689
660 137
899 40
339 551
347 196
382 195
681 132
250 360
937 839
224 544
948 615
873 352
876 363
388 562
547 20
39 116
325 973
50 167
16 49
979 343
330 911
101 233
510 215
321 590
237 814
624 464
238 672
62 462
473 236
709 828
824 390
497 541
569 935
953 709
479 756
330 952
16 319
999 847
599 852
203 323
374 491
391 366
941 359
232 395
79 495
450 83
121 771
139 112
340 544
39 673
227 274
211 284
114 942
186 370
132 138
803 582
706 418
785 108
680 422
592 679
200 541
487 555
937 154
410 161
429 126
339 559
485 663
252 180
851 24
427 929
600 999
90 124
171 344
527 136
713 503
60 255
144 640
870 53
550 299
433 96
357 417
592 915
709 373
691 508
668 526
258 696
74 667
695 186
8 919
212 204
850 309
997 512
392 160
373 566
576 653
644 558
194 429
258 816
38 401
580 827
436 933
786 474
160 946
561 377
123 126
537 722
527 392
182 452
960 53
916 102
10 46
30 940
617 191
347 186
306 184
628 699
93 391
230 852
232 576
171 322
111 455
213 994
557 161
555 884
331 448
339 491
694 564
503 264
87 759
580 518
633 452
312 402
625 828
556 516
966 622
202 994
737 563
931 695
953 554
738 175
335 595
699 946
347 632
94 158
199 444
911 828
955 26
429 993
510 137
422 600
939 273
247 82
908 507
664 640
337 965
991 757
238 637
191 680
299 381
499 875
796 319
111 62
552 99
503 408
267 775
346 558
498 79
85 155
489 533
861 779
601 631
471 829
407 536
52 310
365 797
739 98
79 583
566 949
781 209
451 551
103 887
911 794
23 974
192 992
187 142
323 261
203 348
611 802
538 94
262 735
334 135
139 748
304 826
755 429
482 431
261 591
344 356
898 9
905 303
101 188
933 715
968 527
906 683
228 977
810 311
444 342
634 448
881 153
185 191
805 380
836 376
861 461
662 323
495 254
368 246
422 695
215 608
537 355
689 174
418 480
120 532
541 311
815 16
327 183
51 531
332 54
210 73
571 191
936 558
964 421
427 316
762 253
145 210
363 35
665 259
405 905
80 914
88 765
988 29
667 590
740 455
386 726
793 420
256 708
744 19
496 381
558 364
978 871
741 568
894 580
188 731
196 93
89 365
927 354
843 73
756 895
150 763
677 18
285 611
804 696
382 71
479 948
618 738
489 48
641 760
254 762
146 36
318 666
301 425
937 607
501 812
826 383
390 259
961 705
163 260
429 554
644 33
820 757
75 929
592 718
518 867
794 505
794 942
539 631
840 830
165 355
421 667
3 798
155 596
557 236
5 683
932 604
49 798
791 376
915 107
965 489
382 252
499 342
515 285
391 240
924 917
226 52
542 760
32 762
605 115
352 178
893 891
379 514
70 645
202 182
7 891
118 362
803 573
880 352
266 339
667 516
59 348
713 740
549 813
732 873
574 786
378 218
564 459
605 353
297 421
879 335
808 23
376 60
896 195
86 124
464 603
253 832
128 983
52 405
466 61
268 359
19 297
117 227
527 23
964 280
247 335
873 158
888 883
796 696
649 435
675 2
220 657
128 760
205 870
94 56
658 860
905 885
546 973
390 596
445 53
426 322
22 823
54 169
618 666
661 664
330 38
588 898
137 212
860 603
217 984
21 114
133 6
180 926
561 343
143 127
483 615
166 922
423 625
80 996
664 205
666 991
502 508
464 584
694 707
990 26
585 560
648 128
271 858
966 272
670 84
356 49
257 876
940 87
547 879
951 127
951 485
891 321
474 892
356 415
830 229
98 794
685 981
982 172
674 496
442 563
451 878
418 225
635 226
694 365
175 375
621 334
268 330
449 496
73 548
972 796
220 76
670 431
435 474
795 160
940 767
622 68
859 461
835 583
29 912
516 585
757 127
341 533
895 841
316 928
44 269
785 556
669 714
13 286
81 164
584 552
311 642
523 492
457 376
371 493
427 327
22 36
278 643
796 630
857 46
594 855
115 963
342 376
328 101
409 320
845 329
80 119
418 76
472 695
753 803
131 278
295 757
174 199
521 320
69 949
283 850
435 696
317 836
852 197
255 263
830 11
470 389
738 599
230 907
688 590
524 724
582 989
662 830
977 741
932 147
895 335
828 64
204 360
118 329
730 910
703 14
41 486
679 924
725 251
426 8
411 514
399 406
584 984
347 127
685 612
498 673
200 965
235 690
644 95
839 84
879 465
384 347
484 470
222 720
171 162
969 719
714 60
354 435
275 873
611 822
612 992
480 102
829 742
203 499
176 875
782 124
399 47
67 673
188 732
405 360
922 388
370 519
535 641
878 715
992 670
140 963
518 118
628 915
504 865
923 927
245 169
373 64
796 214
160 263
269 499
570 698
555 71
182 803
560 24
313 757
18 695
967 665
677 419
512 953
241 606
564 221
639 528
923 227
130 721
592 852
816 183
174 516
592 970
332 641
401 657
297 956
778 527
700 908
213 7
634 175
463 144
927 730
937 146
394 632
563 480
774 768
48 541
146 858
932 13
951 902
744 290
431 60
812 751
243 83
278 528
104 173
913 776
858 584
706 374
239 285
894 947
52 397
893 449
485 643
517 328
163 297
338 583
360 375
618 456
436 110
138 551
955 72
919 89
502 790
83 717
267 716
728 380
382 241
474 517
154 398
738 128
514 780
66 274
258 76
657 624
654 311
328 845
89 960
702 539
816 832
520 528
926 789
898 569
290 994
501 399
870 268
131 274
443 330
101 184
144 908
932 103
393 532
640 153
45 998
187 760
922 644
92 101
171 113
165 573
404 219
16 614
451 647
269 158
400 328
759 182
640 315
9 625
687 149
714 630
313 861
175 817
838 784
320 883
586 207
717 847
619 211
935 602
960 744
534 162
589 511
291 44
709 636
613 199
735 788
749 821
744 221
764 86
581 836
824 976
94 511
398 586
320 801
905 531
258 25
348 141
316 37
503 250
633 98
170 263
761 375
422 819
6 882
421 565
467 176
7 863
61 266
674 217
415 363
991 785
990 148
113 988
507 218
147 378
31 997
662 192
301 835
765 349
62 876
50 972
489 144
391 385
126 379
876 272
208 408
483 150
661 456
931 524
49 315
910 365
769 686
980 454
87 91
516 814
204 188
456 690
42 979
363 418
185 207
324 846
722 990
630 868
198 780
878 928
729 467
924 198
52 636
143 5
154 669
400 699
321 67
141 603
994 686
163 427
13 872
611 948
874 14
412 769
917 776
872 488
868 48
256 718
362 189
277 948
383 282
727 913
458 633
537 38
594 731
165 143
553 157
566 1
321 861
283 925
85 973
530 83
295 277
694 677
291 975
505 870
369 276
494 253
601 5
797 944
682 702
210 678
406 90
379 945
26 62
140 440
242 691
96 985
5 835
351 298
724 128
436 168
892 917
704 811
224 377
576 636
897 875
775 775
587 181
259 264
827 246
235 617
193 46
723 519
139 281
430 516
655 492
594 922
584 244
403 975
530 969
258 363
587 742
223 505
465 446
316 938
49 711
43 471
771 914
14 310
689 419
158 570
666 314
388 894
350 156
370 927
315 988
923 614
657 537
150 119
855 980
202 272
690 287
962 76
301 127
590 76
272 96
874 587
26 588
509 22
277 292
322 385
233 897
518 265
522 249
867 61
16 591
359 624
570 549
266 17
471 573
223 238
551 218
763 757
35 594
194 50
759 316
126 153
839 892
466 503
604 358
353 946
675 886
471 689
399 361
461 357
597 885
73 969
364 726
12 999
364 566
706 646
792 667
88 612
664 768
85 162
24 931
189 108
459 562
338 695
898 8
365 687
384 34
868 393
806 388
475 102
885 940
823 929
406 175
280 8
19 639
373 513
251 756
97 240
721 297
713 635
646 74
322 747
508 473
160 529
371 403
402 606
50 945
196 338
973 129
458 691
661 210
78 579
950 315
648 594
26 749
374 83
774 889
925 592
437 514
369 673
17 297
767 959
51 753
476 496
688 183
210 801
710 611
964 70
992 937
370 137
813 888
873 536
669 844
379 864
986 327
843 73
211 402
213 92
190 160
538 521
463 813
524 207
520 76
80 559
580 754
499 578
251 231
679 163
193 701
9 293
923 854
573 860
680 779
378 941
921 487
360 557
513 111
723 772
460 378
938 544
142 88
593 109
17 138
200 491
367 577
625 10
330 232
605 691
87 398
887 132
88 98
355 159
80 401
454 178
954 749
673 639
948 727
106 251
411 745
437 958
360 885
309 320
543 454
360 405
546 473
7 656
788 883
854 578
591 686
872 786
188 490
85 403
118 815
690 206
457 67
494 452
912 179
729 849
228 91
662 934
90 485
909 655
904 397
903 429
721 97
787 269
949 174
782 872
150 280
94 673
186 353
46 905
792 755
484 648
196 55
696 656
289 636
850 511
160 825
218 434
661 717
121 443
136 663
520 36
393 704
919 331
229 930
102 629
9 3
675 901
528 15
103 440
416 796
195 63
360 872
281 629
683 840
581 790
614 888
742 634
816 972
997 552
962 763
55 323
72 542
640 315
444 542
464 50
512 954
658 807
899 192
602 678
609 557
61 483
35 28
71 655
677 801
430 851
949 836
329 650
877 19
491 257
681 165
804 827
263 862
918 688
421 149
581 415
112 65
749 73
512 86
769 36
932 640
219 753
851 86
937 519
617 678
879 640
507 161
736 755
825 60
649 386
500 237
835 850
340 331
753 49
543 940
700 970
786 88
188 506
622 619
503 963
32 891
157 352
474 950
490 820
538 27
199 747
277 254
878 789
647 899
979 130
102 388
950 552
705 448
979 843
759 643
803 418
236 556
344 965
23 375
257 271
876 442
931 621
514 337
234 893
956 604
94 739
947 707
75 180
641 753
311 463
11 242
580 923
594 254
532 231
168 31
417 514
593 407
368 803
196 136
207 773
30 28
567 906
915 487
678 149
344 126
339 604
976 721
14 150
993 862
74 701
819 73
380 778
832 448
844 594
479 573
463 520
26 83
544 494
550 944
697 295
943 777
435 129
907 366
694 180
310 515
820 104
704 720
659 433
768 165
528 293
570 861
464 739
372 790
63 619
131 946
624 504
45 643
956 102
702 938
827 321
564 305
841 680
222 970
22 581
459 124
756 515
501 101
204 864
843 530
664 962
114 988
92 94
839 465
189 747
638 124
982 216
742 135
617 763
437 181
727 325
818 608
65 252
811 422
693 694
862 720
940 138
229 49
15 15
504 851
434 181
342 682
487 544
481 138
201 488
467 997
649 154
138 756
401 597
87 740
411 111
170 743
439 477
721 120
233 268
16 244
446 383
909 482
81 856
103 357
203 355
403 601
852 653
962 625
645 410
298 902
805 216
790 265
358 776
61 178
383 763
627 200
145 325
374 602
633 789
552 932
36 173
749 689
451 962
396 505
488 789
720 349
988 267
715 995
479 895
112 771
560 598
304 947
859 645
766 655
197 514
711 157
831 193
105 475
415 203
255 359
307 358
976 354
323 539
213 551
153 709
674 412
698 294
563 106
735 781
565 523
755 325
727 769
866 215
11 263
337 23
772 728
642 502
9 471
777 82
968 147
989 362
225 444
902 639
868 69
781 511
616 902
339 695
196 266
434 95
116 824
993 989
78 406
377 989
556 392
714 945
571 995
494 929
531 106
176 363
557 991
190 747
319 892
714 568
519 155
665 600
930 376
873 405
23 864
293 49
289 699
98 591
219 575
663 67
34 345
182 981
261 602
358 279
15 590
307 888
914 31
842 650
597 272
215 897
97 469
254 99
444 950
68 469
668 597
263 717
104 483
126 613
490 986
390 435
417 490
849 215
546 753
717 191
409 200
732 359
273 738
483 207
241 586
771 635
760 411
25 7
291 688
515 317
789 17
255 990
185 567
384 341
188 686
826 346
910 120
184 107
814 263
341 224
68 29
221 701
243 478
873 822
162 858
492 691
880 305
390 470
58 163
649 996
504 845
260 282
855 118
102 512
811 623
343 940
350 857
253 340
264 340
912 192
799 40
436 354
310 786
874 854
532 613
960 928
81 884
24 731
350 957
936 183
545 609
526 791
758 503
802 980
461 110
611 380
528 340
544 151
845 30
673 127
540 952
804 682
627 465
500 337
489 817
973 864
997 973
392 865
620 848
219 748
878 815
572 904
997 340
511 353
50 594
598 932
504 888
487 815
312 465
902 111
559 168
667 489
230 104
615 183
208 381
645 129
962 33
206 440
600 437
196 656
562 540
670 862
395 568
521 853
634 524
688 637
750 906
443 189
488 395
46 930
373 451
648 370
564 931
146 289
757 169
557 645
242 443
904 174
972 913
195 204
280 497
326 247
842 385
284 384
287 692
953 832
299 471
191 31
304 755
85 889
710 839
923 445
163 48
317 518
957 431
408 427
214 475
520 189
950 404
597 562
214 760
277 178
652 376
157 353
103 570
763 903
829 475
315 937
836 850
979 230
484 407
888 822
11 780
980 644
290 814
340 490
893 635
697 665
319 552
577 171
854 92
624 831
332 152
200 107
622 742
952 295
167 624
227 966
554 249
246 89
746 847
743 368
661 979
177 404
956 911
428 268
333 363
18 915
359 589
34 203
791 479
88 362
634 367
499 990
897 662
48 703
417 723
310 516
258 540
81 236
106 759
783 876
463 239
977 439
376 583
180 676
317 303
875 693
984 155
885 709
571 889
198 590
261 20
740 834
383 970
131 546
60 942
941 308
60 193
656 808
644 998
485 708
474 592
769 584
120 770
547 653
46 468
142 599
785 299
692 621
163 125
465 71
688 976
993 580
820 219
402 97
662 927
142 52
195 803
278 91
333 681
526 392
541 125
804 891
574 234
246 728
792 980
940 543
903 424
746 524
274 453
29 165
235 306
108 167
550 678
515 903
769 212
292 848
953 270
420 161
643 433
292 370
113 624
991 752
623 534
665 318
975 991
211 689
373 379
81 987
537 417
29 113
354 580
305 730
101 584
486 964
252 49
249 877
372 623
12 417
871 480
611 997
736 430
139 930
4 313
256 812
465 225
578 384
114 109
199 602
870 351
798 657
482 861
456 766
781 82
575 699
173 599
828 129
461 37
839 404
127 555
863 264
405 957
343 95
930 727
207 82
826 876
221 168
310 300
439 7
798 59
620 521
592 542
798 651
191 66
149 777
681 985
539 892
144 261
936 273
881 529
483 301
109 240
573 986
127 195
991 52
701 142
81 79
587 228
571 171
480 868
665 274
676 17
579 800
400 775
815 774
472 632
310 419
241 754
871 541
293 505
318 406
492 987
468 883
264 408
855 627
453 837
649 93
462 537
503 215
499 459
61 945
508 848
766 880
193 950
152 606
249 157
934 116
415 340
973 365
849 564
911 541
224 218
822 429
54 177
101 221
175 905
576 368
278 992
568 287
583 596
621 60
589 624
781 511
886 724
955 46
882 391
554 13
567 869
840 921
580 924
832 585
676 978
223 906
714 552
240 668
28 878
82 459
208 66
878 766
71 766
345 154
683 351
248 893
370 868
186 383
235 284
410 508
441 899
468 657
821 804
716 614
423 35
194 202
44 602
591 842
777 660
900 167
992 513
175 45
642 161
727 325
617 14
651 243
547 684
978 130
111 886
922 970
873 265
934 322
744 4
795 665
915 653
615 428
468 522
529 256
62 699
225 261
962 989
747 986
474 177
482 224
395 420
628 981
950 184
550 615
919 817
216 80
855 267
384 229
140 557
438 482
358 470
724 942
237 11
144 400
711 927
849 513
899 424
133 908
612 525
981 888
395 572
625 412
654 630
209 293
196 283
396 357
621 27
930 259
997 535
874 622
189 854
568 591
784 383
861 130
272 245
596 626
577 520
289 224
251 315
997 896
934 758
521 938
490 617
67 798
227 86
52 993
976 388
449 545
506 351
764 246
250 693
681 962
770 978
495 72
291 313
19 77
98 10
553 55
812 201
713 992
517 367
391 197
25 713
934 839
702 637
713 724
714 823
243 177
288 274
112 331
229 698
73 563
708 32
883 102
102 761
57 85
738 834
985 669
502 930
607 846
707 284
427 817
435 472
624 964
924 441
222 975
907 694
843 845
768 926
883 532
283 743
759 15
664 385
62 726
889 780
735 269
166 455
557 49
680 718
490 590
536 126
213 129
754 552
269 223
937 390
266 987
983 376
243 782
232 100
43 3
618 19
863 326
98 682
321 645
981 469
25 492
95 947
798 335
494 408
766 838
926 75
714 730
330 135
54 355
130 723
287 111
583 353
940 670
101 208
397 13
360 730
661 70
50 195
210 574
323 840
332 283
841 708
424 892
934 490
804 227
396 23
699 657
747 333
395 117
268 319
819 741
569 252
924 717
894 223
136 763
647 346
473 803
255 407
481 229
355 197
796 932
996 629
455 106
734 309
553 287
768 489
107 878
935 735
722 388
874 634
685 215
560 501
80 183
563 967
408 619
696 594
557 106
396 971
122 237
205 582
818 124
977 824
131 811
115 253
229 51
26 784
303 420
25 665
302 928
356 565
659 698
148 69
619 827
651 673
144 215
523 592
110 946
709 785
855 868
578 245
29 266
746 580
97 731
605 899
754 783
124 818
356 207
919 475
158 29
822 691
22 270
271 903
833 648
886 367
713 338
578 761
715 939
835 982
9 953
197 127
372 50
136 551
637 944
464 482
80 81
14 440
687 733
446 822
977 918
189 877
801 988
338 885
428 410
961 255
825 857
959 812
382 612
405 931
68 239
254 199
236 868
103 296
255 445
912 758
281 654
104 684
215 534
557 913
939 592
74 252
972 670
530 798
968 704
93 160
65 114
239 318
