6000 1500
330 575
142 270
329 385
887 534
89 231
653 474
566 676
218 443
551 488
811 255
716 504
653 258
610 118
938 427
656 491
925 905
885 564
2 837
137 407
131 721
366 783
110 311
869 743
68 740
10 524
928 174
201 99
745 162
821 475
329 53
137 795
18 921
686 837
978 75
145 426
213 320
363 537
993 803
759 568
17 286
931 842
366 74
558 664
391 749
373 788
737 264
160 874
498 391
535 640
724 861
687 860
588 997
232 443
681 397
755 566
479 688
129 894
616 229
590 868
97 751
193 761
755 492
612 799
381 464
816 208
412 476
920 70
95 529
561 921
867 417
511 784
905 212
528 359
290 275
540 99
321 24
31 361
887 169
999 139
360 588
989 367
395 653
286 364
102 294
373 676
569 45
345 740
864 838
117 358
158 165
94 734
581 610
677 901
169 543
526 307
921 185
13 317
506 935
115 229
516 960
396 608
946 713
611 425
339 965
399 50
431 197
326 441
850 999
863 595
48 152
331 192
702 44
505 747
221 220
342 807
677 621
925 63
51 297
27 634
514 145
561 703
998 263
743 260
20 134
58 77
646 57
879 475
424 580
365 413
425 636
463 849
949 528
950 267
263 955
77 14
789 163
836 822
801 834
824 356
423 354
672 706
608 596
798 449
348 864
510 442
601 357
68 361
769 618
765 17
206 622
215 692
762 692
323 479
573 816
567 184
177 120
541 586
485 79
411 480
652 547
617 380
211 233
942 529
53 555
298 146
131 489
474 24
320 346
876 972
631 112
973 637
406 651
746 49
297 943
332 869
473 452
673 478
948 106
276 779
5 19
645 275
387 202
374 497
386 513
422 339
961 304
400 693
260 943
923 712
513 773
960 193
664 413
212 888
847 230
2 957
551 999
790 596
228 66
441 697
212 628
395 507
419 512
952 354
30 467
449 85
507 326
482 726
554 196
244 998
373 845
711 956
975 990
589 822
532 345
191 883
646 261
614 954
666 30
595 74
21 185
619 554
299 640
299 735
855 67
513 534
162 38
124 263
1 578
255 132
898 668
973 549
556 208
203 339
225 709
159 841
913 861
403 780
105 105
706 604
719 997
863 55
109 472
898 96
710 730
641 299
530 567
828 807
662 745
355 224
733 714
555 993
805 337
767 491
192 710
533 154
452 307
663 584
816 991
123 188
146 546
617 159
779 165
548 538
635 187
492 354
484 435
773 59
791 741
811 120
220 516
283 922
115 116
685 732
90 870
659 636
384 859
454 327
625 475
166 642
326 253
680 366
571 103
115 681
576 153
846 696
560 841
991 678
720 31
242 649
151 644
529 837
440 668
990 503
56 42
96 953
589 387
321 679
180 473
312 522
456 151
235 216
213 256
854 213
791 925
2 501
708 823
480 977
114 970
847 149
479 707
16 150
355 182
113 996
686 414
687 282
600 3
904 261
594 263
179 838
803 90
611 439
393 643
858 714
214 419
38 254
2 864
624 636
654 465
875 886
203 404
823 957
728 746
345 645
116 725
895 828
392 884
304 846
837 977
824 905
291 646
634 82
39 360
941 535
428 481
766 154
29 52
366 170
230 105
962 942
729 787
228 516
959 655
320 775
533 350
437 758
40 882
418 998
866 726
462 159
256 392
751 514
567 485
996 90
324 819
20 461
188 832
593 836
233 629
393 650
818 123
313 513
843 546
552 459
63 291
22 744
191 619
78 409
936 85
372 340
361 171
645 866
704 781
846 644
260 826
817 753
564 947
851 639
277 70
926 917
844 866
495 999
299 719
418 657
572 275
845 127
967 692
459 998
504 257
30 362
659 898
900 114
825 580
989 476
47 235
913 317
807 568
600 3
695 19
276 256
471 725
658 302
508 359
687 258
973 266
917 979
37 433
956 769
33 250
323 649
802 586
294 561
352 694
884 774
438 720
30 608
182 777
329 828
442 642
879 880
976 672
367 594
196 508
589 491
873 457
39 364
995 861
850 919
187 680
118 915
650 982
453 204
566 539
658 499
589 47
873 639
31 98
713 68
878 395
713 934
576 772
898 51
16 613
372 643
184 50
243 885
181 626
696 199
746 3
769 868
99 701
30 790
942 543
347 257
929 23
543 843
453 992
895 948
114 206
612 236
126 88
972 37
820 262
648 870
500 477
588 412
417 135
635 463
278 138
82 615
407 952
725 987
1 574
179 606
333 436
362 744
446 524
371 594
919 456
647 681
268 456
700 398
748 615
948 911
854 203
789 22
13 233
647 900
961 450
299 80
973 535
500 170
208 861
81 569
130 801
876 687
147 166
517 812
348 530
212 968
852 148
313 350
453 839
343 303
505 967
801 382
777 777
476 363
865 491
466 909
894 840
645 776
771 690
533 465
365 922
113 650
871 868
823 723
94 569
594 843
441 829
211 579
805 908
703 960
118 898
942 388
504 689
340 734
587 610
558 221
132 532
408 323
808 707
530 781
736 735
860 915
930 467
226 766
786 836
746 691
41 78
657 982
843 232
702 901
155 119
534 91
870 928
629 63
754 197
372 128
973 718
144 335
957 560
665 662
675 114
709 429
587 880
141 464
380 118
713 923
687 520
303 420
510 653
826 249
670 569
79 202
608 745
912 643
879 757
525 643
718 76
850 982
44 592
280 949
284 659
956 851
94 8
1 733
521 193
846 416
90 258
586 865
728 346
700 337
65 718
829 781
997 585
686 204
759 80
106 537
114 697
362 608
596 291
866 477
558 690
350 758
691 259
790 601
684 715
359 308
178 391
611 942
516 409
782 227
938 444
636 675
899 769
954 247
911 703
39 640
424 156
257 909
897 920
357 731
8 916
315 374
897 219
19 652
383 778
98 950
978 980
995 418
317 415
626 139
958 406
203 678
405 681
21 906
890 87
670 565
968 355
136 304
839 280
752 630
944 15
711 643
426 210
614 304
952 144
945 817
395 75
492 786
636 271
60 679
144 662
147 761
126 364
138 154
394 98
567 486
834 980
479 315
414 421
298 248
866 254
842 933
64 590
808 286
402 951
16 62
130 106
807 681
204 901
439 847
701 329
294 805
219 624
786 938
98 496
874 336
536 299
413 956
368 274
441 351
4 855
409 569
255 777
931 727
138 304
190 815
340 817
650 617
739 575
273 697
648 516
365 991
566 709
484 868
566 48
354 578
797 197
92 283
694 667
395 500
470 581
691 945
852 963
239 783
774 397
733 312
772 512
365 630
274 497
925 122
683 890
893 552
960 783
452 260
157 401
21 778
631 550
691 480
763 708
812 805
291 226
882 65
179 125
373 230
35 704
591 700
486 764
934 253
894 545
703 298
877 338
648 760
33 526
17 568
496 954
480 573
561 921
891 63
840 87
423 158
398 437
815 336
784 616
948 147
207 762
484 642
989 169
297 787
370 354
580 573
479 114
657 147
543 742
975 464
142 598
301 970
881 337
165 55
787 305
243 184
574 911
697 512
906 49
326 551
693 997
472 336
261 290
863 838
512 42
277 298
191 68
551 833
205 930
864 560
351 166
548 477
181 63
637 105
781 365
642 47
221 567
166 844
747 932
271 811
138 385
519 97
775 6
570 32
546 58
287 90
334 95
217 369
732 859
677 551
527 867
241 228
249 223
502 344
222 404
378 725
322 82
574 42
419 300
796 341
468 178
622 915
98 472
584 975
735 664
527 632
695 475
455 674
841 669
769 972
757 570
943 647
219 985
464 559
957 708
678 802
603 634
803 630
261 481
769 255
654 35
272 487
224 983
989 272
775 531
566 534
459 488
849 184
136 855
260 730
685 318
22 592
533 765
600 942
288 277
350 825
412 652
427 156
288 122
986 917
906 941
163 57
961 826
131 41
982 749
306 394
221 365
474 874
264 569
222 591
177 140
6 868
526 395
362 413
50 943
76 481
217 200
636 407
258 361
287 498
523 246
255 52
877 492
446 210
638 364
177 962
153 173
189 768
635 530
885 601
905 430
205 279
2 720
354 244
852 915
10 427
95 446
841 610
290 447
975 16
86 33
47 465
280 336
881 375
549 524
644 791
414 42
90 109
38 157
465 57
671 690
413 261
673 119
13 337
592 624
702 981
631 61
222 488
489 455
303 214
217 778
351 478
764 48
589 226
775 765
578 911
813 293
911 752
445 147
523 505
207 662
682 376
325 740
784 967
260 33
674 385
626 213
57 679
423 778
12 642
706 536
906 66
661 754
902 179
15 897
894 602
744 359
844 536
775 211
150 302
234 524
344 197
825 818
54 814
333 997
461 57
803 647
299 823
600 97
311 497
901 831
631 753
493 137
875 623
319 126
917 636
526 381
787 486
235 268
187 717
766 281
279 940
40 2
250 7
688 535
190 797
964 976
237 72
413 814
689 371
475 865
270 864
708 590
723 117
133 729
756 126
680 595
496 241
444 366
749 810
942 825
785 418
381 604
993 431
478 6
822 271
615 843
289 971
31 65
367 415
133 989
946 287
919 44
378 886
349 7
120 845
57 619
342 776
645 365
148 968
719 245
431 495
22 174
89 711
266 583
596 556
850 266
448 274
949 1
547 143
306 383
347 59
114 154
577 482
101 327
641 609
81 885
550 949
145 575
304 637
381 400
409 562
496 286
475 465
594 403
361 494
220 942
6 303
482 67
537 239
456 337
526 94
150 606
147 421
105 531
603 945
752 639
412 190
548 505
563 727
320 445
681 635
108 158
167 548
940 600
602 456
785 625
541 527
411 37
561 681
380 789
685 950
875 98
140 444
383 365
327 740
119 164
254 156
587 637
859 559
997 842
425 843
375 413
254 423
790 454
505 117
60 465
262 339
479 120
796 428
169 579
353 565
517 488
303 117
733 190
473 649
218 986
498 287
7 538
530 301
432 215
26 923
220 675
714 322
460 365
364 631
356 212
20 160
249 488
236 776
164 53
451 921
570 862
616 52
880 929
336 771
186 171
288 126
355 671
583 313
727 582
27 683
428 217
250 909
575 606
507 49
925 183
994 490
44 872
206 203
75 392
658 347
484 320
522 962
473 524
757 635
50 569
718 88
990 429
919 285
589 980
128 574
261 41
704 549
797 745
325 520
159 781
952 409
557 200
707 369
120 365
634 776
381 294
936 913
384 599
244 70
786 80
201 546
407 695
830 309
725 655
838 671
973 201
98 293
276 943
728 849
986 878
140 342
509 840
399 335
973 599
528 878
739 911
579 876
642 105
380 898
357 866
942 440
192 636
339 228
229 352
880 691
56 55
38 860
484 488
999 955
78 865
820 299
327 374
582 42
632 123
73 438
583 800
604 785
366 623
234 107
489 570
939 681
407 338
565 956
148 433
454 445
309 470
571 190
727 790
988 942
770 541
394 790
101 129
208 807
470 805
272 867
233 70
433 920
510 510
166 290
623 878
534 940
671 678
9 999
944 353
679 856
422 831
81 520
481 649
8 359
501 468
952 757
721 398
685 715
273 855
582 302
185 211
560 524
297 226
261 505
399 124
924 756
271 718
48 392
594 64
135 100
480 311
100 238
345 11
34 838
839 372
198 868
333 527
354 294
788 317
962 707
227 755
933 418
958 238
487 608
951 707
449 758
41 670
722 478
501 107
240 647
432 752
827 781
880 497
676 724
516 876
36 740
908 784
686 785
436 352
164 132
443 543
801 26
375 841
101 949
780 598
58 797
708 720
213 212
478 817
954 672
267 998
944 463
877 24
978 901
997 206
327 907
61 281
88 927
400 254
237 280
908 802
101 109
763 312
13 127
233 212
946 95
995 815
741 560
625 224
367 489
780 733
953 383
255 539
93 62
329 141
63 971
596 174
746 633
852 372
311 677
451 603
505 46
137 177
7 831
718 21
639 400
108 783
65 79
231 605
952 516
899 184
317 153
362 175
730 734
917 906
94 979
802 611
606 838
647 532
573 199
547 721
735 554
183 342
769 415
481 226
966 822
729 847
397 375
255 765
448 975
104 270
882 295
813 527
780 546
327 749
13 905
838 474
487 646
880 636
720 380
416 946
715 171
138 90
802 890
456 662
931 900
468 420
472 717
129 313
252 634
733 81
842 781
2 528
174 223
517 33
716 568
382 530
172 45
55 710
677 690
272 294
468 950
355 919
396 974
735 882
818 391
83 273
583 751
565 154
217 861
275 470
1 924
474 410
512 838
595 632
223 751
181 638
765 638
801 644
995 608
260 370
422 142
818 393
110 933
288 862
152 967
69 126
238 232
348 82
504 965
32 897
914 516
592 837
750 120
958 111
764 941
796 327
668 274
446 852
941 206
111 239
706 332
370 187
886 626
85 118
828 480
274 291
830 623
608 766
576 44
100 728
244 264
11 765
60 503
412 176
669 73
715 859
435 148
673 982
771 984
794 581
956 330
353 737
149 606
673 600
83 214
956 502
594 418
315 796
103 950
525 579
615 830
204 400
447 653
518 432
868 982
167 53
305 230
129 116
464 325
97 876
549 747
203 676
826 375
166 987
800 924
922 83
68 983
629 149
104 423
175 59
947 808
301 240
246 717
34 947
640 228
26 546
91 747
339 357
268 36
475 383
562 104
940 495
327 309
494 644
821 265
932 181
777 556
198 694
78 43
145 285
767 100
123 668
551 22
3 290
754 126
832 403
728 22
864 684
822 497
840 283
866 641
565 914
757 844
981 683
674 125
388 71
780 543
267 786
145 342
167 826
821 452
259 912
974 943
983 965
17 552
39 173
919 724
465 855
756 998
520 636
313 812
297 660
835 495
949 367
261 576
643 979
958 740
100 733
717 935
530 955
954 953
112 420
956 465
25 276
392 469
681 989
177 72
329 403
586 94
426 355
319 828
152 930
616 115
312 659
731 606
698 338
117 518
158 328
236 388
497 317
409 117
26 53
435 616
176 985
74 111
582 161
769 832
598 748
758 234
641 662
943 647
154 956
708 324
988 337
125 274
473 677
993 291
320 254
222 398
543 633
969 376
214 329
596 240
820 210
863 659
305 703
289 61
717 250
168 786
272 420
302 177
416 740
240 923
541 531
419 598
346 101
116 651
356 744
344 164
381 724
823 232
190 406
787 784
369 951
493 340
664 234
841 125
42 22
359 255
52 571
816 414
793 887
482 499
362 64
969 905
792 880
846 862
149 140
319 956
200 376
846 852
884 824
844 259
632 754
455 426
303 535
345 949
761 702
315 667
963 989
190 405
947 688
954 181
751 890
431 391
5 613
203 626
556 309
696 924
904 174
628 557
59 620
197 499
252 87
694 776
385 671
996 208
212 20
445 815
435 138
478 753
524 841
5 593
527 835
265 957
943 403
548 499
584 708
25 590
643 526
966 205
459 922
661 256
709 297
980 194
860 77
91 556
490 695
846 675
284 656
583 638
419 78
100 252
976 980
462 353
96 90
765 363
673 346
563 968
437 440
500 280
811 140
126 62
218 961
813 740
362 359
612 749
633 588
417 303
107 213
371 374
896 17
252 286
173 760
879 987
308 160
893 9
674 622
365 915
489 570
168 299
791 803
172 723
388 189
669 825
783 58
333 535
486 268
625 863
911 185
438 496
101 467
222 724
552 769
436 94
948 962
384 548
283 984
411 147
604 321
739 297
437 972
971 783
742 558
305 503
205 355
138 433
256 872
845 999
947 563
920 190
45 377
867 47
433 71
490 776
506 733
251 966
660 332
41 986
533 182
876 76
17 243
723 262
316 115
986 704
175 241
186 739
830 709
558 133
184 563
176 611
438 658
998 167
751 826
316 148
273 332
410 738
730 844
468 403
775 30
479 5
466 452
519 472
304 152
497 468
511 136
315 23
699 154
517 184
67 80
13 867
495 610
677 864
961 862
708 350
129 963
468 580
972 347
821 942
767 976
390 942
62 453
924 987
938 414
838 619
169 844
481 573
552 619
312 704
101 141
325 585
162 865
532 641
75 742
262 472
897 81
705 391
459 451
218 452
566 187
372 845
155 109
778 119
154 924
707 669
279 201
224 581
728 959
815 986
769 990
189 357
970 476
667 576
601 670
620 86
419 719
162 878
883 964
72 673
574 814
207 181
966 131
460 206
565 891
759 352
506 695
264 835
780 935
994 864
90 536
126 49
649 470
111 35
231 352
432 292
480 78
343 105
606 845
873 362
463 462
404 3
64 591
218 398
733 416
489 207
257 193
127 776
291 412
178 280
696 171
473 513
615 785
987 559
63 974
509 229
246 396
493 161
902 437
640 587
685 339
351 376
398 1
598 865
416 129
372 142
775 392
618 241
981 855
669 231
282 950
166 966
981 544
783 896
856 396
281 712
523 93
417 628
390 132
738 176
493 569
895 98
403 138
985 946
219 849
558 633
375 571
126 618
84 693
540 620
51 914
133 697
449 429
13 210
614 311
602 458
11 284
190 288
365 421
577 341
61 442
43 176
214 364
969 423
614 816
855 47
169 151
448 613
107 284
321 943
972 839
649 402
422 106
65 872
925 825
46 952
506 657
245 979
300 227
682 671
675 87
427 469
581 873
396 244
983 883
612 503
670 632
523 635
865 953
984 112
408 381
475 345
818 528
231 296
276 700
75 2
161 114
603 521
630 998
414 177
598 366
890 54
491 735
223 993
557 674
918 144
75 540
868 634
311 763
134 370
216 453
270 813
644 984
970 800
460 790
964 470
58 255
539 83
736 442
180 992
883 645
541 436
368 901
583 170
819 188
353 801
585 906
669 769
142 701
453 967
734 259
74 70
697 85
488 788
994 896
705 490
656 99
637 58
240 361
793 402
165 524
245 938
640 188
211 766
426 33
257 154
417 509
502 724
893 529
623 745
108 443
951 865
186 474
62 225
757 514
472 160
221 444
401 553
56 163
373 505
635 952
779 297
139 882
302 752
476 67
345 747
706 671
386 939
796 412
989 432
325 54
910 149
10 418
156 57
476 132
184 545
614 229
817 413
756 655
507 969
77 392
85 100
546 40
238 342
27 38
169 771
230 952
437 937
423 45
800 865
888 481
672 964
339 314
549 898
274 465
163 999
619 899
283 104
24 320
103 200
593 544
119 749
524 324
62 883
822 141
582 841
457 520
222 400
649 599
363 929
280 661
923 356
461 59
403 523
266 906
366 696
112 991
543 605
220 568
503 159
261 90
743 295
714 219
437 341
737 665
2 946
515 300
876 675
284 183
98 37
58 415
479 761
265 781
343 921
751 973
699 704
551 948
478 289
752 236
434 176
880 665
754 120
607 172
631 939
710 390
12 39
160 41
986 872
962 405
834 200
827 317
466 359
341 344
256 408
169 259
137 612
96 317
451 724
749 629
605 928
193 742
657 306
713 148
462 827
579 327
682 474
659 467
179 995
13 743
621 886
195 179
489 752
359 334
579 353
446 758
22 711
362 488
189 911
441 197
246 851
16 181
601 390
70 815
898 70
923 955
752 271
943 607
502 253
827 936
376 828
841 740
442 252
320 859
948 964
441 251
523 593
672 407
78 895
968 74
85 686
317 319
631 433
294 772
55 931
68 967
343 553
550 434
719 368
830 704
12 49
513 933
571 525
980 730
491 224
103 468
814 918
446 592
409 807
799 669
853 39
4 860
204 848
908 498
919 149
598 885
891 655
138 80
446 85
564 181
739 22
19 943
276 365
420 211
32 152
293 878
575 72
812 653
541 681
825 604
742 423
205 698
105 692
988 554
846 147
773 115
141 328
478 564
550 959
541 563
55 265
919 395
452 286
30 265
643 978
608 385
675 677
176 136
384 513
664 68
785 952
201 286
165 817
827 148
373 929
941 496
346 489
350 401
638 757
74 402
513 418
761 147
644 728
646 195
171 447
354 610
603 97
802 262
574 92
352 655
155 179
634 861
761 474
917 475
951 191
462 800
604 402
723 111
590 511
743 318
241 775
140 927
809 403
180 807
406 238
808 301
628 538
242 60
911 546
980 284
468 489
869 377
945 853
633 289
391 445
288 366
789 783
887 863
626 405
281 356
559 3
134 138
51 760
450 253
801 961
729 99
98 979
576 701
900 369
830 597
462 978
400 782
427 721
310 702
286 278
884 105
819 693
215 269
195 414
544 296
154 713
609 579
954 586
43 631
584 906
54 923
876 633
414 751
994 147
545 679
249 632
11 545
138 642
834 678
628 71
313 78
36 82
389 723
771 181
743 743
308 653
744 590
54 73
510 140
675 198
379 326
244 261
40 249
681 966
35 940
285 138
226 402
844 923
199 805
191 390
562 172
939 450
47 335
425 552
60 719
976 344
991 227
56 678
627 992
539 916
153 825
293 637
967 294
269 62
993 535
472 52
375 934
697 496
963 949
401 709
545 269
639 435
789 628
827 43
312 51
782 552
541 410
348 976
342 14
825 729
944 608
882 529
344 175
707 120
177 993
193 610
500 814
462 146
53 224
407 991
381 30
76 136
311 585
953 655
724 714
224 712
670 272
771 54
330 314
28 903
440 101
706 358
334 603
149 193
200 100
225 611
391 695
836 153
386 703
515 117
310 752
146 631
191 897
658 839
435 503
646 351
489 94
320 73
147 641
443 863
486 665
9 367
103 55
663 573
686 66
230 375
505 925
284 690
201 437
81 839
119 159
683 176
651 848
173 720
2 961
451 311
79 986
338 644
901 661
486 490
981 499
931 24
404 748
357 92
702 93
309 221
345 2
299 870
707 600
204 53
436 880
430 287
95 700
344 385
196 339
772 803
284 55
666 607
102 251
948 526
336 21
272 449
61 801
255 974
82 399
439 384
884 619
401 1
836 762
237 602
809 424
893 995
336 481
505 422
810 893
907 116
733 251
23 479
338 476
65 142
216 458
796 980
736 93
466 769
467 558
728 496
771 928
802 630
500 68
88 341
555 952
191 7
496 311
931 88
532 217
92 923
519 331
206 178
51 334
892 232
841 421
590 132
912 873
457 908
66 793
479 964
255 560
717 463
248 717
578 411
332 451
761 271
649 687
267 10
591 985
226 657
354 728
510 561
660 773
748 398
411 547
428 480
277 1
692 262
372 826
571 208
438 553
153 733
562 410
140 115
198 929
623 181
662 284
800 413
200 215
249 942
970 117
328 678
223 593
641 570
896 760
291 259
855 585
393 44
213 261
803 117
141 710
215 586
263 265
800 541
486 53
557 125
373 499
116 346
549 827
542 831
447 734
152 343
140 482
646 61
833 2
838 480
55 495
33 562
608 255
564 654
563 47
748 135
591 255
641 755
280 237
39 312
102 969
940 398
955 283
453 166
646 301
693 418
779 982
33 463
186 21
852 178
825 845
197 570
174 399
721 293
992 883
335 157
979 585
147 839
344 308
592 95
964 468
893 797
44 427
572 304
764 177
374 737
878 51
494 941
669 224
8 315
556 234
102 11
13 418
395 979
505 183
825 22
981 5
469 983
223 268
322 889
343 645
146 739
226 796
269 833
796 872
165 180
713 998
708 77
397 558
905 442
784 147
74 342
486 729
816 39
550 431
748 788
686 982
14 421
846 541
774 892
786 305
44 220
838 284
368 665
84 546
689 654
262 153
196 260
466 28
392 718
281 895
112 450
316 945
730 171
886 416
79 177
613 784
496 378
888 880
726 948
389 507
528 966
971 216
682 46
829 910
32 217
995 698
852 158
812 664
650 571
82 934
651 260
165 478
295 208
572 496
316 810
536 833
200 860
549 609
318 948
13 926
743 794
620 682
453 968
78 953
393 964
74 469
139 972
48 720
252 559
220 53
102 956
408 825
144 914
644 889
545 435
775 806
954 610
837 541
17 972
19 41
60 219
399 134
743 642
506 344
470 918
414 841
966 134
466 774
218 21
369 110
45 667
140 530
97 109
760 969
201 398
212 331
85 824
105 739
909 753
973 850
243 585
441 887
890 564
528 13
178 548
921 266
23 895
26 880
947 351
311 122
238 891
396 755
537 587
740 453
698 682
44 41
896 389
280 543
174 655
26 630
524 885
48 233
312 398
474 565
515 575
650 581
823 230
904 318
423 81
957 576
31 433
252 295
302 634
544 245
366 839
603 102
202 367
199 376
136 366
205 296
122 204
459 123
462 327
356 226
198 418
112 48
354 360
109 281
760 293
293 260
439 189
547 170
244 367
749 442
101 390
702 71
699 447
444 868
378 99
188 228
638 814
532 943
105 413
783 597
102 694
128 297
690 458
881 622
766 150
215 453
281 731
395 119
76 456
738 336
187 140
391 749
880 598
790 594
989 828
688 379
567 457
112 682
802 90
849 629
437 528
161 834
902 385
691 390
500 904
296 751
385 130
210 666
149 110
355 554
740 486
569 551
672 251
858 211
504 763
188 88
889 846
165 273
104 126
975 682
859 592
185 261
335 809
830 37
414 791
646 644
885 359
552 627
940 512
336 651
993 458
819 868
75 89
633 563
245 1
448 344
606 307
554 109
501 37
760 811
520 254
772 568
972 326
188 399
736 2
325 317
88 631
712 309
308 400
783 872
389 126
691 162
418 339
268 763
475 455
808 297
255 922
490 429
969 43
274 767
212 230
136 646
132 716
826 310
175 654
228 278
322 367
757 699
621 36
236 560
767 352
618 239
822 206
747 903
771 727
408 610
228 791
514 685
875 885
942 475
852 9
840 376
470 636
930 341
478 899
124 948
388 255
989 792
370 88
562 168
188 788
83 612
923 506
946 685
216 758
649 224
912 949
423 5
140 263
112 232
526 667
315 141
69 502
259 738
429 581
170 837
607 180
94 333
762 816
419 444
896 107
131 904
616 447
929 866
569 646
532 986
894 559
464 364
706 764
18 54
922 85
110 339
786 295
611 782
3 306
448 187
922 330
84 466
636 689
737 81
218 258
638 51
719 895
969 424
389 765
695 111
47 714
578 905
669 720
992 806
608 446
683 212
541 344
644 404
231 998
583 113
184 176
794 674
359 596
583 22
166 948
702 660
932 16
220 760
960 920
598 343
42 998
349 574
78 288
345 149
130 732
392 798
799 344
534 428
517 908
48 334
30 796
731 55
995 440
25 407
784 29
222 955
502 385
54 988
721 401
601 38
816 486
345 139
837 737
203 496
465 758
334 945
345 642
34 648
255 64
763 831
572 633
517 719
895 5
752 321
892 579
327 153
686 11
457 758
25 187
493 963
430 494
779 830
318 370
248 719
473 496
343 698
599 840
290 632
316 785
292 676
338 87
310 77
108 579
827 321
308 668
755 636
504 840
549 121
809 69
878 194
330 849
726 139
845 151
90 944
855 678
777 418
239 959
615 154
582 966
727 397
731 701
515 332
31 932
500 73
381 948
381 14
480 546
2 372
129 446
979 496
139 224
589 213
837 933
582 433
754 909
989 16
345 291
182 804
331 329
928 109
986 28
540 345
943 83
341 541
548 239
279 507
641 351
606 263
941 521
11 202
57 769
446 244
14 575
294 540
459 929
935 100
811 42
497 724
36 115
269 395
110 838
125 542
757 416
264 396
929 797
233 544
189 885
940 247
477 228
834 534
474 227
866 495
937 241
192 761
361 736
433 674
810 459
553 608
978 657
374 47
855 900
78 89
157 360
889 408
80 289
199 719
786 239
418 339
4 499
546 301
410 264
233 944
822 852
420 206
143 64
859 275
860 716
743 906
639 944
72 705
819 244
615 258
635 814
882 999
438 254
609 865
102 395
677 364
80 707
801 140
335 503
545 889
498 921
484 443
528 24
910 564
845 471
964 301
343 285
441 59
898 362
501 600
865 191
760 356
280 668
581 511
791 347
387 465
264 928
971 135
656 749
396 215
419 263
795 77
857 475
438 825
114 111
864 197
283 232
832 777
931 780
206 306
192 980
580 676
682 862
984 268
677 193
676 347
360 846
848 696
1 860
491 63
711 283
417 15
780 154
590 805
292 657
391 333
246 987
103 234
332 401
867 452
602 937
110 848
487 282
765 754
588 71
446 381
701 855
597 487
549 179
866 297
725 366
599 819
413 938
51 175
804 940
526 572
22 881
260 175
232 619
934 740
399 522
643 524
658 601
934 712
908 454
98 14
530 54
67 79
273 457
988 232
297 955
301 748
806 964
211 890
733 947
412 134
714 971
727 472
550 567
612 492
233 30
750 639
354 643
103 813
306 459
481 709
968 998
640 819
217 300
157 443
871 869
468 645
298 182
645 28
793 721
83 552
599 817
884 361
987 472
651 925
352 400
26 868
747 316
515 326
713 524
647 263
967 885
45 434
319 776
222 780
875 230
813 671
936 427
979 922
839 717
876 858
766 159
570 129
83 414
30 605
542 856
217 729
231 49
761 641
787 995
795 619
173 128
507 375
712 803
495 858
382 478
702 330
292 95
376 494
682 934
591 140
123 495
864 234
384 444
282 99
923 60
766 20
358 994
276 350
839 99
842 728
587 428
388 234
370 156
654 290
487 174
846 366
110 168
918 776
489 440
829 448
868 930
752 517
186 93
510 519
753 658
3 115
298 744
377 253
930 119
138 838
593 403
684 796
870 318
112 87
834 583
413 647
967 442
707 701
406 334
272 442
890 626
511 36
614 27
763 824
445 735
983 72
779 682
698 403
444 702
378 930
35 883
850 862
481 422
381 502
472 373
956 484
420 315
739 660
298 503
985 462
569 58
233 264
122 907
563 829
844 257
718 143
811 460
601 386
234 80
639 196
987 89
619 245
362 956
633 886
45 442
203 159
432 777
344 443
211 18
841 686
444 55
32 483
130 455
188 629
983 728
629 173
975 708
261 575
503 46
79 948
875 247
733 773
58 751
782 117
107 261
248 358
187 639
311 88
6 337
165 513
518 468
178 72
442 869
375 545
38 851
695 186
353 871
47 33
785 946
5 2
690 125
61 869
198 488
499 573
200 396
75 168
51 332
750 532
282 432
302 480
778 229
132 486
499 62
943 430
666 967
992 198
482 929
772 101
581 646
135 708
793 623
181 300
491 882
145 467
924 470
874 192
122 548
812 621
644 78
535 945
538 165
459 72
414 815
43 260
923 798
965 470
899 452
880 604
112 281
6 901
848 513
777 547
751 746
262 556
799 75
522 419
785 210
424 913
13 67
336 183
822 152
943 989
336 232
739 449
229 35
755 77
396 314
386 387
208 738
630 663
60 113
412 653
643 879
843 754
812 611
411 831
204 862
814 520
834 184
541 197
981 145
400 669
748 37
861 116
807 704
428 715
225 122
859 930
795 152
223 740
332 739
347 397
5 238
274 508
519 52
783 327
709 734
113 548
481 100
68 738
117 363
704 3
605 387
522 505
747 599
328 938
266 972
156 448
945 22
274 184
478 108
985 256
346 884
900 517
477 125
323 190
625 725
296 837
516 809
421 135
185 754
234 933
243 935
988 957
938 92
496 824
263 276
654 175
860 803
954 263
396 726
934 107
81 378
624 134
601 593
232 639
54 27
477 112
972 570
7 274
642 705
738 100
559 579
186 971
67 948
713 623
373 585
845 131
452 519
543 822
30 768
353 624
351 638
55 122
175 258
583 468
194 355
776 233
989 379
606 301
269 599
29 826
643 652
719 268
12 780
413 924
35 440
363 646
547 208
998 700
204 851
100 599
246 723
946 289
224 766
157 61
863 698
939 753
228 902
183 779
181 645
890 272
951 904
511 119
971 493
52 356
238 553
689 763
794 986
278 882
269 703
430 639
77 183
331 449
615 495
623 252
510 383
711 980
322 866
857 667
404 558
271 654
495 324
156 256
689 107
779 824
953 129
972 548
493 522
674 729
180 191
951 453
216 482
618 459
722 567
554 783
276 59
782 12
883 191
205 699
457 866
136 251
535 455
92 131
467 588
44 871
58 461
249 550
330 830
702 901
41 333
918 72
250 520
692 706
432 28
579 692
528 831
442 395
383 822
202 120
19 334
30 263
893 920
137 891
250 319
633 622
556 236
503 987
297 426
659 935
321 527
509 606
907 900
683 148
517 172
563 815
373 517
294 682
943 230
69 395
669 828
274 314
200 477
379 150
91 781
876 128
645 590
350 153
495 644
304 514
352 468
477 902
803 350
785 769
582 906
237 19
84 766
66 636
621 3
23 186
105 463
152 8
143 72
717 5
994 766
831 190
290 296
267 286
340 735
788 10
585 145
954 199
566 374
897 783
191 449
50 742
64 303
763 376
971 759
652 2
452 203
254 585
564 869
965 975
937 467
588 246
218 801
922 326
457 288
812 688
329 796
185 423
342 739
268 631
182 743
840 14
857 989
198 115
870 563
380 598
765 471
510 767
579 132
950 430
362 315
21 327
971 691
877 260
582 522
813 287
129 147
247 240
686 659
873 400
467 671
475 639
248 740
931 49
24 482
808 435
194 712
309 382
913 657
382 300
54 451
465 185
891 450
213 293
138 158
157 48
501 200
306 645
238 465
832 256
119 425
79 36
840 761
859 717
521 571
600 867
900 105
796 236
570 453
224 48
570 579
905 278
918 122
976 667
54 374
171 111
947 916
24 829
561 151
254 161
973 862
343 456
398 799
122 402
148 226
82 235
69 558
916 677
361 258
246 868
26 96
513 394
909 500
466 854
986 811
276 104
827 292
773 684
108 654
188 517
480 45
119 297
697 787
613 107
716 87
91 602
349 788
918 751
756 331
739 394
582 714
694 493
678 74
655 541
460 954
167 259
835 742
306 521
248 479
974 715
150 380
271 90
1 306
855 440
889 202
329 533
286 358
159 980
795 407
592 294
991 677
423 820
858 861
196 951
281 165
535 680
724 540
97 657
456 205
106 39
527 421
963 242
844 306
366 794
16 384
145 245
589 617
556 910
567 913
334 261
57 437
476 320
378 979
84 78
449 129
433 107
146 412
304 524
151 424
188 639
964 299
335 411
658 190
403 755
49 69
838 961
406 764
149 277
136 895
250 648
61 154
943 531
535 926
163 468
174 7
968 659
238 910
395 705
861 867
635 317
19 276
970 857
676 657
590 972
49 659
492 872
956 686
326 432
788 899
720 295
735 697
322 428
751 438
350 427
310 494
773 174
753 941
10 385
982 552
692 957
580 734
896 699
724 652
703 902
847 330
815 76
766 984
57 719
107 939
805 919
417 912
721 2
732 111
963 107
94 167
646 596
142 514
572 850
855 980
450 265
413 726
741 722
365 940
254 354
941 773
86 575
254 254
607 111
426 4
752 398
935 224
442 393
763 122
234 71
22 338
20 368
502 22
279 603
753 339
966 33
373 278
603 94
309 297
156 552
27 369
5 714
768 967
398 230
949 575
688 410
21 701
344 99
562 583
903 737
968 668
786 276
239 878
55 992
843 370
15 939
579 361
820 741
460 423
464 932
51 551
846 48
555 988
487 674
993 906
32 818
347 561
978 950
304 341
190 168
654 457
493 800
85 992
821 66
691 961
991 314
205 255
529 604
504 310
572 354
518 31
543 256
101 760
822 665
378 141
363 114
957 448
734 121
834 235
768 341
656 277
996 273
374 664
865 115
553 667
812 87
103 797
361 326
459 149
305 781
244 238
300 509
949 136
593 631
661 348
581 827
422 234
405 673
249 594
128 761
470 10
816 271
472 90
211 519
979 402
868 755
459 405
967 606
35 50
423 225
630 764
715 133
308 440
252 467
534 883
180 312
771 165
23 896
955 421
419 513
461 140
734 622
994 680
510 655
772 717
70 868
263 232
693 622
900 442
303 24
840 124
203 807
695 801
29 440
830 569
234 521
615 323
680 821
448 973
901 413
754 613
533 123
297 940
147 184
629 565
529 540
456 217
41 814
388 243
648 398
676 177
501 840
198 301
526 503
264 157
911 434
122 42
912 394
473 788
980 779
298 501
457 142
39 379
519 23
673 492
118 426
983 779
241 257
183 149
977 585
700 332
703 714
165 18
220 428
614 933
352 532
786 240
568 673
28 589
572 192
199 137
211 273
279 200
875 655
616 486
481 892
415 618
339 619
482 338
896 322
741 870
126 140
900 676
30 886
327 418
104 566
747 779
920 291
931 165
6 908
757 789
810 748
363 766
5 700
70 546
349 378
621 256
529 420
273 853
546 5
582 940
39 132
81 119
501 369
593 557
934 297
308 120
45 510
963 484
323 225
641 241
602 942
677 996
13 651
883 538
707 87
548 646
992 3
977 870
315 439
894 589
909 305
718 436
950 480
662 98
449 597
992 233
854 212
86 225
947 370
321 533
148 480
191 282
874 806
387 292
592 254
197 808
867 594
288 170
497 601
940 460
967 647
204 909
502 70
312 378
713 442
941 653
998 252
220 39
580 267
783 704
324 534
565 205
823 768
588 568
591 40
460 555
163 976
403 856
1 5
280 214
606 628
795 672
495 346
369 276
199 9
545 523
186 938
518 908
17 959
431 534
332 854
469 235
430 396
267 611
446 799
50 830
164 24
36 490
407 40
408 586
799 760
969 143
81 89
268 204
975 501
199 496
706 155
183 283
953 449
998 162
883 532
904 58
406 401
482 940
952 919
843 707
143 889
969 533
781 580
287 659
132 746
438 72
352 876
34 873
455 409
853 154
27 782
465 505
997 154
736 225
7 112
212 294
202 167
332 579
365 805
925 341
946 134
852 731
681 431
62 238
137 80
561 690
41 351
544 21
239 631
815 671
650 273
840 935
9 117
425 128
235 519
524 957
913 422
435 784
285 330
385 180
323 320
990 131
163 650
984 599
590 715
999 52
773 236
889 377
680 868
46 291
54 504
352 333
135 183
199 789
351 240
656 920
8 254
908 412
179 430
654 120
425 391
172 952
653 663
906 71
856 271
800 828
600 305
980 3
293 825
200 404
159 749
796 112
685 429
961 462
137 474
399 270
305 223
433 356
803 366
461 509
821 299
395 95
103 171
470 775
410 73
165 255
511 150
961 910
690 780
441 575
332 168
760 9
254 632
989 662
251 264
621 364
654 10
201 865
779 148
139 963
495 224
155 57
173 341
785 643
104 768
292 994
232 170
170 573
951 581
677 519
13 550
887 802
623 447
315 899
570 628
656 301
72 914
988 608
964 332
906 523
602 170
103 611
850 443
455 289
177 795
70 319
298 201
865 914
679 508
717 461
901 155
380 362
85 592
90 179
570 508
450 454
603 626
271 427
720 524
587 221
45 971
941 988
528 851
971 826
4 90
939 424
1 11
678 23
159 309
57 785
116 923
552 528
404 890
746 628
340 369
496 677
500 539
854 707
172 155
361 392
294 165
486 896
101 752
348 287
107 655
88 257
169 934
75 288
897 271
145 338
665 742
746 700
950 181
747 682
924 15
494 882
16 118
415 621
276 336
250 215
735 417
81 807
44 166
264 152
801 121
830 544
580 876
201 416
63 698
679 264
224 899
469 28
891 307
338 878
366 497
450 382
18 11
586 350
419 192
788 389
919 702
496 292
944 489
513 145
266 443
993 430
22 58
687 755
727 348
718 355
650 568
737 298
927 166
497 636
857 933
573 426
775 806
724 407
670 748
932 323
44 515
323 399
296 737
59 522
992 770
582 767
108 195
480 822
496 43
845 580
772 842
535 381
113 943
728 26
682 542
687 809
350 106
913 482
569 892
459 156
270 612
377 769
416 563
63 142
303 191
938 516
137 408
133 153
929 94
227 522
65 929
555 170
313 921
707 493
578 381
576 69
924 392
664 769
361 61
811 25
106 502
42 801
129 63
32 191
391 344
502 514
790 782
84 159
838 780
838 478
395 114
994 988
234 643
959 861
129 291
276 426
934 806
579 690
279 680
923 119
707 17
690 514
825 284
426 291
873 287
175 935
504 856
280 258
445 663
70 358
728 393
669 171
61 925
877 286
746 159
769 866
301 323
485 424
495 188
853 436
702 80
654 523
884 295
615 802
239 890
106 463
189 640
369 988
15 758
56 257
272 911
39 22
373 156
182 954
921 836
660 607
345 141
17 189
811 236
958 400
109 732
324 858
687 389
709 854
784 55
891 462
912 227
761 269
960 368
929 374
791 483
797 280
670 823
739 428
72 246
798 733
537 5
280 683
919 730
868 441
995 512
209 496
346 218
71 466
336 435
758 484
65 982
389 658
11 322
709 527
502 406
72 616
29 708
917 163
686 262
62 272
236 219
513 729
827 405
889 957
943 104
486 608
807 750
739 212
426 780
271 728
190 633
604 957
901 878
944 321
553 495
701 41
743 335
591 913
992 632
800 260
352 850
415 86
16 408
45 885
93 590
914 263
167 594
418 77
105 883
161 173
87 260
486 835
175 770
632 352
140 252
415 955
215 638
489 155
172 241
505 592
252 967
899 458
282 150
719 248
908 561
281 202
961 193
219 616
356 543
391 199
705 277
517 526
889 572
206 275
395 545
111 517
298 906
490 895
920 690
800 168
765 340
236 851
419 420
887 364
932 12
309 227
973 72
219 211
464 189
535 528
414 894
735 425
90 728
77 866
446 46
882 66
158 562
248 529
788 37
534 147
667 663
137 395
534 700
195 518
41 979
119 510
731 365
801 778
719 728
13 937
293 344
913 246
262 709
132 83
39 109
138 198
103 540
115 101
704 637
466 158
548 928
596 231
902 554
220 495
69 593
817 913
893 75
191 951
373 872
756 396
746 13
563 944
92 579
598 829
960 462
533 36
498 19
765 378
921 375
492 542
642 472
965 197
327 801
973 511
798 111
33 379
202 568
260 772
822 311
429 6
29 908
873 273
963 306
512 24
189 810
392 445
718 517
31 711
290 522
394 801
182 5
321 978
872 281
568 229
456 222
471 305
821 175
552 158
610 310
550 465
470 641
847 890
962 275
950 805
438 728
965 388
815 958
222 290
117 723
952 66
315 831
489 687
841 972
922 627
372 789
13 687
376 412
227 964
568 600
566 147
661 733
502 584
108 616
336 997
559 677
33 952
237 238
578 820
299 317
6 490
281 32
30 577
661 874
483 766
141 663
915 121
542 829
881 769
773 817
470 733
854 905
967 759
285 111
426 761
718 312
824 227
747 415
238 829
756 593
689 669
960 406
527 106
876 170
536 656
948 895
478 531
188 713
571 891
880 557
400 922
162 921
651 540
517 275
579 488
177 500
540 960
231 816
510 618
655 995
814 743
822 262
15 418
552 648
414 751
712 28
817 832
985 147
537 75
216 57
478 240
466 389
667 988
453 21
962 840
675 382
796 481
474 763
532 516
495 405
946 744
750 302
311 634
713 29
394 976
434 915
650 287
286 202
383 729
970 535
981 938
963 232
479 279
127 112
694 170
421 155
941 740
615 875
551 613
507 730
251 522
409 433
805 646
870 646
387 422
430 57
808 745
140 179
981 175
937 476
391 965
875 73
140 953
186 181
972 139
49 207
662 159
307 599
573 596
582 103
379 300
78 142
686 811
778 221
878 272
482 438
74 766
774 628
439 341
286 271
239 365
128 585
994 568
951 12
512 937
573 680
832 767
874 395
568 640
231 182
946 483
988 385
56 459
323 773
903 399
919 469
987 22
868 572
758 422
226 43
220 372
135 770
502 829
642 144
114 154
36 920
108 812
131 208
875 496
580 216
362 306
656 326
672 785
427 710
394 344
316 195
510 397
291 665
109 788
797 798
857 837
302 302
892 359
504 710
565 65
788 445
718 752
898 715
331 827
278 92
181 682
917 44
68 565
324 845
453 783
538 989
79 332
561 586
525 330
181 689
982 591
139 805
615 14
487 691
217 873
463 154
503 570
711 685
340 516
856 549
82 278
457 677
334 239
254 600
121 891
898 194
765 596
840 463
633 726
170 230
821 383
620 757
998 789
122 266
877 127
31 938
468 478
523 533
748 204
553 773
546 973
740 775
748 794
917 335
998 285
60 788
795 868
565 149
368 262
712 562
352 21
312 285
345 597
43 609
471 215
158 471
833 278
163 626
248 962
994 995
202 772
632 124
574 939
407 736
201 527
738 533
407 421
859 631
117 161
973 294
397 669
918 651
232 150
942 130
398 222
563 538
888 554
464 169
257 71
173 708
682 974
905 138
310 906
204 435
929 530
805 658
230 140
609 431
715 492
207 946
905 225
99 362
446 121
21 762
157 101
150 525
95 577
879 995
188 191
931 814
784 566
817 717
934 669
451 414
977 995
481 579
998 210
450 304
447 523
666 292
665 122
230 621
777 503
719 391
975 993
852 395
636 40
459 328
523 138
232 391
461 15
973 956
482 3
931 106
380 13
505 121
252 631
472 221
72 21
334 236
325 736
222 716
714 545
951 736
996 277
294 892
661 588
595 125
769 726
634 600
469 258
15 531
644 535
337 59
680 215
489 713
13 331
323 451
765 478
228 226
190 667
647 483
328 629
961 93
325 675
713 776
549 487
958 575
591 712
923 731
649 267
663 315
309 169
877 300
124 33
666 669
39 612
106 711
258 771
545 135
944 226
145 917
772 569
604 64
504 529
801 331
48 287
39 218
679 261
540 338
298 431
338 642
447 684
462 52
320 199
170 982
46 484
798 995
372 190
910 709
693 702
65 97
322 994
406 415
258 855
320 384
782 58
561 650
549 523
23 665
855 691
7 696
616 61
813 971
648 236
526 549
189 180
510 129
674 186
262 712
622 859
247 162
874 286
1 125
310 131
653 14
315 835
382 367
431 880
963 579
582 64
513 33
922 786
364 743
448 879
34 484
290 723
536 84
730 764
559 366
549 354
129 437
447 428
1 405
84 188
534 885
431 173
145 570
134 773
399 183
316 140
571 262
149 221
492 692
88 18
283 8
132 33
651 588
625 883
913 462
759 208
615 789
127 432
411 552
481 329
557 712
148 622
327 243
142 915
665 156
4 527
324 557
486 266
414 212
312 702
288 504
289 923
599 765
857 599
333 276
471 274
41 22
204 178
741 682
69 751
834 886
627 337
596 445
50 355
640 971
379 411
449 618
530 426
314 445
582 98
379 26
626 561
570 387
925 855
989 41
906 515
384 887
493 692
653 429
182 746
777 675
365 524
705 589
767 412
779 873
514 813
339 316
256 399
305 925
999 361
791 527
639 627
584 385
764 626
626 524
452 981
933 647
903 195
443 830
350 680
157 281
352 763
938 260
147 120
672 857
926 99
500 787
35 292
208 484
512 407
770 225
642 430
49 772
440 675
997 266
9 749
460 390
753 208
433 333
800 621
706 188
291 860
542 603
971 454
392 818
675 172
689 176
150 372
785 49
558 320
581 230
217 144
927 570
301 335
679 588
751 339
318 41
360 667
780 392
308 70
544 716
262 445
677 162
810 533
295 317
323 477
841 574
706 952
931 453
239 252
489 968
71 141
530 502
7 647
747 359
849 77
17 185
543 62
667 257
445 361
605 399
158 943
830 973
859 735
684 592
584 76
167 742
41 17
273 285
834 958
923 778
218 341
897 555
347 382
64 199
298 108
996 133
234 823
798 610
459 369
99 946
434 747
294 480
143 195
443 202
587 391
70 591
686 793
717 989
261 23
343 404
572 400
527 143
18 449
47 240
854 597
753 187
989 201
89 365
609 323
386 465
413 313
928 921
673 350
684 889
90 247
469 208
842 136
212 630
926 891
555 852
516 706
353 643
439 888
28 460
600 350
911 197
488 190
20 727
380 538
606 234
202 130
598 215
36 132
205 31
564 916
774 738
90 746
853 140
541 888
7 664
230 470
603 715
265 575
580 470
387 172
697 209
463 109
291 569
407 262
719 648
918 413
381 794
161 418
253 477
838 644
945 765
554 360
825 81
26 832
797 473
673 826
799 87
874 356
488 569
582 829
630 577
286 930
499 22
188 976
784 143
251 599
968 641
427 258
63 287
832 330
831 390
545 660
57 489
443 405
521 401
351 323
22 140
813 989
119 790
52 45
227 969
825 120
362 423
515 434
872 461
330 50
917 976
598 384
140 770
910 898
19 852
129 483
511 457
387 486
320 241
913 233
993 150
698 585
421 597
641 537
493 612
919 439
750 745
464 482
699 923
768 974
110 730
540 688
583 856
698 518
126 980
418 927
514 933
758 488
989 639
695 937
774 197
954 930
304 85
231 128
733 33
753 777
789 350
991 369
715 158
710 146
127 914
997 352
787 9
8 239
353 851
668 573
642 626
363 243
563 51
410 633
154 992
110 971
906 203
373 899
207 102
286 373
941 315
41 704
900 990
761 327
265 566
322 695
980 41
321 949
735 230
33 998
936 556
638 686
815 333
190 247
622 275
126 479
648 52
551 131
159 857
55 247
742 334
823 139
152 67
352 678
560 259
75 84
348 215
788 796
454 600
726 275
438 833
694 863
949 553
100 461
365 364
244 445
406 939
965 62
514 503
357 551
468 80
837 599
746 692
142 274
579 508
895 550
719 206
212 699
32 325
403 966
389 409
366 837
163 607
436 457
857 936
538 241
498 576
512 626
44 382
66 948
585 134
308 825
756 333
643 318
291 266
294 32
301 117
404 333
233 923
549 471
262 601
717 392
306 958
515 602
809 556
34 581
204 455
231 862
212 758
480 20
966 378
182 904
746 595
107 446
864 530
800 148
237 360
51 14
279 110
752 598
92 805
339 505
541 877
720 547
342 73
186 777
703 146
702 24
8 435
413 594
213 921
918 280
744 19
628 350
541 630
381 802
244 164
392 556
880 917
877 398
4 983
723 884
330 432
715 857
216 171
733 520
77 60
952 49
895 934
16 88
11 294
981 371
227 189
677 780
640 426
684 248
607 881
243 875
214 235
23 971
942 4
611 74
555 536
136 823
689 175
626 847
368 839
748 296
719 171
733 995
327 725
543 57
882 432
746 802
822 497
435 784
282 274
647 400
210 670
601 49
162 165
810 123
920 523
982 324
963 561
963 666
629 304
835 167
11 940
513 646
444 283
39 516
351 276
216 111
984 922
287 293
198 115
290 94
364 26
728 754
893 300
878 276
178 510
982 432
597 343
368 442
829 561
975 661
520 393
431 469
200 551
194 254
884 631
124 868
185 966
660 579
536 112
678 764
176 630
185 456
329 184
859 446
462 956
250 56
614 982
292 828
102 349
63 113
284 348
820 562
307 103
835 353
157 487
950 852
566 658
172 406
749 334
269 156
924 888
800 868
87 783
61 151
42 932
875 63
47 543
716 703
551 226
634 849
969 245
378 361
311 142
647 269
371 406
606 342
378 137
340 323
310 73
275 734
4 107
549 196
741 31
288 245
753 16
386 952
311 881
921 843
55 702
440 24
317 164
977 149
184 467
317 993
838 603
229 123
758 363
539 787
27 91
657 491
1 566
98 558
82 458
718 857
376 281
901 472
732 360
318 188
55 833
683 603
519 217
696 59
741 536
248 591
182 699
532 855
699 980
251 260
676 21
498 113
446 229
26 140
76 407
122 508
366 115
200 227
855 557
46 573
176 61
5 465
501 472
922 17
527 115
784 454
405 199
371 789
637 917
807 702
762 447
594 982
443 115
225 54
344 295
400 779
775 453
23 469
524 959
105 479
266 28
263 552
534 970
654 890
392 954
809 541
999 645
733 903
878 858
350 521
211 267
377 738
735 977
10 866
826 158
721 782
622 446
363 368
146 160
478 733
177 53
648 872
979 846
773 735
428 671
352 949
789 444
225 924
540 875
21 408
101 208
240 618
662 90
449 974
818 119
47 113
895 571
378 704
43 521
355 123
156 144
699 376
864 547
687 2
210 169
83 526
648 775
605 714
346 706
834 514
478 36
950 889
593 364
150 607
136 426
972 553
98 56
41 539
658 200
199 9
574 230
505 895
417 764
773 3
642 98
600 262
603 190
775 805
837 978
325 273
250 577
372 726
527 752
694 104
645 692
26 799
14 297
12 837
657 529
272 6
227 970
624 498
950 344
260 880
825 853
952 728
112 649
791 416
509 688
792 906
78 531
899 806
109 56
924 250
269 878
835 949
194 877
712 379
224 420
297 516
818 208
877 864
766 346
893 676
883 824
898 38
730 968
436 860
295 661
260 840
734 878
415 78
497 616
391 849
232 662
199 96
468 638
803 629
212 475
568 396
746 930
340 310
694 161
122 395
685 745
160 347
786 887
594 417
619 682
206 342
821 330
515 730
847 98
701 414
4 518
443 194
140 160
45 424
317 946
27 575
563 21
358 447
278 71
702 378
207 741
873 565
25 56
70 559
240 95
462 616
353 471
519 885
692 620
870 894
869 804
993 387
793 993
686 953
122 74
491 883
358 786
471 631
493 94
471 792
87 565
132 384
292 779
302 213
999 427
253 227
889 668
717 434
536 141
965 579
715 720
354 485
32 689
533 176
279 418
21 27
255 794
269 100
9 614
830 401
197 489
617 514
547 237
985 101
800 46
321 376
161 149
39 276
67 237
199 925
142 832
765 46
291 88
650 197
471 825
311 662
976 202
636 603
22 995
487 932
837 631
655 157
13 539
526 552
904 597
962 899
93 221
485 583
728 371
962 726
14 987
184 448
698 94
928 67
819 611
467 298
759 267
319 882
520 861
969 125
442 661
529 193
819 147
354 285
763 117
457 559
427 790
674 796
926 533
931 26
171 297
632 727
586 605
709 55
651 275
938 671
343 929
939 237
256 249
623 392
748 313
138 930
237 85
382 611
870 770
324 658
716 456
43 403
513 525
291 439
397 518
974 597
173 728
598 907
696 926
925 704
186 551
67 139
379 386
640 559
99 809
511 2
604 123
932 175
946 356
360 970
613 573
962 227
305 13
950 562
836 47
310 234
20 725
533 158
72 623
518 324
13 226
907 32
442 33
239 483
652 475
430 537
854 351
412 477
41 369
354 962
503 484
518 820
147 380
273 362
596 471
421 563
310 894
468 7
620 780
399 944
503 111
292 292
171 348
913 135
336 463
376 987
690 585
267 318
107 281
10 409
15 337
954 472
266 762
674 184
241 9
397 86
29 155
812 419
647 394
344 937
898 83
163 993
369 160
597 166
41 377
614 50
415 387
747 581
964 701
665 474
463 515
544 92
538 406
744 344
12 147
640 102
209 975
283 784
868 878
675 423
151 724
896 51
374 681
489 409
257 971
865 280
343 881
987 133
361 327
444 891
517 684
695 175
679 152
135 270
252 913
265 210
255 508
501 694
685 863
196 213
161 708
566 202
198 679
709 638
755 573
715 752
380 200
