6500 1500
58 595
18 470
386 146
304 471
834 107
117 8
789 914
764 774
133 629
195 144
253 455
88 130
274 629
755 387
272 214
743 97
956 300
125 300
244 810
646 345
819 985
504 548
365 599
707 289
865 741
588 128
559 14
547 380
551 486
180 537
853 456
140 647
988 852
747 788
409 318
586 753
671 773
872 736
557 99
428 10
71 927
770 448
289 865
605 430
114 690
650 811
16 378
868 156
748 216
421 785
845 691
239 578
607 14
101 828
981 371
417 381
923 50
734 541
119 641
325 416
689 385
783 700
728 674
282 455
530 312
46 499
815 546
811 213
956 2
135 132
654 97
533 549
336 324
270 168
781 917
905 50
661 155
532 185
14 782
725 759
325 843
340 621
724 718
803 267
123 803
820 76
663 29
689 455
257 264
722 916
957 504
70 771
477 584
888 537
291 524
841 998
727 785
453 399
814 873
634 765
585 599
985 686
918 158
76 803
613 442
9 865
891 629
493 695
133 2
205 318
957 236
673 295
450 628
527 222
995 45
44 657
606 886
953 67
805 998
209 480
715 280
442 984
242 419
509 934
442 749
807 829
406 474
662 23
216 328
97 176
196 231
7 962
569 882
515 509
225 315
799 218
277 720
410 414
484 826
423 375
871 635
100 391
61 752
639 42
273 537
159 243
638 885
243 298
512 551
821 574
511 543
166 659
328 699
317 253
299 927
107 843
964 538
848 970
495 365
324 999
68 473
174 568
708 921
742 656
780 305
582 794
554 996
84 861
162 316
192 622
903 898
275 523
735 933
804 679
132 938
114 704
809 72
907 88
407 410
332 387
454 196
650 698
196 872
490 479
798 336
710 643
698 944
77 669
741 363
876 164
302 654
696 211
464 383
775 61
499 614
612 879
582 184
750 919
502 425
402 412
718 435
302 882
491 183
110 641
435 746
557 447
58 406
756 185
968 63
245 108
754 152
727 831
13 872
516 141
517 47
217 383
959 91
430 664
999 175
391 837
98 662
654 89
590 819
359 56
933 789
897 299
847 875
574 924
173 145
59 622
272 893
889 146
207 805
540 816
908 662
989 586
834 231
180 738
502 976
6 657
811 240
775 323
924 950
14 41
270 192
134 656
718 318
726 930
333 557
319 439
413 1
432 705
343 704
959 529
139 160
794 696
512 821
74 956
435 618
759 996
442 556
24 128
606 564
12 150
21 591
654 486
802 940
652 433
169 414
822 613
601 980
350 33
456 289
51 951
403 389
700 215
546 381
374 665
560 870
485 979
954 472
701 130
241 602
966 500
215 322
582 358
398 737
240 691
303 484
662 860
857 89
50 662
373 152
920 635
411 653
780 988
333 282
700 299
519 689
139 222
829 705
783 275
672 804
836 389
430 687
246 514
172 362
598 427
337 426
808 789
530 221
731 979
61 767
927 216
660 939
197 12
540 680
967 776
749 597
502 198
908 930
811 676
220 345
485 109
911 507
645 999
959 631
625 57
914 427
503 243
27 995
91 375
156 36
210 712
875 937
675 985
599 446
347 214
561 726
616 492
486 461
715 328
963 687
902 65
964 361
596 133
370 775
430 469
370 960
44 845
758 805
690 780
19 89
122 460
68 593
226 70
33 585
485 672
797 249
737 145
927 855
355 527
527 906
711 572
965 661
321 451
806 887
565 602
66 157
577 198
153 872
580 410
842 219
207 397
96 18
478 849
766 949
161 483
430 927
663 685
342 316
529 246
366 631
945 387
944 592
234 640
947 949
632 437
391 91
23 274
423 310
498 778
193 232
979 814
189 321
13 620
850 301
69 820
672 600
325 556
949 574
706 627
793 944
533 276
500 990
715 759
354 319
42 302
964 33
962 291
51 503
892 453
625 492
152 696
217 174
502 235
867 338
828 488
437 418
225 797
575 15
374 921
195 955
605 184
568 364
142 907
243 678
367 927
519 969
209 610
274 656
472 911
547 226
926 954
362 919
560 809
95 623
618 859
851 251
78 953
258 89
227 936
184 359
360 875
189 244
60 234
229 486
261 379
778 469
215 949
226 664
650 282
664 620
297 616
3 902
417 207
876 28
558 148
240 370
730 783
151 746
845 316
28 362
43 563
283 534
639 707
583 657
44 36
781 949
54 371
993 708
261 637
339 196
995 83
587 233
305 848
996 494
143 104
778 552
409 157
606 147
63 981
756 758
248 27
659 352
662 97
261 929
97 412
957 523
347 469
739 482
617 557
943 65
277 828
776 391
595 279
812 889
183 240
981 162
332 515
85 962
479 338
104 788
160 255
394 400
556 631
92 668
96 3
160 117
634 227
566 979
262 921
217 223
123 912
134 945
431 531
491 100
40 245
990 938
743 81
652 316
604 553
365 834
570 833
457 639
377 305
142 439
774 544
606 109
25 941
53 363
58 161
18 983
772 136
535 490
28 535
609 730
707 779
992 802
613 18
888 209
261 264
825 818
726 305
840 743
551 532
497 39
18 319
785 729
635 124
594 251
787 311
334 876
173 27
407 769
623 629
923 889
598 951
715 977
530 213
272 749
337 83
212 448
778 309
436 910
472 238
408 137
958 659
381 405
112 839
964 92
841 317
113 190
874 197
43 421
663 764
532 365
225 419
929 60
983 382
351 259
552 66
921 122
95 351
492 214
568 539
244 684
812 773
231 801
387 241
429 206
864 155
115 281
260 293
510 802
354 369
24 48
685 855
462 209
934 422
202 986
284 921
323 259
955 676
568 31
13 468
125 419
216 621
290 269
416 793
399 583
254 368
715 233
988 45
798 257
701 342
574 394
124 126
17 255
236 262
579 309
300 858
668 943
56 520
668 424
221 924
8 447
934 983
625 319
908 89
599 94
748 535
772 181
549 182
295 646
759 480
438 975
651 729
482 585
916 48
92 451
671 298
141 154
955 376
971 675
650 974
509 793
357 321
102 616
885 331
945 339
31 846
674 593
862 746
534 339
817 180
715 896
435 347
725 95
734 595
76 522
898 957
969 428
614 346
59 508
153 323
426 162
891 857
367 852
535 982
213 766
53 60
701 484
497 2
975 611
757 846
164 674
845 87
745 888
365 952
337 150
528 615
859 429
702 959
794 599
378 181
83 547
940 987
626 689
390 114
516 87
931 974
728 153
90 620
454 252
220 96
492 91
334 697
133 337
218 986
824 438
135 320
424 183
143 9
14 986
657 841
843 463
936 807
789 77
345 25
110 560
16 310
94 261
619 586
969 890
437 526
620 922
646 47
532 920
635 87
341 556
692 212
792 582
749 633
476 802
615 462
991 800
21 685
213 257
553 880
861 768
162 693
720 176
174 542
841 237
145 265
185 786
58 105
694 728
546 472
127 446
692 206
689 395
128 983
78 439
396 971
887 281
252 554
164 991
870 246
381 876
512 820
544 845
532 347
132 260
282 258
860 250
466 339
466 457
852 312
948 907
151 415
617 847
986 268
594 445
449 22
356 5
531 462
687 766
383 535
477 57
503 510
133 931
928 999
112 467
629 704
177 208
321 987
684 6
631 486
665 844
188 430
217 34
280 578
860 659
193 630
895 603
588 781
786 997
262 495
780 844
918 72
210 545
327 344
528 265
780 792
146 324
159 913
993 297
966 474
849 673
621 274
855 708
117 464
99 997
709 896
623 61
109 281
374 380
683 242
392 198
720 829
400 424
760 230
847 932
236 735
328 869
172 861
441 493
774 859
899 650
102 761
695 242
230 947
188 934
726 681
483 541
676 904
564 502
303 638
938 252
771 491
332 737
455 873
306 465
18 744
606 141
756 746
360 279
149 478
614 495
155 18
893 420
317 691
90 525
263 229
907 712
77 139
848 439
927 989
514 274
865 585
724 433
939 968
443 203
618 407
660 365
579 28
889 619
231 879
323 6
955 766
686 842
606 695
509 158
362 652
188 140
674 320
750 720
267 384
896 26
974 292
747 767
584 560
766 543
544 681
39 262
755 54
945 197
363 270
271 554
534 981
718 931
957 992
681 514
145 492
114 499
21 404
138 392
374 14
698 443
52 920
27 820
950 112
604 783
526 843
58 855
677 544
804 954
583 76
536 148
201 686
970 269
568 287
151 462
866 388
232 145
365 492
368 146
245 861
122 320
467 774
221 284
499 118
412 555
244 609
746 431
106 679
39 452
447 89
276 560
721 265
131 689
427 900
101 716
478 688
779 22
368 946
288 104
39 788
68 257
84 464
318 660
492 99
500 150
616 988
286 661
661 355
37 319
478 906
806 605
839 654
992 940
365 467
924 19
441 505
989 311
637 182
874 286
695 160
518 810
98 921
375 862
909 422
105 913
783 584
946 844
78 680
668 757
341 677
100 778
846 42
992 751
379 519
774 745
232 190
678 706
159 854
144 335
238 363
354 598
131 974
624 177
848 61
620 14
661 957
76 110
772 605
942 658
800 885
574 534
360 353
398 723
71 402
561 990
956 112
934 830
488 976
583 383
635 931
570 35
684 463
461 60
294 126
656 744
128 639
599 534
871 646
750 305
336 643
123 208
595 204
503 976
964 695
118 257
449 579
176 352
313 329
696 420
612 914
937 962
149 878
423 864
484 244
408 692
951 269
232 295
725 373
130 286
978 898
718 983
267 941
926 570
778 295
482 318
440 485
485 895
594 34
561 168
88 712
411 753
384 356
405 534
8 587
792 550
86 669
568 388
609 140
314 823
244 141
512 52
240 720
458 72
602 718
167 849
82 291
482 747
903 885
827 218
318 694
363 902
566 951
517 871
570 707
582 797
831 565
548 873
262 972
392 571
410 173
83 989
723 909
989 406
560 732
199 60
825 899
60 89
365 19
238 585
502 844
235 55
695 406
328 733
451 682
859 416
358 957
230 275
213 302
31 255
227 60
812 105
287 602
220 466
290 888
733 52
528 652
988 356
126 65
357 482
969 461
555 622
330 448
790 128
419 824
118 340
731 748
75 530
2 174
702 499
426 712
207 95
969 250
635 753
748 292
547 673
260 165
998 296
913 426
976 89
208 238
987 373
767 270
142 474
844 102
106 939
279 200
676 998
224 875
747 257
28 615
215 97
101 864
752 879
399 100
774 945
984 796
249 596
69 376
648 131
281 730
951 20
367 329
947 424
757 514
603 251
898 605
328 34
684 611
392 235
811 466
706 577
120 380
368 455
583 659
856 581
824 104
775 844
863 315
869 964
62 979
505 383
411 479
232 682
685 165
5 831
590 299
145 801
437 942
726 775
728 594
242 863
84 748
840 658
320 119
354 734
768 990
239 892
10 292
758 502
65 492
606 263
556 582
182 940
931 439
31 201
100 750
496 54
173 693
457 312
132 609
13 681
374 423
513 305
753 970
404 655
808 576
465 250
56 571
709 152
935 788
819 637
195 979
588 337
761 116
940 510
457 183
836 292
597 703
819 835
371 666
855 733
203 245
572 358
506 302
864 614
573 341
877 646
498 726
847 154
400 878
284 569
306 117
96 558
153 823
771 217
230 208
224 413
839 962
889 788
906 518
70 71
427 778
223 984
383 655
81 983
897 388
827 641
719 514
29 940
875 228
733 46
651 395
471 509
332 440
131 122
98 147
226 580
377 204
473 494
191 327
949 987
572 768
229 715
13 209
138 649
198 640
990 903
438 409
794 791
172 908
494 704
227 203
73 232
637 753
284 61
476 249
520 556
983 921
121 791
749 850
179 193
242 910
328 75
229 770
139 568
925 64
519 248
245 239
977 134
761 923
72 741
566 476
600 434
632 615
74 54
513 259
402 19
67 596
751 357
905 321
401 227
667 102
888 307
16 893
651 559
314 440
132 493
461 506
857 652
257 978
101 871
139 260
188 148
758 137
735 751
646 602
196 808
604 150
547 887
757 8
277 958
508 64
773 539
289 137
597 708
494 567
646 147
475 691
17 170
588 61
511 625
303 811
857 89
570 335
477 157
737 741
314 146
636 179
747 867
549 659
402 155
184 95
825 948
120 262
731 348
732 982
768 228
354 980
735 100
478 863
688 658
878 202
78 238
145 735
170 535
392 824
962 690
432 835
389 480
853 672
331 553
904 629
263 797
958 877
752 749
197 56
364 634
158 179
507 354
467 478
458 613
395 216
886 606
305 216
81 156
309 512
611 40
171 458
993 509
757 95
423 55
924 868
4 831
75 426
413 12
841 568
977 31
952 121
926 910
652 552
68 128
130 462
66 620
16 407
635 686
92 969
439 28
435 922
268 825
547 398
677 2
707 704
486 374
253 331
833 268
943 609
876 119
91 929
745 667
881 451
775 45
198 220
914 77
572 82
562 478
718 634
558 632
111 183
173 353
636 768
492 209
969 919
790 571
978 402
113 241
661 371
583 775
444 958
89 220
957 610
802 984
753 421
342 92
350 252
849 283
414 815
162 550
1 603
360 13
130 234
401 502
979 283
888 397
649 854
88 243
859 205
791 953
758 322
330 780
950 114
466 791
863 672
968 151
585 482
324 501
242 957
813 62
92 112
48 556
522 671
117 485
556 658
496 745
108 685
74 542
821 446
257 984
815 866
849 711
487 774
471 923
810 874
97 79
355 119
827 319
799 848
216 411
184 971
531 720
208 835
66 261
885 834
986 869
138 8
123 6
367 591
366 818
486 449
672 822
576 740
173 127
141 607
695 856
102 659
628 461
594 917
460 557
509 802
788 412
789 78
946 36
660 141
691 641
706 34
871 659
480 148
18 189
19 957
367 537
544 852
497 910
508 416
138 995
621 87
476 511
514 990
627 213
377 34
871 554
855 435
310 54
759 709
499 138
154 249
351 13
835 606
645 608
979 218
84 209
952 713
102 118
62 781
699 148
160 331
582 306
519 301
508 658
920 171
404 732
372 471
343 275
685 155
343 169
896 123
539 579
965 745
493 648
732 257
619 752
12 119
96 167
273 392
757 310
686 933
278 88
293 186
681 99
168 594
629 823
588 691
359 258
237 299
451 590
148 595
822 349
688 196
85 978
184 649
64 357
826 755
711 954
410 47
675 572
725 558
443 539
382 61
551 83
546 27
841 104
48 712
815 981
444 159
346 167
833 282
165 200
710 514
644 511
464 450
945 993
799 202
911 692
226 529
704 938
530 648
768 929
233 275
867 310
666 303
194 829
837 702
996 560
1 44
872 837
182 867
412 828
208 896
278 79
401 204
12 727
877 174
708 646
746 520
944 131
337 747
361 346
722 954
441 695
445 39
925 8
370 514
433 343
607 223
687 165
191 786
649 962
406 787
732 212
343 729
841 815
108 675
145 752
795 798
957 523
426 362
40 101
145 694
662 189
259 613
336 876
51 317
822 179
215 26
173 864
609 829
931 623
247 295
268 624
279 24
16 638
520 25
958 228
329 897
63 444
602 49
503 38
881 627
780 888
116 738
341 715
331 145
379 680
990 823
834 206
450 515
321 933
295 686
275 454
134 746
503 838
447 144
638 256
674 83
847 186
228 436
266 541
121 658
240 155
74 29
565 861
245 549
146 938
568 770
788 334
657 852
996 950
21 71
587 545
374 512
283 954
513 281
122 43
898 741
787 341
997 331
427 735
948 930
422 418
870 979
772 340
819 54
122 778
644 502
319 56
328 688
482 788
763 26
658 680
555 555
828 268
671 378
451 332
395 275
437 78
137 132
429 129
475 143
189 573
479 937
167 232
675 42
518 153
900 682
896 23
909 509
337 416
808 221
447 126
220 446
734 97
72 746
207 890
503 759
688 340
412 391
867 102
327 297
853 416
102 849
690 450
70 92
827 222
586 635
795 457
800 706
47 614
125 989
98 336
654 673
297 859
63 548
39 375
790 905
515 946
626 938
469 925
256 383
555 507
474 473
639 184
10 98
726 132
711 398
879 543
704 731
631 687
237 724
121 685
159 57
279 481
286 862
35 442
575 932
917 440
202 653
7 50
899 971
728 308
873 497
664 909
396 328
810 828
680 834
850 417
483 841
265 42
613 865
301 212
283 265
541 558
411 126
164 713
807 794
713 352
922 360
25 524
8 636
704 816
3 720
963 147
406 22
874 255
707 26
152 542
697 467
10 985
264 730
448 470
959 573
914 116
475 9
37 324
800 932
543 224
115 138
701 363
750 649
967 654
620 612
236 679
545 640
12 944
452 127
539 79
478 168
37 92
789 688
449 512
745 587
424 300
841 420
503 339
815 698
429 230
274 272
172 172
211 981
121 926
767 931
911 800
727 383
129 595
390 790
562 199
767 988
230 773
321 921
63 160
947 704
714 799
542 613
638 524
273 399
905 738
184 472
661 567
374 760
461 317
728 25
720 255
94 665
191 959
959 650
198 603
701 74
493 1
169 189
510 887
411 542
678 904
449 546
150 743
480 922
405 861
51 19
858 36
253 514
79 6
776 60
918 617
714 987
197 538
421 776
935 793
656 946
909 179
436 913
128 272
902 261
627 329
131 442
449 42
364 764
3 930
454 680
78 255
527 985
192 179
337 968
318 993
204 319
176 10
616 223
1 659
951 628
995 369
237 759
230 14
499 431
443 996
283 252
701 759
324 829
427 422
693 281
813 482
613 556
41 111
585 531
129 529
690 880
29 215
726 960
883 844
452 29
35 614
672 397
422 902
607 528
593 570
108 205
404 279
820 952
782 845
232 848
440 885
608 193
607 959
666 56
671 665
72 581
596 291
575 193
596 682
655 781
621 512
354 595
64 679
576 163
611 232
731 863
518 773
183 86
193 383
168 846
390 83
878 219
674 902
742 704
479 965
29 304
739 322
734 416
477 195
49 99
718 321
464 206
442 757
627 152
854 18
920 650
952 420
451 950
322 968
924 965
497 263
192 104
315 562
252 961
494 330
870 714
81 186
609 781
9 590
222 52
999 884
929 131
175 168
56 839
389 792
561 931
289 801
182 328
485 968
730 216
260 368
903 249
983 51
467 301
178 830
650 192
15 972
989 53
12 552
894 170
189 541
510 331
289 536
106 475
473 637
381 69
405 616
579 936
168 293
361 581
618 391
488 59
495 233
333 365
142 359
4 606
921 861
799 423
797 865
464 248
905 234
428 973
95 409
357 361
785 26
969 183
884 889
236 508
721 986
33 875
368 561
429 546
913 301
247 212
876 968
654 409
19 244
677 941
610 502
621 675
722 475
845 790
504 39
590 791
686 388
813 407
148 961
806 198
614 28
437 853
449 39
889 509
870 775
207 649
751 839
681 734
814 636
831 636
464 872
142 553
66 976
14 74
367 549
150 840
409 383
51 84
469 779
59 283
815 3
894 320
922 96
315 99
605 735
650 587
864 188
722 786
668 87
126 231
987 85
91 671
129 73
741 744
481 226
274 994
420 528
140 62
766 169
646 801
703 421
48 353
748 734
649 720
828 463
610 353
504 479
423 92
206 636
643 214
912 945
68 743
646 701
859 86
155 147
712 26
480 956
960 167
981 802
948 682
931 530
487 946
409 868
454 349
897 437
322 254
882 142
159 977
51 348
692 148
861 70
611 221
764 38
489 921
505 283
301 486
306 926
947 907
842 374
639 456
347 931
216 328
287 983
362 714
290 771
202 682
986 957
352 717
877 137
407 211
866 956
566 864
511 542
850 905
538 983
851 623
55 42
625 321
786 655
319 62
626 745
400 344
761 415
986 741
736 979
737 176
845 24
443 408
674 526
829 879
870 329
934 503
494 249
484 561
982 761
370 530
766 320
291 670
153 561
740 997
110 713
850 562
858 95
385 253
712 526
401 699
489 759
29 803
845 344
684 485
578 294
756 242
938 314
279 549
686 160
396 765
784 130
395 635
737 756
58 109
828 499
895 466
903 873
217 844
276 246
169 492
938 890
263 255
426 343
229 413
246 593
275 109
594 483
935 556
908 657
177 532
155 850
65 365
129 427
825 103
894 871
969 551
729 604
450 684
884 89
541 531
491 817
214 712
124 8
965 35
744 505
347 970
822 588
519 914
430 802
746 35
663 192
923 254
436 998
177 336
622 596
430 616
86 258
229 79
340 409
813 371
728 930
385 646
253 442
4 527
890 747
410 47
231 580
999 977
758 686
984 765
757 204
782 968
173 597
35 945
765 858
173 433
136 974
292 205
758 426
336 213
439 499
987 624
515 312
295 602
471 407
564 115
902 226
992 74
155 392
1 743
176 491
144 49
644 667
324 24
170 386
839 810
784 333
288 737
24 765
749 803
774 711
59 237
989 61
938 658
941 491
349 407
398 33
220 169
773 856
427 253
227 174
488 309
761 711
971 304
737 429
720 328
515 428
953 981
254 264
430 647
476 434
494 778
13 530
976 828
718 953
191 942
109 547
317 469
634 808
603 220
706 584
325 696
588 884
637 764
545 505
718 791
545 587
253 403
697 923
792 10
73 753
733 496
649 335
284 741
175 632
641 698
826 962
489 491
424 194
935 514
148 885
895 574
988 822
457 459
890 638
281 678
938 395
74 30
147 708
939 648
528 460
920 213
199 685
312 828
2 95
237 764
520 502
356 703
947 487
16 61
692 116
66 333
344 60
518 572
879 496
544 682
516 605
876 902
159 404
809 706
989 735
62 924
219 28
444 443
315 750
952 728
461 29
558 178
910 944
187 978
2 995
550 469
441 677
356 438
879 77
629 858
942 69
794 275
443 582
424 860
797 327
851 270
809 159
53 276
630 208
741 850
354 970
873 795
612 652
642 194
732 599
726 529
91 641
396 126
427 627
677 535
541 406
119 375
398 293
888 850
329 174
707 12
900 929
413 182
658 952
46 896
499 753
481 992
894 445
164 604
827 441
373 91
548 517
431 411
375 572
487 787
296 983
283 72
143 789
391 963
429 814
537 794
128 882
370 333
516 331
270 250
609 769
533 860
502 52
342 996
395 158
901 980
737 824
21 990
932 170
507 379
240 884
782 360
818 52
806 729
435 678
387 552
74 880
69 37
104 960
561 271
580 107
47 869
746 85
327 66
679 552
597 415
258 363
514 995
22 399
807 15
180 827
468 467
45 750
175 138
124 395
138 810
648 583
316 244
126 260
500 204
501 219
422 655
728 470
387 635
56 404
884 175
532 317
724 119
773 883
702 834
427 412
18 573
919 241
860 812
302 757
535 966
4 840
422 923
342 938
865 634
313 476
436 754
885 855
349 437
362 666
157 913
566 583
796 674
936 284
120 841
507 520
806 961
831 948
715 698
802 554
59 642
967 794
37 621
458 476
706 525
629 788
285 848
572 946
326 179
895 113
991 584
426 164
749 137
612 80
892 74
823 144
885 812
636 522
49 939
445 983
314 453
165 523
92 52
334 391
451 835
446 601
101 619
614 938
964 737
620 171
982 856
893 869
413 532
557 634
787 919
379 376
648 161
511 284
548 854
910 387
707 437
552 324
35 827
583 223
899 27
546 714
848 527
186 403
518 957
907 249
88 821
998 655
762 307
215 477
728 949
509 536
127 58
514 555
174 530
903 872
790 370
86 854
104 548
105 693
103 358
486 55
184 884
741 696
132 590
932 210
7 337
886 722
45 315
891 711
644 375
159 676
27 346
685 974
125 371
902 764
231 786
725 614
174 134
174 391
23 691
773 160
167 846
822 607
183 865
762 463
286 407
488 142
179 310
201 240
377 563
846 286
560 422
158 418
303 618
439 309
908 38
539 578
570 163
645 717
670 451
59 41
347 869
9 207
823 904
547 570
3 415
248 64
597 757
833 364
207 559
143 319
228 271
38 230
561 421
495 567
304 211
221 218
519 74
69 955
185 917
166 943
459 242
909 326
714 12
321 661
840 463
839 982
765 724
601 390
283 962
466 600
84 405
816 449
204 999
106 896
128 448
71 86
203 264
902 608
291 906
698 865
822 957
90 394
29 388
979 565
3 498
703 354
161 278
687 86
900 211
243 288
508 899
424 86
139 586
587 149
499 564
670 891
179 384
785 334
28 840
16 127
351 676
67 99
368 123
47 478
300 176
175 458
485 426
815 215
47 125
850 133
976 171
661 836
779 166
328 727
351 258
602 101
870 827
801 229
183 732
789 828
194 936
940 696
549 450
437 763
369 247
676 520
896 71
516 632
883 353
893 86
898 262
946 943
681 745
528 280
291 221
998 880
536 997
432 443
604 558
483 521
945 746
89 855
903 981
198 562
858 915
513 288
929 642
968 203
942 817
471 329
939 484
841 742
142 249
895 567
64 748
40 151
571 110
115 702
854 139
97 865
695 872
185 980
383 148
591 548
116 654
111 875
802 272
696 81
45 84
945 31
367 782
49 731
511 757
385 252
452 647
496 83
519 861
785 522
476 153
57 313
204 323
520 677
621 918
472 725
452 850
960 927
74 218
861 379
507 390
906 877
531 252
216 575
637 846
415 468
546 403
417 813
792 450
387 410
139 710
543 245
19 70
714 999
844 472
526 955
458 220
864 305
43 581
372 94
93 356
379 211
138 715
442 731
278 796
455 913
102 393
786 393
104 142
979 715
378 641
618 121
256 422
167 650
48 61
129 340
220 745
136 253
711 218
645 300
512 132
640 574
381 568
956 805
976 732
465 941
529 464
237 462
264 973
444 404
553 729
942 116
148 115
356 215
721 1
568 896
959 744
737 655
795 401
779 348
19 704
780 295
559 855
655 39
177 353
146 77
11 39
324 798
445 747
873 465
521 430
423 860
425 617
517 998
465 783
294 374
324 477
554 394
957 247
116 326
418 540
695 751
840 162
632 323
491 574
433 547
812 653
608 67
718 175
691 575
150 782
61 585
898 914
812 838
270 946
596 2
38 513
418 735
795 676
797 87
367 553
91 602
271 340
830 248
44 469
530 343
522 433
598 693
180 947
589 38
884 178
10 899
236 3
521 535
622 329
643 696
279 871
14 143
289 469
953 369
974 879
94 950
556 364
343 261
310 913
677 45
815 943
64 146
529 958
376 686
253 483
615 670
142 511
439 130
643 837
617 466
680 98
516 672
729 325
389 718
537 168
467 955
958 938
186 788
147 671
948 266
196 330
731 158
231 151
131 466
485 185
582 471
684 701
785 325
307 323
805 881
104 397
322 444
243 136
397 992
754 570
591 711
374 543
827 233
192 243
647 828
83 711
703 774
884 837
396 464
779 373
465 427
436 331
189 38
94 417
602 395
936 443
270 387
829 195
62 133
58 481
980 874
247 215
48 511
235 159
535 902
7 631
252 201
445 146
45 38
939 36
962 486
283 460
132 843
656 660
607 753
842 900
286 708
221 769
504 201
344 980
408 123
309 430
807 399
117 945
760 894
434 610
107 457
961 96
247 71
713 945
942 611
903 842
161 535
67 82
519 263
702 70
636 157
706 16
502 505
653 461
148 992
775 439
884 630
919 555
423 503
871 646
373 348
712 574
107 22
415 904
40 112
140 657
816 460
309 832
247 940
391 837
510 412
145 34
731 509
709 953
972 248
395 22
639 418
337 738
5 630
829 448
559 377
598 261
480 363
794 190
42 811
701 826
632 407
288 474
416 354
380 913
875 402
632 972
251 252
391 58
707 402
495 843
740 928
463 370
302 194
675 471
764 102
842 918
132 506
862 82
276 554
695 694
252 396
634 132
866 147
126 973
112 32
840 888
317 513
278 658
594 60
601 691
494 457
818 895
43 635
270 565
652 795
932 79
582 147
396 532
231 597
785 426
486 184
355 894
197 64
255 472
169 661
617 91
324 331
387 269
260 655
344 181
502 437
66 129
248 995
857 723
493 735
867 770
427 227
684 52
305 116
160 303
689 671
29 863
14 209
70 948
499 228
727 85
219 545
324 781
903 310
366 706
901 994
298 178
202 4
415 494
552 724
769 355
501 732
740 897
308 3
972 664
803 538
890 78
896 949
903 735
900 774
718 182
700 729
97 760
366 449
193 777
534 327
219 492
530 371
166 803
357 612
504 283
254 987
102 484
405 265
153 680
368 750
877 913
997 943
216 945
989 424
93 105
594 85
223 518
839 181
452 219
973 924
137 356
605 975
791 844
690 182
882 424
332 662
26 600
761 967
159 235
818 49
867 653
607 739
170 340
931 843
9 888
221 828
786 3
994 873
55 751
807 580
416 968
369 181
444 730
834 428
775 937
787 511
302 628
606 788
624 194
87 596
690 845
480 137
379 607
173 715
604 778
83 563
405 955
917 50
900 986
37 910
770 64
510 987
487 959
215 443
292 354
904 616
29 123
46 963
988 867
571 500
351 536
628 941
709 937
226 683
710 626
284 585
833 315
113 768
568 930
71 486
50 285
594 638
434 509
553 768
283 72
219 255
408 121
991 122
613 663
371 49
764 216
755 396
516 223
102 178
493 926
184 717
439 351
751 335
407 793
633 663
412 105
760 21
306 120
844 465
643 378
892 319
276 732
187 676
443 344
10 203
152 267
792 841
857 93
851 570
617 302
946 12
12 824
423 366
779 473
223 763
189 75
874 914
36 873
191 145
807 349
515 277
826 860
1 414
282 242
505 317
569 931
219 681
53 287
950 798
243 960
826 330
482 891
34 855
290 775
54 877
771 455
939 724
730 456
756 741
610 533
985 344
810 814
963 520
508 839
905 962
603 444
538 706
127 417
355 619
71 778
58 739
585 452
85 515
485 85
813 336
401 501
927 769
193 686
654 216
898 328
485 684
406 843
439 698
794 970
185 433
834 406
921 654
24 156
765 131
359 645
405 480
582 561
6 496
176 600
164 218
831 11
576 402
519 952
796 783
564 241
206 747
455 160
630 870
381 412
466 14
565 228
111 918
789 636
778 942
336 485
319 210
6 638
691 624
735 40
291 210
45 694
277 697
590 758
364 585
340 261
489 854
233 155
403 668
187 40
841 885
153 584
285 790
80 762
577 246
698 919
112 948
442 220
660 550
691 1
796 709
867 185
455 763
79 318
309 418
333 425
432 214
686 393
319 945
640 981
33 275
703 864
258 57
650 125
622 540
108 805
919 15
133 902
397 991
634 769
499 401
114 82
633 650
161 679
41 833
847 268
338 271
326 676
693 513
55 167
691 594
563 531
44 252
381 215
20 755
402 807
720 929
617 918
226 512
988 491
432 312
291 635
627 817
564 324
853 148
624 343
809 52
179 117
590 731
686 590
851 592
972 384
985 878
564 813
824 749
159 827
277 775
858 700
136 294
359 484
131 534
506 447
771 240
100 250
285 36
352 608
550 694
981 201
204 905
397 19
123 939
206 669
98 137
926 640
217 394
515 772
250 396
991 996
418 294
482 291
887 70
833 390
873 912
37 65
324 406
525 839
442 775
451 186
529 303
858 759
834 504
927 700
37 885
813 639
415 647
486 40
114 280
398 823
236 332
403 856
572 577
248 479
210 545
546 824
832 367
313 309
428 666
282 286
746 772
659 323
331 28
806 509
304 202
768 528
486 253
180 989
173 522
509 74
687 388
162 193
860 957
448 184
283 450
724 43
756 743
587 109
480 633
457 639
252 970
970 812
896 138
407 500
169 955
390 970
914 857
498 654
721 545
77 537
81 335
517 185
417 453
174 257
867 207
953 370
237 589
78 750
257 588
309 680
504 924
806 474
498 357
224 659
786 68
556 144
60 3
832 986
388 459
788 65
246 272
377 419
855 888
492 318
931 355
984 87
130 113
244 348
427 721
771 143
102 458
453 509
67 279
297 219
353 462
798 264
290 920
311 839
866 287
583 980
471 45
587 629
943 712
563 160
193 857
538 543
992 150
198 466
131 146
656 733
213 666
628 254
815 604
184 655
855 341
645 109
418 287
116 457
366 222
738 687
820 667
594 14
257 43
852 694
20 17
310 770
509 705
430 315
516 834
900 49
652 537
8 471
825 546
165 945
509 957
526 8
659 876
298 492
941 914
363 614
504 238
856 674
232 543
566 244
543 39
165 359
647 83
310 848
84 736
145 621
914 229
828 114
876 341
383 129
879 759
796 770
896 875
130 329
821 129
315 667
941 850
534 635
883 467
772 852
491 540
521 135
72 721
971 156
996 150
273 580
106 144
365 779
509 505
704 798
812 198
483 280
7 794
211 597
198 649
230 874
207 598
361 384
737 607
460 858
26 83
85 496
942 853
337 660
850 53
873 309
990 592
168 152
933 463
92 982
316 21
158 843
296 420
599 608
903 988
195 335
828 975
841 255
341 349
79 511
364 675
362 562
531 122
837 174
251 963
563 32
469 597
998 769
72 453
789 954
934 245
804 936
453 768
967 600
292 181
345 77
392 368
841 164
818 415
121 585
94 114
578 872
79 433
239 584
130 521
988 552
413 86
382 305
634 624
433 209
122 169
239 530
242 76
798 547
343 678
372 582
701 988
366 458
9 8
573 874
889 107
370 555
264 528
366 844
904 541
185 750
398 628
109 968
471 436
988 363
883 249
247 317
584 188
863 339
790 715
893 323
208 832
936 331
284 211
423 172
474 542
288 490
242 368
226 799
180 911
430 382
927 71
471 982
526 484
948 452
95 964
991 104
670 648
978 859
914 872
874 541
579 351
641 897
986 437
711 599
801 487
176 721
53 973
496 187
702 58
367 209
748 557
311 190
825 826
488 500
768 416
777 841
406 853
815 245
28 827
270 523
972 370
847 500
58 584
24 203
470 505
250 847
195 711
159 782
330 136
270 25
162 657
361 950
116 333
975 318
475 909
923 484
117 307
888 98
857 23
15 375
803 324
201 623
224 278
113 74
686 686
863 288
265 292
274 565
544 252
747 49
203 723
68 685
262 946
373 933
209 145
690 81
461 556
361 837
828 543
733 433
673 736
838 848
917 161
12 588
830 745
458 500
968 525
895 403
304 87
183 206
165 378
249 80
370 731
736 182
460 663
445 282
100 242
106 885
627 980
285 724
204 916
982 901
31 633
667 949
659 261
203 749
738 348
632 446
968 479
965 445
332 332
473 85
866 299
580 937
92 212
202 913
854 928
814 859
483 601
533 484
418 398
23 781
7 194
307 6
929 750
677 602
307 532
144 869
443 817
406 379
699 425
17 489
191 126
632 906
753 208
272 746
889 861
538 950
839 566
864 297
831 489
34 935
10 228
912 721
23 83
202 539
933 174
302 586
306 836
377 863
631 439
605 698
186 809
693 101
491 998
494 465
815 637
224 446
655 133
692 853
753 43
500 847
97 568
965 171
692 90
121 255
114 42
129 622
85 577
610 280
660 943
564 359
306 616
549 997
610 539
230 551
253 792
502 504
230 186
715 589
975 603
761 879
590 754
475 986
755 170
480 825
729 287
280 392
251 57
273 75
646 401
518 902
126 337
572 120
165 81
859 648
570 662
982 173
835 232
555 470
390 899
201 312
472 805
609 685
920 105
751 912
222 412
362 627
429 587
442 83
999 181
561 70
30 102
198 885
109 648
993 413
417 134
909 488
34 4
548 37
420 878
607 102
745 315
943 374
389 900
864 831
523 135
381 490
221 215
101 128
35 775
463 215
845 117
782 166
220 31
3 676
419 118
752 102
296 5
466 828
614 618
737 201
55 288
869 986
22 532
468 962
641 337
522 94
975 623
771 845
633 166
497 931
637 779
609 821
434 643
266 685
123 307
654 585
320 480
651 792
122 821
178 317
616 113
844 311
1 949
760 520
157 876
97 10
884 976
495 490
71 729
301 750
56 890
238 163
867 693
581 61
959 243
290 590
595 755
772 995
52 373
781 735
983 908
30 194
940 175
270 332
179 862
497 439
836 38
513 887
572 62
488 933
262 796
88 160
71 11
322 983
606 347
162 988
875 362
445 529
258 137
595 369
8 357
628 35
685 490
404 80
149 994
984 924
636 398
550 468
555 8
958 378
659 239
138 945
8 282
626 469
36 535
627 578
886 406
491 66
447 823
233 283
752 641
468 855
67 642
510 324
740 889
987 929
508 512
108 633
265 142
317 338
772 837
81 326
852 359
870 20
539 190
988 500
993 551
508 424
953 601
722 763
476 268
835 556
644 968
146 677
431 7
911 60
574 76
621 905
709 585
272 57
676 487
761 864
880 138
967 446
220 448
594 523
637 741
595 677
199 572
891 4
184 668
68 283
824 28
597 609
196 655
897 29
361 349
484 377
823 675
516 539
304 908
263 684
237 793
457 822
478 867
941 669
86 42
273 865
280 237
40 909
559 165
469 27
869 50
276 907
448 879
19 58
549 768
833 634
873 648
41 812
485 145
917 400
728 87
331 547
138 556
390 305
105 327
44 327
608 139
951 357
215 744
681 1
73 466
36 669
669 36
332 272
739 225
872 531
451 179
370 965
421 18
761 398
906 561
330 909
678 532
974 56
29 367
731 951
362 925
935 800
423 727
336 585
867 50
569 779
49 996
398 346
124 899
449 23
870 839
456 195
585 255
339 797
899 77
670 617
327 321
979 694
700 265
751 777
576 938
688 460
708 608
447 706
519 873
663 609
336 389
268 926
631 49
463 843
111 584
797 613
60 319
385 900
290 878
690 378
574 328
476 735
53 428
236 842
941 118
286 42
409 653
48 203
593 150
798 951
134 652
774 207
654 524
100 442
491 720
587 680
957 315
118 16
79 838
802 770
203 192
469 621
283 32
372 216
450 461
97 984
500 414
45 788
167 717
408 737
340 379
790 524
906 561
791 141
50 379
687 805
815 702
614 483
79 810
351 910
504 621
847 316
902 823
571 9
272 762
184 809
718 357
767 448
821 603
763 80
153 825
264 441
618 566
287 353
35 210
621 327
606 587
762 517
492 755
317 409
656 405
962 247
26 541
27 309
546 772
485 291
931 482
561 895
810 574
929 605
585 6
697 522
82 224
689 463
875 665
588 321
161 675
206 480
435 535
713 656
916 345
93 543
44 3
196 892
264 261
850 418
915 433
290 242
51 398
456 962
478 169
382 339
155 538
489 468
810 875
276 724
204 684
109 232
848 348
135 500
599 277
46 598
953 395
219 274
229 581
428 845
420 223
328 119
644 560
889 954
961 320
330 613
147 471
785 672
905 80
18 578
865 777
660 24
131 47
550 574
983 742
187 665
755 634
8 880
111 528
524 289
772 620
479 446
818 279
616 270
523 783
313 740
183 78
959 983
474 688
785 454
211 913
162 535
702 998
694 504
607 707
639 285
321 875
238 676
721 422
469 992
955 515
34 922
982 96
629 269
705 354
311 483
846 225
280 8
726 757
71 958
623 730
866 323
630 286
523 160
369 965
324 481
241 895
265 916
589 692
233 419
147 543
697 819
731 598
94 584
969 739
31 188
973 328
818 825
355 327
319 724
712 406
592 103
344 620
414 209
731 260
167 989
966 198
226 368
592 46
616 312
690 577
781 998
778 94
960 488
447 589
879 201
849 388
990 239
105 536
454 544
951 795
281 282
756 45
147 915
506 189
308 31
10 684
599 766
982 960
556 317
431 44
204 514
690 684
330 346
132 695
421 826
656 650
991 841
475 299
68 174
894 270
877 379
333 843
795 7
640 718
225 72
550 588
96 579
783 532
241 535
527 993
986 846
923 265
766 627
877 355
684 733
243 609
945 662
778 540
113 785
956 761
808 431
860 585
162 721
515 251
11 836
214 265
82 564
506 202
102 165
865 360
248 936
369 32
629 868
721 103
339 717
635 22
355 679
55 652
738 551
438 165
133 78
507 75
263 859
238 144
67 325
598 239
404 722
56 705
504 173
162 686
493 52
913 220
820 343
749 450
811 540
897 372
604 691
434 666
380 155
859 607
725 220
198 328
23 759
311 139
368 575
761 399
153 891
484 108
233 173
834 685
378 985
73 444
999 896
462 234
760 895
754 968
879 825
847 820
834 743
561 951
94 986
493 832
963 756
320 506
47 93
920 558
372 229
206 310
81 246
279 630
476 7
904 575
540 873
209 802
59 695
458 733
523 505
669 464
56 723
24 151
43 610
421 20
805 634
130 86
654 895
168 357
406 710
677 809
633 254
592 359
697 955
425 148
395 154
235 322
832 656
28 991
490 760
820 347
528 443
585 447
352 526
463 624
207 3
965 175
579 467
949 682
427 875
411 665
133 297
336 673
994 719
537 887
198 337
137 40
194 609
558 48
233 14
138 132
740 17
660 802
907 281
63 726
746 174
206 317
787 191
67 916
11 317
176 157
496 197
758 663
448 953
843 179
949 295
484 620
132 959
737 181
86 769
85 342
723 648
957 197
456 978
190 236
800 61
436 20
327 615
503 764
642 360
658 71
860 30
328 73
195 475
468 449
191 733
585 518
358 308
731 587
94 586
886 784
626 599
310 217
578 291
562 217
386 160
107 910
482 272
164 176
287 721
393 213
101 262
997 237
824 538
353 548
87 676
76 777
276 319
486 147
315 890
739 513
662 276
706 470
379 172
463 581
66 598
261 259
835 501
284 726
363 233
868 170
791 346
241 620
151 688
359 869
467 707
706 453
664 219
176 302
406 28
450 831
974 590
353 35
843 863
564 788
22 673
896 910
569 62
826 178
74 419
116 779
81 882
963 790
597 943
324 836
864 453
104 31
188 91
708 997
768 675
762 641
69 304
309 699
772 686
424 451
736 188
1 24
261 938
469 49
848 187
625 506
837 321
568 199
888 169
732 91
703 465
510 939
375 313
220 390
170 575
70 129
364 259
425 505
402 157
975 744
911 430
94 459
288 347
764 294
711 690
250 247
696 405
550 85
861 60
289 395
133 362
459 413
486 880
267 681
998 808
687 283
838 679
128 867
222 841
348 796
793 171
442 840
247 465
43 149
626 100
598 220
422 969
790 568
758 875
715 8
362 428
191 639
144 341
982 320
599 480
823 550
739 47
411 837
798 214
61 124
309 261
143 266
503 393
426 369
173 927
605 280
838 837
717 138
335 966
834 236
660 891
200 935
915 35
823 237
288 482
401 987
900 316
975 145
455 165
177 425
658 913
845 319
146 574
628 127
221 366
966 695
344 137
330 991
459 674
635 726
205 750
762 355
213 830
455 189
378 173
342 782
130 579
9 424
242 623
612 782
755 181
881 709
90 676
570 814
592 165
654 928
756 392
982 16
814 915
973 463
667 503
930 394
745 97
99 70
693 382
630 778
450 769
719 749
654 336
631 228
960 702
506 485
207 73
293 19
87 842
628 942
454 243
972 673
487 50
23 900
754 740
335 93
930 461
406 561
894 896
352 723
251 456
249 661
646 948
845 317
386 89
289 521
71 397
2 359
263 527
62 633
360 315
938 876
657 619
519 565
451 477
980 478
451 362
492 114
824 888
571 332
565 134
149 856
734 277
784 542
286 571
127 887
298 574
587 370
529 631
537 754
821 205
495 802
384 98
350 923
272 436
523 501
811 34
147 586
74 339
204 530
162 936
149 434
656 834
290 951
829 252
501 348
609 363
27 494
523 574
587 372
744 10
690 568
91 975
312 61
73 8
451 642
826 984
636 981
908 62
984 868
157 430
209 79
43 302
883 147
935 221
892 317
519 674
724 674
56 745
529 476
500 73
827 554
743 335
9 500
161 695
52 234
72 720
692 579
313 596
62 395
490 482
612 174
203 938
74 990
838 860
511 189
83 310
608 550
863 664
967 98
672 968
833 855
358 996
726 142
592 590
29 578
248 384
808 303
45 846
750 84
715 377
797 213
408 531
165 414
904 609
775 544
788 752
200 780
898 172
46 624
977 335
6 866
663 179
351 219
62 296
702 366
223 890
722 431
678 559
144 326
225 7
927 350
480 39
653 993
506 77
861 692
928 484
927 327
964 339
796 775
245 311
776 741
788 452
780 83
300 288
386 390
986 37
650 903
697 93
732 29
867 275
293 78
707 225
89 696
129 936
740 811
895 787
374 768
687 873
701 358
544 919
700 893
362 63
988 529
901 668
775 558
598 746
293 537
348 211
848 505
520 990
285 990
464 672
587 829
812 551
71 325
485 561
421 299
642 249
976 474
485 914
779 163
384 965
462 342
340 777
652 57
182 453
71 702
912 627
813 903
865 715
397 928
952 356
425 914
53 55
869 494
32 532
683 223
497 5
619 771
619 734
471 53
757 31
456 115
465 377
458 511
311 323
760 213
511 519
398 476
919 916
974 331
992 72
113 626
901 390
586 487
95 714
484 549
372 75
711 981
163 716
74 638
460 707
846 946
922 443
385 305
284 822
821 937
920 789
79 817
61 183
406 390
129 673
259 241
886 777
380 827
630 855
234 131
768 803
520 292
571 453
124 470
984 725
40 954
334 233
206 301
166 1
660 503
949 719
65 756
343 429
496 331
278 337
414 254
611 572
669 278
789 789
289 544
18 424
491 251
228 575
785 117
264 426
366 995
3 114
986 967
363 172
72 137
699 348
632 28
87 541
784 540
11 725
896 806
35 146
892 754
112 901
877 86
84 64
842 880
180 813
538 930
334 705
347 581
675 65
351 955
455 900
11 218
524 209
770 179
742 14
895 320
321 170
343 643
740 630
686 664
507 540
506 292
136 469
157 9
77 910
836 57
383 674
729 248
113 713
986 494
908 310
505 292
535 193
5 500
816 727
185 615
432 229
136 321
539 215
705 194
863 948
577 535
403 555
887 515
592 214
808 426
846 528
348 968
479 645
805 510
395 76
794 942
9 17
426 675
435 553
771 340
16 956
789 540
937 749
289 553
666 971
579 595
159 155
105 997
754 673
142 643
643 468
210 169
688 869
183 291
419 742
783 719
904 248
991 626
13 363
392 878
726 772
614 445
198 906
666 302
111 330
594 386
766 546
391 817
722 902
416 879
731 857
181 776
454 969
848 816
928 778
877 549
354 334
468 687
681 157
454 448
430 406
979 21
720 508
338 83
455 638
691 136
645 803
52 174
332 287
587 303
682 418
98 151
858 427
681 135
54 559
947 31
265 847
488 833
359 275
794 605
644 676
156 419
285 605
111 750
219 45
586 372
947 852
876 917
343 393
65 96
56 352
327 866
328 808
235 604
792 698
555 916
41 237
661 21
600 340
977 319
249 86
343 417
256 764
308 853
262 104
332 437
433 639
642 676
374 190
623 956
332 147
140 968
205 386
552 147
347 215
937 488
984 746
187 794
563 614
696 706
783 86
466 223
864 581
424 24
28 850
986 946
587 537
746 921
988 549
176 9
579 516
536 691
96 24
562 930
225 27
427 867
300 752
119 896
433 83
33 912
461 390
514 500
848 753
410 103
410 673
391 908
721 332
70 390
102 638
791 677
508 191
65 346
878 212
939 126
4 22
857 799
145 355
858 536
848 961
936 752
293 873
140 828
553 170
441 351
372 623
83 419
698 181
123 374
783 48
595 3
99 814
769 483
440 896
189 768
679 107
747 516
104 671
800 206
697 494
802 254
187 655
119 773
164 319
255 855
648 990
73 610
73 541
745 412
132 987
210 917
160 124
715 244
791 815
876 544
386 371
878 761
511 4
530 428
125 545
323 76
558 73
890 33
291 40
349 487
493 693
389 714
245 284
952 156
156 598
945 473
146 154
675 558
937 439
711 754
449 860
174 197
616 798
397 463
147 492
68 424
608 986
407 1
344 97
613 601
591 674
643 995
927 736
348 844
879 56
696 814
86 640
799 850
463 424
971 82
859 893
154 352
886 457
251 279
125 742
88 721
779 994
852 730
713 593
101 982
146 993
155 811
828 702
45 674
545 965
711 483
683 676
917 100
144 167
183 940
478 25
327 635
344 333
23 203
804 706
1 454
368 588
807 255
577 780
877 504
650 841
487 159
55 614
89 119
287 64
998 638
92 749
300 539
359 353
376 692
460 545
686 724
302 199
841 985
185 219
850 489
653 657
745 345
112 302
851 840
997 583
393 935
243 248
213 85
763 373
754 251
751 569
275 997
347 86
719 234
231 305
219 131
173 128
849 64
548 504
911 10
61 63
80 891
873 378
579 180
604 198
779 841
545 218
525 397
17 191
995 567
859 986
706 972
50 417
665 726
480 52
652 915
851 817
311 992
850 413
245 500
601 345
440 642
385 842
554 752
484 895
109 103
985 639
429 162
225 542
346 946
75 263
522 810
468 596
391 543
940 295
359 9
189 703
834 435
881 920
546 415
606 850
180 858
350 584
444 10
100 628
147 790
738 137
791 91
602 176
465 429
48 773
245 17
291 761
678 99
232 171
971 283
872 871
74 961
621 461
5 222
883 80
302 464
933 831
966 374
165 492
810 56
29 92
648 325
587 406
194 600
872 129
567 45
508 869
277 290
402 84
12 593
593 787
257 984
756 101
988 896
608 644
24 902
779 31
794 882
146 493
937 258
884 432
893 797
296 343
311 318
112 851
95 282
726 104
860 114
490 362
821 343
326 108
483 17
912 214
472 183
276 599
229 936
968 938
743 158
108 958
423 760
484 50
975 216
401 233
367 681
579 163
28 450
534 678
858 249
258 750
852 66
833 225
888 251
323 749
669 522
450 40
383 455
197 11
104 534
330 403
870 899
3 647
233 979
438 192
510 371
987 647
856 160
820 675
427 468
884 239
161 359
758 53
861 908
981 357
193 104
543 316
890 825
593 597
474 898
589 162
276 904
225 215
335 537
151 590
388 259
473 928
76 574
114 491
996 779
939 154
165 41
278 396
136 594
630 798
293 125
240 285
400 830
262 536
366 651
672 213
890 630
871 355
604 210
950 644
703 887
367 990
34 50
594 26
756 498
587 950
536 130
768 193
951 721
330 27
809 404
258 717
465 144
637 534
196 906
484 651
755 339
957 173
699 256
160 493
399 261
363 627
842 507
675 322
835 359
59 401
154 648
128 72
396 686
600 378
895 700
82 220
548 620
142 703
359 550
34 291
937 188
860 157
725 656
178 332
306 934
694 818
689 828
862 959
367 397
735 791
161 761
636 97
457 134
408 713
432 934
899 91
305 793
871 243
833 934
430 891
844 641
253 828
565 843
47 640
664 576
825 597
892 287
98 550
446 376
682 346
962 877
212 71
483 109
725 474
239 744
943 127
664 334
226 653
120 546
916 41
480 165
300 878
617 942
117 787
714 26
275 12
333 870
996 885
604 97
73 839
664 288
302 569
983 306
118 494
446 233
233 775
451 317
388 779
354 547
915 247
617 337
755 752
812 640
809 495
96 286
491 665
506 448
651 230
229 731
655 343
617 250
241 247
287 588
583 26
671 933
388 869
155 819
33 16
895 255
933 789
76 703
893 689
600 443
793 491
859 437
897 600
340 489
228 151
92 560
25 430
366 154
177 26
277 711
456 879
482 262
665 459
182 574
14 712
449 254
524 171
47 825
877 72
342 894
781 27
187 263
547 24
627 70
560 942
321 441
269 78
345 510
392 841
530 772
11 539
178 422
300 654
140 726
11 663
792 821
197 434
372 870
321 481
373 272
393 25
90 333
894 8
227 651
439 168
129 727
927 589
643 694
883 294
564 820
434 281
431 300
801 789
358 196
802 231
113 172
687 864
417 498
406 656
546 633
607 664
86 112
205 708
967 568
422 189
3 595
270 582
429 690
335 185
159 888
602 613
694 611
645 87
563 363
720 975
504 536
865 49
34 910
685 559
423 348
940 431
489 166
831 403
317 601
874 320
309 272
39 184
698 687
895 40
735 935
960 589
173 887
743 150
210 397
456 635
33 188
430 977
626 22
772 282
775 614
813 468
42 300
171 593
478 600
239 328
278 890
740 100
303 160
306 867
647 117
228 496
293 687
611 95
481 274
451 613
573 227
676 612
582 414
819 715
953 996
777 159
570 786
203 558
590 276
476 607
961 995
970 439
250 743
820 714
850 705
739 516
77 688
824 261
840 468
444 850
125 101
60 764
156 166
252 971
285 328
90 467
756 588
996 624
273 403
500 575
276 659
719 724
889 441
879 144
88 386
840 923
564 725
193 938
135 94
833 456
143 394
107 725
239 623
567 530
156 663
137 225
233 819
440 759
147 135
902 703
177 279
920 453
489 306
702 642
306 369
124 582
313 756
615 792
511 183
350 237
352 604
792 335
606 155
607 165
250 697
369 28
412 206
765 701
494 331
682 64
178 519
951 459
41 171
528 45
456 98
242 443
469 49
909 94
241 641
387 843
429 188
64 832
171 22
951 122
215 49
46 919
559 686
253 686
785 684
765 706
390 189
529 903
488 523
270 520
998 499
756 770
394 31
866 302
242 161
332 919
731 515
256 288
610 890
741 9
501 416
379 324
89 931
548 409
231 238
9 14
755 699
446 291
387 878
858 457
17 853
16 741
549 373
244 543
452 286
812 780
478 171
526 538
677 617
804 291
179 546
326 913
672 672
250 534
331 986
872 649
109 316
786 260
897 560
973 918
940 350
264 900
401 333
817 585
769 171
491 406
990 145
125 52
316 973
437 646
481 903
439 288
260 222
849 567
985 416
534 974
107 363
938 690
578 674
77 735
512 825
564 217
728 327
533 509
771 791
448 399
368 590
327 189
145 816
165 944
126 697
106 40
240 742
361 865
948 527
858 665
685 815
412 16
599 614
623 212
264 43
44 818
455 519
534 59
821 103
525 362
154 704
798 985
402 77
461 335
232 611
207 936
100 583
133 982
324 603
320 356
883 710
22 103
791 682
846 939
934 668
509 301
305 716
368 457
592 561
316 454
649 123
42 679
596 793
934 214
454 162
495 734
565 176
604 283
794 548
55 734
64 559
529 414
979 222
230 669
979 220
155 562
251 307
75 686
796 763
652 611
150 423
694 919
868 12
958 470
907 405
99 572
573 584
119 760
190 967
968 783
275 125
317 910
617 251
646 652
63 327
477 589
718 410
669 994
460 583
563 703
132 150
259 380
702 359
909 551
329 180
220 23
954 347
381 489
774 979
669 20
536 641
438 698
101 60
535 605
381 245
550 184
892 710
167 575
189 257
97 654
817 435
767 337
926 217
52 520
919 637
642 437
86 887
555 148
463 825
91 809
968 249
217 954
520 123
494 764
651 96
611 773
383 407
618 423
897 845
382 485
765 737
328 868
955 964
284 136
386 509
290 683
854 406
363 173
705 114
315 945
298 700
233 828
30 473
200 968
785 748
206 301
659 633
925 520
866 462
477 428
705 104
325 523
47 469
368 720
843 76
788 496
589 397
719 879
321 891
837 985
35 345
220 315
520 622
179 518
426 782
30 597
552 977
763 919
593 303
357 403
618 667
260 494
776 467
64 929
238 199
933 776
828 486
373 895
579 232
623 850
678 359
669 433
87 767
788 696
742 572
862 600
995 305
781 698
967 615
325 490
517 695
416 326
777 268
853 902
183 57
988 312
504 927
791 379
868 686
338 81
988 751
76 927
559 986
337 409
136 720
455 440
885 626
632 93
748 251
980 841
385 194
774 690
218 262
614 640
723 860
350 253
822 775
545 356
853 244
246 359
527 753
499 321
784 969
568 89
609 413
97 622
122 342
45 554
224 198
554 397
39 416
847 192
428 86
189 609
266 679
298 778
352 451
238 659
794 943
832 907
66 286
311 885
984 914
602 981
558 419
706 201
525 395
258 477
150 429
186 32
950 996
184 195
626 811
34 196
373 667
195 435
192 893
243 189
848 353
986 517
79 181
960 529
58 546
378 823
680 539
804 354
832 275
870 765
42 880
535 422
909 990
731 119
635 540
398 667
592 273
166 996
300 442
595 202
640 686
691 292
64 108
949 508
789 728
56 135
751 249
175 175
725 345
266 566
695 252
237 360
434 182
656 254
362 814
325 762
767 460
971 580
930 708
724 128
445 992
899 556
157 808
608 519
461 634
386 134
427 211
423 161
581 681
659 291
796 602
166 887
798 311
263 866
457 458
51 277
656 193
635 943
1 518
199 89
545 827
421 491
378 42
363 263
894 97
685 233
658 157
330 419
274 867
44 869
938 293
564 511
357 373
991 421
686 957
842 861
723 357
972 26
726 172
151 579
340 302
469 411
707 320
235 992
827 311
686 511
691 669
663 931
576 454
707 329
385 659
82 552
685 773
248 80
707 89
677 412
203 300
32 697
640 77
606 523
106 57
166 732
166 586
15 868
453 240
712 603
728 873
263 873
250 775
494 250
991 845
759 400
206 489
941 348
220 528
530 7
184 383
399 179
528 829
443 601
98 141
655 547
40 635
539 225
701 251
521 382
925 472
652 836
445 144
32 987
718 177
1 356
468 542
109 611
659 36
646 457
457 158
626 991
16 765
678 461
936 189
170 652
150 912
275 688
280 193
570 180
760 518
768 544
317 387
277 245
458 251
807 145
158 860
268 747
498 280
811 520
151 152
490 614
854 792
722 147
969 756
592 785
569 463
321 115
763 256
252 800
958 995
414 263
466 636
386 860
549 746
725 651
690 217
616 33
467 522
146 366
221 283
230 368
60 536
319 637
626 350
457 953
636 866
22 451
35 511
838 801
388 483
285 963
109 67
906 964
86 451
219 118
827 661
806 169
145 699
736 380
637 365
87 209
42 253
638 478
553 207
351 480
246 815
973 544
375 993
458 376
498 668
225 331
183 255
805 986
160 346
831 792
415 824
13 53
230 591
530 860
796 496
482 270
169 513
963 106
217 941
109 687
5 551
718 722
350 792
306 216
905 904
270 345
538 914
229 156
193 497
663 144
548 13
222 396
626 84
365 106
730 141
465 792
624 347
119 974
29 946
150 720
51 577
975 844
745 831
188 183
630 992
80 848
971 574
82 818
827 156
820 546
272 403
66 747
450 450
664 425
714 636
418 96
465 676
972 624
612 710
384 114
891 99
6 470
79 246
336 621
120 408
985 382
262 96
305 818
337 494
28 921
570 18
887 354
125 34
621 973
696 2
602 519
313 623
277 470
140 78
850 772
368 913
784 313
546 194
46 81
736 178
907 59
563 747
80 315
899 2
30 23
718 214
599 84
638 752
936 289
318 969
654 533
748 383
709 931
636 291
593 454
25 790
36 679
794 180
110 226
60 612
586 577
694 773
402 931
860 786
859 287
549 414
659 181
537 129
422 460
491 165
496 834
8 146
847 856
791 995
464 99
564 271
775 670
250 832
203 895
241 846
52 680
692 353
346 576
251 146
979 648
214 423
461 370
282 916
459 978
788 349
432 649
126 523
302 716
567 314
330 234
278 952
266 797
31 410
201 42
241 822
422 683
621 711
937 794
94 510
948 707
831 354
850 80
438 713
514 353
848 861
561 941
816 293
688 221
590 952
634 971
602 117
702 690
49 35
560 982
508 134
760 202
439 506
863 629
222 879
852 80
974 895
142 99
17 270
245 981
250 449
770 893
824 335
765 634
704 919
712 210
690 978
768 265
69 367
879 555
599 663
753 118
420 519
909 482
87 491
54 704
696 565
504 536
332 622
741 873
503 766
38 826
86 631
546 819
12 704
549 579
