6000 4000
735 749
324 125
450 483
560 182
934 411
31 943
228 270
124 51
28 225
357 151
289 450
751 417
350 934
359 822
610 982
987 249
911 140
184 123
726 199
589 976
135 449
783 657
151 742
719 618
956 7
447 502
683 634
807 35
517 865
254 570
452 423
746 256
583 957
645 370
493 374
48 506
878 289
187 352
266 813
876 918
727 661
893 319
375 454
932 221
972 219
459 246
16 559
218 200
467 213
240 787
384 27
202 110
247 379
590 905
662 24
751 720
396 962
844 409
660 392
487 499
278 599
474 780
18 873
32 451
602 866
204 11
445 98
892 264
52 988
979 362
217 919
901 709
493 560
24 765
911 927
959 968
462 696
285 478
172 717
765 32
27 541
258 233
213 583
253 781
960 754
61 426
560 977
990 619
465 921
737 607
483 764
788 293
727 273
787 735
751 507
961 102
757 228
425 537
115 719
751 68
26 5
261 633
984 822
941 70
288 206
168 995
451 959
32 540
209 756
331 750
683 436
587 352
732 962
638 46
689 679
754 147
416 16
503 381
951 224
771 186
595 819
354 633
376 963
202 37
698 513
713 331
58 884
301 109
869 426
856 153
146 443
972 952
139 881
623 322
472 229
178 978
418 206
611 24
432 306
413 278
734 771
732 906
658 602
112 562
320 629
211 327
233 130
269 410
217 781
407 347
516 33
246 346
35 841
894 122
39 246
246 58
991 955
953 4
49 10
705 460
251 386
139 78
450 117
475 628
239 666
431 646
46 501
52 724
474 469
311 582
550 924
370 80
886 4
287 619
874 876
740 3
670 215
431 257
472 294
445 388
55 343
941 383
374 224
127 782
124 124
584 901
298 368
479 90
284 506
319 7
830 865
393 729
838 517
988 849
990 139
959 228
533 483
421 378
272 156
30 687
717 198
388 438
974 58
7 97
178 927
161 574
105 382
330 843
11 707
172 978
758 846
960 723
901 570
582 503
929 119
314 255
307 966
856 48
353 629
779 933
993 442
836 535
761 239
281 433
632 553
772 17
315 305
280 622
875 448
416 646
471 736
173 683
177 489
11 141
526 258
501 391
210 894
371 794
737 250
881 996
365 100
445 281
272 701
822 300
831 105
482 146
7 227
469 444
505 657
339 288
624 889
475 52
698 950
202 291
374 365
185 845
994 120
608 766
518 417
900 411
773 805
476 811
322 38
362 426
43 283
145 739
340 528
335 348
289 386
882 159
240 54
905 495
2 692
596 499
645 475
805 523
578 334
27 105
610 19
623 214
572 950
23 481
931 791
314 26
315 2
554 707
597 336
3 513
976 981
19 105
568 446
279 59
485 812
221 188
753 862
325 725
934 206
163 683
646 979
568 90
13 831
593 560
470 67
501 353
636 75
107 840
579 983
731 310
832 186
745 216
923 832
660 53
185 975
375 696
154 144
453 322
964 528
915 466
601 215
771 245
816 685
570 336
522 747
22 898
543 336
82 250
273 292
538 332
38 756
969 102
600 29
969 985
160 687
294 110
646 125
541 983
819 471
300 603
106 773
987 898
353 701
972 233
355 747
525 537
970 465
500 506
965 916
618 809
434 289
642 863
728 148
934 769
105 656
465 853
531 367
127 821
744 299
806 844
819 649
576 687
27 862
402 51
521 275
478 273
679 588
811 679
751 140
110 72
44 804
116 917
296 586
259 596
794 723
865 672
853 737
901 843
333 379
733 633
935 14
242 410
749 923
729 580
432 168
498 243
148 939
307 170
898 814
822 480
636 196
909 817
463 329
95 158
278 411
806 679
503 336
505 636
113 698
487 482
672 858
322 65
581 343
692 857
440 881
450 232
277 203
568 685
564 23
972 601
713 596
826 405
51 879
877 133
124 870
557 866
316 794
560 351
744 807
264 555
376 781
260 492
482 396
253 631
675 2
878 238
579 851
218 321
301 543
927 188
487 810
666 145
59 455
526 315
771 275
370 754
602 302
592 55
870 552
297 494
213 937
25 695
947 244
698 834
969 890
781 561
393 417
626 186
683 746
350 220
67 893
108 302
557 464
303 621
803 734
292 708
994 619
733 240
77 514
79 745
312 126
990 371
45 777
738 999
226 256
296 684
535 952
997 526
580 920
129 98
903 559
930 629
811 912
312 702
819 365
454 541
805 319
354 974
227 14
410 404
101 558
959 498
24 66
877 18
59 521
326 719
22 623
391 151
295 676
148 931
491 595
53 798
527 202
511 818
431 578
253 300
207 407
993 744
391 715
306 519
168 566
101 758
25 362
700 202
369 28
309 80
574 822
981 798
433 722
487 929
577 92
772 486
360 470
361 585
227 673
101 406
728 545
151 231
129 120
236 131
221 462
91 909
542 56
787 297
52 443
700 687
578 525
670 203
794 509
369 362
841 914
66 947
112 688
220 187
202 151
535 664
24 165
58 923
540 169
289 557
955 492
358 451
270 953
815 942
45 750
144 35
272 943
840 813
45 353
867 487
434 34
313 387
446 4
362 67
741 903
557 450
425 405
100 136
754 583
448 254
242 500
292 554
637 476
694 131
513 172
769 741
316 126
199 972
246 52
569 839
474 132
277 256
129 427
764 350
517 646
404 976
715 866
764 119
436 201
401 970
389 595
285 953
974 256
939 32
2 647
79 300
709 181
59 856
425 52
449 906
322 653
826 681
318 142
848 558
447 718
424 870
896 433
258 572
650 814
377 775
518 839
810 777
711 147
783 319
80 610
304 727
898 800
336 330
11 114
881 336
569 782
85 857
681 318
334 914
406 102
186 831
945 140
649 994
981 202
115 991
465 676
287 766
925 476
145 869
294 871
132 955
790 747
688 353
964 855
846 32
34 905
71 698
807 511
876 722
129 497
820 974
29 725
766 970
816 740
106 961
254 793
452 519
671 369
555 48
642 255
101 602
710 486
253 194
198 257
268 689
248 173
476 989
704 195
43 492
641 900
638 98
408 817
232 122
389 86
234 466
332 766
42 488
578 480
209 28
131 800
682 59
739 15
178 420
649 600
573 535
216 704
242 545
148 621
390 665
471 494
83 871
462 832
274 148
194 218
777 883
665 307
618 120
463 904
531 176
337 757
238 66
521 660
222 367
28 776
183 204
185 351
620 444
176 137
257 720
465 943
594 456
817 214
392 253
610 638
967 370
134 173
787 28
966 987
959 681
858 828
979 168
75 171
975 71
892 269
290 711
421 727
655 230
129 647
3 646
955 300
393 288
590 617
41 425
922 135
809 910
907 375
490 844
830 268
695 659
504 600
308 269
547 772
307 427
486 497
439 513
656 820
917 709
621 891
777 30
462 115
98 522
121 178
972 661
725 71
60 115
481 106
250 3
733 440
973 220
882 90
284 233
759 846
648 956
751 208
126 662
385 841
812 140
666 981
283 213
683 370
426 2
657 334
333 195
144 311
520 358
751 546
418 153
34 855
933 153
718 372
184 574
655 21
354 727
889 252
155 924
308 296
720 703
981 598
155 1
304 119
641 752
755 985
828 530
584 235
54 9
486 732
522 736
927 407
621 349
714 743
831 197
778 491
411 254
671 35
69 112
748 577
818 722
266 606
481 775
630 487
290 987
166 372
610 601
585 670
342 10
515 705
385 191
182 673
557 660
687 883
414 555
219 232
539 117
555 8
246 29
656 179
25 102
997 519
197 792
518 855
556 325
616 866
47 136
148 116
604 168
718 625
928 744
84 993
776 71
872 481
337 331
402 460
998 265
263 767
341 721
888 490
94 300
581 431
831 273
744 299
952 113
790 112
126 738
942 288
6 123
941 423
950 353
675 277
620 449
193 639
793 427
125 789
755 224
15 114
774 946
119 304
855 460
319 698
392 415
628 451
353 789
543 444
789 769
55 225
886 191
285 480
835 641
476 404
734 160
127 257
962 860
229 355
523 961
301 641
567 561
644 811
386 648
492 554
124 767
853 258
45 941
731 925
553 778
108 327
682 251
624 555
826 991
976 523
166 539
823 925
633 802
263 481
368 450
927 510
31 199
872 731
953 940
240 314
478 213
217 712
328 353
531 355
334 963
240 262
565 855
750 222
662 220
141 769
91 47
955 936
343 58
959 233
896 399
733 968
834 173
25 723
685 404
851 671
208 75
941 189
252 269
865 367
827 755
127 286
87 475
63 492
924 302
783 32
939 791
552 221
686 87
592 94
540 650
862 346
771 604
131 191
777 76
889 11
964 468
107 146
921 197
132 948
475 451
607 769
233 473
644 433
967 7
731 65
404 258
823 700
423 681
185 875
454 430
931 45
552 987
658 627
624 992
178 103
813 380
852 892
302 145
915 166
455 963
223 68
164 41
893 426
253 955
122 515
701 183
881 839
175 915
744 250
668 730
344 251
803 699
338 372
42 114
387 158
437 74
116 201
854 48
176 383
18 123
121 726
743 220
561 161
495 912
291 458
940 438
276 924
299 737
985 913
752 380
626 945
517 667
916 257
991 746
74 180
662 968
893 749
104 26
564 306
430 920
8 151
41 526
572 626
737 419
555 343
356 118
177 748
479 397
758 802
861 342
420 623
354 816
486 709
142 195
596 310
771 807
735 870
766 461
751 965
157 496
840 302
983 697
399 962
8 819
116 675
726 587
988 71
6 399
901 909
119 865
255 351
820 80
127 318
735 873
385 704
465 171
422 861
647 553
575 448
484 327
542 694
240 531
225 49
781 204
231 713
951 951
407 84
182 713
853 919
188 115
323 439
627 8
45 104
397 708
10 820
250 653
997 177
262 969
165 389
152 153
859 977
863 753
36 473
466 926
281 767
489 369
119 368
834 526
27 928
316 118
611 44
515 876
110 462
517 203
995 708
913 796
395 899
508 180
850 673
743 120
260 524
235 503
418 976
934 796
9 235
142 312
927 876
234 326
91 284
243 492
143 26
977 197
426 380
451 287
595 375
487 39
955 381
167 345
148 145
441 786
671 313
622 531
464 317
423 64
946 345
890 410
867 726
701 248
771 721
499 427
796 697
664 641
361 639
384 678
383 999
511 789
501 212
730 629
394 708
774 536
896 324
675 84
571 243
865 501
785 143
435 930
882 873
245 998
253 856
792 382
953 202
73 26
428 622
348 20
54 946
101 344
700 509
150 1
847 596
280 764
932 245
530 265
3 855
582 270
384 968
466 24
436 659
929 704
44 538
51 792
50 799
423 8
427 414
936 948
2 352
81 525
529 795
642 237
160 13
149 256
95 824
14 472
714 274
943 10
12 761
616 21
779 858
311 708
223 297
35 592
181 628
689 816
577 649
419 212
951 881
431 819
839 410
188 855
902 51
621 115
564 43
86 350
325 148
544 810
789 810
522 467
862 394
863 630
884 549
414 782
186 885
114 226
143 327
425 459
118 901
604 598
226 483
766 288
376 54
766 459
778 164
523 488
489 571
54 531
485 484
9 239
949 627
665 68
773 248
468 10
806 713
134 392
390 190
212 125
742 403
750 132
894 808
80 671
535 945
982 170
635 942
880 972
404 236
884 987
388 69
957 52
942 764
749 38
803 264
938 100
900 865
896 851
779 5
654 414
649 640
791 689
462 96
922 323
362 171
620 763
83 52
521 804
65 408
181 748
842 126
342 418
111 760
574 48
146 975
544 911
397 83
151 875
770 273
573 175
115 228
367 657
451 992
613 376
389 358
754 431
525 883
949 309
167 279
507 78
270 248
942 59
789 968
65 480
203 674
926 238
683 817
588 201
444 465
65 166
367 271
427 335
118 181
523 358
535 887
673 939
269 600
366 940
169 360
293 316
987 274
697 392
532 45
413 828
683 586
957 167
633 230
247 746
964 352
382 899
283 965
707 344
661 838
689 167
154 373
636 96
421 450
350 461
473 452
888 438
374 474
885 693
89 635
574 78
961 806
999 954
266 376
41 736
94 980
813 324
835 28
813 720
403 295
892 910
925 539
538 796
827 344
268 535
462 278
172 631
62 980
18 126
286 822
300 676
643 375
855 131
31 707
163 763
566 252
931 464
62 217
600 356
418 822
916 438
282 943
692 101
770 176
494 804
375 629
728 8
353 793
534 656
677 825
396 722
769 640
635 460
83 901
797 849
755 63
651 257
931 593
124 283
942 823
477 98
452 609
208 827
558 518
380 278
421 246
912 980
691 228
384 166
679 285
459 471
76 945
436 687
437 843
271 516
80 446
515 964
354 552
618 588
863 325
605 867
527 230
510 304
411 314
170 27
878 537
825 961
86 531
871 179
535 390
924 660
517 505
882 351
257 203
542 952
722 176
167 232
984 717
864 378
872 661
193 908
784 366
617 412
976 800
775 278
968 631
871 541
399 912
94 471
424 7
849 493
309 333
553 283
746 144
640 215
102 627
986 512
59 647
397 582
227 828
770 553
253 824
515 32
650 341
474 437
460 728
475 77
252 284
821 437
526 944
368 74
217 874
762 658
841 524
769 41
963 411
872 989
635 573
880 337
234 400
812 493
931 939
747 312
682 378
294 825
96 947
824 164
35 284
794 847
481 259
18 323
515 803
928 766
847 880
124 480
294 815
104 928
681 812
519 957
735 817
754 524
592 215
334 692
485 859
445 200
634 267
809 249
776 597
139 624
938 131
735 283
723 412
739 186
939 438
69 112
577 636
434 843
566 922
965 271
434 621
515 566
68 13
756 213
535 550
364 87
821 707
122 991
979 477
531 752
37 315
748 783
427 603
59 946
938 348
676 121
292 728
513 431
491 213
376 692
457 34
60 318
667 301
808 264
831 506
119 230
274 753
775 895
716 600
963 73
193 171
546 734
734 403
380 496
396 58
880 697
718 389
145 944
261 310
670 328
27 1
788 269
729 138
659 509
613 993
147 884
533 421
900 150
441 956
700 894
364 495
782 929
760 826
59 794
260 681
424 205
455 364
469 118
65 554
323 236
411 907
667 27
657 611
730 101
646 367
597 483
437 282
305 565
552 385
831 680
76 70
488 19
422 724
506 56
740 300
106 529
650 263
846 43
305 364
123 35
971 128
172 37
858 745
854 926
768 943
868 13
455 122
26 254
473 654
831 518
356 915
986 704
285 172
959 875
872 255
640 711
243 891
39 145
9 309
753 806
238 467
129 927
73 414
414 816
744 393
736 47
261 597
263 130
629 331
180 314
429 943
500 494
117 442
88 118
788 422
224 552
983 333
292 35
275 603
244 309
41 541
254 206
736 912
744 154
449 433
251 213
518 674
594 917
838 487
330 317
666 109
883 65
274 605
18 633
13 782
845 701
888 22
798 31
926 240
799 974
664 441
68 951
352 769
713 562
664 231
62 178
28 148
473 576
169 779
938 150
387 895
439 69
78 30
78 575
242 299
834 930
227 394
671 770
477 695
951 624
501 697
794 106
656 832
306 423
903 174
669 591
805 71
935 243
286 976
561 425
681 169
706 84
474 511
974 439
194 536
100 108
239 302
164 260
184 509
372 724
524 764
262 290
591 354
475 972
964 846
7 971
633 888
734 183
686 662
543 371
771 946
887 868
452 472
938 909
398 338
960 86
842 186
274 135
886 945
973 264
101 122
480 567
832 326
698 494
510 735
727 506
750 724
218 572
950 646
334 994
28 462
827 111
915 420
749 607
146 286
539 797
139 865
46 44
415 67
226 892
591 689
658 742
176 95
441 812
666 938
942 248
612 579
255 420
654 596
730 300
102 814
28 152
665 492
606 308
888 732
908 593
778 86
164 462
723 913
511 79
293 167
318 426
601 687
862 121
108 811
892 18
186 795
604 299
508 47
616 274
931 296
107 669
379 839
700 481
693 927
211 414
149 609
442 724
791 593
280 519
71 301
321 757
75 941
577 401
652 115
189 373
441 485
956 50
134 977
420 336
186 69
363 691
750 159
481 999
790 373
436 307
408 826
53 905
787 545
791 514
940 221
188 986
801 21
885 568
138 717
358 373
999 579
997 306
144 741
169 255
806 886
833 141
85 219
633 684
476 417
40 310
991 759
193 41
737 290
464 893
984 846
241 412
127 949
811 856
105 510
231 21
20 895
442 683
420 435
959 117
694 199
749 150
681 735
856 770
112 714
231 373
424 609
819 739
43 703
199 434
877 244
371 64
681 341
208 830
256 553
837 756
529 738
548 971
377 581
464 682
192 475
659 909
212 137
687 972
466 511
706 37
741 90
34 386
571 783
308 685
84 557
376 409
607 527
738 315
713 115
917 449
303 672
885 14
301 901
152 231
438 800
990 165
127 391
126 486
286 639
432 895
382 740
809 507
912 650
431 918
586 285
851 489
725 709
250 116
607 928
126 466
453 551
665 764
665 236
69 319
124 776
653 648
412 40
550 751
546 11
738 600
468 387
727 489
946 431
194 695
118 262
173 333
398 816
664 418
984 988
827 792
144 955
335 509
617 396
191 301
682 801
110 519
397 305
841 491
832 339
853 336
557 209
644 336
676 706
434 575
624 783
912 821
534 399
959 160
123 298
829 860
970 116
374 969
184 715
682 991
765 684
520 794
396 783
368 371
336 776
357 665
158 329
287 452
355 655
84 538
338 674
501 104
27 657
163 972
525 867
751 762
112 309
204 240
505 889
856 358
167 594
398 837
517 789
305 399
814 851
6 884
927 712
217 356
141 52
563 791
566 474
775 629
701 92
734 674
541 192
925 633
63 543
585 777
578 947
415 312
897 337
829 778
228 226
263 50
661 513
904 992
895 410
333 705
755 645
661 400
561 862
479 833
23 541
27 244
268 241
22 652
725 333
641 805
56 544
428 723
50 938
915 250
413 994
322 146
362 649
234 54
216 24
517 712
386 354
25 12
833 700
572 37
855 835
957 245
558 216
741 528
938 449
544 857
477 703
367 251
784 834
851 900
55 522
443 447
7 568
937 86
435 573
417 140
331 621
310 820
441 464
608 153
306 939
814 560
165 235
91 918
447 415
161 122
868 129
986 831
120 993
645 877
392 169
560 232
427 565
44 211
829 328
955 327
393 713
435 351
481 540
64 460
231 909
321 532
387 619
63 492
395 393
745 402
102 770
908 276
490 482
971 117
820 784
678 338
564 457
928 89
76 950
42 888
455 531
186 809
305 964
654 421
346 629
622 815
230 570
719 145
480 722
11 845
708 894
348 129
14 301
642 774
203 72
659 241
350 396
988 640
871 324
73 6
961 570
279 661
398 26
388 506
626 399
323 86
776 514
129 509
37 989
333 555
799 612
659 415
931 467
802 946
160 335
448 273
403 275
24 590
210 143
744 758
623 717
433 435
609 615
608 970
657 842
681 969
39 307
625 257
724 138
369 211
591 861
174 614
739 712
384 109
228 593
899 367
620 701
136 622
621 290
377 603
131 426
384 254
151 995
773 345
698 421
334 396
13 542
236 639
272 407
977 359
954 500
91 718
176 175
471 217
338 216
795 823
534 788
461 959
623 822
218 543
781 443
207 470
316 383
447 119
279 144
830 41
326 746
906 576
365 676
483 274
302 900
207 252
813 845
768 901
188 213
249 910
3 827
571 525
723 268
436 999
219 641
623 788
479 822
803 337
534 384
58 792
551 586
449 600
265 844
765 546
231 275
679 233
252 233
292 704
890 324
458 673
51 444
370 392
842 886
441 939
288 761
535 770
577 200
30 989
886 345
204 940
173 256
292 406
344 567
972 849
156 82
55 630
713 454
301 369
805 18
289 480
803 91
88 730
782 224
994 17
598 998
912 51
810 244
833 92
200 397
832 490
369 759
177 665
933 523
701 752
594 478
350 953
976 747
353 547
58 201
406 827
716 898
77 663
532 368
616 227
41 168
642 574
329 133
426 483
49 758
40 14
493 595
155 522
47 331
799 81
39 438
978 648
775 819
987 805
554 884
152 323
927 999
599 258
366 599
276 895
657 282
429 726
888 731
964 644
126 683
513 354
618 503
729 475
713 45
915 563
14 365
694 205
391 597
571 331
199 671
574 461
806 834
201 177
324 325
262 752
462 805
293 886
102 596
544 508
460 540
318 876
974 899
625 286
176 797
779 409
956 57
993 544
45 527
43 790
567 855
525 606
222 852
404 173
314 975
899 230
320 807
622 430
420 409
962 512
139 539
469 559
675 878
136 852
288 476
96 669
594 714
475 996
137 286
96 26
751 490
128 216
769 981
468 208
192 728
420 665
904 791
982 692
52 808
568 689
501 677
261 60
28 76
8 825
784 561
523 685
807 252
966 650
396 190
714 258
524 870
633 683
643 143
824 301
429 687
269 70
337 122
998 315
128 749
725 953
257 538
774 610
722 240
742 557
927 714
371 906
59 191
981 733
267 324
467 529
982 720
426 146
44 711
31 384
251 754
639 637
134 351
965 777
326 934
805 194
389 396
825 165
808 717
346 516
772 746
519 556
809 703
179 271
584 49
663 705
267 302
579 58
928 594
168 76
701 990
532 744
10 95
909 38
894 357
613 491
890 205
345 613
543 193
142 337
476 644
870 743
886 611
735 705
10 179
253 441
311 885
954 321
690 869
118 537
251 164
582 763
63 669
171 359
345 269
533 233
253 706
673 821
412 475
353 499
863 934
515 225
398 779
507 445
839 952
830 572
489 423
802 250
910 636
410 425
642 221
579 390
328 504
544 13
755 746
245 553
530 771
561 775
608 512
393 333
405 66
826 392
770 347
638 424
905 980
966 975
823 406
305 185
640 761
883 496
923 338
948 337
447 951
468 436
229 882
703 853
577 735
530 724
734 920
800 402
926 885
965 727
116 525
531 717
67 780
210 163
929 545
466 167
661 816
97 607
179 395
50 712
121 928
672 127
903 860
181 891
475 80
777 500
768 584
569 7
260 130
945 785
542 247
524 684
143 108
629 733
884 975
994 948
890 901
605 666
25 786
448 100
495 583
187 356
338 5
591 8
577 562
147 496
232 368
819 828
170 894
61 233
199 86
263 332
870 407
148 335
390 28
232 408
52 574
800 275
581 403
449 478
275 407
723 646
204 54
858 468
635 329
628 463
515 797
798 582
9 237
880 683
777 564
951 180
2 862
45 950
89 990
419 52
739 312
167 803
553 53
881 813
521 403
725 524
817 620
395 757
658 604
79 432
825 489
657 992
416 7
114 63
57 179
686 883
124 328
790 169
687 417
99 720
729 178
776 400
201 875
324 510
481 870
729 366
69 964
553 896
712 289
908 445
271 261
57 121
244 194
275 761
894 339
673 301
370 850
75 142
325 22
944 339
746 321
388 474
943 82
197 983
769 628
817 500
594 35
988 7
824 217
994 546
662 363
175 531
356 918
348 207
826 821
821 28
374 162
778 729
176 480
823 692
125 849
625 951
744 965
419 742
930 23
553 731
4 298
663 969
777 817
830 739
286 29
337 273
15 856
860 448
684 479
289 756
543 201
389 238
912 213
95 145
36 766
994 93
679 288
400 356
801 927
145 543
551 855
551 577
841 35
38 35
459 731
170 270
124 407
961 581
88 15
649 338
785 413
481 635
47 498
586 71
158 17
909 946
532 647
371 677
1 214
204 769
484 723
19 275
743 309
632 946
397 826
897 689
864 318
816 738
529 295
500 117
139 771
255 183
902 476
960 270
4 848
682 246
313 212
947 594
778 673
103 31
456 95
931 793
817 267
100 395
397 18
44 383
575 170
159 907
962 155
8 444
744 751
502 720
244 674
668 451
161 179
901 985
756 512
491 883
870 751
477 227
911 906
636 657
538 289
376 517
109 794
336 512
433 101
892 923
730 206
484 834
540 598
705 964
343 719
745 962
460 927
13 881
461 115
378 27
225 935
128 260
106 830
97 775
988 404
775 686
288 965
799 853
54 361
223 262
252 548
692 403
767 842
110 418
852 622
747 149
730 66
504 291
760 517
734 103
979 757
88 632
77 904
685 410
608 223
758 734
678 434
46 379
859 711
775 354
365 318
881 102
578 597
735 741
829 455
969 101
14 302
185 258
130 550
387 727
575 817
522 864
303 872
383 406
92 815
253 554
117 216
628 297
206 765
819 166
545 719
566 848
101 982
72 699
420 551
869 564
963 843
725 520
200 119
390 230
882 781
216 17
18 6
915 430
593 152
574 46
698 301
955 354
962 121
45 693
582 565
653 96
570 18
734 972
532 623
774 238
876 785
554 623
921 672
941 682
205 370
494 53
736 844
687 911
512 566
423 925
109 333
691 96
314 52
39 74
913 659
371 375
160 387
833 961
162 332
839 162
953 472
525 600
19 421
154 291
930 621
244 211
758 129
167 668
393 943
82 284
44 509
322 543
218 961
595 484
241 899
819 262
504 905
383 806
914 988
2 198
968 457
351 598
854 64
391 126
937 804
829 435
33 233
231 198
241 289
426 400
624 809
211 453
552 314
916 462
159 918
843 516
117 629
165 86
311 725
60 216
197 935
990 92
157 233
672 157
912 84
14 142
417 823
501 208
676 478
743 84
878 42
782 222
110 351
625 969
645 945
470 969
981 634
989 922
750 765
212 215
808 59
690 538
225 794
696 913
671 451
604 763
675 430
362 525
336 696
798 646
842 42
937 372
116 421
202 762
301 578
625 720
271 815
252 579
680 359
195 681
720 70
897 953
604 967
823 123
292 189
606 471
915 3
712 691
724 294
12 879
151 512
862 680
249 969
758 365
226 810
213 174
194 147
897 464
43 988
498 30
50 449
376 771
909 615
220 839
159 271
746 494
996 561
758 984
797 694
629 287
720 266
716 883
701 313
494 67
900 829
804 152
633 23
679 405
478 269
745 975
566 746
549 24
315 518
904 535
588 463
56 916
936 503
447 895
188 590
801 622
177 732
112 988
212 241
533 294
626 730
825 476
834 907
635 787
532 874
784 235
850 757
521 763
896 508
204 629
744 979
518 159
412 667
41 800
500 8
161 15
129 285
156 401
104 851
142 356
841 170
727 283
991 441
358 806
113 539
791 135
890 635
501 113
840 352
852 407
381 23
389 321
354 259
107 227
257 325
85 781
177 397
361 238
696 459
793 317
728 505
983 871
839 370
939 544
325 778
392 525
574 89
760 747
470 932
348 319
808 365
216 568
412 864
22 514
479 894
190 508
750 647
551 92
81 117
77 898
38 742
56 480
609 373
717 582
435 379
733 181
837 957
24 780
122 64
952 13
503 881
718 391
822 320
661 505
626 753
963 569
970 22
421 482
372 548
485 319
244 493
638 747
466 352
388 852
237 361
337 507
573 804
228 607
439 874
964 428
809 211
281 394
866 634
981 520
995 242
108 970
102 507
563 335
573 860
950 159
781 479
17 69
24 203
960 392
530 929
689 153
266 270
455 383
806 658
12 875
195 418
602 394
877 135
264 574
996 88
278 365
551 762
985 996
681 796
9 9
891 775
58 864
703 7
132 410
294 345
962 709
652 852
728 163
29 847
364 788
400 832
545 875
22 161
789 965
488 779
336 334
833 733
380 614
609 544
487 390
438 518
851 969
440 573
798 561
78 154
673 168
44 855
913 991
759 856
186 929
987 238
819 370
880 990
326 984
46 794
960 960
204 205
627 425
833 421
928 21
140 313
566 498
144 872
387 311
138 917
47 90
593 443
442 698
914 606
650 345
575 447
509 935
872 829
119 383
998 959
885 11
745 90
647 9
227 803
317 99
854 421
576 651
244 915
872 895
771 311
788 753
267 575
769 199
967 412
704 338
244 302
754 872
340 760
914 982
339 775
875 831
237 470
20 166
410 813
198 135
728 183
131 299
229 590
751 212
807 393
550 645
535 837
813 946
403 504
599 60
791 830
788 749
763 25
714 923
512 805
731 314
485 201
745 912
87 439
731 627
109 369
827 985
685 655
840 137
179 373
418 535
207 747
719 723
573 200
88 671
68 159
784 806
958 330
298 345
928 484
249 717
906 740
126 397
626 479
279 79
40 909
910 368
200 818
935 441
175 867
515 449
760 497
915 286
326 247
291 241
632 253
287 94
344 19
161 739
86 572
699 563
518 551
973 753
135 310
548 82
291 983
45 634
16 645
464 733
789 764
30 333
90 98
86 411
177 141
172 384
326 552
63 778
81 408
624 715
775 101
480 81
593 556
75 128
726 412
140 437
678 364
1 657
975 19
86 703
57 797
57 359
699 554
815 416
45 580
977 804
402 467
450 618
929 470
850 916
660 834
77 399
232 846
461 39
759 170
800 408
208 837
181 410
618 717
561 125
946 523
395 263
441 603
869 181
27 518
965 315
3 781
612 956
166 810
210 977
842 150
820 817
404 506
979 641
591 746
656 463
707 906
726 281
284 564
848 368
902 974
816 4
996 228
391 574
957 631
118 15
463 334
995 46
15 246
876 589
417 916
78 154
409 526
535 297
437 144
85 597
446 703
338 450
879 164
379 523
994 585
901 524
600 394
450 166
498 314
567 834
827 495
885 391
611 46
418 925
805 996
435 601
793 16
562 143
706 194
756 174
68 823
78 103
891 934
124 25
929 891
256 636
572 329
516 227
332 113
127 644
836 728
452 794
403 539
260 924
685 431
837 330
301 592
200 276
440 150
891 520
133 922
827 350
533 391
257 840
630 870
116 182
265 833
430 386
129 318
945 191
861 325
495 891
782 485
190 993
554 958
882 343
454 854
434 226
451 651
788 392
404 560
729 919
356 161
993 146
858 725
46 984
791 695
620 984
789 325
16 545
408 962
907 961
957 963
159 83
215 750
210 962
997 958
902 172
867 874
817 967
899 293
378 465
261 71
475 569
627 740
755 253
164 545
673 901
855 621
355 692
448 717
48 108
665 108
602 593
635 58
87 252
780 76
336 581
812 721
330 341
388 777
852 160
550 654
394 666
772 816
766 644
554 949
325 216
311 572
889 82
908 77
409 760
623 4
920 792
816 6
314 124
676 59
594 484
357 595
129 98
894 215
317 758
78 41
587 128
500 635
639 866
732 975
163 618
425 686
369 239
304 584
485 304
191 169
797 632
775 782
820 423
728 746
929 292
693 232
63 779
66 613
614 138
519 554
511 631
489 501
737 321
658 971
309 567
327 153
117 599
518 927
780 435
725 836
879 752
511 690
725 274
240 939
509 472
694 69
940 455
824 58
608 38
176 164
642 803
596 552
298 229
766 583
542 861
170 898
495 670
830 530
960 303
907 914
351 174
520 437
699 719
587 158
202 207
172 46
163 387
74 226
838 140
738 150
141 149
594 93
653 124
831 204
241 794
905 512
455 980
378 752
554 829
418 390
531 519
779 747
958 409
55 18
947 581
179 231
412 494
952 526
600 200
290 164
194 423
800 12
815 158
241 301
518 386
224 911
752 453
862 918
353 342
745 77
668 426
531 805
671 690
410 973
680 555
191 275
854 395
265 446
874 797
375 865
62 851
138 174
879 34
602 366
455 578
467 767
589 831
710 258
237 154
923 213
679 93
917 338
349 881
540 185
964 424
686 598
621 975
500 564
494 619
689 774
527 316
984 442
83 432
225 515
307 256
934 559
807 231
195 423
912 335
993 714
605 759
276 452
636 398
735 150
165 263
38 280
564 738
242 504
931 510
983 691
712 45
940 494
805 499
480 832
693 678
292 35
428 962
645 75
2 730
729 724
807 400
777 322
986 19
561 99
698 490
865 369
59 576
764 728
107 789
321 229
289 832
164 194
903 597
43 985
233 116
951 209
920 988
305 553
1 127
343 78
413 117
928 515
66 684
202 576
617 658
844 301
284 824
776 130
919 715
954 321
492 847
843 588
540 684
425 326
187 76
829 549
176 636
334 204
869 566
482 517
350 606
4 770
998 877
190 494
444 936
678 534
511 119
473 813
899 839
270 863
401 706
397 954
378 594
207 126
862 21
324 696
109 135
864 566
835 277
293 126
327 895
347 250
607 64
956 809
390 900
389 808
497 176
394 101
60 895
221 849
134 844
941 253
175 714
500 327
945 154
449 588
760 538
342 867
264 306
803 92
777 334
214 262
897 47
363 345
521 435
942 921
516 916
390 185
44 772
768 314
175 698
280 214
451 783
625 445
68 572
115 848
532 349
419 567
930 52
558 224
1 529
561 435
363 30
613 413
838 676
431 483
220 896
593 951
628 260
431 166
322 83
355 599
979 238
587 229
324 578
717 874
669 106
765 468
632 457
801 511
220 600
978 92
384 578
671 282
659 126
138 135
158 181
590 812
734 300
913 535
353 251
95 1
100 527
33 905
350 635
621 514
875 301
872 359
755 304
762 357
661 45
180 679
353 129
967 482
626 98
45 920
846 334
820 448
440 980
403 588
574 517
220 997
179 438
24 592
662 281
65 63
11 13
648 162
710 505
139 402
259 247
411 773
229 691
72 170
917 617
527 228
927 689
24 849
522 307
107 285
151 699
915 461
670 708
482 888
448 232
20 90
145 927
961 274
411 364
81 443
771 507
338 45
281 752
276 784
571 194
868 131
106 405
969 261
481 694
98 893
296 758
953 214
32 433
275 703
888 101
708 627
719 854
709 169
736 570
41 698
741 468
923 818
313 570
550 699
593 583
241 254
698 445
143 469
760 649
158 388
339 20
91 35
73 909
729 236
536 969
69 601
80 880
654 253
548 798
544 84
287 847
424 587
111 608
45 404
586 609
405 732
630 913
204 677
985 985
593 856
682 376
587 653
537 578
188 495
40 874
585 947
936 647
172 358
644 822
42 458
613 696
247 720
698 817
499 952
304 924
262 352
863 936
748 76
290 66
431 520
503 74
375 180
810 143
190 495
466 593
796 198
158 416
450 834
274 744
691 623
958 909
288 102
933 282
983 549
132 394
616 393
184 419
813 84
602 19
730 273
458 241
347 645
256 405
587 975
655 897
404 763
858 743
785 967
235 752
314 51
753 381
481 51
352 874
701 157
271 206
625 676
825 628
159 727
782 73
884 213
732 815
282 504
537 330
600 186
850 13
108 451
106 426
512 30
535 425
435 405
954 984
949 959
452 691
830 892
149 690
401 635
174 759
800 673
126 645
252 821
855 826
389 545
549 118
109 135
300 678
625 814
810 721
447 837
550 44
165 336
432 694
930 271
164 987
406 786
769 93
851 357
393 767
435 624
358 651
816 502
329 307
80 175
200 556
851 223
893 243
245 918
494 904
14 593
546 581
506 114
189 704
584 420
859 171
582 309
126 899
796 555
786 320
824 234
434 223
519 149
448 895
783 924
469 182
858 369
681 6
235 185
616 773
270 725
154 3
580 205
855 547
993 190
767 975
974 198
229 976
898 190
248 38
319 144
148 635
20 310
923 300
928 550
940 161
613 876
167 680
429 584
963 650
826 511
28 848
518 49
121 144
930 752
765 745
736 638
9 685
999 380
204 30
936 163
205 759
891 98
1 817
486 605
912 850
402 6
926 362
359 37
20 567
761 992
530 757
3 220
426 376
374 821
341 75
584 914
673 46
450 428
68 291
975 922
594 841
272 764
996 566
217 737
888 769
409 68
549 979
53 922
490 26
973 935
921 106
49 632
631 518
317 93
478 599
657 697
201 864
244 220
680 684
478 934
725 347
851 9
129 844
922 21
216 420
851 108
545 26
931 135
878 146
308 662
286 196
722 798
577 634
4 4
448 840
850 662
297 331
947 105
507 781
545 667
602 33
189 374
946 124
488 221
570 384
869 912
36 814
521 329
360 568
674 707
252 411
302 73
822 986
399 563
410 311
928 839
836 723
996 742
617 865
368 913
697 763
882 361
34 811
978 882
433 625
389 196
705 78
284 942
213 638
589 172
744 542
970 790
351 312
355 902
262 506
228 832
738 910
551 656
250 994
264 164
114 655
30 813
461 498
164 86
989 525
672 416
645 864
790 334
374 68
789 513
154 107
542 445
443 906
175 420
538 145
349 347
126 288
478 348
190 362
112 40
249 273
307 854
648 694
543 18
925 422
185 717
701 582
31 693
835 474
336 409
868 867
245 461
366 884
291 297
991 557
37 210
81 283
775 187
785 810
866 26
255 143
749 651
288 228
833 838
995 483
373 489
357 318
668 563
645 589
137 153
472 47
631 716
221 360
859 484
795 284
588 94
329 696
451 146
694 595
937 316
233 921
882 587
657 41
297 248
799 351
42 711
548 17
212 414
410 901
489 602
970 476
496 820
940 290
946 485
416 822
804 55
379 199
107 128
176 684
629 297
527 955
818 55
68 793
953 576
723 760
573 950
117 688
215 427
484 275
933 79
447 128
53 553
205 198
417 666
699 499
303 513
943 140
95 534
402 462
988 161
292 630
851 852
715 439
193 518
350 338
428 45
236 88
659 354
49 851
932 166
505 700
944 467
405 809
812 516
428 168
234 314
591 346
418 836
358 352
106 585
180 591
823 553
949 844
631 13
668 126
954 970
201 679
543 194
92 97
774 89
215 2
271 786
408 898
350 141
525 222
919 158
56 298
29 745
400 648
217 990
917 682
915 695
292 778
275 453
996 157
42 995
316 171
438 428
942 538
788 711
497 457
517 981
585 502
853 153
569 797
283 607
474 203
758 572
416 733
610 530
882 410
491 636
696 871
997 45
432 163
35 667
432 841
811 884
546 709
832 697
897 922
646 58
278 890
385 234
100 445
140 241
949 191
116 860
910 270
415 582
765 805
752 36
968 123
454 242
793 942
958 593
182 441
952 955
819 867
830 186
328 844
184 73
170 592
538 173
519 616
899 635
275 202
360 617
323 453
649 436
450 732
365 474
442 268
687 88
500 794
261 728
527 619
313 347
309 800
387 521
865 953
444 264
998 388
483 208
726 436
791 648
231 659
375 837
845 130
136 752
753 303
783 937
657 995
325 393
437 499
153 152
914 163
530 268
823 276
847 784
533 112
277 429
140 591
366 408
98 631
281 661
811 197
601 616
737 562
402 484
967 498
90 337
384 140
650 635
460 175
256 341
77 667
893 211
822 226
758 744
64 926
390 530
18 287
950 199
812 460
606 643
231 302
882 719
240 377
77 260
9 704
367 995
775 715
522 594
789 3
725 808
80 479
625 627
611 817
574 275
119 366
161 289
35 931
775 639
860 9
878 447
167 263
838 200
642 161
466 386
411 192
444 260
127 926
629 857
724 484
906 311
439 307
686 701
464 6
519 79
732 417
516 796
864 396
294 849
716 175
659 465
742 254
48 561
903 16
328 699
719 125
948 514
341 24
603 905
901 831
853 506
21 382
254 724
316 628
735 386
992 128
184 814
81 811
189 307
691 69
699 746
267 36
132 522
905 276
136 706
803 998
956 760
74 371
193 794
828 237
946 904
514 481
506 625
532 284
419 284
713 236
888 680
136 111
701 829
228 818
792 643
605 852
420 398
500 709
352 192
376 106
6 242
237 836
345 427
546 433
160 180
697 569
345 583
325 349
462 111
747 385
674 869
249 973
499 290
604 94
720 983
595 201
251 560
853 82
953 167
124 143
88 256
329 517
705 144
133 97
403 507
854 346
400 682
324 392
690 626
921 655
399 334
95 197
964 420
390 737
77 361
807 232
601 991
43 22
17 958
114 97
800 938
748 290
868 363
744 372
211 683
665 691
832 628
213 37
94 240
240 479
602 161
23 174
144 225
584 925
25 579
653 378
898 847
677 751
403 587
369 697
672 906
808 704
986 753
423 682
175 396
11 993
20 856
434 638
802 665
75 293
158 620
723 491
365 816
274 224
818 111
939 869
179 245
53 478
388 783
972 810
933 278
838 150
681 128
839 854
911 382
47 260
254 400
616 754
453 35
940 965
670 599
644 274
751 919
279 495
333 646
779 934
337 791
730 814
587 242
115 131
748 191
987 693
729 832
765 623
268 664
49 260
546 2
891 589
192 737
58 978
481 922
705 214
948 574
343 253
410 128
347 42
117 998
585 225
443 623
137 9
951 467
201 71
18 56
398 636
322 943
716 463
503 636
789 820
638 327
745 277
959 221
777 897
481 293
577 598
167 25
807 763
39 690
829 644
245 659
599 395
243 443
328 329
844 500
286 332
615 875
139 435
428 235
557 318
847 788
472 198
875 754
399 732
280 19
529 754
666 958
477 285
707 834
573 291
395 743
347 85
508 402
900 675
761 591
476 690
877 593
562 187
183 557
682 653
388 281
251 123
996 767
447 347
127 88
188 808
3 440
525 694
769 523
239 64
403 202
29 939
135 374
335 161
673 610
300 668
907 132
403 369
160 540
861 530
933 871
723 773
294 43
661 839
263 658
800 97
711 622
453 830
809 219
247 308
367 681
976 211
409 570
209 270
758 12
721 547
473 51
800 877
118 461
506 594
187 716
659 985
696 842
268 829
655 13
166 896
907 353
607 84
914 919
74 801
809 904
494 328
153 762
169 391
586 612
526 478
563 675
454 206
160 232
694 527
148 912
165 891
825 63
536 59
691 830
290 101
108 310
359 821
39 414
678 680
658 245
769 500
8 227
154 453
674 250
703 466
665 542
372 534
613 595
61 448
818 549
749 92
660 547
676 614
719 431
973 783
389 746
454 311
737 332
3 558
733 585
59 514
50 142
700 552
134 553
974 286
696 188
233 402
105 977
862 408
17 133
227 473
576 473
649 344
915 949
938 904
405 954
353 212
926 593
134 954
885 536
261 252
514 870
429 723
986 972
797 263
972 319
292 179
541 216
130 113
45 946
609 396
246 147
831 805
972 38
291 276
35 151
808 148
383 143
695 539
696 46
662 161
811 79
52 504
511 928
731 557
777 371
479 167
801 218
329 830
808 617
830 216
41 454
38 304
392 561
324 19
470 853
351 420
222 733
553 445
120 115
695 35
447 861
553 953
555 295
195 158
395 713
366 613
944 919
947 646
640 964
461 555
64 877
835 456
883 560
750 844
704 817
923 782
314 564
652 892
843 497
939 831
616 694
136 226
867 8
290 288
196 473
252 680
864 292
736 767
397 543
546 820
605 836
791 572
548 340
462 426
641 146
401 359
851 690
615 699
636 350
804 282
559 899
221 496
22 229
890 448
516 517
296 990
659 313
142 723
17 926
582 464
105 585
379 870
125 437
342 327
271 746
844 407
863 686
649 897
396 502
882 734
750 72
843 275
485 191
970 313
462 913
442 608
239 764
326 27
898 364
353 720
300 701
314 311
710 951
669 132
977 272
875 753
82 336
477 64
743 538
535 899
815 323
432 240
889 819
902 416
949 291
389 39
7 916
754 280
135 29
446 152
587 12
720 251
505 840
484 169
28 907
70 793
868 367
150 44
281 341
295 543
104 87
153 856
167 408
83 834
442 446
509 735
33 422
256 921
702 535
930 557
962 20
76 498
864 720
360 311
853 999
888 800
636 246
398 876
555 35
163 90
17 414
578 875
585 250
369 170
324 947
350 51
779 806
599 569
99 207
228 802
564 400
913 974
853 996
126 84
456 930
952 680
934 873
790 257
177 176
275 781
824 852
654 295
811 15
721 227
536 403
995 211
814 202
537 382
960 716
616 226
844 440
938 634
205 333
396 83
857 9
223 477
359 495
856 604
358 396
408 670
65 758
511 237
222 500
336 106
647 866
806 193
173 381
219 542
939 7
538 582
396 260
510 329
852 559
298 939
389 585
727 72
36 456
532 147
107 772
578 330
335 213
177 986
145 543
136 1
580 373
193 737
632 574
927 221
106 794
680 906
105 690
336 468
411 57
20 82
207 532
951 275
810 992
463 750
534 900
567 685
595 209
158 580
71 161
984 610
443 49
186 402
135 25
110 742
94 422
66 946
61 316
255 780
726 876
1 462
98 803
935 502
634 405
240 769
813 453
960 530
485 712
294 611
936 671
966 591
188 975
964 829
97 139
153 105
766 859
541 757
398 959
127 150
63 621
914 639
37 749
731 816
422 238
114 662
941 935
747 426
339 937
318 236
248 799
865 561
427 508
810 923
724 141
920 647
535 705
270 250
17 346
546 76
415 879
111 774
282 610
204 223
942 884
172 983
815 879
427 162
886 383
587 619
441 546
84 618
377 122
592 463
547 681
118 899
632 203
330 100
375 151
412 950
24 356
708 621
158 415
834 84
435 507
29 533
928 710
49 843
569 825
332 515
922 969
340 622
411 427
570 257
437 864
447 777
447 190
448 143
50 842
83 478
611 156
226 681
60 85
94 467
299 718
279 739
255 82
599 13
258 698
819 733
818 520
20 639
517 496
386 831
66 772
936 962
283 885
4 806
147 253
384 979
76 415
423 259
270 748
589 579
327 174
342 103
54 628
305 302
605 917
800 56
727 262
139 85
586 876
709 675
369 534
681 126
62 12
404 323
881 399
402 448
112 402
774 801
404 328
501 566
862 653
30 408
917 953
785 905
756 966
810 901
223 529
409 573
936 632
460 38
305 126
835 837
793 58
43 729
30 401
314 929
422 275
869 491
489 592
697 192
418 696
773 537
210 379
679 887
212 695
539 361
557 646
304 263
286 281
378 849
451 572
409 336
978 894
8 268
904 808
606 168
811 781
598 104
433 261
806 231
802 239
843 800
941 118
536 758
52 133
674 812
582 212
687 608
531 22
346 219
557 50
9 951
140 45
668 425
991 432
134 707
358 261
219 811
801 437
670 686
838 528
563 848
217 29
476 215
802 63
111 738
366 423
115 666
523 879
800 512
743 44
783 832
427 676
818 159
335 426
907 864
907 425
330 908
158 485
738 994
465 471
160 108
714 596
779 543
155 753
46 896
461 425
251 190
360 784
839 684
702 313
529 760
227 942
585 344
993 527
483 166
685 978
158 815
418 96
419 247
73 64
163 175
434 156
448 956
907 296
504 841
16 189
268 939
205 341
47 989
844 656
385 866
815 566
783 284
944 15
311 641
783 89
878 68
150 124
352 631
692 985
732 767
612 560
865 720
120 73
625 502
99 521
84 794
922 3
120 952
801 766
281 537
408 36
145 577
459 528
809 213
880 732
848 960
745 454
356 620
536 44
75 508
748 693
987 32
78 836
178 248
344 533
886 457
784 51
803 647
742 686
271 231
964 54
166 232
17 378
8 560
905 778
580 363
711 659
215 177
641 204
471 312
390 776
331 146
837 168
559 803
486 985
440 63
159 720
999 303
129 181
115 194
306 785
378 97
991 460
503 860
51 158
661 135
591 728
52 154
31 606
143 282
381 787
7 735
191 703
768 421
750 830
663 184
33 730
339 697
823 696
130 138
863 37
178 127
107 116
937 724
144 323
405 634
216 111
76 800
740 432
418 40
269 411
493 984
852 807
10 28
458 801
595 193
710 94
949 265
237 28
216 214
387 991
766 616
245 179
37 659
148 335
144 199
715 113
373 825
703 889
767 768
785 82
652 699
64 918
803 347
360 488
561 968
905 834
807 937
1 42
195 481
731 790
790 75
923 313
765 639
540 757
435 666
844 417
822 543
702 479
80 35
553 751
113 490
675 830
74 593
897 461
21 919
657 901
709 867
810 119
165 154
822 474
839 175
228 312
20 560
656 835
232 326
746 89
402 997
759 911
136 467
9 400
167 684
8 757
671 623
91 559
383 826
415 818
389 943
570 498
832 923
282 834
458 72
364 678
706 900
820 157
294 110
83 19
452 34
175 408
529 142
567 782
759 184
964 795
161 452
22 378
592 964
529 452
774 669
235 509
627 842
923 230
466 122
996 695
95 902
744 487
721 879
305 624
464 389
748 297
900 607
404 540
46 300
880 314
421 894
209 95
32 139
816 824
536 64
277 644
63 383
805 872
18 48
123 793
780 791
357 122
87 266
443 961
934 344
562 444
577 920
227 566
96 643
168 15
691 397
966 793
940 566
792 998
181 360
406 395
865 504
706 13
495 637
953 928
680 140
859 875
546 417
699 318
388 762
963 330
576 789
139 773
743 930
690 980
787 586
829 841
754 543
839 92
434 352
435 484
543 475
665 233
371 654
233 292
713 961
909 823
803 205
998 401
271 325
806 694
690 520
361 718
97 585
362 852
239 261
414 968
464 18
940 296
886 408
91 670
811 922
112 636
500 461
382 720
174 497
574 479
977 971
375 289
382 241
88 362
974 390
740 199
913 293
891 4
135 964
312 708
250 57
737 335
397 773
961 655
493 186
732 962
858 798
410 868
736 890
71 283
37 173
698 707
807 599
889 614
410 845
903 645
514 661
320 525
648 977
32 136
304 557
956 132
663 193
659 569
397 761
63 256
774 455
759 62
798 465
924 111
576 610
442 871
11 753
907 318
774 644
467 783
957 742
442 941
256 869
833 380
232 266
991 118
938 591
214 385
968 556
372 523
195 500
24 905
663 101
503 481
922 917
835 216
293 769
569 34
296 493
705 519
105 903
497 792
229 539
584 684
442 225
34 866
250 868
688 331
367 91
855 581
133 18
985 654
606 440
36 378
979 312
442 747
442 696
899 239
584 191
748 799
774 689
505 71
941 346
808 547
832 319
777 382
652 39
367 41
626 518
246 411
351 545
563 931
575 176
232 709
615 917
453 217
767 445
66 880
117 682
447 664
396 678
114 587
447 865
381 230
623 558
403 71
635 78
192 428
509 936
233 890
537 33
371 74
534 749
450 452
719 209
83 597
692 972
413 841
96 486
101 725
271 773
570 691
93 750
774 733
179 410
503 89
887 257
816 621
441 79
585 890
27 71
962 451
269 759
382 746
403 196
381 514
593 486
118 393
669 17
972 62
629 997
591 748
512 258
721 947
123 521
680 913
158 182
756 633
315 533
725 544
486 684
843 609
610 998
422 171
140 543
51 323
723 844
590 27
999 191
947 719
93 804
695 445
948 357
408 487
438 173
828 349
625 720
213 381
711 100
694 6
174 493
593 782
631 299
233 855
804 92
409 458
864 944
153 644
762 560
473 949
458 385
722 871
439 302
259 431
610 807
246 811
126 726
422 532
2 114
292 812
772 611
603 637
102 96
755 183
106 601
975 711
960 46
7 77
797 670
684 612
485 767
672 409
316 205
452 810
529 637
208 727
419 794
476 278
11 564
469 832
4 163
480 140
107 764
208 44
491 31
170 910
331 839
573 847
268 182
555 358
609 11
457 321
793 504
269 955
870 513
82 943
621 507
471 898
197 423
679 712
180 79
773 390
553 356
751 711
928 110
600 576
323 132
647 699
795 432
658 101
869 52
76 742
884 128
833 479
180 350
230 905
369 719
836 241
586 208
152 372
834 3
630 409
839 537
403 632
360 571
237 659
297 752
126 431
480 283
909 288
319 171
760 110
741 907
855 459
329 114
626 526
529 582
336 383
11 879
804 565
933 588
773 843
752 116
640 812
105 978
760 145
311 56
202 250
682 144
625 747
868 16
730 955
500 104
53 461
973 893
534 973
538 946
825 194
541 64
954 638
937 2
91 75
452 120
762 410
706 409
690 198
344 1
269 377
529 995
993 352
107 173
826 339
314 822
588 599
177 252
410 924
151 781
563 927
660 49
864 455
338 856
942 795
646 333
905 747
9 203
470 684
14 303
963 292
635 492
465 581
780 584
74 629
703 467
108 988
643 597
905 87
203 304
580 80
794 16
287 255
711 609
636 956
808 290
448 87
190 110
558 805
675 542
835 127
726 341
717 235
854 412
917 883
208 187
108 543
985 164
590 591
573 165
723 789
597 707
423 857
292 27
707 983
149 761
845 809
797 680
765 54
14 665
997 843
342 465
928 181
604 901
159 69
225 312
722 798
43 715
786 178
295 795
22 315
960 464
30 815
289 133
143 319
401 766
833 455
177 527
863 639
788 299
396 60
15 982
323 817
943 233
774 360
347 31
278 256
214 63
75 24
747 812
907 280
821 90
964 387
766 477
697 605
42 224
129 715
462 180
977 883
721 875
651 557
344 203
827 133
30 810
806 232
624 588
165 428
839 714
562 805
236 394
311 921
66 558
182 401
908 6
629 452
777 722
42 928
730 289
484 688
142 170
276 268
863 949
59 566
897 78
525 535
493 598
242 907
761 57
42 591
47 252
534 996
481 581
803 411
624 884
553 556
466 917
514 665
452 133
905 65
71 284
116 584
41 925
159 513
80 711
25 553
713 594
306 256
235 175
898 42
867 282
972 373
815 358
912 238
822 102
808 125
905 582
460 842
76 436
315 736
961 196
481 522
349 668
253 689
113 466
331 232
807 563
670 718
18 375
717 653
848 654
932 293
144 992
48 563
445 854
86 575
289 554
468 31
127 536
95 905
963 138
583 230
610 384
591 890
791 114
479 55
291 428
582 402
19 853
407 941
942 53
165 483
840 438
392 849
321 286
655 555
388 861
226 190
661 306
319 948
899 458
844 71
680 60
573 777
453 997
517 734
526 148
264 950
800 933
510 376
692 948
591 42
921 938
154 149
284 453
791 588
766 272
40 152
350 84
539 910
656 623
8 107
525 70
361 911
388 515
702 883
743 737
509 455
180 231
863 358
327 601
952 632
573 297
540 633
944 561
511 265
607 228
813 676
44 99
454 214
212 50
668 577
337 54
937 643
16 789
154 575
48 893
583 600
57 260
223 44
135 33
255 858
790 151
844 534
122 149
921 289
134 637
819 253
210 77
476 809
265 231
331 788
377 690
150 799
585 885
166 289
483 386
949 845
239 180
124 311
888 781
972 602
574 204
565 979
884 453
585 409
304 916
791 96
334 964
480 848
811 538
396 229
114 448
5 602
589 736
299 223
178 750
548 212
758 878
956 792
214 128
985 792
911 37
498 257
985 989
804 637
848 629
508 304
879 544
766 365
419 551
147 925
46 209
190 328
416 138
196 769
265 470
48 131
703 230
96 618
847 483
94 860
711 768
265 777
68 127
988 810
909 271
882 141
437 847
44 612
650 615
601 915
629 401
341 425
111 189
720 467
63 637
236 99
553 117
852 574
286 181
901 757
59 163
321 541
21 126
88 518
861 158
456 491
625 977
498 895
616 219
419 60
696 9
303 567
858 480
518 216
504 340
392 553
927 527
54 382
557 657
826 767
319 516
928 725
482 520
752 964
227 918
640 46
503 752
501 110
326 174
171 698
939 62
991 719
362 956
53 994
48 869
432 973
601 314
623 749
449 920
109 9
368 838
913 502
411 339
392 247
58 503
726 156
919 138
173 431
652 516
96 578
197 218
