6500 1000
118 983
724 100
245 537
651 770
488 270
525 348
120 637
732 6
18 695
678 619
712 676
685 371
483 793
755 761
838 974
297 702
723 921
368 661
98 908
337 887
392 733
18 836
901 265
502 175
559 189
782 547
350 309
448 163
708 288
749 588
575 556
919 238
515 413
201 37
524 962
194 162
533 768
259 475
594 827
706 888
219 302
674 333
388 356
287 770
182 507
36 783
510 330
45 483
816 198
720 516
511 932
265 45
633 845
519 261
841 73
598 670
667 811
285 672
639 339
625 449
198 888
763 549
404 48
322 395
94 591
953 576
696 765
388 292
167 660
716 356
844 915
620 199
896 585
408 689
22 860
266 313
484 700
239 90
545 570
51 182
497 558
118 494
246 965
534 358
663 859
821 283
215 644
391 207
360 620
255 355
83 460
644 797
964 798
136 155
353 580
564 111
603 756
849 471
15 459
770 468
487 204
568 530
770 820
17 848
728 559
712 191
538 308
501 760
13 3
168 928
420 574
470 42
825 272
73 570
864 847
950 483
323 297
774 710
363 800
757 831
356 358
725 767
310 474
341 575
395 327
567 266
452 453
68 436
968 746
589 434
132 490
88 269
223 805
441 609
427 610
267 458
23 362
656 879
538 318
856 369
937 755
649 445
195 629
874 149
291 583
129 450
63 759
221 716
559 512
351 976
243 348
65 246
365 134
722 733
410 275
256 741
548 628
682 839
293 941
652 553
507 261
234 908
289 914
324 562
921 92
26 258
216 13
743 363
579 888
899 668
530 289
927 924
560 347
715 319
144 934
504 833
635 975
858 444
215 809
67 132
697 289
853 618
12 729
284 592
894 604
837 4
266 665
841 770
466 758
45 976
734 534
542 607
741 446
326 533
608 643
6 521
358 236
445 657
176 295
454 408
111 453
246 292
850 778
211 498
391 218
693 441
598 983
537 255
314 559
876 192
138 624
398 274
764 699
961 129
584 685
251 218
571 236
267 684
942 959
414 634
492 382
900 447
852 754
552 155
612 609
109 536
984 662
686 886
729 585
424 902
273 814
484 178
438 31
682 153
813 130
809 786
598 83
620 163
632 219
305 17
179 343
469 51
983 980
967 70
674 472
784 974
268 362
200 556
518 953
601 30
859 552
753 777
757 827
203 287
718 852
233 569
826 425
917 265
727 593
283 672
493 980
775 957
578 21
292 81
236 486
805 885
801 257
635 277
24 212
650 24
942 918
502 636
623 324
832 894
61 697
688 312
509 364
569 826
82 187
406 538
235 478
769 93
748 475
693 128
161 538
181 869
895 650
155 474
166 997
118 163
70 296
880 881
229 884
188 159
245 770
878 44
352 355
133 578
249 9
683 977
785 482
113 892
296 400
432 332
879 561
592 158
235 800
229 607
549 737
135 702
140 940
770 465
171 85
623 943
797 368
389 504
716 949
611 326
673 646
593 803
531 272
299 678
882 553
791 449
630 626
23 209
920 436
256 975
484 340
302 264
195 923
889 12
465 658
786 436
300 868
878 554
288 814
781 97
488 848
601 759
233 175
752 897
490 861
228 810
576 93
422 848
758 817
686 184
682 305
564 522
92 622
410 694
512 743
797 679
77 24
538 262
102 192
508 220
724 411
216 246
512 672
122 33
921 726
893 457
676 82
605 116
726 111
721 794
549 411
63 37
539 337
86 125
239 989
427 508
663 542
912 306
705 552
443 537
266 337
805 562
470 6
879 31
922 937
477 149
953 185
475 954
325 141
264 881
73 858
137 274
956 137
264 923
329 223
148 210
956 133
49 827
70 110
33 830
119 928
328 674
102 697
284 992
221 377
570 521
305 335
969 365
657 759
986 988
529 259
601 759
281 587
216 502
147 284
614 67
784 436
653 814
967 974
209 738
692 486
743 904
940 141
152 657
762 237
717 252
907 758
678 52
184 169
160 995
443 106
121 484
292 695
403 261
368 924
692 598
963 295
976 77
234 36
701 424
508 563
166 635
63 86
70 883
5 877
251 734
872 121
777 357
787 510
117 699
625 263
431 905
902 47
392 759
30 696
108 353
662 982
303 389
457 260
717 403
827 688
446 767
124 327
731 131
938 832
553 750
961 156
261 783
821 391
208 336
212 403
356 544
724 875
475 744
760 243
217 400
167 104
914 406
664 427
35 804
326 680
653 187
945 712
269 224
108 482
880 756
258 2
307 455
782 525
55 204
754 122
566 838
620 515
143 226
773 554
705 343
929 517
459 102
68 666
792 846
986 300
722 541
62 400
743 892
433 533
918 379
713 850
656 26
335 83
802 347
375 928
653 579
389 457
809 633
785 952
484 752
199 653
384 401
646 587
91 143
469 330
806 663
164 437
724 82
842 452
49 471
905 718
176 596
993 678
515 550
426 130
944 138
82 553
566 242
134 160
915 246
805 214
379 986
578 387
103 801
662 843
663 525
725 232
409 426
657 417
621 584
52 443
302 624
778 99
829 810
490 692
304 289
791 287
456 167
624 234
32 598
926 219
436 344
946 256
181 879
412 866
414 373
757 978
966 395
879 780
40 840
758 883
270 332
942 987
833 528
583 372
694 371
890 903
433 135
171 753
605 949
879 236
886 913
920 863
447 619
101 213
547 666
438 468
760 96
72 380
644 341
279 995
956 359
776 55
751 767
964 971
881 827
733 385
944 432
647 727
349 950
345 223
663 33
439 152
558 30
448 308
490 356
491 285
615 35
2 54
118 213
222 652
486 66
902 468
396 526
73 542
603 470
803 883
858 342
771 333
14 733
598 183
203 947
723 371
170 282
390 956
714 134
256 947
280 230
249 969
976 173
259 464
693 358
618 331
746 214
853 92
885 344
731 767
881 40
815 53
455 132
305 894
941 663
710 652
297 944
759 674
9 976
359 366
63 987
79 170
290 589
856 791
22 971
264 854
46 4
554 649
134 135
343 57
631 891
690 777
703 8
871 944
727 199
655 614
49 153
870 58
567 658
582 380
390 307
506 509
716 428
353 827
233 147
598 832
792 671
180 868
841 607
974 129
221 111
359 334
905 679
93 784
638 166
644 809
660 817
507 555
553 332
45 835
150 196
490 991
564 676
71 903
490 346
486 800
181 330
176 205
600 301
535 395
994 115
556 183
900 310
458 669
582 328
821 649
975 319
508 34
898 500
861 143
406 310
544 114
972 580
136 564
966 765
641 823
987 519
57 405
507 53
756 952
460 311
105 787
750 815
135 251
723 461
27 43
4 22
654 183
614 725
667 65
399 892
420 473
350 951
842 982
643 996
429 187
995 318
158 597
258 722
796 278
107 473
36 136
673 418
635 767
385 39
613 441
285 487
930 475
253 95
829 331
891 422
214 37
836 315
596 125
64 169
706 375
144 734
254 129
19 309
532 661
986 444
263 193
265 159
712 234
896 717
293 118
150 560
638 533
79 346
991 500
768 811
748 591
19 462
953 165
922 377
919 351
492 967
722 950
386 19
539 422
968 862
409 798
719 99
349 823
110 310
249 795
567 939
456 301
601 353
932 698
283 982
330 889
878 258
10 459
57 800
538 368
361 993
427 390
75 948
155 257
669 580
263 502
35 877
860 166
357 52
16 46
884 34
848 433
829 473
536 343
147 524
165 798
121 128
611 606
492 803
919 801
593 414
275 857
651 715
206 975
977 682
77 601
799 323
749 390
411 918
575 997
145 23
808 414
330 299
400 857
988 383
252 515
736 213
587 101
703 884
35 863
660 29
629 369
530 810
175 307
561 911
317 647
332 188
918 459
519 218
286 333
538 801
336 651
556 714
861 63
957 894
633 540
100 603
295 396
734 98
684 22
723 429
451 789
253 339
55 371
665 307
55 54
612 849
269 435
362 415
965 499
935 383
480 343
496 637
559 889
658 21
595 176
261 604
314 274
939 168
602 787
551 526
642 213
331 402
696 195
217 427
590 851
677 883
432 361
936 214
546 698
59 223
720 180
194 253
284 923
839 572
749 848
120 922
782 161
200 61
64 828
685 268
102 938
787 603
77 582
960 179
360 456
20 193
291 867
629 548
63 282
285 796
967 882
760 396
858 191
481 60
150 976
211 636
648 248
483 227
454 999
133 413
157 23
877 911
162 719
437 418
565 842
391 280
194 879
874 737
782 523
472 498
94 955
764 781
771 282
447 571
143 772
541 392
129 81
250 391
161 585
934 382
624 490
781 113
591 499
65 39
574 301
688 346
718 143
418 416
214 9
799 64
624 322
358 18
327 790
36 318
352 623
794 455
182 551
129 423
267 721
989 304
47 552
32 347
867 31
994 712
465 220
291 935
403 896
80 847
209 535
951 696
469 541
933 672
908 895
707 309
123 450
539 594
58 805
226 650
336 519
902 146
305 405
757 650
44 747
113 239
852 342
565 334
451 896
210 487
485 283
12 407
843 621
235 345
734 449
350 385
565 296
888 674
532 636
921 205
599 548
448 899
729 702
73 20
56 120
372 275
844 589
784 554
898 485
820 700
893 530
195 268
872 256
297 907
365 821
675 40
313 384
560 814
435 383
300 616
653 92
852 334
546 744
647 900
547 297
166 36
870 125
468 762
731 851
223 827
423 429
706 312
867 519
787 941
637 756
379 441
157 529
487 268
462 385
964 487
446 935
614 207
588 921
740 348
420 666
409 382
926 228
386 23
187 723
275 872
1 154
129 961
988 732
128 964
774 798
20 61
392 290
830 758
398 568
846 795
895 109
454 247
292 565
146 89
909 519
311 351
613 946
512 487
695 550
400 333
80 293
842 567
35 122
832 440
842 869
264 47
150 855
331 58
907 123
247 824
554 55
566 316
716 68
46 456
437 259
314 499
714 488
654 315
68 398
617 817
728 927
862 7
490 577
579 678
442 973
331 38
851 897
172 516
212 290
330 543
769 474
972 98
678 36
981 709
323 843
790 868
849 281
109 867
326 255
278 824
940 275
608 429
572 192
893 460
55 690
109 53
419 783
370 269
900 70
854 589
980 806
852 500
241 197
532 190
395 640
595 648
332 807
269 291
241 770
650 617
935 502
284 551
639 557
698 495
994 134
58 413
291 60
774 546
650 147
901 641
331 536
152 364
61 148
766 890
985 926
600 994
320 961
630 271
276 864
114 918
187 494
838 827
441 857
429 260
131 617
963 855
679 536
759 16
144 911
609 516
188 244
947 614
781 840
96 578
166 906
77 299
537 3
652 468
217 407
642 717
434 744
182 606
673 169
809 832
237 94
47 595
80 547
319 698
506 836
701 774
484 923
279 483
828 997
834 630
948 430
218 284
447 915
77 452
214 643
856 602
911 697
317 433
9 47
689 902
429 312
777 223
757 623
187 437
470 335
558 424
265 926
357 445
544 635
312 629
880 497
31 815
125 226
752 505
582 222
228 622
417 163
645 158
267 555
740 300
721 99
935 571
139 622
799 608
242 208
142 604
250 571
988 759
42 753
68 412
783 112
995 751
789 97
255 361
27 408
57 787
480 942
876 924
492 606
495 175
600 527
739 355
236 460
950 564
472 461
804 241
970 725
745 839
207 794
66 364
260 457
59 601
758 668
622 641
88 682
196 225
931 746
688 598
381 158
785 378
441 81
501 840
252 859
469 90
191 259
615 7
75 902
371 752
55 575
437 355
51 297
829 404
627 996
980 760
700 871
787 597
500 496
430 299
38 198
175 827
257 941
25 178
375 451
483 441
60 730
987 180
435 686
338 898
800 551
782 352
209 667
979 442
864 137
204 414
749 382
255 371
531 779
963 897
504 341
716 454
873 643
545 281
992 190
36 390
34 563
917 885
718 241
81 709
341 266
967 334
92 817
987 508
474 521
264 568
682 155
625 624
65 90
213 901
296 54
923 250
351 903
685 871
420 2
836 747
411 816
66 793
163 283
958 87
461 705
556 838
181 440
699 348
963 14
230 477
955 737
665 424
761 367
955 639
360 780
157 764
137 521
864 482
930 991
785 27
750 66
83 724
348 524
262 626
128 606
820 799
23 167
771 589
644 396
821 37
624 940
648 813
343 727
68 999
132 517
431 703
584 171
791 867
398 855
259 119
187 244
570 668
21 510
693 95
42 905
610 190
207 825
841 77
164 957
580 927
705 379
364 803
353 490
728 762
964 778
75 671
771 787
140 567
285 805
605 955
867 59
184 358
12 49
590 652
463 247
432 53
908 612
726 397
938 483
40 922
851 769
696 184
451 368
668 155
418 607
892 529
489 372
249 734
434 669
948 422
486 967
774 982
403 17
590 912
239 264
250 702
46 344
709 273
267 271
286 638
40 990
567 485
464 627
410 146
769 978
147 259
155 988
138 359
861 424
139 382
887 3
419 631
665 310
508 827
797 599
267 537
26 980
885 410
489 655
684 194
826 336
884 24
448 242
457 617
743 529
75 843
144 274
74 810
121 110
414 384
740 365
460 93
433 748
819 261
228 736
716 655
436 979
564 991
263 526
538 958
289 446
815 214
742 695
489 740
435 463
111 115
370 151
444 223
243 489
224 256
366 693
699 312
575 534
362 135
4 275
925 940
188 24
53 834
347 919
355 635
317 988
818 197
196 2
432 957
644 520
127 299
982 642
998 965
623 272
577 255
782 242
27 260
42 282
282 565
295 389
87 892
151 295
985 522
999 205
134 795
873 516
605 29
26 795
718 649
562 746
872 369
523 977
798 20
149 818
390 748
240 690
920 606
762 38
608 517
240 965
842 620
726 623
243 986
395 962
191 921
684 647
414 809
820 637
739 530
535 821
17 743
343 730
509 288
531 897
101 799
158 285
938 432
661 300
616 18
744 735
958 415
382 604
751 148
131 580
932 240
77 686
498 46
552 900
953 116
596 669
11 517
840 21
455 863
305 607
965 704
735 643
764 10
568 267
331 103
997 204
184 695
460 240
836 186
921 665
133 257
961 902
746 568
432 100
850 419
466 392
362 374
572 419
283 883
468 97
638 767
683 732
790 726
159 907
404 939
111 18
216 449
497 45
421 163
190 52
530 260
295 687
483 431
216 49
840 549
893 438
504 912
273 832
57 608
613 965
938 748
28 412
138 37
322 485
572 888
58 112
602 430
866 325
508 393
169 863
547 66
399 142
847 764
526 826
881 803
254 904
622 92
264 517
628 196
285 953
153 440
226 123
828 970
792 566
996 60
411 233
363 27
183 477
908 370
442 282
154 856
783 984
247 205
352 29
119 932
749 241
441 418
547 803
465 410
343 730
920 66
189 583
560 233
750 623
884 166
531 867
298 72
602 862
486 133
799 880
792 513
127 893
399 237
650 177
216 305
183 252
795 124
630 954
121 257
813 26
111 493
64 429
556 349
586 992
697 515
542 117
682 629
303 877
174 358
615 100
206 615
153 24
354 300
333 696
837 686
737 548
403 488
804 431
262 798
341 520
344 808
408 698
465 240
100 280
41 124
420 463
804 363
864 389
365 64
424 619
168 843
406 574
351 5
435 513
13 22
124 326
538 79
741 397
233 842
567 465
744 141
662 930
45 667
561 870
134 932
758 182
391 235
625 415
416 924
452 495
720 888
214 221
488 667
760 126
953 617
496 711
434 250
319 716
312 533
625 644
668 333
402 128
580 650
393 181
266 34
588 659
682 142
640 329
338 224
320 564
194 238
820 370
493 726
442 22
709 724
845 871
782 967
247 848
609 98
222 494
220 164
581 597
119 70
142 489
874 414
397 65
416 669
46 356
354 9
755 994
22 284
387 872
594 380
276 15
740 142
690 154
655 155
321 89
270 373
401 720
300 919
583 706
633 966
733 185
907 201
313 26
19 55
330 228
793 607
545 145
55 966
89 254
515 842
694 537
361 410
54 582
331 34
255 238
291 503
391 997
588 904
582 40
716 741
374 714
917 347
357 525
646 576
335 875
448 349
652 203
444 449
207 71
770 261
321 986
710 989
167 389
153 921
955 89
195 947
191 894
748 128
108 894
789 803
902 83
543 107
949 952
358 725
166 550
697 319
801 890
199 513
723 539
577 634
581 384
604 728
960 152
266 802
147 734
502 268
103 871
586 496
772 920
487 120
603 787
504 713
978 468
574 615
717 142
724 138
785 542
81 113
879 246
598 985
672 268
581 585
642 286
703 439
3 984
180 911
658 938
685 309
971 804
900 319
47 238
686 519
117 881
323 107
218 532
764 965
371 5
374 124
481 347
730 906
817 270
377 695
464 755
953 679
453 155
232 789
901 949
148 990
972 626
992 131
229 483
124 163
285 141
176 29
494 532
172 935
194 306
143 153
236 123
799 888
109 627
110 688
324 681
443 571
882 622
671 742
603 931
344 500
923 944
533 566
898 437
962 612
384 225
880 738
321 856
122 187
341 982
56 197
859 26
375 43
467 632
116 115
672 12
491 398
870 195
464 719
922 239
782 38
972 66
639 807
868 144
204 78
673 362
777 203
928 497
507 393
261 962
197 282
637 839
183 818
593 646
209 288
264 648
906 577
567 315
683 222
85 320
610 953
753 275
320 526
360 498
123 283
806 682
870 173
448 973
816 643
621 782
66 91
388 431
594 859
382 104
123 262
180 595
187 572
975 921
770 709
749 773
776 764
591 873
241 830
374 923
878 723
227 465
696 918
89 886
752 695
2 767
441 384
885 594
992 144
997 171
699 63
293 724
798 7
439 529
581 240
256 923
830 661
627 361
28 77
293 675
899 999
133 893
485 970
988 892
294 985
487 940
731 535
317 812
258 455
868 284
17 993
352 682
536 919
589 832
693 248
492 676
372 436
774 839
435 934
921 549
281 308
801 331
177 236
629 256
339 870
209 465
643 466
30 74
314 475
264 723
80 223
305 245
847 966
227 479
529 702
737 957
589 446
66 469
45 575
89 611
9 289
742 870
823 438
813 530
778 73
369 43
226 357
91 770
587 953
764 983
155 438
413 376
979 484
171 845
647 918
882 109
501 93
228 676
625 731
521 268
353 901
731 417
913 294
39 145
291 181
768 231
953 58
213 318
705 801
931 467
901 42
653 43
937 13
776 252
751 151
978 804
799 914
740 929
843 47
395 743
893 97
301 293
527 557
643 128
428 657
18 78
226 68
11 989
656 493
142 27
177 276
851 875
801 339
389 256
804 115
269 436
381 988
644 770
580 693
185 734
120 844
353 424
37 666
97 406
685 342
853 493
890 276
824 314
881 293
418 35
115 135
888 471
608 397
112 907
925 480
70 541
202 741
185 275
712 645
751 207
739 561
536 325
136 983
928 220
17 819
312 549
846 555
632 866
507 481
84 636
39 825
161 400
819 611
697 929
474 625
707 187
332 706
104 415
411 672
904 748
630 667
380 654
377 948
747 194
983 647
681 530
703 269
455 349
639 248
16 180
53 171
780 755
896 504
912 619
180 553
685 513
150 827
605 984
415 850
346 766
128 699
365 776
525 85
954 287
984 334
733 158
533 846
405 794
634 765
335 107
893 393
161 20
271 228
958 360
234 32
127 397
504 915
126 997
888 665
154 373
396 482
289 692
663 426
34 818
615 333
792 524
156 359
930 835
83 437
293 132
942 816
194 203
239 630
717 347
452 15
819 281
348 183
727 827
452 489
842 852
157 157
100 669
616 856
555 774
301 383
534 442
327 10
142 214
749 829
8 303
97 100
658 649
127 746
422 579
16 582
782 258
17 546
657 634
983 612
71 846
231 841
946 668
147 462
344 856
902 2
585 483
276 605
126 39
223 329
973 682
110 698
796 772
738 865
608 310
176 320
317 435
392 262
192 405
588 599
431 655
205 667
717 660
521 992
896 876
393 483
965 564
769 795
37 793
618 487
18 847
567 569
687 251
393 630
222 829
813 501
125 142
70 606
532 695
337 772
51 367
110 140
253 598
444 935
599 961
582 61
140 914
413 9
719 242
366 54
30 109
773 901
753 28
769 306
90 204
477 547
156 765
836 738
711 118
893 664
733 544
260 629
577 823
248 177
406 818
15 305
174 560
70 989
482 310
593 817
38 475
23 746
951 162
839 5
567 406
89 419
742 881
538 309
666 785
520 888
864 76
697 996
850 426
537 987
763 739
573 95
840 649
492 560
716 735
520 321
590 709
726 381
636 891
195 656
330 17
101 622
715 485
143 69
53 755
988 63
579 250
426 183
828 629
79 233
909 735
623 972
919 569
600 986
778 286
276 377
324 961
205 426
775 721
489 680
289 712
408 949
640 986
533 727
924 79
881 910
740 932
887 410
176 311
144 935
543 907
914 417
185 645
756 150
37 782
18 523
516 100
256 109
619 535
654 456
497 800
787 250
967 744
550 902
879 274
911 511
651 942
638 860
197 753
920 745
893 191
436 238
655 480
52 151
71 291
327 14
201 312
27 659
943 831
50 782
254 335
3 683
529 220
87 858
103 994
936 601
589 903
236 902
332 951
290 809
244 829
544 338
584 966
793 201
286 275
504 735
964 4
506 174
42 639
7 50
299 398
903 315
71 542
674 952
980 624
468 789
661 353
562 222
777 796
263 121
554 786
568 946
803 651
855 523
959 26
981 964
727 14
360 692
379 958
277 100
778 213
941 471
609 986
947 566
450 535
414 841
217 624
169 579
769 409
531 694
834 657
306 372
285 972
164 422
261 526
419 537
615 120
704 645
99 987
103 839
335 518
459 177
835 593
906 148
963 456
740 850
1 317
578 964
769 775
892 695
687 773
79 918
174 185
876 881
137 251
623 646
470 832
580 322
46 714
366 497
928 407
201 830
945 598
319 483
210 649
473 261
290 251
164 165
676 640
793 179
723 214
762 846
821 43
266 159
885 952
461 389
469 667
743 214
459 345
362 290
37 174
409 286
766 1
232 875
720 113
852 480
434 692
781 760
507 111
160 806
848 544
629 411
403 336
344 326
358 68
39 44
458 751
78 986
901 913
648 448
713 258
224 980
333 915
776 508
169 998
971 94
433 847
874 896
252 347
637 354
378 662
739 130
991 684
734 221
726 642
710 847
341 185
58 13
279 195
164 57
232 281
921 888
348 957
468 660
177 340
822 673
869 567
826 400
229 146
649 105
500 312
101 564
833 180
884 92
736 77
75 582
68 749
889 506
56 121
268 777
473 128
448 979
863 949
563 943
506 550
695 633
210 102
154 164
426 711
4 679
364 495
616 760
602 22
315 676
271 365
799 105
933 614
384 703
154 463
317 72
725 28
430 622
506 697
716 593
477 865
180 979
601 85
910 281
811 967
422 528
309 871
265 783
218 343
304 258
972 419
417 820
999 641
76 721
769 928
889 423
561 810
402 414
906 100
735 908
653 914
672 978
202 979
635 246
446 932
50 605
672 245
540 991
533 115
986 615
636 546
973 54
626 812
971 918
318 581
892 618
428 897
942 902
972 860
397 768
597 12
94 669
687 487
248 75
636 797
592 803
253 722
886 845
219 129
102 722
524 659
32 626
173 744
614 65
44 921
801 944
608 323
909 47
582 764
450 37
16 745
603 147
815 713
487 822
685 982
897 230
834 570
939 36
475 591
955 505
707 171
755 932
656 992
299 151
70 495
382 827
376 705
501 609
20 773
696 433
645 858
495 921
264 872
372 449
121 5
23 88
540 660
123 903
665 417
703 933
457 119
618 176
63 74
136 417
705 975
98 339
584 458
937 53
377 374
931 702
544 998
586 167
319 637
201 913
893 211
476 190
89 297
848 674
710 259
781 920
432 786
871 497
821 807
463 957
458 139
84 739
546 166
239 711
478 823
646 923
53 199
344 382
295 636
295 521
380 973
643 953
293 574
840 477
454 680
449 752
917 562
695 334
508 356
926 694
272 724
473 125
839 620
824 78
531 854
274 719
743 260
282 751
849 729
96 895
686 526
695 287
555 56
860 977
940 232
305 555
846 671
589 846
493 545
778 885
913 340
960 729
457 369
768 744
239 997
980 295
143 356
846 319
916 637
857 798
98 300
547 273
656 434
834 428
433 387
651 722
272 782
169 870
285 425
19 534
663 196
363 794
906 301
213 957
883 650
317 94
306 589
857 962
240 535
415 670
540 728
483 18
228 376
586 380
644 46
484 724
765 325
279 607
503 625
735 741
800 110
54 548
199 545
545 162
172 580
884 750
442 826
385 656
182 225
685 6
824 156
561 771
138 460
192 382
375 942
286 578
253 803
898 147
554 779
806 979
382 958
576 950
689 172
548 290
3 545
658 799
869 886
5 554
640 216
871 376
548 294
218 440
440 555
152 116
818 563
577 479
555 601
890 23
312 643
698 910
595 148
721 681
186 543
127 507
475 589
402 194
97 629
483 709
341 598
386 764
346 158
123 872
178 809
53 386
815 710
291 341
360 806
742 428
792 649
207 407
282 64
243 276
715 240
258 82
601 40
119 354
747 867
546 884
780 509
683 650
715 293
725 62
30 501
872 475
577 867
527 750
393 902
362 747
361 814
482 130
454 209
162 290
901 41
653 658
236 693
93 974
876 443
721 134
176 770
739 214
121 419
233 324
652 792
980 712
810 573
541 275
69 900
514 931
649 555
739 33
127 219
414 701
224 684
563 226
625 127
599 389
493 760
534 53
728 633
330 716
824 353
83 656
265 191
923 570
880 237
744 190
369 10
855 894
426 175
803 360
272 979
622 295
446 922
534 584
263 733
529 24
573 267
180 279
333 623
78 56
805 2
708 851
119 183
828 790
91 134
925 142
839 413
298 236
74 492
969 626
850 560
358 691
28 529
893 934
802 446
837 365
4 431
624 604
474 363
476 645
85 641
739 823
719 224
163 247
32 583
55 578
195 932
462 380
293 873
558 668
151 890
560 445
168 633
705 31
567 742
274 864
936 392
138 969
841 222
772 961
105 442
597 77
479 304
80 204
501 650
517 33
294 272
389 161
482 684
168 17
733 856
796 13
547 609
697 584
628 4
166 165
441 583
396 692
704 491
113 381
349 106
654 302
721 673
570 304
516 988
764 326
382 579
155 172
782 993
538 531
664 121
959 453
530 154
119 922
924 464
589 326
939 390
475 480
178 44
596 756
955 138
414 580
428 467
929 223
488 35
611 522
730 510
324 75
134 83
530 688
74 451
508 108
340 753
437 921
826 846
265 266
753 970
567 502
810 496
740 253
350 642
771 79
266 385
5 574
448 821
269 668
87 207
401 691
667 591
977 322
638 330
84 561
11 525
12 305
988 617
554 143
170 823
159 625
93 632
136 175
587 198
951 624
772 518
373 4
557 253
22 653
178 941
90 434
257 449
135 145
623 636
537 644
635 386
322 657
167 198
876 431
236 381
218 131
289 238
529 961
951 349
790 175
645 418
64 276
268 218
382 794
620 671
32 641
855 230
543 915
165 430
170 391
938 391
977 986
677 989
150 179
465 22
850 573
121 610
264 83
729 383
329 201
847 576
768 928
768 747
402 610
263 282
376 381
29 89
520 953
670 737
760 539
261 581
158 616
31 765
462 468
244 235
717 285
382 101
319 750
133 935
345 889
135 568
146 96
249 688
103 744
799 82
509 405
641 622
809 935
124 663
194 654
520 188
586 809
887 900
625 206
358 94
872 21
665 40
428 178
116 361
601 6
963 824
320 147
355 347
97 660
629 21
42 597
659 659
908 821
94 295
651 695
883 398
83 876
891 251
845 350
62 570
812 823
892 102
910 506
189 437
883 868
273 780
604 847
77 553
137 762
49 578
204 912
981 383
545 653
168 297
592 15
731 428
955 580
475 407
972 26
463 169
233 561
717 1
399 781
185 915
659 188
579 120
604 43
431 933
418 389
164 923
334 665
595 283
314 1
405 289
362 162
729 292
665 315
307 331
451 509
69 314
582 290
50 317
292 658
187 419
652 229
325 477
209 851
245 611
184 661
959 724
554 621
754 682
462 961
353 292
400 948
284 452
372 950
281 612
27 52
369 558
216 933
359 663
119 230
776 124
171 58
551 538
25 810
899 598
528 618
736 520
983 308
874 96
714 545
498 943
512 308
949 716
424 539
129 333
475 738
796 617
831 447
975 28
845 574
125 529
580 207
893 122
663 808
377 376
575 82
932 9
967 204
861 848
786 404
212 449
609 704
74 423
383 844
335 702
892 278
200 478
980 565
351 292
406 632
991 391
420 613
511 691
114 173
326 182
844 716
950 289
130 918
538 606
413 346
608 788
323 175
822 603
139 891
346 21
513 949
19 634
858 343
799 895
910 808
774 492
262 867
734 391
362 829
862 338
892 526
12 564
856 200
704 462
574 586
475 910
197 870
794 878
450 343
600 355
537 343
2 77
640 600
586 603
729 602
228 133
410 360
268 376
39 798
475 906
635 879
479 390
889 505
677 89
316 952
101 581
495 409
54 996
794 500
622 208
405 441
600 107
220 443
382 165
974 444
150 855
277 170
129 300
463 82
945 429
940 272
533 983
394 402
561 291
792 445
891 703
549 329
296 43
139 910
465 142
496 597
949 365
779 846
717 392
167 959
522 373
171 622
416 865
474 861
372 545
742 787
210 384
431 677
149 405
997 7
868 811
974 8
132 101
138 834
165 103
796 737
231 700
591 754
318 910
653 433
111 40
865 52
781 527
942 922
156 786
712 881
951 768
434 425
77 821
678 340
264 932
746 124
591 774
904 593
450 874
262 914
843 781
103 7
692 661
475 112
723 229
67 841
98 274
384 716
69 537
424 97
216 264
405 520
609 38
888 767
319 930
683 607
22 318
82 522
131 134
857 579
75 554
83 535
962 680
983 567
419 806
543 257
413 93
592 267
482 930
646 407
92 487
141 330
582 961
24 745
448 838
435 40
75 813
610 307
831 43
21 877
964 938
550 736
793 276
679 215
6 550
243 917
349 703
609 604
455 975
706 388
277 520
290 466
653 491
493 722
286 975
565 412
142 19
138 66
203 230
771 19
601 674
879 636
740 878
580 536
64 746
53 913
207 323
532 457
981 347
888 868
396 603
779 245
964 408
570 838
844 45
118 540
195 8
964 891
246 174
85 193
510 652
447 301
514 514
616 143
497 743
235 666
473 998
714 734
240 814
790 261
48 197
8 636
79 953
833 117
530 209
87 895
622 935
298 52
711 269
395 823
311 546
266 796
182 164
223 208
870 990
350 794
994 473
867 882
679 840
393 980
815 419
826 251
72 677
543 241
376 717
148 938
308 843
731 383
393 469
933 504
688 495
435 724
794 314
152 425
990 740
439 425
246 601
91 429
147 405
987 893
116 738
439 233
156 404
499 363
887 251
539 947
26 989
803 963
948 218
437 706
808 158
715 327
702 606
870 656
556 562
934 380
464 896
305 715
643 586
379 438
552 929
881 192
122 698
431 3
32 153
767 298
140 185
794 900
195 373
324 906
655 708
475 846
529 309
534 787
663 735
537 474
331 579
179 846
835 566
813 339
568 603
859 533
788 687
192 600
722 229
228 664
398 943
380 459
512 169
248 163
905 530
233 288
300 872
135 602
822 521
472 537
514 905
519 927
793 212
96 44
617 564
646 136
977 802
412 979
262 516
890 317
403 459
875 871
497 369
217 435
295 436
45 896
727 432
562 368
99 177
522 782
405 417
234 523
945 284
612 891
965 250
983 86
312 201
415 628
757 339
411 16
992 695
78 817
787 83
686 665
566 688
719 439
892 696
995 869
529 940
707 84
750 906
586 774
549 27
82 190
345 405
718 76
13 167
11 392
553 344
203 293
703 814
997 500
209 288
232 396
794 278
541 241
413 759
775 419
623 787
373 61
942 526
830 732
171 370
489 471
25 329
162 480
440 281
112 123
396 526
954 231
414 866
810 589
927 248
903 132
485 913
828 381
256 400
263 734
658 636
894 669
663 845
255 515
840 574
180 2
884 55
422 924
474 46
644 843
970 225
405 759
125 522
90 596
32 226
623 921
377 395
903 587
406 454
724 410
762 200
654 118
894 457
828 76
303 611
484 195
796 776
372 483
387 589
778 655
84 953
808 888
90 795
343 402
610 51
933 437
7 49
886 843
399 142
542 91
352 283
27 189
245 599
592 492
452 506
147 8
29 508
733 769
719 239
71 538
202 4
367 64
966 610
604 672
40 961
443 12
588 36
605 813
172 571
510 658
797 593
9 614
359 119
690 321
48 146
980 18
746 62
260 224
541 221
502 83
531 480
778 673
899 732
473 959
503 580
714 508
66 449
837 199
864 266
770 806
347 72
576 32
214 652
981 624
885 81
953 293
800 844
314 36
200 672
60 297
423 711
438 297
6 620
102 516
157 351
882 105
322 399
373 291
280 139
43 662
413 624
631 471
260 39
548 199
357 271
338 14
616 898
255 389
687 103
585 276
116 507
13 818
443 760
379 963
2 983
973 52
813 842
135 986
860 937
11 294
552 510
741 734
70 973
619 127
429 1
109 614
87 309
997 188
941 277
717 942
661 737
262 563
168 49
313 907
315 441
653 958
446 640
239 453
92 163
921 19
427 384
467 429
346 874
284 56
241 268
146 244
245 984
184 854
543 681
62 237
117 820
804 282
605 778
357 337
986 284
877 612
184 811
421 599
567 742
520 693
16 816
981 632
466 766
66 770
783 530
894 486
810 79
916 716
8 451
571 767
342 388
386 927
980 20
977 570
456 125
676 956
293 894
661 681
864 494
124 739
573 33
833 77
852 905
302 226
632 470
160 579
492 228
621 256
622 596
754 155
937 996
908 845
920 192
583 347
11 299
145 404
751 658
356 796
449 204
399 848
856 609
744 202
414 322
935 350
377 600
959 130
506 967
283 860
193 588
50 724
722 734
797 230
504 574
247 656
483 323
580 112
620 449
27 168
670 10
124 940
74 499
378 669
501 34
123 14
67 440
11 613
901 719
418 532
481 287
7 483
609 283
22 458
244 461
920 183
208 538
584 268
738 843
879 729
245 470
537 781
973 819
933 662
808 633
117 72
737 778
195 551
221 340
362 755
462 713
767 36
362 332
144 748
385 540
888 264
19 783
666 603
747 492
454 56
852 252
519 211
163 870
114 362
700 586
306 554
380 545
553 679
543 383
210 23
425 813
327 251
588 972
429 46
446 547
292 126
637 947
66 723
677 135
777 401
905 588
326 294
197 716
511 970
150 33
76 407
8 809
196 33
465 672
158 486
806 853
297 547
365 744
606 117
270 120
566 923
734 55
595 223
809 533
363 617
871 281
123 174
52 720
350 331
847 927
610 192
919 662
166 100
611 22
388 828
663 121
705 888
122 544
610 534
551 909
900 691
867 888
356 176
791 3
357 918
426 597
39 662
735 824
61 169
580 597
322 13
636 605
513 147
446 687
207 381
34 151
567 557
654 828
894 563
141 478
351 453
172 708
407 913
938 395
578 704
59 967
189 510
635 397
864 374
519 238
864 189
657 601
933 959
591 437
306 492
156 190
803 234
220 10
668 572
85 368
548 303
622 583
226 62
381 384
40 461
473 924
208 746
950 988
893 762
31 642
434 466
985 875
89 607
82 282
863 853
598 344
534 369
590 540
656 998
483 250
564 993
868 923
940 652
786 478
879 844
926 399
827 434
238 699
47 263
823 787
720 178
96 747
62 72
729 928
979 703
520 440
993 781
787 405
135 577
417 415
395 479
180 316
805 203
581 353
860 289
241 497
806 251
610 911
599 664
203 572
75 542
112 163
543 101
110 377
21 77
178 772
251 783
113 486
300 193
421 662
179 779
702 388
704 321
935 698
898 952
695 867
772 7
86 335
879 717
830 243
614 352
378 325
521 317
930 406
793 398
80 978
293 313
455 393
913 59
384 93
225 784
557 700
703 282
286 142
916 5
955 858
810 712
824 665
16 945
669 388
580 274
577 179
926 769
205 142
416 100
482 561
817 744
931 421
412 649
263 586
345 599
384 269
678 773
60 172
516 208
981 352
651 872
541 828
748 135
843 723
964 149
759 205
984 879
688 156
113 520
992 241
389 132
19 104
196 472
936 578
846 861
302 315
419 10
729 783
648 833
736 10
818 690
23 429
708 582
457 996
787 245
635 37
867 85
273 810
795 32
644 45
687 976
715 878
708 77
856 175
934 888
621 726
220 333
644 487
917 418
960 774
469 544
711 132
168 208
234 488
280 577
894 648
380 715
627 175
300 294
816 602
284 85
863 91
128 607
168 210
861 947
309 34
624 575
736 283
353 772
146 93
89 29
190 618
766 856
976 313
156 33
989 218
991 145
896 567
411 196
425 974
624 663
626 522
26 937
243 645
5 968
234 521
127 922
257 757
73 87
536 615
716 547
477 249
640 358
74 774
974 705
374 349
720 112
584 50
520 97
519 231
290 699
866 912
105 698
19 198
785 783
897 490
799 388
986 661
749 688
429 884
438 595
292 820
593 790
678 417
963 61
701 752
869 845
786 93
716 205
657 552
574 901
56 444
155 20
5 838
396 897
410 852
35 819
688 494
573 773
734 634
684 616
618 341
943 587
345 168
683 104
713 416
325 474
399 581
171 49
79 837
476 708
761 353
939 74
363 144
861 693
609 842
479 176
951 53
660 990
629 856
379 139
105 31
391 895
726 742
216 694
432 403
425 438
936 221
88 689
789 281
322 59
469 319
215 734
289 632
270 962
1 537
560 575
425 757
881 793
878 122
121 661
561 994
709 220
790 750
322 374
311 66
103 214
79 142
971 611
314 787
696 61
783 189
46 474
864 459
775 420
50 362
308 962
526 317
576 151
47 494
655 211
451 750
965 42
683 862
334 383
856 418
985 624
87 414
624 259
901 510
703 447
255 89
860 336
817 601
112 327
507 723
862 23
135 60
140 438
746 67
10 680
168 240
284 156
202 263
940 166
876 397
593 871
967 868
270 364
979 576
405 362
455 834
212 289
38 348
661 130
653 817
307 851
95 313
684 958
983 379
331 884
44 821
592 812
410 934
696 529
754 261
945 137
842 230
556 653
32 331
732 94
953 863
125 936
66 394
138 753
722 320
318 565
146 498
279 320
236 504
689 571
832 990
57 371
845 751
204 835
582 101
846 670
605 748
967 253
746 18
230 66
114 868
243 359
991 802
52 169
994 808
180 742
309 790
630 814
690 599
922 920
717 659
914 985
728 643
271 81
392 387
282 841
634 340
852 958
869 954
477 550
603 844
610 149
579 461
934 108
850 999
931 722
695 353
467 521
916 708
682 264
99 638
260 75
247 392
59 46
380 668
829 682
55 52
230 706
986 600
541 854
451 954
872 329
450 266
344 618
374 218
873 718
722 602
811 618
951 16
870 829
629 339
161 258
513 207
538 899
29 196
691 482
510 797
382 395
90 242
923 780
300 811
982 776
315 342
843 71
903 710
737 880
240 902
473 900
792 199
951 86
713 427
130 401
295 540
619 506
160 673
867 313
967 96
805 890
365 524
918 209
721 700
433 671
891 949
338 190
338 932
363 328
676 343
551 32
77 672
766 733
814 616
224 34
188 180
710 746
33 616
770 171
252 672
473 830
828 940
665 3
497 977
96 827
830 220
161 623
899 327
802 633
531 822
485 293
451 381
233 608
872 476
489 893
976 798
918 27
182 7
659 717
609 82
873 915
680 706
491 282
825 135
525 202
123 722
319 257
174 297
316 100
812 361
426 832
430 954
197 858
306 993
641 750
216 488
938 570
358 692
954 894
821 593
83 739
425 855
788 438
311 605
973 139
732 427
204 504
423 346
523 999
498 144
642 724
227 906
538 373
188 213
72 551
12 729
903 351
643 505
730 977
240 244
124 504
879 329
581 409
844 464
950 609
607 941
645 308
251 519
342 513
894 146
616 964
388 680
61 987
282 633
428 37
456 523
379 451
869 529
265 793
575 299
345 995
760 441
967 890
914 457
527 320
509 53
607 380
527 13
337 837
146 645
260 802
416 492
923 801
930 780
379 76
699 630
204 561
6 970
923 406
604 351
865 612
749 385
375 927
833 244
734 378
823 765
70 487
281 584
278 280
987 872
727 64
335 773
621 18
986 195
33 569
710 310
808 160
175 662
754 853
253 397
176 750
798 915
183 467
366 521
669 744
903 431
403 207
845 799
194 426
74 543
586 451
626 472
293 139
745 671
491 518
574 259
437 629
192 659
373 709
805 908
584 578
379 143
463 953
98 892
44 734
526 746
717 423
851 148
134 28
952 538
559 341
174 138
753 934
880 523
245 882
454 437
972 295
915 572
476 79
706 488
432 945
882 115
908 897
694 307
879 504
389 379
287 903
209 349
174 695
605 335
52 699
826 834
885 214
365 672
289 470
497 846
903 807
337 513
293 871
500 343
577 395
9 733
857 395
558 812
239 453
514 37
592 73
238 705
168 88
842 585
110 883
20 707
50 287
737 239
222 323
642 558
475 140
948 188
858 779
511 289
143 604
17 817
696 741
394 20
796 183
437 200
296 812
441 864
139 521
969 950
631 632
7 11
15 298
480 81
376 660
908 852
174 789
667 197
255 878
926 106
863 151
483 912
959 476
312 465
235 925
574 715
708 348
798 707
269 85
336 624
140 362
177 731
382 197
282 577
137 409
713 661
363 333
860 744
861 569
824 885
879 33
333 349
910 482
945 289
979 360
616 796
85 20
298 960
831 245
150 606
548 880
736 311
173 106
185 34
13 682
80 725
298 288
753 738
545 727
79 338
727 526
870 302
838 528
26 672
48 322
303 68
212 883
764 357
983 16
844 293
412 513
55 75
662 378
765 318
182 429
398 931
920 433
876 31
654 658
79 112
657 696
663 6
10 417
78 774
941 702
677 83
819 660
512 529
533 68
199 738
17 602
421 154
764 484
805 49
710 983
370 397
293 547
858 533
912 82
553 213
633 13
93 880
759 486
258 915
794 299
939 871
58 843
757 477
29 619
65 87
496 91
648 910
901 193
990 784
390 679
52 163
676 731
622 243
205 961
140 214
540 249
109 117
930 353
995 600
322 874
82 878
594 664
868 288
411 887
10 711
481 676
836 159
126 404
986 778
426 385
969 262
145 52
878 163
743 581
709 933
900 961
443 43
302 72
247 58
287 355
242 299
915 842
957 306
759 645
684 424
494 15
32 459
168 259
909 359
592 23
888 307
210 953
607 157
944 949
561 386
668 129
507 537
719 363
378 793
57 823
237 140
85 748
857 484
572 490
881 521
430 438
104 304
484 776
995 445
196 672
858 131
670 319
399 34
830 95
318 369
95 493
89 270
953 419
262 338
912 847
393 829
835 299
877 392
964 89
822 21
133 557
650 672
184 882
373 237
250 921
636 312
783 338
204 937
231 817
400 663
458 527
537 97
112 230
514 295
991 746
153 568
997 796
999 189
92 588
241 862
435 283
801 476
903 831
364 178
191 338
719 723
38 298
361 602
630 5
379 684
145 526
68 648
618 514
70 803
90 523
58 509
560 483
637 598
119 540
121 887
971 596
718 847
842 578
795 695
589 991
195 495
777 425
980 64
13 577
540 757
337 714
121 989
46 738
885 458
953 28
372 968
956 256
353 102
265 195
301 749
663 990
340 79
780 903
620 726
806 854
870 202
626 389
776 702
401 800
400 637
434 29
555 487
778 54
811 119
818 829
670 307
160 244
28 578
954 408
656 602
96 940
782 438
217 158
372 549
699 332
803 575
762 866
737 215
189 177
45 11
588 836
353 12
167 822
598 5
792 331
799 747
701 570
718 407
715 980
980 913
510 281
875 200
362 413
217 310
69 297
339 416
23 342
47 658
174 467
964 308
114 795
814 981
51 6
650 330
401 908
235 781
455 335
371 281
913 585
166 937
503 91
401 817
113 981
832 646
317 939
166 98
656 351
349 11
816 473
979 122
387 943
743 48
748 9
203 622
404 698
410 306
194 932
315 763
960 607
956 868
851 785
370 439
52 640
476 977
328 79
436 825
698 19
270 285
597 405
920 745
457 692
527 776
907 951
170 409
81 595
268 420
709 564
130 683
351 284
174 7
541 479
830 577
625 988
451 724
320 828
436 162
725 797
429 297
445 409
181 768
996 33
976 811
31 640
211 117
378 346
575 824
540 396
296 984
589 706
919 865
972 868
916 262
42 134
171 343
618 550
362 486
922 947
98 580
569 267
858 473
8 585
49 882
147 217
691 28
575 950
582 23
30 283
744 645
650 58
146 631
395 103
609 298
47 817
35 671
600 897
1 835
406 265
116 357
214 749
333 859
699 542
388 257
119 365
305 195
501 735
744 885
360 636
738 684
793 730
167 649
70 251
578 745
69 438
878 762
778 508
454 991
424 883
550 476
528 205
13 388
339 900
30 821
417 612
844 428
192 968
285 48
870 938
408 50
455 689
258 388
209 833
473 680
325 78
895 741
682 37
104 307
522 96
334 761
217 296
19 238
440 39
592 14
386 785
856 187
494 811
269 127
488 234
748 616
322 453
352 922
207 695
945 777
179 685
884 769
476 854
123 309
345 233
650 369
77 246
172 155
831 927
273 331
691 775
867 964
444 8
230 681
281 500
923 216
542 484
795 649
667 953
414 694
448 226
875 880
692 198
240 265
176 130
124 609
669 895
129 849
169 534
980 728
918 539
307 184
734 589
25 843
564 753
348 960
470 478
210 593
944 920
644 948
850 270
764 222
37 167
997 371
619 965
619 612
839 275
44 116
141 103
70 873
11 302
128 644
68 264
146 433
550 380
143 456
471 470
881 574
341 105
267 389
528 727
74 475
691 533
437 19
259 63
379 789
46 341
309 237
682 974
753 661
811 817
435 972
391 761
746 51
804 381
548 170
33 389
795 732
809 38
713 918
166 216
812 804
96 132
408 35
74 75
486 695
29 483
915 309
779 78
385 583
660 776
202 250
705 419
90 337
594 582
285 361
760 718
1 234
222 141
443 903
566 9
393 266
342 229
190 38
195 682
347 739
149 140
764 548
881 236
959 808
917 245
686 142
742 68
282 512
269 584
944 716
798 532
543 246
355 179
2 42
885 324
820 262
552 200
631 638
985 102
53 114
886 264
986 537
5 164
99 865
323 915
893 761
174 892
931 275
285 415
994 735
524 839
425 6
746 426
133 631
348 84
476 79
365 262
534 840
530 338
897 148
821 296
403 751
36 69
994 270
401 389
560 761
370 724
761 473
699 811
215 775
382 978
380 411
74 1
466 310
215 149
347 981
814 114
168 61
381 377
766 642
244 950
369 135
315 500
25 568
381 532
335 354
482 999
634 502
796 262
100 63
583 633
873 517
179 347
944 207
976 70
144 190
175 955
295 811
106 188
311 467
675 698
901 247
729 499
425 130
583 465
638 339
127 210
829 200
829 153
335 50
827 681
825 708
68 34
545 912
481 603
691 754
264 903
665 677
316 663
7 75
760 302
883 225
964 380
108 890
7 683
95 864
407 888
710 769
455 963
416 676
431 828
614 312
411 846
407 773
779 362
740 295
659 68
714 701
123 555
220 420
396 238
559 651
830 930
251 907
7 148
198 554
560 780
554 607
439 540
750 640
356 727
605 647
266 308
76 976
999 565
186 116
308 789
489 146
93 87
375 753
287 497
505 492
456 424
925 526
772 424
388 806
736 382
292 615
93 730
18 375
369 312
788 940
68 333
64 885
351 722
394 495
669 561
493 978
891 655
623 289
13 377
761 16
909 912
33 590
743 418
47 579
193 393
882 282
424 207
700 474
101 630
838 399
21 533
55 48
702 960
872 584
743 422
903 376
722 552
675 877
90 744
636 492
964 675
434 176
608 509
813 544
455 854
235 431
985 58
582 392
692 661
42 540
97 772
366 405
17 988
250 370
325 714
235 31
193 413
826 923
271 319
970 230
739 852
987 385
448 965
986 17
330 830
720 28
65 808
418 471
708 889
766 708
866 333
608 26
111 599
282 345
408 747
905 463
962 209
676 405
557 624
665 418
735 84
708 437
553 343
679 352
670 808
248 202
566 32
910 277
467 940
66 220
793 243
689 816
398 218
458 311
433 940
379 893
311 776
462 200
140 563
266 937
722 869
292 937
920 241
144 89
866 265
367 183
509 247
585 542
225 269
160 257
590 621
638 125
747 273
901 619
807 560
870 545
943 142
502 380
59 595
500 493
881 543
126 31
472 795
693 452
517 49
20 987
808 47
330 102
988 155
456 852
599 373
673 740
987 723
586 902
171 459
23 189
729 684
383 244
210 240
981 995
364 148
282 557
650 499
24 267
784 14
48 835
648 787
180 219
457 595
197 710
248 632
378 542
896 400
608 722
279 568
250 987
887 548
847 933
751 656
757 818
891 519
272 616
328 590
609 406
461 658
303 271
539 125
623 145
159 321
533 794
459 412
776 275
547 660
661 482
314 653
408 836
829 327
188 684
960 413
514 375
235 808
245 643
855 21
851 567
711 141
682 768
722 998
489 705
238 930
277 222
168 770
734 660
49 838
457 267
822 80
320 783
532 282
282 724
170 437
178 78
227 354
271 772
76 190
211 22
120 868
702 992
148 387
213 50
423 758
81 289
7 684
51 948
678 462
677 785
702 401
6 74
8 418
350 79
896 169
980 776
170 935
735 668
913 609
898 475
4 146
438 381
727 796
408 476
858 619
241 85
540 308
431 453
645 521
377 839
858 895
4 517
309 841
709 889
582 784
800 166
610 615
498 702
30 828
119 973
797 71
218 808
800 22
45 905
891 325
907 818
697 604
382 805
827 590
667 602
758 657
915 710
180 224
516 239
826 496
968 523
771 211
733 79
240 730
197 167
52 484
697 469
43 431
455 789
110 708
390 703
734 494
420 576
873 960
816 598
723 520
739 672
178 623
455 443
245 593
275 130
454 836
20 45
465 192
993 171
633 238
399 141
680 791
173 411
471 2
632 250
775 201
265 192
4 483
813 97
845 915
421 608
132 536
79 275
762 397
447 44
440 842
190 180
646 817
441 93
756 571
301 162
60 173
10 649
310 857
901 259
183 53
488 381
574 812
983 746
131 7
908 373
139 148
183 856
832 370
635 273
468 220
639 551
709 905
382 123
737 674
387 637
643 711
964 990
905 382
402 557
592 455
615 984
498 546
404 147
419 992
321 363
767 372
358 724
439 547
201 633
62 949
9 128
235 733
17 832
252 783
960 466
380 189
289 520
627 249
400 821
974 973
967 178
396 453
31 55
857 537
95 182
173 193
105 436
886 847
621 136
697 974
675 50
244 543
881 974
726 185
917 261
594 458
705 653
856 162
41 322
737 238
442 880
38 354
516 402
83 231
90 631
793 360
353 288
304 877
933 522
816 560
854 40
132 315
688 67
158 638
962 880
590 606
8 465
385 970
905 974
257 216
385 776
299 686
339 707
705 615
825 354
66 165
46 435
622 186
718 702
320 124
691 130
8 570
319 58
408 481
650 870
967 431
755 54
92 543
125 638
122 874
830 948
267 770
245 198
621 148
718 789
863 154
19 113
227 953
317 956
54 545
526 940
968 116
415 92
894 249
871 457
854 412
804 717
124 568
471 195
532 65
942 741
364 748
21 264
366 566
225 736
76 733
242 883
239 490
377 419
30 761
505 675
434 191
699 890
134 304
558 318
95 214
261 361
166 100
647 15
835 85
685 489
785 469
965 963
702 740
769 594
838 258
741 743
45 550
986 111
672 492
132 476
735 386
176 413
974 337
708 200
333 653
390 813
738 889
277 949
151 330
572 73
522 966
962 441
413 746
764 336
571 935
763 314
666 686
162 119
151 149
786 559
992 386
623 872
481 120
777 87
463 112
982 419
541 609
349 322
267 301
445 885
706 552
662 307
529 216
605 44
296 407
453 426
738 596
226 792
24 187
211 500
759 600
689 631
722 34
683 777
15 796
757 447
674 633
797 240
331 871
240 266
148 856
276 381
162 80
243 111
921 56
127 629
42 786
475 835
968 391
179 824
622 8
129 116
194 908
805 305
234 441
81 196
805 439
4 559
477 665
132 96
160 899
414 720
754 580
610 354
6 905
736 306
854 423
907 458
416 34
682 189
986 754
738 912
127 818
280 708
454 608
947 370
525 516
58 543
853 976
616 816
524 265
880 484
638 367
614 80
248 103
839 601
453 281
210 878
947 204
167 4
601 385
740 97
251 631
47 672
990 80
220 195
901 504
174 534
731 187
240 606
371 16
481 903
815 483
663 817
704 694
486 339
660 501
782 306
310 670
496 818
627 66
91 585
337 600
851 841
876 9
441 70
18 984
809 426
703 476
247 59
534 222
914 216
486 693
478 441
390 392
722 698
63 309
770 581
75 115
226 733
871 596
721 954
624 607
800 165
949 727
253 712
380 388
195 166
593 27
397 546
386 996
732 692
538 51
228 674
836 709
720 993
771 336
840 230
73 691
55 155
654 183
852 130
644 797
627 464
284 245
26 735
940 954
826 774
117 741
706 917
837 514
984 322
492 153
226 467
286 85
157 357
730 550
569 857
82 25
978 165
895 983
31 277
657 696
342 942
130 76
468 372
119 304
565 68
115 232
811 997
556 409
224 667
205 124
682 624
147 350
255 320
560 586
407 927
302 621
613 722
438 356
132 248
783 838
711 378
255 210
723 896
381 842
867 845
499 349
419 291
790 84
97 716
823 103
335 748
946 943
99 924
466 582
625 123
388 971
716 410
800 11
557 374
901 451
385 798
114 120
456 825
399 552
992 564
34 52
527 969
616 653
168 762
471 621
332 132
159 932
11 341
202 958
358 316
72 397
687 24
647 378
426 173
178 720
152 664
29 251
617 554
893 467
179 911
324 794
43 896
279 806
624 170
916 641
800 962
635 942
520 681
379 762
77 928
521 418
361 330
138 532
463 436
904 876
550 729
581 656
351 341
399 408
354 14
14 900
581 585
491 317
563 170
359 907
622 482
253 492
659 457
775 124
323 973
362 416
628 795
345 300
698 780
543 966
548 513
12 522
455 671
766 619
70 179
288 649
640 637
293 360
447 54
976 346
518 809
411 686
908 32
207 341
783 30
138 963
401 353
360 63
73 464
662 707
258 279
224 694
279 830
67 93
972 483
898 50
625 803
659 367
254 4
765 27
910 14
417 160
171 540
923 671
519 179
590 399
506 421
767 548
739 928
958 334
309 722
477 223
797 270
138 19
662 307
989 664
106 619
985 916
24 657
914 632
424 367
977 825
190 89
327 736
719 853
399 420
756 6
666 492
492 895
799 101
497 761
752 831
453 329
763 267
36 865
93 561
345 530
700 41
330 36
736 954
650 594
879 501
201 293
85 532
392 172
884 552
892 267
559 954
876 525
963 39
581 13
795 895
583 917
539 653
752 873
242 743
284 878
783 782
725 314
969 969
547 554
67 34
912 186
889 729
496 160
954 209
544 35
290 832
864 367
180 765
396 363
831 473
490 451
576 632
434 556
418 594
87 736
241 930
411 554
768 372
146 654
821 681
828 641
931 328
608 652
540 122
523 720
716 481
683 110
930 665
682 56
698 730
227 82
632 692
811 849
851 435
129 338
72 861
167 306
196 259
593 678
121 764
717 82
4 935
356 436
486 262
499 190
262 307
916 823
221 941
797 940
191 626
335 944
932 734
895 333
708 175
550 461
117 120
325 143
513 934
849 175
752 523
196 983
390 366
722 974
446 217
742 269
330 715
394 462
813 771
539 826
834 448
200 707
618 907
624 121
141 406
662 515
123 564
514 627
282 340
223 640
967 52
655 56
385 614
616 927
207 374
456 273
510 213
562 182
25 402
182 559
709 288
430 382
785 897
468 406
677 519
285 245
485 216
708 673
299 784
720 678
92 215
244 54
164 784
242 644
881 946
871 966
508 915
888 907
651 23
245 417
818 531
567 966
619 256
478 670
837 268
160 192
909 416
794 864
366 881
548 522
490 88
92 821
238 765
257 827
238 849
309 822
125 412
723 156
974 577
74 111
622 477
481 577
538 741
521 963
484 970
389 498
639 821
296 797
982 803
206 731
930 38
1 886
454 374
416 319
442 176
588 385
899 970
21 396
647 939
591 832
717 371
871 76
745 958
219 607
782 317
669 35
251 261
588 963
401 973
712 567
990 959
249 754
157 684
479 416
234 856
565 194
184 976
428 541
858 239
111 479
839 618
411 623
552 276
399 72
655 841
899 808
290 2
389 664
813 525
322 329
912 546
796 245
1 911
724 409
507 118
223 107
775 511
800 999
392 328
216 677
913 946
344 694
398 770
449 856
297 380
931 723
584 945
986 328
830 28
533 351
684 364
175 485
234 613
218 517
887 579
427 369
86 922
104 332
92 367
852 298
997 758
390 636
517 320
512 662
773 380
416 502
280 321
763 949
644 887
526 746
97 75
1 528
503 667
293 166
816 904
857 86
303 996
651 335
181 816
734 530
797 816
73 646
479 445
577 100
571 715
646 793
930 397
985 489
929 290
629 272
571 419
709 903
54 909
472 281
142 889
53 286
978 404
964 709
498 240
19 771
900 306
274 465
672 585
350 573
758 238
269 180
587 481
80 8
654 863
610 998
368 839
595 339
611 82
460 501
312 872
361 174
769 585
359 9
371 666
944 581
861 247
760 384
429 952
685 43
469 75
615 75
957 508
554 745
786 983
225 680
537 82
102 839
601 837
560 790
820 952
242 992
210 939
840 209
230 168
632 159
681 454
343 612
972 893
801 603
210 324
777 631
139 876
355 632
922 700
880 449
692 660
769 487
659 252
344 877
538 266
271 840
683 243
235 878
69 226
812 703
244 915
68 1
358 100
586 644
772 727
592 25
679 879
935 180
301 34
879 813
230 124
206 750
16 27
626 770
36 769
818 858
620 685
994 862
128 663
169 849
369 933
817 354
84 945
280 206
372 718
641 207
859 307
308 617
119 433
384 676
392 682
399 303
537 527
2 459
90 171
932 46
419 919
904 419
276 700
544 156
285 50
265 123
239 837
761 370
801 601
895 277
594 670
191 20
567 786
764 823
814 967
51 269
337 593
877 88
170 546
699 22
142 88
183 535
69 826
897 533
158 110
609 692
198 861
871 268
629 181
76 882
917 74
330 119
988 493
72 129
768 482
433 735
11 475
55 932
288 262
801 941
686 126
462 515
82 45
915 870
705 730
466 578
64 347
176 220
507 885
353 193
42 636
978 773
329 928
610 451
89 870
53 240
989 710
475 727
205 355
140 275
614 403
190 436
192 747
409 660
322 658
120 972
625 535
383 126
273 552
828 182
201 540
128 465
202 705
554 319
987 584
382 399
447 204
201 256
583 777
46 249
73 248
325 332
316 915
999 717
155 700
460 141
824 484
618 564
843 77
563 904
593 893
688 199
787 918
98 415
728 638
161 217
856 227
692 494
29 773
930 503
782 364
790 141
947 201
