6500 5000
199 409
196 416
292 581
852 750
392 882
312 157
163 182
637 868
641 694
888 14
193 211
705 676
425 651
648 431
221 336
639 782
697 992
746 888
357 313
736 89
449 523
855 47
187 579
849 6
14 15
54 521
914 598
364 214
287 285
95 67
551 491
149 143
893 888
525 864
561 651
450 417
526 244
607 362
338 977
395 418
212 29
12 464
291 117
458 71
377 97
317 772
963 542
698 48
62 421
485 544
734 374
889 391
222 785
328 425
620 849
528 202
306 956
31 604
954 64
383 479
662 735
625 447
787 504
174 812
248 430
770 933
78 342
645 266
865 893
7 353
438 492
135 824
40 218
933 356
555 38
544 94
21 81
83 994
224 561
921 604
889 284
915 773
718 335
701 657
71 227
867 678
599 886
22 96
373 282
354 428
101 754
76 727
444 400
409 452
52 965
984 157
382 285
16 588
938 105
343 830
406 585
142 916
410 744
945 742
960 96
13 625
429 449
248 606
823 977
723 832
198 775
256 798
552 405
225 321
890 577
643 360
560 401
104 903
384 417
868 533
551 723
907 435
577 701
862 700
774 380
200 761
211 979
825 778
211 709
370 924
474 365
215 674
896 156
655 804
379 964
345 534
774 906
518 145
469 33
766 203
441 104
895 556
282 10
199 267
623 288
252 596
530 58
471 123
32 242
125 298
382 390
315 98
574 287
109 569
878 301
754 905
324 892
715 676
377 95
190 709
536 189
869 503
146 520
838 966
213 642
518 473
944 263
710 694
927 947
631 79
497 193
387 301
44 586
665 628
971 826
863 672
87 418
43 942
409 767
999 84
93 869
711 841
440 42
668 248
856 375
819 91
743 535
256 949
383 537
400 679
672 388
451 989
259 693
987 644
931 991
374 598
618 295
993 699
210 387
445 570
389 878
202 229
833 909
184 968
819 301
255 414
507 792
8 305
521 458
591 483
94 521
851 918
463 294
898 231
245 716
823 968
942 576
853 828
6 940
176 673
487 968
502 62
246 769
430 461
512 566
352 651
571 325
806 889
110 148
860 644
410 800
324 611
966 756
799 241
350 67
642 539
559 713
439 381
188 863
104 85
571 864
204 142
936 816
298 602
922 958
593 557
211 90
682 124
94 421
636 540
770 481
799 422
691 95
205 295
286 880
599 79
31 739
221 864
549 626
612 379
439 213
327 659
625 569
522 464
593 886
595 435
16 560
93 207
393 319
430 369
385 941
68 98
152 406
465 581
537 745
83 623
622 233
720 889
489 261
173 640
962 676
922 333
382 618
116 356
748 340
271 414
844 338
545 697
128 466
757 485
594 416
609 981
287 630
449 804
555 105
383 957
98 397
654 639
14 330
879 376
991 545
938 432
578 838
581 892
642 562
971 591
339 148
810 985
857 269
479 609
404 184
718 963
839 91
777 641
277 445
291 478
690 901
590 492
999 643
37 422
23 865
278 664
730 703
445 641
583 133
244 158
66 933
221 558
711 693
486 4
259 324
101 252
371 609
581 295
260 451
127 447
831 412
803 711
977 296
234 783
131 211
86 803
841 844
160 786
774 297
290 567
981 689
250 733
637 245
169 805
821 256
535 624
492 61
610 244
164 24
85 115
127 468
538 542
33 615
729 212
300 218
197 544
296 970
127 147
462 841
105 109
168 276
33 919
10 415
990 268
534 68
756 746
117 292
219 765
675 586
898 981
279 950
104 707
965 791
150 353
754 248
28 905
816 299
617 486
690 1
912 560
92 675
844 830
858 759
485 821
192 828
774 239
698 58
876 284
938 120
547 193
762 632
477 567
533 758
254 527
420 402
100 104
652 668
51 979
605 757
184 521
386 449
138 372
752 998
802 281
200 824
428 884
101 392
606 648
958 225
848 822
532 323
449 511
751 480
377 303
895 92
792 669
999 65
312 822
922 503
286 230
118 173
856 399
268 283
623 895
814 545
445 351
206 73
69 565
818 797
199 235
165 571
60 282
227 77
280 214
14 992
900 953
541 400
380 201
738 535
482 969
344 912
226 542
19 542
930 216
365 478
970 26
664 367
139 996
481 710
437 922
412 370
292 723
20 134
920 194
32 640
620 3
871 393
576 869
123 446
784 387
369 979
47 592
507 3
149 37
96 727
865 581
784 23
869 200
101 633
695 628
543 526
935 935
537 484
26 998
62 503
198 27
245 222
326 874
929 689
572 13
767 328
289 253
437 303
600 153
761 396
645 404
454 137
82 532
819 837
764 718
597 619
963 146
179 452
526 684
403 385
981 592
491 541
651 975
986 503
263 584
147 94
420 479
587 930
103 879
475 188
516 964
600 355
622 548
680 817
294 746
747 401
995 729
886 240
82 456
581 7
43 138
464 368
677 86
374 817
859 972
372 538
226 527
776 219
203 667
31 638
159 498
263 103
529 926
119 185
493 751
4 680
113 827
560 305
658 148
24 438
711 699
755 937
553 864
260 929
806 537
549 685
401 792
373 694
256 219
978 615
565 757
865 635
599 579
214 49
848 514
267 804
255 700
353 957
136 330
392 329
637 134
665 451
431 179
570 581
709 794
179 873
688 484
218 991
459 910
624 890
713 30
447 31
845 497
751 159
216 539
405 192
541 261
550 846
433 88
176 110
308 769
129 844
845 162
323 880
351 189
210 295
10 272
852 821
999 709
752 771
903 641
25 930
469 817
998 814
46 723
174 505
794 292
117 554
488 323
812 661
864 10
49 607
196 772
283 425
874 964
174 140
714 295
550 127
390 432
536 74
932 236
883 498
364 78
266 355
608 178
647 173
206 122
213 839
556 63
214 261
763 272
955 222
902 383
672 246
312 374
568 561
368 385
97 427
88 63
259 943
897 872
161 58
887 150
943 996
458 663
682 871
553 88
767 111
836 259
459 803
775 613
536 251
128 802
524 581
311 722
708 132
299 500
652 330
170 527
960 181
577 922
206 604
239 804
388 80
471 752
301 535
642 779
808 966
707 827
831 27
954 269
967 96
497 354
19 510
2 860
648 602
810 695
230 140
439 22
286 850
119 331
387 163
645 503
574 991
856 76
571 749
474 684
204 490
741 680
469 810
822 540
998 487
710 998
809 27
142 574
262 415
996 285
875 85
913 716
361 984
109 662
283 209
658 533
113 493
166 412
963 132
554 64
983 223
208 40
305 280
876 892
367 226
728 328
926 112
212 130
318 263
207 371
210 490
520 690
904 828
343 771
854 89
743 86
804 830
5 391
712 657
649 787
423 870
610 833
507 696
26 396
252 325
192 931
34 399
357 792
150 217
310 127
15 453
654 158
201 63
476 669
151 680
271 857
484 230
299 202
864 94
407 993
12 817
481 52
869 726
494 693
427 453
544 889
30 553
311 168
847 298
820 571
534 736
87 624
305 506
845 762
823 377
285 998
375 916
875 900
444 118
65 279
443 185
742 829
966 257
365 113
510 705
956 521
617 147
22 755
762 269
821 255
606 916
436 453
590 294
112 280
166 326
681 172
364 691
430 478
816 799
676 790
126 289
164 360
335 503
386 480
973 422
163 548
250 919
333 617
264 284
185 936
935 804
577 998
434 681
808 47
595 550
634 688
277 704
642 425
720 297
515 496
418 633
472 948
847 862
994 131
468 725
599 361
764 453
484 292
466 372
683 240
139 60
854 475
308 599
597 298
104 893
417 933
50 758
560 10
449 87
960 191
472 218
471 577
137 292
400 502
555 100
578 175
355 401
807 270
955 323
276 842
879 112
594 727
293 99
744 804
489 258
337 38
337 787
359 703
222 862
473 391
672 167
573 641
722 970
528 45
479 622
630 74
524 806
770 631
220 546
646 629
835 22
563 522
318 397
728 474
689 82
312 362
203 14
994 617
719 185
552 278
777 619
92 474
240 310
907 536
773 703
566 963
853 846
960 80
655 591
630 420
426 297
601 407
889 969
398 929
653 375
296 287
79 441
971 446
869 747
87 394
204 961
364 927
415 249
418 692
85 203
279 938
561 268
489 529
561 345
4 871
565 390
789 586
710 95
98 361
698 813
496 997
378 672
72 651
436 158
263 468
180 301
518 782
19 626
286 765
941 845
949 808
739 617
891 484
233 647
790 49
175 515
115 123
572 21
894 475
415 807
491 973
768 44
492 226
31 402
465 993
43 671
960 568
400 502
480 581
207 395
13 698
645 119
412 905
137 801
502 140
491 859
308 245
703 907
892 124
178 324
766 599
531 953
261 578
751 686
345 741
987 594
543 899
733 519
434 525
624 839
740 791
299 120
603 928
599 605
322 332
149 309
762 540
898 517
149 530
515 212
544 258
311 7
609 389
205 636
250 222
198 490
421 586
616 514
345 946
654 687
529 382
296 664
818 599
85 638
164 737
527 328
696 822
830 819
898 755
138 647
560 527
552 185
825 376
559 274
436 884
82 252
963 492
939 702
181 46
518 345
264 1
340 960
840 676
241 912
944 913
568 458
881 503
853 95
674 1
529 105
147 855
150 339
876 829
254 761
411 403
305 39
285 886
907 93
540 898
300 465
289 239
542 67
910 352
525 250
176 265
331 25
205 7
555 553
681 540
130 189
733 95
781 421
757 945
106 427
462 841
247 613
3 31
479 62
974 836
549 976
198 629
840 278
334 273
549 829
5 96
987 884
148 446
224 447
675 359
884 82
859 884
356 748
673 429
755 880
152 603
904 506
913 431
321 883
386 953
239 743
71 551
446 697
625 9
684 524
520 73
654 944
426 640
415 872
387 626
830 522
639 488
800 336
250 818
603 759
97 449
703 610
259 151
750 47
386 875
505 945
610 769
345 378
610 554
133 988
647 542
381 519
774 341
268 830
812 398
853 691
281 170
208 378
328 23
702 759
572 831
336 91
421 599
788 465
663 678
208 537
866 787
396 996
186 222
745 552
521 208
648 246
867 658
37 523
268 317
185 414
977 581
908 927
476 64
906 40
532 383
253 710
961 900
931 703
939 826
912 971
628 263
819 346
735 151
258 133
25 569
393 975
849 958
985 156
63 235
663 603
343 413
835 706
370 526
586 467
120 733
388 532
244 665
9 237
498 547
72 499
895 929
620 635
240 77
681 351
72 260
614 223
589 821
742 812
61 737
259 489
944 572
318 986
137 362
388 896
559 141
655 143
493 434
821 429
11 219
190 648
919 515
219 273
944 440
268 821
760 845
276 301
896 144
671 703
203 920
750 439
532 526
551 358
529 10
638 385
702 194
140 613
521 846
527 138
461 376
79 173
417 708
942 550
598 962
150 705
910 833
575 746
491 73
195 255
637 122
107 948
954 483
722 556
101 371
763 466
460 128
18 250
129 946
664 581
298 49
90 646
287 975
550 873
808 32
674 867
686 413
608 577
662 681
20 261
981 267
575 248
272 931
698 486
172 564
389 921
931 358
566 245
152 225
13 49
373 813
633 28
16 226
821 795
302 799
395 43
175 417
511 561
526 35
320 628
643 409
778 5
63 332
899 172
85 758
351 488
238 509
510 724
156 558
295 528
172 883
236 886
24 407
487 459
762 206
369 543
28 322
988 94
474 123
12 737
533 681
399 988
852 190
324 9
965 631
305 515
270 736
234 414
680 181
224 666
622 152
406 43
304 675
482 706
866 964
255 251
513 328
82 948
189 388
209 865
991 876
7 595
357 427
405 183
384 437
406 189
43 977
658 459
10 518
733 386
800 270
835 511
531 250
223 323
660 873
819 144
149 845
63 948
901 37
259 16
913 456
862 83
880 734
903 736
970 846
957 701
615 57
543 948
91 65
864 36
198 49
207 739
748 108
77 840
520 581
959 929
687 545
274 287
817 736
3 466
434 981
330 96
668 853
37 471
520 197
935 537
523 430
4 566
645 683
980 667
543 645
6 789
839 200
664 532
240 400
717 636
229 826
165 755
123 149
153 864
162 864
846 59
71 832
668 952
75 560
821 936
846 951
914 456
587 288
89 4
961 378
671 461
918 220
765 473
41 691
698 201
824 148
375 493
736 244
159 501
18 575
269 190
743 62
620 74
798 961
333 1
907 65
127 13
908 384
458 218
686 956
257 426
782 250
926 594
806 154
242 241
442 509
958 952
907 780
356 666
744 560
213 411
862 129
361 157
548 831
876 15
755 26
422 589
173 3
821 108
206 879
148 819
45 249
268 723
220 547
246 770
514 208
989 691
92 387
168 926
471 234
196 187
565 723
244 603
768 82
408 674
980 24
753 883
57 613
642 179
412 897
734 638
325 177
593 668
302 260
924 372
356 383
80 493
41 777
34 953
567 707
817 274
750 292
472 406
889 605
722 368
907 886
430 180
596 638
65 890
32 28
834 705
689 41
978 439
648 800
64 732
88 573
136 214
692 538
608 668
427 444
806 715
888 368
555 648
171 645
478 873
416 598
38 858
813 135
40 224
94 361
187 344
596 407
553 512
793 658
11 399
303 68
519 94
62 49
22 265
379 157
911 679
32 903
383 299
541 165
247 871
155 735
457 677
955 196
696 365
511 825
761 848
284 99
665 829
936 727
632 624
842 338
754 162
737 299
686 838
940 444
126 123
454 441
902 504
405 315
328 181
929 61
444 403
824 78
854 349
895 880
682 668
401 603
216 610
71 113
362 371
303 512
648 21
399 463
189 909
734 756
372 770
783 688
970 822
659 580
845 93
278 474
215 412
193 23
307 893
462 361
160 20
433 530
674 688
712 201
994 949
849 846
703 818
18 924
529 660
946 167
616 236
707 514
50 928
321 744
525 16
956 500
980 972
674 579
161 651
489 406
945 362
70 796
255 622
722 206
18 305
923 324
355 384
262 981
706 72
40 960
598 954
997 742
187 214
132 661
266 412
487 52
174 770
676 320
18 768
223 348
682 501
641 321
712 882
508 181
926 717
787 135
159 714
301 856
242 239
51 108
640 416
636 646
807 788
491 400
113 791
815 235
387 298
592 203
528 184
102 5
618 234
153 962
643 581
743 226
689 571
73 728
604 89
20 716
517 437
367 168
506 834
47 876
149 383
176 95
658 731
829 129
230 649
734 998
406 673
541 702
19 447
519 301
30 908
581 769
152 879
371 408
4 305
589 941
97 916
747 960
430 184
921 134
386 212
961 454
277 897
608 342
104 940
61 714
502 777
87 887
909 700
239 603
837 420
259 85
291 59
623 956
612 816
903 661
854 303
120 886
535 48
29 226
741 379
418 106
881 153
998 898
668 989
581 953
204 945
936 108
275 771
820 239
116 88
262 167
355 158
290 273
634 192
667 122
817 731
299 676
863 442
489 359
191 98
221 155
720 493
981 932
785 461
352 822
39 677
19 943
878 664
789 115
467 355
229 128
511 797
185 765
644 238
204 51
777 685
273 578
126 634
723 380
62 474
710 931
304 780
256 540
723 97
68 552
236 713
643 754
182 805
803 451
282 797
689 415
964 295
822 872
659 22
209 350
402 596
807 101
108 571
437 594
970 582
774 795
797 407
690 774
222 253
331 740
310 623
940 609
595 609
177 331
404 541
334 359
441 129
584 999
207 687
23 880
225 814
428 813
259 331
187 115
250 272
916 734
458 5
984 247
705 215
233 273
239 829
616 557
766 728
288 573
787 483
826 577
157 564
578 274
23 267
701 376
115 24
563 825
952 808
306 879
726 349
86 986
534 483
935 466
778 727
250 518
782 913
724 816
574 599
71 56
871 348
505 409
870 99
861 832
882 459
701 638
848 364
809 276
365 205
269 106
665 16
474 756
753 282
52 49
808 400
522 781
585 881
254 72
80 194
350 896
918 175
424 704
480 502
760 917
831 916
46 659
216 841
928 570
874 410
538 205
690 979
327 498
850 31
691 184
358 554
861 284
952 488
725 317
695 249
337 363
396 504
454 121
765 726
903 500
948 492
508 191
584 782
879 917
103 943
732 104
138 119
18 893
853 997
395 693
631 592
813 836
181 601
575 333
139 152
646 556
145 801
635 564
178 971
284 887
536 346
511 438
669 547
7 605
266 415
267 414
963 572
219 250
894 83
223 711
230 996
99 374
648 208
296 179
582 982
154 857
332 834
418 203
233 245
731 377
371 836
376 228
469 815
525 241
406 863
569 838
15 101
414 489
225 981
74 949
840 559
593 137
687 631
869 574
700 324
613 752
796 157
441 978
468 880
481 268
644 725
374 330
695 390
371 413
925 647
331 738
431 805
267 810
360 71
225 588
484 467
973 893
552 900
384 70
742 279
820 571
31 982
790 826
702 244
915 595
647 460
530 258
130 217
165 244
943 929
253 631
974 839
723 57
310 275
598 995
950 646
610 155
497 566
265 722
353 674
953 522
575 568
332 636
275 71
231 27
984 601
59 237
545 340
861 153
128 144
171 191
661 36
150 777
792 924
121 847
809 243
927 871
197 423
933 466
297 869
204 818
639 72
940 312
729 14
424 922
844 374
420 907
516 346
343 83
72 862
884 147
576 239
84 38
881 318
833 308
446 766
209 216
351 936
163 841
522 358
965 577
380 710
954 763
63 781
77 440
119 891
4 232
240 143
581 850
818 739
572 77
490 321
544 321
458 409
994 895
169 396
336 990
217 746
10 594
278 294
154 704
615 7
487 525
750 309
736 486
584 122
887 426
702 640
588 612
367 660
253 643
148 344
895 994
416 85
402 259
820 309
913 435
50 455
44 327
161 294
461 644
969 553
289 744
994 228
566 876
915 274
7 291
152 805
911 370
80 567
920 611
109 845
608 793
119 591
20 528
119 817
226 431
307 347
253 975
555 231
541 655
558 114
147 44
368 285
223 229
989 376
339 511
216 727
18 947
105 115
718 622
168 398
881 771
200 631
570 348
238 878
508 185
851 867
473 796
503 15
82 523
710 351
154 576
643 99
696 884
905 441
399 233
289 127
710 163
344 514
138 23
202 115
419 270
226 24
158 125
926 12
277 810
248 293
303 418
634 585
205 631
691 337
252 553
567 317
891 777
416 179
773 672
330 616
247 830
917 180
329 584
738 640
406 374
147 947
690 718
838 754
831 62
171 663
382 257
702 752
991 303
496 36
287 691
457 554
769 572
26 242
175 242
538 357
905 474
971 178
888 545
518 17
734 524
695 428
942 406
44 134
318 300
692 181
601 319
498 981
568 563
105 966
120 499
716 992
613 686
213 183
324 671
894 288
170 940
488 216
465 401
603 998
455 753
796 859
235 902
642 538
923 194
428 808
176 890
22 335
787 841
618 172
305 961
13 831
135 784
56 963
709 950
378 217
121 905
974 112
874 667
626 903
680 169
698 404
372 359
427 828
843 505
2 112
659 490
434 953
537 587
420 439
979 990
980 705
902 915
608 993
964 46
595 167
815 122
4 673
913 548
191 377
196 676
283 179
236 243
491 467
940 698
119 489
657 784
295 274
918 166
758 772
50 376
462 598
694 495
719 357
892 681
878 28
680 610
783 243
51 910
498 432
182 142
226 94
306 804
789 553
288 935
83 215
642 831
202 980
711 805
286 769
332 25
419 919
484 484
329 989
344 155
439 310
615 976
2 619
41 464
832 579
392 713
521 755
329 800
190 341
666 455
672 129
236 289
181 382
365 641
967 642
447 541
698 46
88 655
936 867
152 402
772 710
174 63
561 753
200 676
135 817
956 570
166 753
413 498
631 461
609 260
131 136
738 956
225 279
555 875
141 977
28 58
669 179
672 181
198 32
936 260
293 911
874 312
6 178
748 783
407 347
685 674
50 950
414 312
642 273
712 784
381 547
282 682
164 585
627 340
108 430
629 911
667 776
196 126
938 996
423 758
37 19
190 390
458 895
940 40
18 51
518 32
594 594
81 313
951 199
401 629
859 877
607 506
153 181
281 57
870 724
222 306
183 763
937 788
256 712
813 329
916 577
621 578
954 181
160 184
508 362
912 478
928 273
560 587
885 715
640 988
847 853
681 373
585 913
979 823
919 891
900 313
306 874
340 157
706 451
220 778
729 710
826 218
367 406
315 637
160 441
629 524
744 314
299 747
126 89
750 332
572 473
109 991
373 582
610 274
674 311
273 454
356 912
107 348
550 462
493 46
569 666
515 722
842 955
881 836
134 505
817 517
993 946
855 787
243 753
783 56
741 856
365 963
767 544
430 376
854 244
876 865
191 827
807 27
619 964
804 225
457 32
596 215
730 337
473 363
440 25
298 412
612 859
749 785
33 123
714 146
418 90
912 412
457 61
868 513
606 423
955 668
84 971
308 489
135 484
889 165
641 341
267 377
908 969
557 178
833 122
893 996
566 194
58 451
18 119
616 458
223 792
707 678
630 922
95 40
606 938
28 963
273 939
734 346
368 436
854 912
414 646
883 361
593 674
384 903
966 968
845 989
118 862
230 294
666 759
542 922
160 38
405 572
445 21
941 819
917 523
414 131
525 993
338 733
535 101
36 418
573 934
152 51
425 403
372 262
620 12
111 329
395 430
483 6
661 867
509 457
122 757
598 543
324 429
419 678
186 460
74 526
555 875
334 279
33 933
783 189
63 825
877 398
645 841
664 337
743 679
353 138
226 799
250 570
576 810
586 906
149 93
698 103
442 122
60 703
64 460
328 285
517 254
133 490
864 490
122 673
878 510
638 606
927 294
735 702
197 977
321 561
950 570
531 530
14 677
784 422
893 976
902 164
516 359
106 692
4 885
343 821
23 235
373 180
95 471
148 349
84 238
277 298
870 550
16 670
749 640
986 741
369 59
483 998
626 581
949 376
255 184
232 916
943 286
654 338
917 262
40 926
395 15
809 533
652 967
926 904
15 922
518 172
922 340
367 852
53 430
130 372
514 210
91 963
793 301
771 398
849 595
371 81
797 380
204 286
926 346
527 587
345 880
722 603
259 731
491 639
491 834
40 441
591 699
570 764
54 814
562 558
429 866
501 332
295 228
43 596
64 176
860 857
821 98
951 526
897 573
689 67
309 908
331 841
350 552
127 537
163 257
827 280
657 202
518 205
231 765
162 755
802 749
320 8
283 770
524 657
119 534
291 388
263 256
135 10
392 390
26 948
146 89
203 649
669 618
626 289
144 636
713 358
511 257
653 726
575 672
426 554
45 520
822 75
770 7
321 355
309 221
317 282
349 742
288 120
684 244
27 90
506 214
474 411
975 845
383 951
830 256
419 837
534 773
955 572
959 27
802 58
966 687
631 91
893 867
632 650
686 272
744 233
961 397
784 226
4 259
22 824
180 391
559 224
868 841
569 311
309 790
742 624
322 148
737 579
677 932
498 465
520 2
716 29
149 154
15 7
419 13
267 473
159 665
135 10
678 197
902 226
858 955
350 305
780 58
21 561
694 431
111 337
76 499
676 174
978 426
238 98
973 869
949 843
625 849
217 313
245 703
422 643
703 746
55 649
216 51
532 992
366 797
231 53
468 385
843 955
256 53
597 99
614 447
326 914
621 537
962 234
188 895
880 767
779 28
474 736
427 984
432 973
401 11
314 484
439 703
191 497
817 978
413 376
576 23
108 878
370 913
312 705
871 371
934 382
315 707
554 979
213 931
171 772
358 410
16 299
906 957
910 246
941 976
232 967
862 779
56 150
656 534
677 271
845 38
661 728
506 143
77 401
131 289
588 842
370 579
855 349
497 151
359 436
8 76
733 231
299 33
13 829
172 857
620 158
180 115
65 812
685 430
816 475
757 503
391 961
32 488
97 470
400 326
422 972
485 200
816 412
924 930
746 235
14 329
441 581
581 81
649 696
929 552
743 644
531 214
269 461
104 6
817 246
650 502
441 584
602 63
71 487
175 280
541 835
610 763
4 395
893 341
370 902
556 478
175 310
81 399
29 142
928 472
662 572
386 526
232 599
123 874
670 575
727 593
612 576
337 540
182 152
559 72
973 166
612 809
825 841
676 899
816 952
293 827
853 967
542 10
772 789
763 437
467 823
67 303
612 428
628 121
55 374
239 500
549 83
632 674
324 113
710 214
615 299
19 25
256 892
175 917
984 485
714 677
826 86
35 900
326 758
829 932
399 814
473 423
228 342
899 424
871 131
26 145
439 401
437 747
179 354
704 872
888 480
256 746
882 854
751 476
216 888
766 731
500 889
153 485
933 153
360 764
198 169
528 547
882 574
467 224
685 341
335 729
536 455
648 15
385 526
474 178
547 501
72 476
618 150
760 133
581 908
377 131
768 354
97 829
998 318
685 221
173 518
462 733
826 373
700 434
422 406
452 116
799 249
648 920
377 685
550 917
476 899
726 253
604 524
394 639
995 661
913 210
148 430
228 540
964 563
113 548
745 950
654 325
151 348
386 798
882 381
605 868
892 745
601 800
299 418
992 938
272 144
741 552
438 97
731 846
201 139
300 735
79 527
97 127
678 41
67 260
145 194
230 62
475 387
541 639
340 925
437 577
845 125
317 132
396 769
869 229
588 237
215 494
937 39
865 283
604 422
634 14
365 32
756 812
566 927
582 368
624 238
649 435
173 976
865 901
34 399
717 883
147 406
179 273
902 450
931 106
338 267
436 546
318 606
757 1
380 18
102 511
531 58
381 477
62 470
145 330
775 588
180 997
212 372
8 457
1 516
545 546
347 561
986 751
632 221
397 348
587 279
247 636
53 555
678 975
535 457
653 662
634 223
560 147
865 529
67 960
674 688
214 258
50 146
211 746
358 273
197 704
798 563
653 27
511 530
105 13
935 789
10 775
60 786
498 817
172 854
575 897
60 283
796 28
47 620
452 916
68 513
809 301
858 742
903 684
78 547
893 620
621 81
906 146
553 274
40 863
540 459
676 711
25 595
933 210
1 683
897 590
892 306
480 282
2 574
376 821
412 433
372 172
912 120
281 496
680 786
396 830
956 772
591 786
64 135
219 975
938 465
335 361
925 304
505 716
854 634
447 60
482 672
521 914
140 720
254 256
580 862
109 112
358 923
766 151
980 542
781 991
778 182
27 670
480 758
843 393
980 550
698 594
751 296
910 897
640 913
857 474
49 562
838 331
804 891
320 104
377 339
955 925
794 525
908 411
34 536
248 353
912 83
453 284
438 956
233 249
318 848
709 959
692 149
945 153
420 104
573 163
623 367
320 233
643 435
18 716
377 170
145 796
502 179
728 587
265 9
624 150
358 991
953 167
533 543
934 696
689 931
682 708
587 198
873 391
101 413
112 409
566 164
262 514
443 138
627 790
234 288
297 219
958 825
536 487
466 975
948 890
27 286
859 44
757 435
431 475
331 784
169 235
646 982
105 747
863 743
671 316
787 591
312 721
410 53
949 436
910 462
109 326
384 517
835 356
806 311
143 222
901 916
217 51
994 799
912 172
63 139
344 634
79 344
397 592
371 723
737 950
499 245
874 477
960 940
156 502
11 78
81 277
104 652
681 736
475 786
485 133
895 833
7 807
781 372
879 464
293 594
525 30
551 39
598 490
125 163
317 933
851 184
335 153
422 571
975 957
422 614
123 964
75 940
578 814
85 297
305 924
131 780
369 328
66 9
804 887
308 469
535 370
811 799
958 241
989 381
243 336
542 226
944 917
127 516
555 829
592 700
75 862
393 697
451 594
281 157
623 46
315 12
308 721
230 207
746 288
156 104
880 484
547 597
673 254
299 339
14 65
81 877
855 104
470 633
745 53
297 474
926 512
626 352
232 973
557 315
311 375
328 293
726 662
147 638
848 419
486 900
213 609
803 730
243 982
746 387
777 922
969 908
848 869
52 244
151 876
82 590
702 765
512 87
189 346
27 508
629 654
447 384
62 695
373 775
92 274
259 209
961 801
147 209
219 655
220 750
495 729
395 569
769 867
170 692
359 908
341 837
710 646
747 305
288 751
886 696
613 158
656 374
341 778
257 619
40 4
59 73
560 732
983 925
617 270
489 174
421 895
819 597
761 286
456 68
37 381
418 11
252 784
662 134
332 382
582 899
573 942
324 984
519 987
892 385
636 830
622 697
811 294
907 277
863 737
626 574
621 827
115 249
208 421
978 397
480 89
467 586
104 494
345 291
152 705
394 914
978 213
153 146
415 648
434 735
50 723
695 283
188 515
600 741
821 326
611 769
399 355
592 285
20 943
730 258
97 61
954 248
972 762
725 30
213 335
652 616
699 123
721 927
669 86
395 976
886 117
640 307
770 151
336 692
249 275
495 412
990 688
445 784
466 143
30 229
856 599
611 25
73 323
743 276
637 285
497 93
543 179
181 844
113 14
258 731
622 687
272 974
770 67
814 764
839 537
503 116
594 350
709 627
629 666
364 191
172 595
316 27
726 215
962 722
446 530
354 997
506 477
281 435
783 535
903 33
190 847
822 853
92 79
310 943
524 827
944 676
416 403
341 787
335 422
259 637
815 274
149 867
236 733
552 236
986 870
803 97
79 400
518 714
385 329
97 164
68 990
499 471
310 766
456 892
975 684
618 277
853 538
920 111
140 641
323 117
923 391
139 876
906 356
644 735
107 315
146 309
750 722
803 168
865 126
217 580
513 457
897 111
928 715
976 549
632 310
461 475
337 315
659 648
469 737
15 723
32 730
393 281
755 121
288 67
925 889
583 183
307 243
759 767
362 860
864 537
71 383
359 470
389 859
916 959
203 424
865 774
136 950
517 921
174 616
222 637
751 759
343 23
754 855
119 170
825 224
12 634
969 937
892 741
976 248
475 797
750 530
496 894
473 133
768 501
300 661
719 937
2 53
132 819
460 101
443 560
153 632
297 615
507 347
820 587
909 826
765 855
529 179
138 643
141 693
833 816
185 319
949 61
439 68
847 534
973 169
946 348
945 117
242 824
947 927
465 554
815 772
535 224
79 91
547 728
390 785
718 731
638 146
706 992
111 237
355 248
676 452
374 733
589 509
906 815
947 889
829 142
533 269
996 975
139 684
756 851
644 518
884 90
13 147
239 355
426 582
399 381
813 325
689 222
518 917
964 321
384 758
464 233
441 452
596 322
955 671
414 8
911 411
285 902
583 747
434 353
342 948
453 682
695 545
260 904
131 848
485 567
204 615
853 658
257 821
74 880
683 251
967 898
7 476
247 156
725 201
800 843
613 911
759 28
160 547
643 248
467 924
413 199
86 945
517 191
862 721
304 961
157 527
275 434
292 930
134 328
876 692
487 731
890 471
860 499
207 539
558 525
265 119
128 315
683 2
77 707
498 576
172 203
97 33
887 322
31 665
475 420
282 249
398 60
434 403
612 742
449 822
33 472
679 500
866 272
293 941
441 213
936 1
952 782
166 3
338 531
337 226
743 57
123 972
162 579
54 486
54 482
618 310
663 712
995 719
104 280
426 599
198 268
702 798
495 963
325 624
486 274
459 390
575 955
491 932
530 910
76 317
811 203
981 703
512 144
926 841
147 815
545 434
867 548
838 451
728 431
778 886
838 886
421 873
856 893
898 384
312 55
524 441
655 625
402 348
863 761
790 680
925 164
954 25
649 355
131 902
723 297
607 405
873 630
956 592
154 398
583 205
106 646
886 791
726 206
409 562
607 825
28 938
512 206
214 119
350 641
353 942
985 592
178 22
476 630
331 271
692 63
393 968
844 547
397 948
414 383
293 430
487 3
821 881
131 180
347 544
506 137
119 794
315 926
738 172
401 692
298 571
830 780
247 4
527 685
537 238
169 945
116 216
753 969
44 77
750 52
630 585
452 323
152 754
201 471
31 161
813 780
207 865
201 358
949 733
708 832
114 238
759 797
290 165
497 965
370 87
957 61
873 185
762 208
991 937
319 432
231 601
710 679
825 118
63 605
357 674
659 257
902 937
280 709
438 713
602 314
944 154
415 274
582 502
755 131
693 498
435 557
20 810
655 762
966 915
975 210
881 748
98 278
114 405
710 611
821 470
72 561
546 809
838 624
287 368
773 265
598 669
625 778
334 781
469 268
638 740
562 520
123 340
949 801
724 671
944 380
198 65
322 533
777 281
113 181
93 15
717 666
341 608
334 483
322 419
762 534
643 813
841 889
824 239
670 84
706 778
911 680
241 125
746 78
479 623
513 705
390 664
514 909
776 416
761 525
542 187
564 568
457 226
880 971
417 239
587 909
511 592
278 946
564 910
465 658
494 204
356 969
865 804
547 58
696 716
797 70
621 288
986 539
994 639
575 458
651 528
19 698
726 268
182 660
875 369
505 686
387 401
978 835
457 723
148 887
706 995
901 247
245 511
596 314
909 823
248 215
193 313
669 886
154 941
207 663
669 602
446 496
985 544
759 925
195 332
373 757
833 495
997 831
491 570
490 213
87 974
64 458
21 77
201 408
781 609
187 277
581 299
176 567
298 303
423 324
734 708
614 936
312 110
550 517
859 803
46 44
732 403
992 652
733 868
850 376
277 179
487 409
760 658
498 916
268 778
742 421
881 315
247 578
526 284
412 654
148 173
413 229
213 291
965 788
198 127
471 117
895 149
243 343
861 7
951 40
856 440
415 217
752 387
551 128
457 454
135 567
381 138
936 517
812 759
601 422
362 914
872 139
65 19
719 241
668 599
40 285
411 947
594 723
330 719
593 177
594 509
8 10
829 339
932 118
618 431
716 224
644 561
644 409
238 276
786 432
726 22
976 425
201 836
304 807
873 503
787 646
977 176
717 946
621 288
412 234
993 336
648 433
163 392
200 183
683 365
703 577
31 55
362 654
261 878
928 669
232 840
658 525
890 9
876 128
311 373
377 78
436 157
286 138
121 60
530 165
280 201
841 820
987 465
828 691
694 423
925 602
331 995
23 496
376 509
728 205
442 826
451 65
820 62
161 893
614 741
565 241
428 739
394 151
922 896
463 602
562 73
592 562
419 69
707 389
941 289
654 963
987 387
191 888
751 916
826 740
95 298
245 987
606 977
546 353
921 972
281 464
630 970
242 4
734 197
173 687
611 219
509 917
359 930
421 770
839 828
443 137
883 615
22 901
672 61
861 601
674 226
537 92
500 580
728 535
33 420
395 911
221 383
113 102
14 768
151 962
937 353
652 895
47 636
194 564
945 610
878 979
291 379
751 43
543 886
613 709
869 260
139 271
42 239
444 215
941 663
503 243
688 149
850 388
600 938
887 391
383 882
461 76
866 120
895 629
931 979
690 749
927 50
38 320
324 999
639 168
471 788
793 503
350 575
340 79
768 339
686 959
580 750
324 222
474 33
93 835
375 376
800 207
4 781
197 758
376 773
248 733
46 121
987 108
182 613
296 585
796 521
101 102
776 437
211 90
214 673
48 609
435 886
967 833
234 706
638 795
661 240
839 860
222 782
818 758
625 194
450 956
252 79
28 966
570 459
586 638
154 169
779 48
636 205
694 267
882 835
999 179
628 37
409 138
417 792
894 875
691 990
600 649
783 157
898 834
352 682
467 87
75 771
296 593
482 460
932 440
543 202
39 263
821 964
390 372
591 51
186 785
157 430
109 214
53 754
269 339
803 980
489 747
506 572
335 553
505 945
383 214
341 816
34 775
544 849
784 424
8 578
115 362
809 218
419 553
418 698
576 419
235 682
842 375
904 775
833 572
329 316
696 552
2 471
612 342
233 37
877 214
671 640
114 83
450 779
197 352
619 535
595 535
625 377
664 99
551 560
578 176
690 487
275 706
72 71
21 964
599 513
464 75
730 611
761 826
522 338
125 438
938 917
473 789
545 801
992 684
262 818
600 974
567 485
729 969
266 231
544 317
714 787
727 263
85 632
836 242
27 127
701 161
380 284
488 616
422 422
557 948
795 848
496 439
500 764
682 194
731 604
462 384
296 777
844 311
170 731
369 218
648 356
504 639
802 808
819 405
722 736
759 698
758 703
366 591
387 260
433 284
771 474
927 957
618 737
174 159
300 824
232 726
894 920
572 692
925 31
398 322
84 125
211 418
798 299
230 832
444 565
10 146
399 16
794 382
56 540
612 464
346 762
40 801
31 710
481 894
497 548
46 669
495 70
284 376
74 217
936 34
190 459
852 948
827 888
348 705
741 825
819 982
270 712
213 525
283 153
998 619
34 635
686 730
284 533
977 697
557 921
657 110
295 560
935 619
576 553
578 286
908 832
106 536
798 56
525 204
619 382
673 113
762 707
686 311
523 104
986 394
628 842
631 874
461 378
73 428
66 839
342 469
212 751
487 310
670 926
579 47
470 273
730 446
868 719
939 860
300 738
300 894
379 302
933 702
573 792
70 395
62 333
558 509
695 50
176 502
417 580
198 564
530 973
345 485
651 534
585 758
916 542
926 104
251 255
480 993
590 319
633 903
732 268
30 26
452 316
530 701
699 779
708 789
179 389
504 569
463 925
284 101
35 417
146 882
23 330
380 675
914 119
967 702
965 797
244 167
888 634
268 911
176 73
760 426
504 445
720 203
164 670
59 583
267 690
473 893
836 692
224 226
33 464
703 332
169 506
472 540
860 434
887 836
826 252
870 898
880 915
976 550
669 753
943 125
186 703
126 842
219 136
685 737
528 863
374 995
843 737
347 950
124 977
807 685
209 936
486 605
942 43
611 344
246 846
565 624
453 726
450 313
807 276
263 183
850 986
499 571
807 783
644 850
216 114
137 800
378 988
261 196
65 779
712 174
215 602
250 290
568 991
435 248
581 912
428 131
240 755
883 408
320 922
177 884
221 122
81 289
746 632
684 306
653 489
483 492
853 305
323 108
120 225
336 180
346 371
254 50
774 636
950 249
144 420
630 11
223 93
90 249
14 471
785 516
786 561
401 864
880 507
32 843
234 898
686 467
748 705
881 466
632 961
934 798
679 985
755 30
643 875
997 924
266 972
449 717
821 24
721 565
636 665
371 912
923 40
788 205
19 715
514 681
199 112
302 286
71 719
269 392
49 132
15 530
188 650
349 70
969 335
868 11
66 760
690 433
342 432
758 699
973 212
708 849
475 459
672 226
682 798
518 265
63 165
831 287
894 254
435 312
226 271
953 360
164 866
942 915
558 397
375 500
352 593
782 50
555 925
589 45
985 690
347 325
918 745
124 839
868 841
439 22
717 89
463 11
43 964
248 574
715 429
997 141
192 564
532 604
869 42
833 520
98 714
641 249
132 807
978 156
912 623
484 498
327 279
821 955
779 106
48 785
340 472
731 84
643 660
788 265
881 459
105 901
508 781
931 603
299 296
384 473
929 265
724 652
97 890
812 455
772 33
986 82
195 803
213 517
114 372
978 528
847 869
298 158
244 453
356 909
936 81
296 680
737 315
772 520
373 847
379 318
35 784
779 695
156 877
341 988
475 974
634 667
181 659
3 474
174 698
981 943
712 81
312 617
975 812
939 942
723 593
381 444
255 590
402 470
660 711
618 58
539 415
975 438
269 405
896 764
600 247
675 237
348 841
339 157
293 458
46 514
100 613
435 574
248 704
192 198
672 917
888 503
874 32
632 211
478 156
857 800
827 247
831 818
627 92
973 51
305 1
818 762
978 303
875 169
937 856
6 699
945 604
582 549
70 611
268 337
417 587
439 367
723 556
464 969
607 781
556 573
183 728
447 265
74 158
389 894
398 641
248 755
493 723
214 764
21 373
561 232
142 201
728 303
130 300
423 183
703 893
257 461
748 686
784 336
537 654
17 361
828 785
928 14
642 108
761 484
697 589
648 396
576 808
631 969
613 299
413 860
637 881
401 740
640 62
526 113
223 943
296 752
348 830
654 958
156 286
228 891
477 775
507 874
440 79
966 439
648 85
866 946
661 736
517 756
468 70
87 683
473 782
623 417
904 116
787 361
244 85
577 866
66 918
371 464
602 268
317 482
221 846
19 590
17 737
371 718
576 891
764 947
800 488
385 695
705 643
231 116
140 855
599 747
133 730
880 244
275 671
321 333
650 507
133 539
331 827
92 681
408 693
589 961
669 829
322 98
529 433
526 768
820 714
447 451
124 727
965 455
57 699
702 756
66 661
449 711
189 790
689 831
787 642
232 839
56 129
228 445
391 902
550 994
669 481
749 576
330 857
990 822
667 212
173 4
435 713
530 716
554 323
27 347
166 484
800 922
399 267
944 645
819 607
797 364
784 176
368 923
996 679
525 884
669 532
801 280
8 550
603 687
350 340
11 167
190 633
277 251
700 762
534 23
879 363
480 440
741 682
557 308
953 811
133 655
627 521
18 63
503 373
502 557
812 712
568 924
658 929
599 978
847 630
535 839
528 806
672 36
887 855
987 313
237 608
947 261
310 946
919 558
191 752
414 620
169 645
527 573
218 875
58 386
989 889
788 654
468 877
19 369
556 169
131 61
221 974
857 901
164 854
36 159
939 274
387 479
785 187
453 882
752 89
977 850
922 164
572 364
397 29
945 325
111 231
170 399
156 530
126 296
230 393
122 533
212 580
581 349
694 292
565 492
556 583
60 583
621 663
519 267
413 941
810 922
409 181
13 718
434 366
526 34
137 257
596 404
229 728
427 234
25 108
295 53
353 761
723 854
825 785
500 820
440 531
226 483
301 55
764 312
883 614
858 727
188 795
103 729
655 433
946 578
507 687
959 346
186 181
282 304
385 734
71 58
769 947
544 750
598 905
310 437
216 841
307 792
375 22
169 175
377 679
299 215
278 378
492 34
457 475
194 116
952 843
423 351
136 556
273 897
762 992
477 245
111 236
782 999
414 148
482 195
561 302
185 369
413 392
88 242
43 395
911 523
283 172
742 123
97 616
501 228
547 438
149 28
216 407
62 598
616 780
539 362
747 392
148 40
76 78
381 322
772 866
989 981
883 696
39 450
941 640
576 327
4 405
788 841
816 620
583 901
403 410
694 631
345 896
598 551
459 128
612 799
381 736
337 992
545 937
482 524
528 112
376 892
739 874
338 543
121 842
271 208
644 145
339 858
642 919
782 579
510 697
745 614
230 441
715 360
102 613
533 561
142 906
622 16
269 148
612 66
169 808
99 949
318 576
840 401
689 766
694 506
641 961
736 285
200 804
978 472
995 311
786 159
320 324
355 957
182 330
609 302
590 435
61 85
862 610
930 429
102 7
417 88
730 765
560 588
761 190
463 646
795 839
37 883
310 317
794 373
510 336
975 70
322 683
730 169
842 297
8 386
284 366
317 693
103 719
799 19
765 312
585 401
878 192
622 326
576 201
16 465
145 236
477 8
964 656
427 317
667 655
492 640
390 753
935 570
33 583
822 580
516 542
782 865
415 989
150 916
555 129
729 679
911 346
383 231
259 64
290 960
246 950
905 128
874 199
713 615
657 995
546 279
672 193
872 324
844 955
505 903
418 21
11 744
56 609
744 361
137 762
420 932
883 838
419 910
678 845
645 198
495 838
265 491
741 628
400 714
375 517
21 155
404 317
821 220
224 415
359 297
597 583
858 668
234 355
702 569
634 715
530 64
326 98
302 437
857 727
300 188
824 876
880 277
508 782
767 794
955 418
895 537
949 196
635 82
503 656
98 618
588 110
633 345
366 56
734 188
253 951
397 60
854 836
474 406
470 962
196 704
307 809
842 713
249 257
769 850
982 327
882 302
264 68
724 315
214 1
163 61
990 852
281 969
978 441
623 762
800 103
345 674
104 3
372 6
576 132
202 317
132 98
359 756
63 972
490 640
732 598
363 3
450 65
698 861
195 221
658 391
404 78
25 251
569 695
916 231
227 721
728 841
330 535
890 724
810 319
89 942
178 931
557 617
937 35
735 943
457 555
665 201
852 113
662 951
875 33
197 214
161 30
313 889
74 807
900 759
989 969
783 147
314 205
898 724
83 676
445 970
359 369
49 775
716 708
94 854
766 839
491 672
441 806
477 770
667 878
378 447
700 375
262 628
240 57
835 317
690 660
71 160
900 708
76 391
396 174
99 452
152 216
711 704
304 850
476 144
847 55
689 896
925 773
57 218
46 956
992 476
252 590
634 188
584 91
129 327
974 450
864 425
56 583
552 875
152 485
697 56
940 92
706 918
731 837
608 731
765 431
378 194
527 672
536 299
47 865
876 16
173 191
216 171
533 100
505 895
888 835
631 631
187 268
115 213
56 121
58 998
94 194
946 888
497 79
640 557
16 211
17 773
961 264
836 473
945 395
796 524
905 408
359 977
103 33
452 323
842 403
550 895
998 385
71 195
829 757
999 87
510 19
904 18
45 883
825 57
115 822
504 497
588 752
357 228
372 106
440 552
441 95
257 794
588 369
971 542
302 331
816 180
756 454
809 35
777 228
365 42
57 873
168 639
329 87
128 637
936 18
267 476
913 931
439 906
111 905
7 36
142 193
87 634
549 756
77 463
530 345
51 139
640 205
711 837
386 569
242 191
763 778
561 926
87 856
273 687
377 379
341 423
355 579
379 392
735 216
286 32
318 87
215 812
895 493
528 102
242 823
869 779
873 407
680 814
19 626
546 563
107 251
36 551
474 709
764 719
733 888
61 94
342 96
551 274
909 258
441 342
764 343
346 459
631 851
283 77
263 23
523 495
223 291
907 23
533 905
897 222
656 903
386 58
6 380
491 349
275 516
326 313
417 21
506 583
851 718
868 739
552 368
227 291
176 23
83 507
872 913
449 43
342 567
714 889
307 816
707 451
980 826
612 340
338 608
535 204
385 164
660 321
152 496
676 347
15 800
940 604
317 872
863 960
437 605
440 756
770 923
830 372
650 964
474 193
718 253
395 682
461 199
114 136
36 152
271 488
989 179
752 693
396 862
104 592
937 732
980 826
32 393
762 767
391 665
560 446
93 955
610 303
308 587
415 589
520 173
758 655
913 657
320 810
60 773
962 239
693 209
519 246
734 731
953 759
536 45
84 230
2 460
23 361
913 694
416 64
496 468
776 461
759 416
444 260
13 627
611 50
570 889
994 413
950 850
764 98
163 41
976 831
560 75
257 475
918 293
17 962
533 854
691 919
994 877
533 334
858 6
275 716
452 367
532 949
410 530
227 776
20 68
461 842
743 999
750 853
222 653
924 741
549 268
448 148
742 939
132 334
17 906
646 215
211 37
802 175
123 560
741 83
49 93
400 217
975 411
29 151
392 917
186 926
156 894
832 690
270 737
231 44
337 158
200 775
124 601
583 411
733 586
591 225
689 635
392 373
268 239
347 133
696 573
200 868
313 395
666 494
867 684
764 898
926 75
302 841
163 942
183 170
526 108
363 54
123 252
88 558
470 637
880 21
573 30
848 476
753 515
902 433
462 823
335 308
891 594
469 998
719 521
179 446
568 605
147 684
734 848
401 714
311 180
502 428
589 719
887 774
712 485
676 655
821 136
209 98
405 37
738 276
364 458
303 752
491 369
412 270
76 232
885 63
195 430
526 304
390 587
577 410
2 161
662 938
596 430
401 4
99 956
177 877
429 45
455 948
587 44
126 883
695 970
750 730
786 476
515 815
365 865
376 143
518 292
817 220
323 956
51 665
275 635
316 24
679 207
440 214
565 961
69 117
363 630
215 577
440 363
761 451
843 340
521 357
228 286
577 341
279 360
262 269
846 449
388 754
270 581
574 377
563 319
98 342
639 436
384 353
282 844
828 499
284 873
27 169
850 526
431 880
706 82
250 215
558 87
308 964
843 975
128 237
867 754
714 148
339 225
315 602
409 223
364 290
466 861
823 481
418 571
91 179
163 745
614 581
400 183
685 688
812 97
636 421
532 199
402 727
263 467
140 623
592 318
374 360
457 919
522 632
689 509
715 327
799 906
359 266
638 670
301 496
34 895
281 569
89 360
615 625
63 466
729 726
871 560
168 63
596 420
666 261
643 995
383 891
794 484
819 352
254 83
199 591
832 121
251 649
944 776
664 516
417 177
175 693
532 232
55 830
123 506
163 667
152 439
343 581
437 343
749 221
330 687
725 296
801 49
118 803
430 171
969 736
728 230
996 15
381 60
581 212
872 680
712 239
403 281
725 561
253 755
315 285
977 978
180 202
693 957
2 735
515 521
684 665
607 34
623 124
170 987
423 865
951 732
495 956
81 477
715 858
203 232
990 53
615 448
469 914
336 823
944 897
27 245
608 624
695 530
698 949
246 602
105 892
859 626
967 673
887 450
248 266
156 797
352 830
117 880
24 634
460 169
688 68
97 261
263 744
875 716
862 555
473 26
721 970
278 209
346 931
261 104
167 639
513 515
875 826
896 21
341 308
371 956
802 198
440 794
768 533
611 728
246 670
280 159
531 525
557 381
984 862
343 915
409 639
562 168
294 29
985 626
125 638
982 717
660 588
662 642
618 510
119 29
436 253
617 95
782 851
527 735
387 662
862 24
781 915
153 348
236 752
89 795
844 357
411 2
150 321
390 144
176 118
902 914
295 151
178 634
308 685
11 112
963 836
863 673
770 114
246 173
451 235
67 702
923 120
975 522
4 408
200 683
722 783
308 584
162 863
728 998
582 276
553 75
95 102
822 343
211 269
425 599
921 15
398 932
342 214
54 413
45 582
880 876
17 533
332 103
582 248
957 479
218 317
548 980
714 353
801 673
400 206
445 163
576 556
546 436
732 98
343 488
83 963
771 586
952 246
451 123
861 306
179 672
593 408
336 548
520 489
60 402
780 767
254 202
711 670
86 233
829 377
461 802
178 199
707 937
660 23
287 217
30 68
152 897
303 354
690 978
1 473
638 349
790 454
390 153
961 603
401 94
932 749
81 931
687 666
651 994
958 758
839 368
74 624
364 786
457 375
902 181
258 547
408 423
437 108
137 277
929 906
44 802
179 643
922 180
521 284
202 500
147 502
335 766
922 889
789 432
639 350
688 931
360 188
196 408
764 606
680 330
776 708
105 815
237 29
353 159
718 595
694 295
206 334
297 352
363 906
976 697
449 925
537 90
446 954
380 406
442 569
892 604
903 241
604 437
37 667
803 496
445 626
733 688
995 805
353 521
852 91
962 263
611 400
259 324
771 323
470 57
934 728
51 312
280 648
41 65
674 420
959 897
817 261
604 375
207 99
894 287
129 969
770 878
253 324
562 420
214 962
535 700
318 350
886 218
776 708
310 812
98 540
232 580
627 169
58 492
94 32
102 650
532 321
311 16
592 67
543 848
833 680
265 395
337 939
798 174
856 780
640 710
713 659
160 651
823 641
266 872
390 429
419 742
380 513
566 294
565 718
318 49
274 376
734 942
587 529
953 347
380 967
64 328
925 865
580 779
371 69
662 436
874 315
209 489
629 599
252 608
57 512
432 986
467 87
734 275
701 656
981 465
774 357
806 244
260 198
640 214
766 862
279 772
53 404
559 743
491 734
249 192
664 616
57 592
47 344
855 319
154 524
37 890
201 345
744 631
413 994
478 651
330 243
322 227
316 243
360 579
646 338
386 918
680 301
595 740
733 996
729 39
981 924
381 561
188 193
764 123
515 891
246 832
937 768
54 615
525 882
968 139
299 378
655 777
267 613
407 77
901 629
379 351
509 624
916 951
174 932
226 674
297 547
59 279
694 168
876 632
494 78
371 67
109 625
43 617
520 554
504 177
626 5
154 749
994 355
589 476
874 36
381 814
124 356
591 155
695 193
843 881
896 810
573 952
959 297
300 930
930 483
734 982
800 490
12 829
496 470
48 588
109 505
245 564
779 146
214 464
522 219
948 260
935 15
850 582
50 301
287 870
809 506
916 647
538 483
125 868
215 874
412 995
951 818
740 761
438 240
700 358
699 624
563 705
142 59
581 710
917 111
200 671
560 82
2 608
680 400
739 824
481 610
311 276
246 829
111 94
766 973
385 737
809 257
36 584
103 954
584 714
751 436
765 273
908 712
568 419
593 764
499 939
304 684
703 107
598 549
482 308
817 437
482 944
840 614
814 466
877 123
977 820
199 295
559 538
574 960
935 364
866 714
347 720
38 575
611 392
105 343
173 459
797 620
807 255
635 118
63 741
736 43
443 271
427 160
434 576
594 876
521 914
3 381
484 80
100 680
993 95
112 84
750 173
595 897
306 740
466 457
675 161
165 837
179 39
749 276
487 328
168 446
319 77
252 843
881 636
220 819
764 224
21 56
14 283
601 496
149 886
32 511
452 423
652 889
10 749
43 23
958 232
63 505
263 844
478 960
811 310
613 744
142 331
183 786
837 768
394 942
561 126
653 48
764 213
477 668
675 406
550 466
142 569
314 430
723 426
840 371
132 740
552 883
102 786
600 133
689 888
585 869
282 734
854 254
936 468
112 108
553 629
351 46
378 967
997 796
366 753
921 193
744 534
705 732
402 740
711 928
23 90
147 210
751 163
935 779
586 409
688 408
411 814
157 616
169 382
689 215
803 976
4 659
909 351
455 279
98 128
545 122
819 436
855 710
491 870
623 990
988 323
999 706
358 780
913 65
595 468
346 117
307 181
554 965
652 870
150 267
594 35
180 33
977 122
195 650
637 481
748 747
129 362
96 357
845 590
99 888
764 550
86 534
41 508
293 22
980 57
624 388
398 733
551 806
902 553
14 521
752 375
712 422
213 274
433 825
325 682
437 763
411 524
380 281
801 934
667 849
843 52
671 875
623 46
187 811
800 580
278 427
284 754
929 771
287 930
227 850
358 963
531 922
399 224
955 669
474 638
861 633
665 415
371 319
264 974
474 965
726 821
776 390
533 247
153 769
680 590
487 200
189 459
869 952
89 377
473 199
123 465
33 844
277 587
134 281
687 707
931 259
283 91
605 384
378 312
4 874
385 257
729 714
282 99
69 629
918 499
625 469
100 917
378 602
829 557
671 626
390 103
422 892
654 234
19 666
98 653
184 367
880 187
789 107
956 935
103 636
252 76
357 18
453 849
762 16
269 703
841 540
988 278
638 777
62 697
416 46
788 17
383 439
722 12
993 371
811 482
991 750
137 157
912 818
205 838
978 118
924 488
662 750
7 333
793 93
624 548
897 459
101 339
387 812
248 876
868 246
363 314
698 289
535 961
477 45
115 136
399 320
316 855
155 244
520 320
932 596
407 171
612 980
646 520
689 863
975 322
522 497
356 430
278 997
416 839
827 351
172 189
951 501
712 235
960 902
348 817
232 353
22 661
860 860
526 688
900 723
871 486
496 71
158 15
470 849
576 606
471 505
963 951
698 34
11 789
563 924
31 640
48 870
14 45
505 184
276 905
644 436
764 552
490 553
56 997
172 409
695 312
593 299
248 73
467 294
7 762
930 411
468 162
14 50
955 971
500 43
631 690
72 804
459 285
963 483
521 816
348 642
94 443
153 237
614 935
192 410
944 163
624 856
342 790
180 646
231 536
118 470
404 350
65 696
709 532
27 569
47 993
639 452
175 951
495 240
242 272
472 876
990 209
688 333
799 137
842 727
578 700
52 136
40 456
845 914
959 262
761 729
570 253
23 999
49 900
30 654
123 871
537 762
949 566
970 866
313 10
129 381
267 62
347 831
805 618
106 241
461 276
894 879
615 50
145 310
897 62
458 963
771 462
690 475
123 900
377 637
611 327
982 289
512 750
553 269
606 91
355 349
698 533
306 373
78 751
763 562
748 516
649 160
725 268
755 785
412 770
390 922
304 283
775 753
218 128
11 934
382 94
677 773
658 3
349 214
434 156
450 401
530 681
312 701
105 924
363 867
164 971
335 733
177 590
271 494
194 797
576 655
459 537
182 344
472 743
111 740
457 540
673 641
636 998
143 537
629 886
815 897
47 482
838 118
28 342
315 319
793 659
290 838
100 896
267 867
219 389
161 387
174 88
512 614
564 825
323 473
32 325
989 286
939 307
30 389
384 171
473 231
351 791
729 690
678 81
955 478
135 410
711 638
776 882
256 964
442 529
748 229
504 250
227 369
17 261
508 425
26 187
962 5
318 381
994 875
526 514
182 942
738 405
616 924
180 14
228 544
226 282
965 580
789 322
361 598
957 371
286 130
675 142
636 347
207 680
319 528
205 509
826 469
591 870
104 608
284 845
404 708
902 301
767 215
626 281
863 174
244 421
96 535
945 756
752 394
227 199
667 34
707 888
863 715
980 719
839 998
162 383
646 371
64 29
272 894
414 224
291 499
891 133
644 516
468 791
280 883
500 708
211 5
361 533
382 138
33 370
143 900
120 917
144 324
411 177
763 434
125 671
971 294
511 866
456 46
565 856
282 614
271 347
750 923
706 764
864 554
437 392
71 561
302 160
687 938
641 475
657 889
839 795
579 198
145 713
468 245
724 208
342 187
573 210
236 352
936 223
700 879
361 43
508 985
124 213
362 104
900 920
252 927
700 536
362 910
354 713
336 52
108 864
585 17
863 687
699 891
9 356
858 849
970 408
325 375
363 129
585 642
358 41
80 988
702 405
481 228
575 190
583 681
77 284
102 423
914 386
439 76
709 865
361 179
198 93
822 674
546 812
71 244
65 27
905 156
894 308
112 944
579 737
163 498
131 733
90 407
56 85
207 448
72 810
708 635
714 111
453 846
227 310
551 186
402 897
356 904
724 31
804 284
721 447
473 150
669 232
228 470
92 221
194 159
13 442
843 117
768 370
292 924
600 730
414 686
596 690
844 320
976 627
78 849
728 448
12 543
758 785
968 997
650 796
649 256
556 739
523 804
933 554
347 243
483 370
425 641
847 694
488 512
764 179
998 915
458 808
424 658
768 721
350 238
454 680
415 29
664 148
886 155
790 887
286 385
193 844
687 190
587 198
402 751
215 245
405 712
645 948
849 245
677 37
592 955
869 504
62 733
978 162
884 360
317 992
456 524
316 893
957 673
693 111
577 503
971 608
220 762
873 144
455 365
572 140
450 201
766 757
782 35
874 511
361 522
227 386
538 605
900 344
320 699
142 761
516 545
90 677
732 325
213 753
497 99
907 931
181 837
662 708
764 960
491 47
260 195
773 440
289 394
619 174
31 972
618 63
978 118
446 425
403 450
284 816
974 867
852 54
998 898
64 14
256 243
207 87
175 754
588 571
70 53
606 68
75 657
3 47
367 975
705 296
619 433
740 998
110 221
843 195
801 46
829 614
949 439
532 345
825 697
193 426
520 803
181 79
312 794
691 701
5 615
105 624
377 886
672 662
423 147
665 576
757 245
587 291
92 540
565 238
563 728
672 8
906 867
111 850
5 305
871 624
465 611
512 330
650 32
774 474
552 197
792 247
631 104
514 664
446 638
115 523
825 343
589 896
85 172
416 102
942 809
824 267
585 348
613 600
51 370
219 411
993 226
202 918
794 238
283 566
618 885
493 179
217 490
99 784
384 220
45 985
727 565
491 655
30 555
453 265
121 273
703 843
192 758
536 229
649 4
556 46
937 920
48 362
555 273
841 431
612 725
14 820
121 140
143 237
318 758
559 530
395 714
876 734
456 264
677 119
209 544
