6000 7500
787 789
849 836
724 697
790 846
344 809
805 345
646 410
421 712
454 44
658 256
271 600
693 368
315 296
399 723
296 239
987 93
290 737
671 192
360 532
197 967
495 304
621 870
876 106
856 339
221 722
840 889
779 356
724 607
223 424
656 502
472 965
581 980
66 612
692 653
339 260
506 294
695 561
369 770
17 47
436 397
860 326
116 6
881 655
60 126
487 35
777 501
905 37
193 48
557 745
197 252
620 439
290 816
761 763
21 60
568 485
348 206
451 158
847 48
974 272
766 477
199 462
214 687
313 616
420 110
211 353
571 556
916 175
929 955
535 408
65 686
676 53
308 521
233 96
589 927
511 192
162 847
761 658
866 965
733 133
336 749
324 842
273 227
293 549
549 891
70 852
984 237
460 522
669 401
417 594
812 257
410 268
85 744
114 66
270 480
687 814
511 141
99 776
440 110
721 964
828 113
606 854
738 645
770 594
987 895
774 208
655 452
850 967
28 786
615 603
368 605
145 785
352 271
689 843
370 273
469 316
842 559
98 753
825 928
840 769
843 552
1 712
379 921
797 403
16 528
988 940
625 88
494 981
894 387
499 549
41 780
101 286
28 552
205 975
141 911
145 3
474 524
111 332
182 422
182 628
422 832
719 294
125 380
195 714
332 350
718 123
681 709
715 734
33 12
804 57
183 737
337 510
522 145
181 682
845 508
407 709
656 643
265 463
3 847
528 452
250 210
152 93
869 40
320 453
307 824
702 244
981 770
687 919
852 74
234 929
515 49
857 592
918 575
859 506
728 814
20 928
277 568
223 582
545 176
785 484
775 613
886 608
276 158
878 267
530 506
787 293
875 776
252 277
75 180
719 271
295 307
740 447
918 752
507 993
358 877
736 113
127 469
406 141
271 950
323 192
270 692
528 961
624 340
11 704
713 426
757 214
732 623
3 816
575 93
792 372
530 385
516 471
610 619
527 331
79 656
944 544
527 645
904 990
596 822
739 839
611 361
785 44
381 451
933 716
898 884
179 358
970 898
946 997
96 183
657 420
56 142
924 373
945 479
176 917
168 117
180 375
888 192
65 779
913 168
812 284
255 796
708 349
985 893
481 921
628 914
952 272
369 306
519 459
593 276
118 116
561 493
382 852
370 58
142 899
167 153
964 826
659 225
389 322
536 49
704 543
637 612
54 513
71 738
686 95
331 907
819 580
427 284
653 960
523 995
281 57
725 106
573 120
384 383
525 253
760 125
508 602
778 327
822 649
11 878
377 595
151 405
899 377
871 665
764 565
132 682
601 552
936 318
243 863
371 447
269 159
42 825
252 191
636 700
64 620
834 496
539 234
193 598
173 117
438 995
169 26
638 952
295 14
266 818
365 413
303 749
175 864
471 545
296 933
199 208
718 303
138 436
272 176
904 59
696 321
537 677
501 554
815 140
731 343
269 350
6 983
889 726
294 15
650 644
306 666
622 952
201 499
67 646
496 749
40 972
884 686
100 104
716 56
102 514
1 937
843 921
720 528
677 563
873 609
337 71
802 945
838 595
67 375
763 57
851 778
81 792
464 204
772 529
147 727
365 655
668 154
121 586
635 462
777 112
147 592
497 137
28 243
425 612
401 850
525 685
306 388
201 26
344 870
827 664
641 689
15 8
93 731
748 572
126 480
611 178
732 572
239 795
752 339
394 837
10 689
512 351
505 716
815 581
170 848
220 744
690 218
629 774
473 557
988 411
39 419
417 111
789 130
640 113
563 964
885 203
84 755
381 870
20 787
575 38
740 770
273 707
840 94
359 479
839 282
260 782
772 705
116 550
854 448
795 205
945 487
751 538
313 934
417 404
482 750
853 59
5 665
505 741
490 710
949 791
801 594
900 361
510 50
759 904
412 120
890 199
136 534
865 458
722 31
784 885
100 64
182 242
89 950
484 766
183 942
172 880
892 680
554 534
574 482
660 626
326 146
587 708
169 194
576 846
367 217
582 414
309 971
230 291
793 563
590 13
741 488
172 244
993 183
83 465
434 796
942 663
781 221
834 738
149 33
563 145
574 746
474 865
53 932
235 161
714 401
239 182
270 580
693 823
724 449
172 568
574 883
728 26
44 829
376 560
16 36
952 533
680 691
138 262
425 21
319 283
873 928
256 10
127 157
603 163
679 480
255 469
692 556
567 438
932 265
205 894
862 583
672 488
635 589
554 159
561 561
85 298
963 806
898 402
825 164
281 183
410 881
896 974
900 972
845 926
454 68
209 805
308 895
121 500
819 824
873 496
103 273
370 850
16 15
210 42
179 179
120 876
822 478
346 964
766 199
266 12
566 242
280 155
748 879
848 615
782 963
340 699
989 327
697 400
752 298
292 49
62 533
82 16
915 633
118 659
485 218
453 779
186 184
624 417
823 6
311 774
181 881
206 914
762 142
136 327
420 753
521 448
457 1
415 997
33 154
906 341
943 704
343 833
245 387
467 749
622 715
770 418
587 882
544 161
657 373
309 946
194 49
382 657
812 109
556 227
313 908
260 865
426 920
353 617
183 127
777 118
88 223
306 615
194 651
916 999
407 207
55 474
195 940
842 595
437 713
916 640
760 386
527 21
182 615
44 465
115 912
303 924
277 105
327 442
595 764
606 417
290 528
650 383
779 765
815 253
600 973
391 338
982 347
122 429
463 880
339 289
403 415
562 428
379 696
633 277
596 54
665 346
103 133
967 910
246 485
830 670
995 518
621 277
555 858
535 654
449 1
460 617
94 991
943 963
202 308
225 590
977 729
58 452
322 838
110 989
29 954
473 966
730 421
590 651
254 372
902 915
889 929
409 873
922 743
172 755
18 817
239 363
704 445
42 445
885 840
540 667
275 954
381 535
581 608
349 590
814 802
524 595
148 410
192 962
836 668
397 326
590 159
581 197
333 833
2 841
124 502
315 149
248 347
605 136
700 763
319 613
136 866
49 655
777 230
700 887
875 498
180 279
708 77
538 967
456 720
355 529
882 664
497 108
727 770
93 254
351 883
722 733
230 65
935 387
300 326
870 202
348 689
840 505
297 807
271 842
756 271
117 469
150 179
739 263
459 57
65 872
732 303
236 640
685 162
161 164
959 524
911 753
109 305
939 562
740 525
773 553
700 578
45 148
171 172
464 499
841 162
143 81
834 333
549 616
938 484
912 362
410 814
3 368
911 941
293 324
929 914
127 993
884 213
107 223
921 248
787 980
976 777
762 311
293 74
918 941
757 516
582 642
793 894
952 368
974 309
848 55
364 915
52 726
207 332
79 388
728 223
185 38
790 451
439 647
836 629
462 8
973 9
319 518
65 465
44 765
263 214
664 556
697 84
901 948
174 569
156 240
251 603
968 146
452 916
564 791
896 134
190 121
381 473
828 980
402 517
36 357
150 157
517 665
941 596
293 230
576 194
255 566
867 672
473 739
401 510
967 345
920 912
732 39
434 897
29 615
404 57
282 329
445 950
421 288
841 606
579 563
851 522
261 363
151 850
619 600
57 463
396 890
941 39
133 959
153 760
365 909
230 56
979 807
940 299
782 972
707 254
335 346
979 986
18 907
258 608
433 948
103 759
61 858
643 328
716 418
416 740
255 890
332 509
144 884
549 412
275 942
51 251
115 218
238 786
291 41
873 774
176 254
852 507
489 175
88 509
156 79
771 259
794 195
86 428
425 42
548 501
422 14
167 49
554 358
339 953
315 129
158 996
114 54
205 864
734 962
91 189
561 178
383 209
114 489
881 813
379 586
943 946
819 993
7 15
108 898
415 782
474 414
263 374
982 322
731 347
252 313
540 64
557 814
347 887
381 966
983 321
780 540
13 286
813 725
128 228
875 232
677 991
212 137
46 315
751 426
765 356
522 146
190 435
611 487
379 833
206 912
665 298
805 172
572 401
524 399
592 690
325 217
747 146
594 247
447 574
160 728
62 844
635 870
161 843
335 692
468 716
551 194
812 785
415 950
820 602
843 351
769 907
23 471
913 689
805 263
40 219
505 905
14 603
916 882
77 718
502 647
439 325
12 639
101 315
875 696
262 217
32 326
479 191
940 890
165 654
912 28
552 829
160 892
248 774
394 26
521 59
82 277
861 632
216 902
172 331
472 863
170 863
17 778
740 352
479 868
453 776
59 810
300 730
789 638
960 80
282 237
943 640
259 184
452 376
570 380
104 778
732 823
287 947
456 125
669 115
368 263
577 345
131 998
95 738
610 20
786 527
393 93
48 754
30 103
470 880
340 539
84 96
513 976
406 361
626 305
14 396
758 201
250 518
326 924
119 525
234 954
359 393
304 11
739 317
971 126
32 348
582 941
908 978
901 574
259 316
743 77
257 669
639 65
310 39
670 978
188 686
635 737
781 629
999 204
630 537
74 587
110 429
953 367
91 144
310 217
643 949
503 327
703 914
845 635
732 908
416 949
600 596
122 55
385 650
246 284
713 122
630 997
795 641
778 376
890 904
247 174
819 871
767 350
907 364
878 93
447 454
220 950
425 37
486 752
98 847
967 762
960 179
940 302
359 653
442 888
618 210
461 953
783 659
58 100
161 533
747 579
223 868
466 171
461 201
807 796
949 552
988 249
828 486
67 950
783 620
224 112
123 602
536 489
821 707
137 267
898 255
266 309
321 916
274 834
461 322
634 23
176 46
747 965
632 270
29 891
852 510
435 57
161 258
304 529
81 720
30 295
243 702
109 407
485 880
255 316
217 192
793 64
27 651
770 883
937 861
691 831
829 479
383 912
511 691
966 972
314 886
350 238
205 841
497 753
573 271
765 562
547 221
593 487
974 19
952 583
949 806
225 876
847 289
924 313
137 381
369 839
471 328
455 580
252 122
682 251
200 648
660 558
530 790
926 599
360 284
622 590
522 275
349 757
321 353
197 67
160 287
119 234
961 261
74 25
297 219
287 753
536 968
324 533
330 847
30 796
820 829
78 116
799 914
795 342
287 278
136 961
769 605
778 139
201 928
806 551
234 801
644 231
28 211
795 141
704 472
755 764
939 675
111 968
291 708
514 80
980 311
917 631
371 72
561 383
129 75
188 358
701 138
208 566
184 600
7 387
232 507
723 846
392 595
193 664
806 373
482 247
32 567
374 798
9 327
219 614
404 656
480 157
504 816
529 158
554 188
593 753
372 719
84 10
161 753
812 64
594 509
313 276
243 147
370 78
7 967
568 754
190 903
236 672
299 309
399 212
458 448
652 929
436 980
711 300
478 155
836 516
793 188
346 368
220 914
182 210
502 667
655 440
963 912
87 952
951 292
739 487
804 753
244 911
736 798
853 748
818 485
81 496
267 672
468 411
193 723
224 446
654 92
544 253
417 163
46 128
180 950
76 57
431 52
869 963
811 675
949 95
557 821
58 559
712 686
718 170
687 349
703 194
926 454
917 493
707 220
219 701
394 978
508 187
479 232
189 350
586 521
939 498
937 257
232 613
866 679
196 146
672 15
534 474
247 845
221 799
691 748
614 172
917 497
738 222
84 442
387 490
360 777
704 629
295 23
279 8
548 146
173 804
301 14
193 250
798 781
725 453
835 174
626 418
913 341
568 919
264 607
901 104
576 598
300 231
926 881
55 768
53 234
775 325
669 945
92 699
273 135
76 592
300 302
833 213
533 1
241 597
781 968
332 461
893 962
561 115
205 3
619 414
65 603
191 505
80 388
229 751
25 351
900 690
746 707
964 801
40 374
113 969
773 35
578 39
154 45
537 209
345 766
824 331
905 615
700 368
642 411
949 482
452 833
486 488
719 635
601 419
991 596
163 77
814 794
752 876
932 102
138 397
384 758
977 413
562 389
580 259
588 499
937 452
916 282
920 295
326 683
612 594
634 980
921 978
89 613
864 535
849 545
541 551
427 448
547 594
687 566
23 387
841 360
929 794
92 744
417 704
725 120
460 326
983 232
394 16
190 862
139 560
198 476
856 861
470 482
619 122
793 916
886 762
235 195
302 996
773 104
443 682
706 137
939 707
745 242
790 417
740 918
406 935
561 526
909 763
259 51
769 474
632 916
935 184
446 333
87 106
592 619
162 126
364 906
366 602
253 288
34 529
509 705
894 778
843 927
870 47
294 527
120 444
91 679
247 734
391 122
418 962
830 762
456 896
511 73
696 179
973 365
530 308
366 720
870 566
968 22
133 968
532 11
85 904
878 791
958 844
893 870
667 509
496 731
561 59
210 321
558 626
852 975
840 522
914 84
42 631
299 44
607 610
599 117
36 453
269 680
112 495
986 715
782 743
310 585
834 245
768 707
543 513
424 47
240 617
417 161
142 333
487 988
556 570
604 75
930 787
872 203
813 888
975 449
857 738
805 592
625 474
843 932
917 706
404 408
311 336
608 110
984 351
814 669
432 192
24 259
748 380
643 532
438 953
389 662
198 15
438 978
466 741
98 692
315 531
662 239
908 813
851 307
499 972
651 614
135 725
686 364
505 317
408 817
383 532
46 556
482 9
930 868
953 787
707 686
958 182
163 340
811 763
691 216
777 486
194 628
151 237
767 186
697 612
327 82
250 408
85 914
577 261
751 175
313 957
753 83
428 262
585 199
117 238
248 642
869 242
703 27
698 528
530 359
169 90
55 910
177 786
430 486
252 630
656 112
22 216
138 277
35 16
464 153
492 701
273 227
870 416
576 314
668 112
313 828
746 889
499 517
312 713
462 773
649 983
712 890
438 672
475 441
850 975
984 49
443 689
12 222
738 499
755 726
909 610
60 161
388 792
478 464
149 267
452 134
281 673
325 460
22 379
195 709
697 372
706 274
651 461
962 813
156 541
352 155
979 840
766 84
244 219
211 406
570 709
887 588
429 408
465 305
457 733
97 221
273 804
139 62
554 789
103 254
36 843
747 355
467 368
648 695
397 849
929 387
562 177
849 155
16 185
324 989
698 221
34 781
712 939
220 760
254 446
755 315
79 411
23 246
983 15
555 908
506 798
546 622
291 492
487 880
138 405
483 206
562 935
686 519
685 694
340 822
916 6
33 463
162 380
884 795
323 979
348 579
575 168
308 699
642 459
723 839
583 793
884 662
190 634
933 315
487 171
37 636
954 926
178 158
577 862
146 371
403 56
15 513
21 693
382 591
130 595
431 913
961 424
264 327
333 465
581 983
787 675
555 732
679 737
184 378
528 231
996 627
958 540
538 11
512 531
371 100
397 410
294 637
41 412
657 731
632 893
335 715
783 824
159 798
647 735
46 141
862 189
348 729
4 815
817 291
553 465
785 679
289 444
133 540
754 297
354 588
854 240
386 336
758 59
568 777
324 378
418 699
204 334
462 348
161 188
335 336
99 277
279 149
290 95
937 771
54 213
933 380
916 892
912 240
671 97
205 245
855 827
188 594
82 528
756 678
275 817
177 593
746 635
897 555
380 248
69 731
880 124
481 151
888 719
492 981
377 24
591 163
322 896
482 892
346 873
499 239
145 790
517 691
340 656
97 73
561 500
836 539
423 155
274 194
873 764
721 661
812 688
115 68
929 998
596 161
343 776
522 914
315 775
398 430
916 174
453 847
642 825
678 699
14 522
702 790
933 943
255 698
380 686
689 243
605 109
280 58
597 716
273 920
980 606
768 176
800 783
798 707
340 448
923 904
976 66
327 605
488 182
4 890
990 146
766 986
537 810
647 758
160 538
571 864
762 39
695 393
831 208
809 992
823 985
566 235
46 486
918 805
792 802
580 327
75 48
162 56
878 112
164 461
275 221
659 21
408 627
209 682
624 550
284 20
332 695
513 678
574 911
837 978
772 634
808 460
42 737
897 246
285 119
311 670
378 226
197 676
127 360
847 655
191 83
620 64
450 242
440 865
519 412
16 430
702 455
452 932
437 506
512 862
937 546
612 221
465 182
453 142
113 459
366 87
592 520
400 47
911 755
276 594
70 763
238 559
325 79
551 814
269 733
347 873
690 663
458 391
968 871
953 251
750 286
120 353
683 417
94 951
374 518
669 143
290 865
322 588
211 442
703 407
658 941
4 939
696 195
659 695
354 631
737 75
198 617
325 24
341 156
857 918
518 848
944 364
277 163
814 637
345 607
567 256
653 602
695 450
232 96
651 276
403 504
380 2
721 606
768 143
602 846
289 735
632 222
408 845
458 807
95 302
216 631
213 517
358 818
248 434
83 168
41 511
180 219
377 143
815 297
161 229
144 325
605 142
556 183
59 440
3 707
125 397
366 811
984 887
347 881
648 377
217 292
160 10
247 106
958 508
336 47
577 371
433 704
618 449
263 212
219 841
63 821
86 701
267 964
640 823
789 553
491 685
645 568
896 331
565 391
349 576
871 477
61 116
18 18
192 446
136 736
859 942
275 431
646 645
260 609
207 719
133 345
520 504
430 905
354 306
662 325
792 950
488 593
328 27
469 342
141 748
870 414
661 256
274 291
333 839
430 459
78 604
949 189
811 151
807 264
617 839
767 577
243 8
465 139
542 251
533 468
440 816
615 717
547 376
869 448
973 510
329 491
278 46
674 420
193 706
346 829
390 69
940 359
480 922
225 696
520 110
561 633
124 780
96 42
265 163
437 353
604 897
451 74
441 656
14 891
337 611
416 327
782 588
290 842
205 346
664 13
643 54
694 683
900 370
830 422
143 151
270 53
30 184
379 857
836 730
882 670
523 767
968 296
964 693
497 69
826 712
266 935
782 206
599 231
368 195
47 939
82 898
171 6
114 815
683 463
662 401
927 8
165 157
803 297
874 725
80 492
346 797
555 551
112 324
608 246
737 150
99 310
598 229
211 295
200 641
722 960
512 997
252 933
531 916
803 225
168 675
673 516
726 914
502 697
944 18
683 184
439 913
185 517
792 320
589 221
631 859
219 202
79 41
92 445
132 445
898 217
178 583
415 979
191 502
834 373
401 391
921 794
934 190
202 288
43 453
559 160
60 911
814 595
541 811
483 179
580 717
468 227
638 534
641 298
233 512
59 831
817 198
957 51
419 216
978 768
262 757
671 80
142 410
608 665
441 280
671 887
124 18
546 593
440 561
9 894
154 739
621 655
353 417
749 862
359 341
250 166
228 301
728 692
106 958
225 602
469 119
874 81
37 996
699 627
714 143
837 853
467 443
850 424
76 641
281 62
51 952
736 428
206 892
411 2
977 583
654 257
396 687
650 354
386 692
607 765
802 274
435 638
950 5
61 687
912 745
796 72
60 378
245 550
634 397
631 168
643 872
45 206
643 326
388 268
659 524
354 238
495 902
556 76
756 83
989 760
52 33
824 57
642 607
124 604
493 918
313 142
989 799
870 862
506 219
545 184
428 517
673 472
649 189
876 593
642 598
472 618
838 515
923 634
368 413
684 309
417 604
113 79
528 352
757 64
762 280
576 634
827 15
54 694
785 174
188 922
767 272
412 199
927 774
518 203
12 378
390 106
256 891
39 953
254 346
495 917
627 393
11 154
296 267
838 10
75 383
66 827
608 844
891 307
231 209
71 462
561 140
776 330
824 421
969 768
631 338
288 825
455 969
537 247
958 125
92 341
627 324
297 265
967 788
777 201
505 553
696 10
314 524
338 988
304 832
404 890
303 761
232 270
809 871
732 685
571 9
451 86
904 389
236 395
454 977
856 167
105 605
498 239
27 88
611 60
292 409
146 140
442 408
498 226
302 533
496 563
627 51
996 68
693 641
78 380
466 874
898 119
845 740
371 620
123 561
799 112
414 826
658 802
406 974
852 396
432 651
2 917
221 339
626 248
793 665
875 607
776 501
476 162
588 609
38 498
173 211
768 823
417 139
355 497
731 724
337 221
484 899
923 12
101 909
576 364
148 719
978 965
554 996
611 470
179 262
23 680
965 181
730 929
618 799
130 102
349 191
659 819
925 519
514 317
936 528
495 577
340 970
858 426
954 602
396 241
85 85
743 636
701 989
841 527
256 542
151 534
244 63
134 597
547 147
338 920
659 373
684 467
505 125
16 817
323 64
460 710
361 127
674 594
348 571
825 848
976 215
31 359
783 723
218 284
20 387
590 332
131 13
420 532
563 333
674 724
554 995
436 731
107 874
691 772
837 563
187 813
907 897
719 189
724 29
478 177
806 744
162 498
289 294
800 660
884 171
40 263
651 961
783 174
54 194
141 972
500 956
390 423
794 316
842 837
320 562
949 437
443 652
595 123
209 708
809 477
130 331
535 783
539 633
150 945
511 662
174 378
975 650
28 331
558 647
299 121
582 77
723 78
864 712
838 551
469 67
397 300
581 774
819 481
696 564
926 39
851 588
357 470
684 541
172 409
402 375
474 660
920 607
34 232
999 760
22 771
584 968
217 539
663 574
919 575
74 388
674 783
632 383
486 178
604 827
664 108
680 256
712 796
524 842
485 233
491 872
426 819
527 993
708 689
889 115
377 869
34 288
785 526
212 278
945 988
290 434
881 156
512 120
921 121
937 254
155 427
433 954
949 544
87 527
254 672
339 957
221 179
883 936
112 650
565 715
62 742
152 589
780 715
164 467
808 274
615 23
821 105
511 817
358 644
530 438
824 299
954 654
837 296
601 960
520 450
223 900
88 866
779 880
777 321
589 853
901 86
484 328
807 283
323 534
552 706
890 708
619 993
278 859
703 886
106 188
329 214
676 238
225 920
659 285
259 30
83 691
127 94
809 955
739 813
647 527
325 5
472 146
401 243
507 668
529 180
137 644
753 940
257 727
108 469
60 589
368 838
5 480
47 622
858 442
665 627
450 194
3 221
38 194
10 124
711 457
204 967
466 98
748 464
764 308
508 544
512 679
831 827
539 110
775 976
27 773
954 904
752 964
550 688
873 83
647 869
116 14
314 79
398 852
881 767
955 441
927 569
275 313
702 545
813 289
194 357
982 140
229 389
12 404
851 565
135 541
840 157
983 621
612 753
617 945
241 250
720 121
637 258
889 270
46 997
977 491
547 208
469 741
151 662
77 243
217 903
902 462
344 117
474 972
328 686
414 426
779 803
517 392
929 998
164 420
527 881
963 971
765 932
200 194
388 941
783 794
491 208
296 354
890 127
51 175
962 220
572 602
122 167
606 604
530 663
799 893
923 526
477 763
505 9
682 273
344 625
140 790
9 96
929 596
344 393
804 896
636 102
391 55
417 782
59 827
569 257
363 823
953 671
991 502
412 823
720 386
800 569
793 987
584 949
596 628
206 271
213 664
143 885
13 865
294 506
629 943
329 287
172 131
120 511
220 604
480 75
630 340
183 592
373 161
579 42
723 760
102 759
804 336
649 579
429 344
759 242
823 438
382 762
509 200
543 24
54 185
818 864
116 728
140 475
363 545
20 608
654 59
974 369
69 914
754 449
910 119
293 146
54 84
750 739
247 460
977 676
547 120
857 111
950 117
587 266
824 334
100 236
123 435
900 665
425 247
89 795
54 340
461 16
461 448
360 131
834 323
450 597
595 696
600 979
175 138
552 656
58 792
74 36
404 908
505 91
919 715
789 408
732 384
325 818
314 243
650 49
894 595
989 596
456 97
524 489
611 642
904 105
473 680
269 258
363 659
781 820
241 481
140 993
900 730
624 328
874 288
720 901
993 725
132 660
940 356
485 386
328 885
908 638
544 271
231 426
558 902
333 812
233 381
488 677
414 327
731 904
267 726
699 184
932 243
664 763
854 329
433 224
915 325
455 82
570 282
122 464
833 825
407 203
420 387
135 642
144 820
913 804
332 247
364 117
675 427
713 596
267 721
515 261
690 475
783 146
248 548
938 770
733 738
679 420
723 166
129 853
138 756
261 926
248 948
263 26
347 110
8 923
200 7
295 960
358 588
332 283
861 355
762 432
314 587
793 804
53 568
998 943
505 900
598 904
606 429
154 331
44 461
391 885
637 745
190 286
580 325
812 512
974 297
181 923
445 955
296 538
270 781
889 782
653 513
754 717
989 282
612 787
944 855
293 986
220 72
733 712
416 193
383 227
864 83
878 52
673 368
813 879
523 662
866 751
475 510
608 23
909 381
373 501
59 283
440 184
979 272
756 234
643 278
985 655
955 47
333 160
333 990
55 59
903 881
992 346
801 780
710 618
279 687
933 621
550 491
258 413
948 374
756 815
509 10
700 69
500 974
23 780
520 10
97 579
739 965
403 49
714 393
423 91
668 647
523 718
124 826
126 980
864 628
167 204
496 273
700 858
36 630
100 5
726 213
89 356
398 80
98 564
97 619
257 110
930 54
815 243
752 279
599 684
462 193
194 893
674 901
490 625
514 812
414 716
783 159
907 594
67 4
271 760
805 59
394 45
210 450
46 621
496 426
673 72
839 624
522 161
873 201
120 19
828 713
526 4
228 216
211 120
669 633
271 988
414 976
825 664
464 18
397 491
822 262
674 99
335 219
54 96
90 526
144 680
192 693
509 166
50 961
474 573
491 698
308 542
1 438
909 695
908 393
378 794
355 349
342 783
40 710
939 287
187 457
105 957
313 198
916 238
291 127
680 452
404 219
295 478
625 258
973 871
73 791
925 722
146 972
921 805
398 89
882 998
891 381
134 773
374 459
158 899
21 711
119 828
131 778
138 111
843 37
401 129
302 307
478 934
591 613
212 547
993 602
556 169
804 320
188 644
725 653
163 352
517 474
261 88
333 273
770 555
347 848
418 656
657 163
609 41
986 272
777 677
495 162
491 376
721 788
436 359
552 670
745 139
589 148
167 483
643 634
758 774
386 844
52 81
786 452
522 30
442 420
320 126
275 335
481 304
220 968
315 439
412 711
953 849
440 886
214 106
992 186
550 212
772 761
231 694
283 567
478 2
946 951
618 232
884 772
681 610
133 462
186 362
977 714
541 240
419 287
420 41
696 297
840 16
653 861
399 925
447 848
533 446
24 985
185 792
304 16
571 336
85 780
336 144
441 137
551 135
971 71
58 508
152 248
862 767
858 494
118 893
166 926
680 56
598 912
718 800
811 872
715 83
366 210
790 370
200 450
916 663
759 378
482 170
349 721
994 550
874 730
240 476
292 764
887 203
975 447
221 566
780 799
540 436
475 535
168 572
284 542
884 153
289 233
953 566
71 387
843 549
423 164
12 856
49 913
572 679
229 317
216 969
159 970
158 653
313 208
626 55
607 275
181 840
606 89
509 25
466 404
232 395
449 416
89 299
497 559
565 208
358 413
933 286
176 867
442 687
50 28
692 245
33 364
897 236
571 838
769 484
14 534
166 762
342 839
267 283
242 820
860 20
560 861
329 134
646 578
134 347
349 669
753 255
813 394
788 550
404 387
585 964
624 406
957 119
734 722
973 341
227 356
132 721
464 360
246 896
80 63
701 149
312 185
479 83
668 618
301 644
273 47
119 101
130 119
76 268
596 107
928 363
679 129
372 501
595 492
918 128
782 544
685 873
858 400
550 756
319 803
416 886
765 64
43 752
671 498
782 370
712 451
23 906
791 918
413 169
496 611
946 263
477 473
537 908
143 489
389 631
464 40
429 371
245 783
920 645
920 492
11 294
233 687
348 127
159 656
44 194
499 31
54 232
926 554
819 349
785 865
975 321
40 231
842 550
344 404
679 261
946 736
8 788
629 87
796 969
591 472
47 599
698 918
808 118
224 443
381 620
58 819
794 333
613 935
70 341
309 109
126 830
575 130
837 896
157 798
483 772
283 291
796 603
799 112
164 722
647 198
670 363
521 147
659 130
459 211
140 488
570 380
820 870
479 758
789 401
567 662
693 221
966 821
705 683
229 209
64 682
53 9
984 218
249 60
655 811
752 164
18 67
786 308
469 714
947 948
155 292
293 539
995 145
165 149
108 190
308 782
620 515
991 684
762 127
383 615
969 827
127 221
923 793
54 727
623 214
960 75
951 12
583 778
390 393
934 906
335 146
661 915
192 341
800 752
955 748
914 110
945 593
909 960
797 229
818 966
979 701
60 292
22 775
201 667
802 172
820 49
299 332
359 165
712 47
797 96
67 724
214 494
821 681
312 305
571 837
954 652
883 563
440 467
886 977
326 56
216 335
349 180
616 774
154 447
114 341
981 87
860 904
666 504
511 637
749 264
397 575
922 208
192 746
300 848
677 110
996 563
402 434
391 112
874 765
306 599
612 526
621 646
379 461
351 690
157 166
397 466
749 467
35 308
735 647
175 157
593 682
512 231
102 837
632 898
684 383
972 663
519 578
184 529
267 873
836 825
381 105
731 584
702 299
652 995
541 222
800 360
438 820
819 357
390 826
139 465
741 760
41 195
444 507
666 545
350 679
963 430
756 361
11 567
707 826
543 565
215 736
107 833
712 826
365 562
769 674
250 812
346 394
97 481
818 546
485 384
848 553
222 602
536 436
853 637
780 302
106 139
827 387
351 550
785 265
766 759
655 623
763 119
861 409
703 80
779 782
750 259
260 415
261 490
210 206
322 758
92 153
51 684
995 107
861 920
690 908
751 874
860 601
570 829
147 348
938 852
552 949
87 978
2 537
910 359
751 516
323 101
770 960
600 705
931 717
261 850
77 250
736 280
297 811
545 793
596 971
9 637
713 105
571 953
700 827
448 522
354 754
36 480
30 855
868 9
874 413
203 849
484 989
828 644
845 570
485 145
823 238
715 994
342 219
954 819
898 9
29 969
903 620
172 295
764 58
639 311
731 593
817 405
659 130
271 839
984 487
402 442
829 993
539 760
603 798
409 122
983 673
502 602
559 980
494 542
995 184
197 485
377 596
268 773
559 549
693 938
316 579
1 119
513 317
707 829
387 751
123 553
491 34
122 303
710 248
543 307
541 976
134 656
544 206
623 868
90 377
734 308
971 981
719 360
402 46
678 735
364 468
304 530
914 687
412 913
539 379
147 831
102 751
418 426
757 960
483 176
521 698
502 858
703 18
133 840
704 73
174 961
28 969
904 850
911 153
362 121
716 943
527 953
489 560
925 858
567 589
295 928
218 376
134 491
291 787
701 557
302 489
679 704
727 327
928 233
8 203
748 136
724 696
724 229
520 220
590 679
827 511
855 296
500 872
242 483
664 48
985 592
14 273
156 943
455 507
337 145
24 17
51 563
20 985
995 684
273 190
190 577
450 682
708 692
489 416
998 37
884 381
330 684
27 47
743 692
378 773
768 63
791 975
567 99
600 846
400 237
570 833
8 993
726 888
164 226
581 847
706 501
389 568
311 953
567 344
408 581
14 61
204 478
747 95
197 458
586 378
965 385
205 888
231 306
647 53
951 788
4 101
560 217
388 146
820 912
703 217
411 283
531 740
105 267
452 620
79 428
853 407
942 241
77 932
37 61
157 313
480 631
220 643
905 625
735 212
936 416
434 914
606 311
242 9
267 595
968 79
645 796
804 675
3 794
452 434
837 678
590 23
122 669
389 817
38 612
181 266
894 374
802 679
498 367
658 594
100 179
214 59
604 356
407 994
862 829
931 802
494 308
361 395
202 464
283 470
879 713
185 717
241 466
562 895
344 909
938 273
617 407
89 368
632 156
405 824
97 304
1 534
390 430
758 93
471 45
175 962
624 970
986 617
983 298
473 660
539 876
327 88
245 395
989 493
372 84
925 514
516 693
433 174
482 62
323 47
465 792
656 474
99 754
879 703
984 332
916 330
390 857
849 460
124 144
874 860
67 483
373 186
586 215
30 713
556 189
312 840
704 765
58 498
17 234
847 431
875 14
486 565
299 568
638 628
655 12
358 359
540 300
165 635
745 594
951 427
603 866
833 708
155 681
882 555
589 304
620 231
876 954
672 830
522 288
857 417
67 683
836 725
840 64
339 376
835 345
988 468
751 312
430 52
915 802
690 52
388 408
363 62
611 582
545 799
723 540
641 316
608 567
647 31
485 284
925 245
75 265
333 342
431 437
385 547
571 358
32 863
509 152
846 700
595 282
801 930
657 64
86 216
686 179
765 715
464 222
375 62
232 994
538 74
188 163
705 920
550 338
954 854
308 642
971 444
152 606
753 570
198 3
952 454
285 396
776 838
591 725
450 269
777 428
255 789
790 644
347 202
609 659
756 988
428 220
769 204
340 405
976 280
459 965
968 322
681 965
746 988
185 566
531 271
313 145
501 764
751 274
309 283
590 874
567 692
172 98
63 879
321 677
365 916
54 663
695 436
657 187
984 890
935 765
702 179
395 457
452 711
685 514
700 702
506 893
328 1
856 717
502 299
846 926
40 978
879 348
632 329
204 122
57 629
492 796
193 169
550 123
543 774
7 621
843 147
785 351
185 705
608 341
143 935
776 759
4 553
114 977
547 104
144 822
74 181
930 338
378 723
959 977
537 598
758 434
943 454
631 62
391 852
357 252
314 180
555 595
210 28
97 817
675 810
875 568
232 737
83 348
837 93
477 199
854 35
220 820
950 860
250 375
542 663
176 350
909 22
492 181
537 311
573 930
348 457
239 785
488 448
651 745
849 965
876 199
483 470
711 745
526 184
164 232
940 828
842 261
947 881
810 200
758 413
38 253
713 704
963 924
265 233
339 830
571 121
712 486
862 564
2 981
138 383
436 686
620 95
495 154
122 859
29 775
724 879
995 515
990 613
863 327
763 581
11 470
577 193
471 259
4 401
498 134
201 222
507 221
45 979
630 8
657 231
94 817
232 35
564 968
331 945
584 901
795 720
491 863
300 838
781 19
4 654
539 86
157 312
410 866
244 738
179 27
903 748
601 639
549 787
206 186
955 601
785 313
719 989
265 578
649 227
476 64
301 734
566 857
259 319
833 311
859 663
214 5
720 538
750 62
193 562
513 268
405 396
47 2
611 400
140 109
841 423
850 945
799 988
342 506
993 361
124 420
813 924
450 947
492 162
628 43
906 52
442 937
315 78
436 535
549 358
284 559
445 38
846 4
324 523
355 319
645 968
541 72
115 54
242 418
631 900
919 9
784 228
538 833
538 353
461 542
628 27
353 734
520 478
783 415
992 940
876 518
564 87
373 461
371 982
399 824
671 553
232 982
672 453
871 836
949 396
173 967
271 252
18 384
167 205
939 43
102 787
416 795
45 209
701 355
173 194
750 269
743 839
479 728
5 395
941 699
687 27
642 245
637 568
160 983
568 61
549 175
59 891
31 909
536 260
660 327
93 15
727 65
576 309
107 317
613 177
918 753
471 885
372 739
765 417
237 235
991 444
607 509
592 374
155 956
226 306
694 960
760 248
784 823
831 718
52 262
163 109
344 578
781 902
329 213
987 702
151 196
858 614
165 930
689 747
619 490
829 580
431 436
149 744
657 729
280 479
613 303
184 78
207 453
510 57
85 550
868 73
912 576
17 900
488 1
970 724
384 754
137 473
399 971
558 839
823 192
68 481
33 906
882 983
980 613
566 928
175 75
396 276
93 31
165 446
933 642
924 229
313 566
71 344
643 160
444 717
965 676
621 456
842 758
692 159
617 886
324 642
281 164
203 500
869 43
253 865
246 513
623 663
975 204
598 758
841 536
958 779
654 358
2 116
702 768
961 126
979 821
348 480
148 909
6 74
136 228
886 933
556 504
546 625
943 71
427 453
210 143
53 204
874 789
408 754
236 26
689 328
166 868
672 229
768 300
149 203
94 738
350 119
39 838
701 472
651 301
731 277
693 953
93 139
272 188
87 401
20 532
287 420
702 970
513 493
313 422
186 659
717 367
348 501
482 938
837 937
306 584
769 682
166 986
835 683
911 657
919 588
856 929
20 623
486 919
716 474
800 772
253 3
243 258
284 935
917 977
845 129
372 328
308 816
144 198
524 886
177 303
153 935
468 858
737 453
316 316
149 363
874 127
518 623
533 451
769 45
958 875
213 789
991 31
908 51
824 114
304 525
671 478
81 489
636 969
53 651
680 798
345 610
41 5
687 976
514 418
959 948
950 83
325 294
803 233
144 732
814 260
502 718
358 370
295 804
845 703
520 629
197 627
376 729
288 516
57 674
445 955
160 181
733 322
917 397
169 778
924 465
532 995
929 565
12 543
646 475
996 798
773 480
650 881
374 991
247 680
964 162
928 435
642 549
883 797
29 217
500 86
68 142
604 681
611 64
785 697
559 218
518 866
121 926
184 335
105 608
626 153
502 79
849 742
27 329
959 785
219 573
386 573
469 24
371 383
177 925
273 76
524 154
724 270
86 761
917 176
30 691
550 355
361 2
450 382
999 207
197 415
285 402
393 461
83 698
445 647
336 610
581 796
525 1
302 379
599 326
383 16
914 286
937 785
833 956
501 955
131 500
316 419
785 25
725 85
912 250
255 430
640 79
458 699
53 54
453 827
436 797
152 67
510 657
466 206
963 959
721 165
167 226
976 351
496 617
996 628
644 620
113 108
697 926
242 887
932 723
779 457
835 470
718 753
661 599
867 686
542 972
872 988
61 134
548 711
992 413
582 345
202 867
188 472
69 186
485 121
185 564
873 616
817 341
695 193
232 976
936 652
959 57
801 821
135 863
991 647
969 191
5 56
167 276
388 257
610 373
957 336
749 806
646 391
292 987
179 484
168 648
566 491
41 792
449 299
113 140
45 535
593 434
667 747
66 217
301 702
580 439
288 226
206 504
24 749
306 390
332 704
154 246
526 115
31 126
654 694
420 577
662 981
972 304
756 697
688 77
3 268
528 321
641 349
867 30
974 182
698 548
9 813
469 122
236 611
785 142
696 689
566 560
580 817
773 921
744 736
616 569
840 899
93 292
118 787
654 145
437 764
113 290
757 558
216 323
804 74
507 760
600 104
828 928
724 307
28 615
621 156
74 378
460 128
857 73
669 802
369 506
710 23
200 756
307 649
281 177
87 322
161 541
84 328
693 867
873 189
581 72
525 38
741 792
49 947
42 206
328 378
209 104
206 763
896 765
521 384
534 999
692 953
494 288
856 808
481 135
25 656
239 654
744 921
165 998
718 561
645 608
456 579
169 670
141 831
977 525
152 964
496 815
108 715
258 939
116 32
848 997
630 627
604 879
360 631
919 220
825 591
698 480
925 263
467 241
793 687
423 581
440 672
587 304
158 963
987 903
882 870
249 310
410 375
209 414
686 939
615 335
784 553
509 404
382 639
333 417
434 295
684 323
962 77
595 424
834 727
409 727
737 894
43 862
507 236
478 467
470 447
998 596
6 915
743 192
841 999
6 821
127 504
319 863
243 799
581 685
233 888
75 668
793 725
15 202
436 263
589 325
972 609
162 347
951 884
380 803
186 188
575 182
589 249
422 84
862 301
230 574
370 409
26 258
793 735
733 35
727 73
881 248
698 949
344 133
382 482
293 526
652 571
338 464
495 519
688 12
510 977
454 352
640 430
92 123
126 94
478 48
402 302
891 277
25 871
249 355
569 728
344 227
865 326
932 984
760 768
16 762
848 483
461 254
988 803
614 921
497 317
558 989
183 643
499 287
504 618
897 494
973 670
168 204
521 230
911 378
314 236
484 521
553 20
168 94
210 934
129 427
633 391
915 194
65 145
405 678
248 97
88 832
577 930
993 587
997 774
754 638
986 278
342 238
11 910
938 515
515 607
346 43
621 362
976 500
811 305
388 870
537 149
584 53
6 425
673 81
34 318
386 359
613 177
614 941
884 229
354 226
672 216
986 875
235 176
737 723
657 736
568 386
637 955
746 597
4 576
524 384
89 48
491 155
616 92
364 119
186 44
665 408
325 441
315 353
4 890
655 953
115 42
767 783
843 712
675 253
163 61
647 945
506 443
694 374
677 128
165 690
805 460
241 248
392 221
745 175
304 213
611 178
178 410
407 876
165 576
93 281
319 243
88 832
656 648
342 821
182 386
462 951
569 45
610 651
989 824
696 200
956 308
693 262
711 869
607 716
38 359
122 702
455 781
433 248
615 144
838 808
940 878
892 180
154 226
98 148
231 630
954 282
330 245
148 511
513 446
562 616
596 928
599 196
271 809
450 41
979 337
184 620
782 564
900 555
55 670
474 178
351 611
594 550
867 108
120 288
644 632
242 27
752 751
88 718
668 210
712 92
394 110
927 688
620 925
727 915
493 431
624 672
349 414
889 806
312 611
447 842
724 181
82 118
452 352
874 165
341 653
298 685
328 485
877 787
546 54
57 450
950 245
39 508
913 452
751 589
988 788
168 390
355 442
846 118
200 470
429 619
585 115
103 792
693 754
702 95
473 44
808 457
656 22
420 126
625 413
365 254
903 480
466 363
445 576
283 36
950 267
606 174
951 95
400 323
286 578
320 42
880 61
889 206
111 386
295 177
726 37
886 524
268 607
838 562
613 755
238 690
148 96
722 62
348 168
754 584
307 75
691 523
161 372
372 573
70 826
969 104
598 81
479 192
243 180
777 228
557 501
864 96
163 798
908 352
662 11
739 235
245 155
71 610
433 935
972 531
471 91
413 855
105 92
88 428
759 617
501 887
728 257
296 152
41 574
229 949
160 342
680 688
383 404
152 106
463 700
93 659
737 446
454 903
879 411
686 247
696 231
129 328
156 202
749 122
89 139
620 197
506 982
652 727
491 356
331 547
366 863
392 695
487 811
473 413
215 862
714 654
204 221
536 39
454 208
857 476
411 999
414 154
967 887
526 110
222 747
610 461
518 591
828 514
339 746
869 341
641 187
795 35
694 497
589 383
724 788
193 957
780 23
311 949
972 4
103 545
577 832
284 892
372 6
394 702
593 871
744 920
156 807
243 51
908 480
116 896
668 675
980 901
241 820
954 99
510 404
832 929
498 138
214 357
30 979
43 922
546 499
909 725
728 829
820 449
287 156
223 851
758 912
406 556
79 753
638 368
29 465
773 355
781 691
329 168
787 721
381 150
728 223
467 989
487 254
270 732
978 991
917 800
278 669
995 694
111 162
220 21
818 513
942 694
555 235
225 942
56 901
516 332
191 167
88 465
867 341
830 559
179 477
687 642
292 241
647 315
515 422
766 608
295 147
279 728
672 504
183 914
661 898
560 441
70 508
666 466
78 605
768 395
645 299
385 457
883 797
729 959
184 385
285 120
851 188
788 984
309 204
70 905
652 877
915 923
471 926
215 574
3 568
347 122
197 511
91 660
227 42
434 969
900 327
540 343
283 897
25 518
943 597
179 906
39 63
926 966
909 860
578 148
948 938
436 118
466 744
537 618
640 497
549 653
229 992
360 583
24 670
677 689
857 158
322 372
867 66
995 820
947 165
594 829
419 806
799 183
386 22
102 344
968 326
866 831
538 200
20 398
207 752
745 480
145 466
102 46
625 300
962 623
120 803
336 875
28 681
476 690
242 37
930 621
680 201
906 871
418 311
989 279
564 266
872 906
908 450
1 913
627 943
65 353
481 111
33 790
957 182
352 309
809 954
567 457
672 213
121 501
774 69
526 672
157 533
652 782
917 551
186 388
433 711
53 757
295 652
957 183
736 126
698 340
157 623
844 718
217 228
420 987
627 804
844 606
488 787
485 379
628 1
824 32
570 795
687 310
825 223
655 760
532 669
254 793
546 739
535 706
773 549
372 377
870 395
635 809
614 316
832 547
974 870
778 163
152 473
588 52
811 51
99 135
90 862
588 659
775 159
941 104
102 316
763 632
728 658
852 340
601 71
796 310
831 779
479 241
776 504
632 720
276 618
116 158
833 970
104 476
177 288
159 103
155 576
97 930
434 494
944 194
428 528
426 735
495 73
307 914
189 343
635 892
466 777
574 963
884 949
900 18
188 330
489 621
578 14
330 29
218 420
590 337
161 692
671 626
417 230
738 150
752 378
107 832
329 326
84 872
590 908
811 281
944 822
100 445
832 11
522 618
508 975
10 254
654 231
548 571
272 862
522 679
541 709
727 96
25 493
769 413
455 285
340 497
368 671
969 237
597 238
463 686
580 465
698 34
751 408
281 382
81 926
630 339
67 594
757 269
929 481
707 144
253 977
367 939
404 275
732 996
887 435
319 368
377 964
679 945
587 517
158 987
505 206
837 990
380 875
903 490
824 107
785 899
190 911
167 341
191 139
699 945
205 727
425 715
8 148
189 506
354 641
900 583
30 37
15 731
769 928
805 546
623 841
843 216
866 333
98 340
271 328
531 173
254 580
800 303
952 523
756 814
800 852
708 191
698 496
40 108
837 328
68 223
878 779
327 360
654 706
949 300
89 187
862 661
130 33
709 395
538 619
135 424
841 644
119 831
999 967
135 306
347 558
876 165
112 21
673 978
337 313
943 371
56 116
371 801
868 546
173 185
290 633
406 885
722 6
830 825
172 734
829 525
456 328
54 889
849 934
693 5
851 698
512 596
444 559
615 700
416 612
421 281
831 597
949 683
137 977
727 695
10 933
284 957
920 406
496 581
482 190
144 796
693 275
757 828
36 25
816 126
899 754
860 556
230 925
959 267
578 296
211 118
297 914
900 51
599 982
306 149
612 366
561 856
133 610
307 328
822 752
797 202
766 406
145 664
967 638
349 648
586 998
137 691
518 898
375 637
655 850
743 539
754 731
532 778
871 646
168 350
553 448
866 699
259 394
951 353
685 66
101 165
209 971
701 136
183 271
566 345
372 371
842 135
222 240
315 144
849 493
741 94
856 983
787 489
620 69
303 289
291 523
347 986
760 539
470 888
75 581
804 797
498 746
312 934
368 556
127 136
410 770
533 856
888 391
660 335
878 631
309 752
49 101
828 772
588 727
468 313
608 47
633 62
381 38
601 917
272 206
315 642
738 28
775 424
631 971
925 416
170 905
881 37
224 43
301 283
32 341
740 305
831 778
458 174
629 584
584 74
777 624
293 464
263 302
82 817
561 205
418 415
753 68
25 247
901 579
71 940
449 549
156 540
623 441
341 854
90 762
946 479
892 764
135 86
442 885
497 868
312 911
662 27
350 148
252 106
995 115
171 959
475 520
59 365
652 944
493 724
435 667
85 421
24 56
184 721
146 140
546 286
275 144
578 620
477 804
372 407
399 890
869 696
546 387
6 159
883 522
253 117
228 815
984 323
119 309
921 72
891 595
798 73
167 130
282 588
190 678
383 905
676 128
793 19
338 108
824 848
514 925
436 432
910 289
700 243
949 865
35 27
250 958
725 641
117 169
96 418
724 792
323 471
199 786
504 86
923 856
995 123
34 852
858 236
888 699
938 907
196 699
695 371
322 500
446 479
526 816
868 869
706 464
535 228
270 679
557 588
265 286
912 846
927 587
610 322
47 963
234 783
218 339
284 508
261 539
959 499
760 500
674 571
689 199
950 274
322 969
687 359
873 552
830 447
255 779
330 705
66 970
159 864
44 812
103 221
8 537
615 53
517 429
77 889
343 667
314 24
371 862
77 385
750 928
304 153
956 189
808 263
496 891
258 789
387 163
308 761
513 963
192 272
504 791
207 456
457 243
31 65
809 112
118 783
171 449
318 614
271 257
795 181
105 231
36 657
702 618
839 945
721 74
812 757
457 253
839 940
272 325
714 262
744 365
237 363
164 711
983 442
738 366
347 711
959 15
427 303
830 511
838 503
388 849
206 232
123 777
626 209
799 84
415 544
870 892
724 356
187 60
69 427
667 235
577 563
519 724
873 545
609 885
380 224
286 451
196 784
286 273
622 358
473 127
575 97
323 336
94 986
766 578
833 746
789 368
472 109
156 637
670 861
637 348
917 665
855 864
913 136
849 282
570 560
855 187
466 859
252 810
651 258
961 659
416 914
711 675
887 442
574 666
237 580
962 866
379 568
143 879
877 225
983 701
693 730
506 994
466 847
295 258
124 242
794 879
154 183
465 36
255 245
618 811
691 77
506 915
476 956
668 842
223 433
75 490
885 17
168 308
247 787
795 237
273 381
701 291
232 825
656 373
780 725
59 998
622 418
453 167
720 977
299 344
269 1
316 113
69 397
466 506
196 174
610 584
388 577
949 818
940 295
344 139
390 27
446 799
370 476
309 516
227 341
815 275
215 812
292 893
525 618
511 998
57 988
390 32
150 327
876 246
457 551
119 437
289 139
346 772
670 776
555 126
587 616
415 415
720 837
990 348
883 826
480 878
276 558
432 484
58 484
37 510
112 869
583 343
745 301
97 676
814 804
561 189
864 395
338 964
545 456
981 480
91 835
160 743
941 543
115 145
773 467
809 94
645 969
813 385
213 414
283 675
424 229
913 582
933 780
85 411
771 933
637 3
158 854
151 446
744 90
629 890
767 175
44 691
557 55
729 587
754 674
543 432
885 205
742 375
622 315
818 706
941 94
470 707
501 102
318 970
654 357
430 855
871 263
868 66
278 532
424 675
85 54
624 700
920 492
860 712
946 190
812 296
540 35
638 466
214 52
688 742
483 765
381 365
223 277
941 504
543 401
326 919
932 955
979 687
87 371
954 818
9 59
113 939
824 808
578 905
903 766
690 897
430 968
362 585
805 666
446 194
408 30
635 702
840 535
669 414
660 619
781 868
580 654
797 350
279 560
585 91
835 365
198 772
759 3
391 254
263 824
450 337
570 206
153 943
693 315
220 962
382 937
106 179
866 449
292 241
942 483
529 852
230 365
505 84
731 425
677 629
772 178
977 67
351 470
308 798
799 787
607 874
615 645
328 109
77 779
449 689
750 171
328 978
454 29
199 904
704 65
120 798
644 653
545 73
295 836
995 539
357 272
798 956
258 745
984 321
219 24
575 580
43 133
160 154
251 563
429 293
240 509
740 656
213 26
567 350
486 965
764 912
361 639
550 110
335 299
882 726
270 835
163 777
777 659
201 131
78 965
443 146
774 570
823 353
128 319
430 130
967 936
168 750
842 742
885 545
777 531
183 496
162 748
478 186
349 67
206 847
657 466
307 119
410 24
462 759
508 25
219 256
401 889
32 901
757 600
256 517
847 917
672 538
730 390
680 5
5 508
758 826
643 73
546 453
992 308
699 869
46 673
825 86
455 402
372 545
479 135
77 309
698 113
260 720
765 57
343 873
368 893
874 282
395 235
972 704
52 386
514 497
205 463
73 461
626 542
518 432
571 41
61 329
696 71
165 457
429 912
189 343
625 732
152 357
668 122
78 884
421 965
453 270
510 712
341 452
346 747
108 124
728 87
588 248
286 371
268 12
544 336
109 756
566 830
208 988
383 411
906 954
14 598
506 152
745 107
689 676
732 590
101 950
509 591
626 534
954 198
468 507
638 937
129 668
199 661
450 786
845 137
797 312
922 445
63 667
405 393
86 290
879 373
777 330
309 202
107 171
405 804
195 312
84 879
274 632
910 370
215 707
526 382
950 270
684 578
31 426
840 937
189 485
455 103
451 731
779 319
266 622
161 458
580 47
752 36
870 598
679 475
681 496
457 266
44 815
54 562
438 229
640 785
859 980
372 657
349 454
180 754
324 9
922 987
414 364
772 869
947 812
417 498
472 140
68 523
930 11
381 57
142 770
509 276
600 737
117 743
825 177
205 148
480 253
814 130
582 846
835 725
421 906
440 614
137 753
547 770
223 547
102 303
831 126
710 370
863 782
987 259
802 398
960 779
754 978
653 36
226 67
705 664
372 676
21 140
895 579
241 988
804 169
519 664
367 607
327 723
777 953
835 84
661 447
118 977
281 226
611 660
639 504
399 664
345 923
274 526
36 244
790 39
340 206
586 227
633 617
618 342
837 339
948 796
361 470
291 376
521 31
550 277
200 255
926 405
223 251
906 396
632 74
776 670
220 633
352 466
372 64
576 520
226 71
474 250
920 423
882 6
462 370
703 339
856 346
799 471
123 619
598 985
209 257
907 860
168 920
381 135
708 2
705 4
80 202
174 297
980 552
286 92
582 374
271 655
187 269
497 560
874 963
541 422
176 10
659 248
638 859
356 808
187 200
25 326
945 438
817 137
769 443
194 108
985 505
964 968
215 271
11 638
26 724
372 79
805 485
375 174
423 353
324 322
160 711
560 923
941 662
843 299
293 999
410 911
600 108
547 272
668 118
356 822
991 973
303 541
422 533
799 351
407 856
328 308
447 53
636 243
462 21
174 457
500 161
65 771
517 633
470 823
475 309
790 504
31 839
623 944
628 483
549 419
182 914
757 178
470 218
632 997
877 251
871 177
722 127
579 332
391 651
219 242
204 274
265 792
949 634
861 994
804 547
23 460
829 123
326 620
693 486
584 91
447 515
942 933
540 949
904 250
134 583
465 477
835 648
912 281
890 162
701 997
368 539
25 692
977 596
547 955
642 711
876 524
869 666
732 188
282 865
499 139
160 782
460 783
51 136
788 601
206 819
789 247
933 9
339 683
739 411
536 880
655 247
720 770
448 223
988 761
488 973
814 475
871 298
262 802
246 611
336 3
240 907
916 430
817 832
933 152
515 897
634 736
731 403
436 253
199 509
94 607
166 742
795 562
577 282
993 610
680 234
509 121
341 701
398 671
557 140
739 412
978 844
376 913
552 434
252 77
621 241
569 447
353 647
722 522
370 371
902 233
762 947
261 40
301 669
201 690
781 827
961 136
11 45
962 231
655 225
206 208
138 36
911 913
45 592
850 864
357 101
277 250
527 531
854 20
892 828
540 424
306 842
762 335
685 104
633 867
229 304
931 681
61 435
893 776
922 239
981 203
285 412
763 44
195 967
741 348
463 219
800 988
810 953
580 501
959 258
171 159
499 755
564 105
846 407
713 395
313 510
206 209
66 391
321 130
307 410
766 961
782 190
192 623
265 819
856 518
640 728
192 260
322 851
461 423
573 734
947 267
36 830
865 972
218 339
692 465
730 870
790 63
989 294
290 758
375 139
665 466
447 546
495 41
60 18
38 252
678 665
389 489
924 334
126 875
342 395
936 360
993 634
991 411
199 240
624 411
101 478
202 323
175 515
77 74
224 450
251 300
136 260
768 236
153 192
620 232
724 686
936 470
448 740
910 256
84 320
795 152
465 252
225 261
652 79
889 693
160 331
776 265
570 200
459 983
854 818
879 960
425 851
590 71
879 5
539 679
230 338
414 58
573 855
462 249
190 580
556 851
54 185
303 887
532 85
872 176
127 594
993 862
673 686
193 781
288 772
986 236
673 722
175 916
621 212
282 671
