6000 1000
444 192
133 367
35 83
368 860
522 668
891 767
263 874
666 415
742 383
188 111
810 836
442 913
951 411
987 782
117 396
132 734
281 75
266 404
293 154
672 51
904 955
808 935
225 970
255 921
350 342
622 405
11 345
560 621
638 716
276 151
286 800
228 861
72 527
726 398
763 649
377 704
358 476
674 675
523 947
219 909
672 701
172 751
591 412
941 865
857 40
282 977
702 937
116 821
100 108
475 34
480 908
411 953
232 940
358 711
641 394
88 466
217 426
940 943
64 221
179 262
822 208
581 685
28 826
308 701
884 562
545 973
157 676
657 633
892 879
732 369
312 323
350 152
277 388
751 1
550 762
747 733
820 594
328 945
792 842
39 804
778 25
69 632
259 44
556 508
736 933
467 508
989 416
755 854
63 318
171 765
976 92
689 500
510 595
76 162
633 218
887 704
131 734
639 55
878 232
948 168
622 527
978 585
848 982
858 275
585 421
606 107
968 211
90 688
795 405
940 139
351 631
204 461
485 892
822 546
258 483
462 824
39 802
136 818
877 876
173 740
844 666
557 805
194 102
40 685
397 163
732 846
126 618
659 781
12 798
519 141
542 470
827 686
323 695
619 212
255 401
386 290
561 53
512 585
505 156
646 342
788 549
424 419
75 235
328 172
485 72
336 565
50 303
952 694
452 844
492 187
554 143
155 942
636 268
591 48
130 295
12 37
703 502
600 761
343 167
50 811
323 883
331 997
713 167
800 767
696 255
601 81
256 165
757 512
38 196
386 889
102 837
259 914
648 433
940 332
372 329
608 948
505 88
516 878
154 69
711 826
898 246
198 878
259 638
139 405
104 394
435 783
213 672
772 671
490 302
632 758
316 615
993 534
318 673
266 309
340 164
134 645
570 475
840 73
589 673
964 659
326 146
794 45
578 47
409 412
620 776
394 307
701 516
87 271
167 914
443 27
649 162
788 158
627 561
69 408
438 90
343 840
70 589
298 312
929 369
670 224
555 944
949 624
579 828
995 979
92 254
502 916
197 199
448 325
320 329
283 400
141 965
122 69
778 965
67 491
874 547
957 458
603 85
545 246
134 282
864 816
969 397
780 862
131 535
678 637
574 605
731 251
416 868
925 974
206 319
711 829
480 383
242 415
476 930
10 327
57 587
454 902
199 327
483 600
137 667
799 128
373 422
381 136
789 404
75 196
346 151
74 171
927 38
31 124
971 667
310 226
6 655
310 191
11 425
653 838
219 748
978 119
718 220
187 172
693 192
210 727
804 747
794 584
72 354
815 774
356 950
926 836
354 943
304 66
150 457
543 995
323 108
594 829
98 74
825 39
824 179
784 426
918 553
707 8
386 758
101 582
302 818
692 28
239 693
898 795
651 834
77 888
658 445
230 490
621 438
561 848
377 779
329 324
11 64
51 887
887 851
730 73
882 460
299 586
593 680
52 372
836 254
602 159
453 499
285 57
640 742
392 25
426 242
51 851
664 396
451 876
494 46
810 448
865 929
111 798
254 660
367 606
548 122
217 21
2 787
671 75
368 972
740 268
647 500
380 577
470 703
757 321
935 200
429 304
940 189
712 895
598 102
630 968
626 667
143 883
26 908
736 800
34 510
565 150
126 626
383 885
129 665
909 753
991 117
433 10
133 842
879 440
510 609
642 660
779 188
745 861
876 353
753 270
424 902
389 50
836 658
92 616
488 116
431 184
706 768
902 914
577 326
102 815
197 988
150 219
810 795
378 278
866 526
800 275
65 480
829 471
203 434
366 604
771 506
869 431
560 542
584 489
894 700
635 184
623 205
280 859
102 54
970 469
112 171
749 809
695 517
120 875
515 163
147 682
250 976
679 135
280 581
610 262
581 424
102 929
826 47
564 193
169 675
350 674
410 615
59 546
179 310
162 689
8 56
559 840
786 927
313 726
340 571
662 888
415 584
299 85
497 873
282 844
811 352
353 301
606 836
808 285
916 495
885 908
803 584
249 724
502 616
858 17
777 957
768 757
78 994
749 730
639 266
215 719
909 246
622 430
804 565
938 153
494 602
687 351
537 232
486 977
504 936
660 922
451 980
495 332
167 988
452 104
555 501
275 724
559 40
484 286
911 130
720 478
334 425
589 882
514 375
754 727
92 548
496 620
215 756
79 357
140 418
929 71
312 371
695 663
851 1
190 296
554 633
605 102
339 296
738 661
521 893
29 135
997 123
379 909
994 432
997 214
340 301
227 285
753 957
334 98
983 181
889 220
713 225
923 925
540 160
179 364
292 608
454 517
909 85
686 245
342 941
949 354
388 239
353 997
724 189
851 825
365 53
789 72
147 336
62 396
565 756
464 664
868 62
625 678
337 73
283 449
948 682
497 860
570 640
121 795
693 716
626 126
550 552
459 184
783 514
806 925
205 425
486 92
918 154
766 216
595 905
105 517
455 623
953 268
496 244
859 885
536 546
941 153
299 773
740 983
224 495
868 479
141 908
482 789
143 447
11 435
618 693
403 49
364 914
972 269
702 291
292 996
679 866
310 49
847 816
61 23
279 962
23 587
351 609
995 737
161 346
494 484
165 528
919 748
964 950
853 775
896 257
122 82
649 175
953 821
502 108
796 149
359 915
324 182
852 379
254 40
490 267
571 217
166 678
27 373
523 140
370 476
742 608
287 815
531 931
732 92
276 142
493 265
363 533
503 369
952 368
633 462
671 993
820 333
377 370
680 349
109 199
225 140
735 295
685 741
557 655
843 129
702 572
638 338
747 79
184 118
98 878
222 821
63 474
94 158
991 653
722 377
440 212
460 732
336 47
28 917
308 53
462 169
947 767
956 419
324 301
712 201
216 431
394 419
795 61
107 75
147 726
494 885
675 219
961 674
937 29
948 162
210 349
439 776
18 926
546 359
222 555
294 157
273 455
113 26
827 623
499 596
200 865
228 53
522 585
196 392
778 953
503 426
287 872
638 481
217 710
105 624
886 981
985 279
362 402
577 785
427 267
789 882
729 741
365 163
300 553
330 905
711 401
226 132
89 795
866 436
695 278
961 719
887 642
210 325
768 883
509 561
200 804
736 715
20 535
569 478
888 545
143 959
827 855
942 373
586 824
420 713
194 440
112 255
343 260
683 742
670 474
397 420
473 555
115 646
980 556
243 339
179 40
663 869
480 100
760 34
806 492
692 422
567 371
97 655
137 500
406 978
962 127
853 661
544 850
492 551
650 924
368 867
276 181
723 699
631 884
556 947
848 121
394 51
246 867
466 450
925 156
350 725
79 159
510 308
173 531
213 466
953 817
805 50
118 47
81 573
904 308
608 814
459 880
729 709
806 593
545 549
309 917
489 364
975 945
664 712
581 536
760 35
328 136
92 30
227 208
384 977
520 689
691 46
197 573
372 617
245 147
158 768
336 409
579 763
199 994
92 799
761 556
604 850
596 606
289 766
543 151
72 353
613 956
220 226
347 56
293 139
777 111
959 598
782 477
461 639
249 18
490 440
672 255
592 41
87 645
200 283
61 199
249 808
200 726
905 140
951 750
927 346
773 803
344 529
988 380
600 261
378 929
976 281
530 567
469 764
217 529
826 922
923 959
855 50
333 368
531 321
816 630
62 888
153 111
712 620
789 903
333 706
625 129
89 680
861 291
449 990
727 648
300 516
776 626
838 584
860 575
860 384
246 797
562 267
708 434
70 266
966 908
561 229
602 273
716 113
748 790
28 544
322 509
339 201
598 350
812 753
21 756
458 318
870 846
395 947
442 692
964 542
661 634
265 891
733 903
973 522
62 275
593 557
725 806
640 882
155 392
958 569
335 573
306 400
94 251
12 635
610 848
235 124
892 133
307 199
662 395
988 426
930 351
372 1
761 271
565 509
343 298
424 126
378 900
997 469
35 475
773 435
640 620
578 966
491 31
312 154
74 513
852 157
653 929
605 146
37 618
543 885
645 263
21 405
357 800
40 592
508 384
782 49
164 854
463 91
21 276
195 163
640 558
368 417
612 385
74 243
884 218
186 480
591 317
897 709
376 457
230 769
352 816
82 117
975 144
787 834
560 164
688 99
948 263
117 306
293 967
735 740
817 169
623 356
687 824
183 852
494 644
556 114
569 369
497 745
909 37
732 60
234 64
391 686
531 500
135 632
688 589
854 639
831 475
132 913
5 246
675 789
231 263
321 104
414 892
401 247
460 832
446 24
953 773
413 377
683 754
75 686
813 328
697 549
615 175
688 597
604 242
153 564
962 935
312 30
179 733
792 964
259 382
461 627
811 586
885 491
142 600
39 737
434 511
575 612
582 190
896 579
219 772
123 332
582 714
984 83
826 665
903 230
702 316
373 941
847 299
909 75
926 594
141 518
710 576
314 880
401 404
962 608
800 525
935 253
112 703
856 15
178 686
373 112
177 713
933 63
619 549
68 496
988 458
681 368
486 830
98 944
749 219
394 616
461 571
787 1
694 979
437 538
411 926
188 147
507 456
134 984
439 594
254 835
765 282
71 349
77 916
696 376
949 689
571 796
990 702
278 884
395 875
907 781
962 308
568 787
82 272
208 808
905 877
727 255
613 390
397 683
117 954
253 991
204 153
124 786
33 36
898 859
225 900
15 804
158 705
660 652
154 175
527 80
740 74
360 505
136 832
547 385
435 7
9 886
994 354
754 195
872 10
927 917
907 507
118 663
644 733
724 555
327 99
491 231
265 121
93 728
765 172
223 702
617 501
574 395
311 880
717 801
450 578
217 938
925 643
539 345
155 81
440 45
199 191
745 237
317 431
132 207
779 472
160 57
550 326
489 520
261 190
12 736
630 515
89 736
684 857
177 617
98 370
853 213
697 108
200 261
2 195
785 919
143 226
559 572
799 727
424 617
676 313
812 383
841 62
754 209
263 582
309 862
51 379
504 63
899 874
806 387
338 114
823 24
642 394
410 700
46 677
367 749
586 400
946 999
253 214
431 398
102 236
662 614
77 709
914 318
495 204
364 279
660 790
295 848
758 819
385 165
804 717
895 610
309 96
750 512
261 42
91 5
607 275
474 70
318 302
972 817
744 615
486 412
808 828
774 657
879 210
983 719
569 979
544 61
999 548
138 243
32 356
322 328
113 990
108 232
829 65
350 547
77 976
390 385
24 554
88 588
455 74
948 622
470 416
242 857
890 728
120 312
605 455
342 288
191 417
548 504
328 255
825 549
200 302
903 282
91 281
767 669
431 330
506 880
29 482
306 600
17 779
47 358
134 250
970 225
277 644
471 550
266 881
71 769
150 594
925 910
385 450
726 985
463 863
421 863
564 102
385 246
875 612
36 715
241 278
212 178
51 474
793 140
561 416
355 621
558 349
486 64
817 385
782 550
516 904
419 715
639 302
56 739
843 655
457 679
40 33
615 38
207 774
96 355
98 548
265 781
343 279
516 427
314 183
559 817
589 640
419 386
968 720
177 164
544 61
739 531
833 740
525 440
886 404
929 278
68 38
173 126
863 494
817 305
430 131
168 329
378 339
312 834
37 286
337 753
375 615
19 379
62 767
203 893
257 791
846 312
522 791
902 574
173 818
958 230
264 913
536 750
282 778
880 12
770 98
895 195
953 433
807 541
543 245
917 616
359 705
401 628
157 831
177 536
773 351
214 917
247 705
812 783
402 170
242 982
326 364
28 435
257 699
385 186
529 548
654 866
897 988
320 684
553 774
350 26
927 405
916 154
653 583
93 457
379 530
826 767
74 222
333 257
341 651
805 847
469 391
310 589
146 786
47 276
880 939
383 187
776 694
776 418
400 486
301 318
140 247
776 41
904 462
554 873
115 52
80 856
550 540
430 291
218 613
303 947
916 744
934 388
558 534
61 6
305 888
506 554
543 411
264 560
639 318
933 500
785 968
398 593
394 976
286 872
497 844
767 518
566 293
224 529
258 799
646 308
162 636
829 235
380 108
835 695
994 529
717 90
457 654
128 731
396 133
351 409
11 740
62 312
363 645
235 367
411 895
683 52
362 904
708 347
265 820
995 382
212 508
438 187
920 185
454 865
386 822
982 573
312 910
453 704
928 47
226 396
660 727
43 526
75 378
395 261
49 548
263 47
304 42
325 499
177 441
727 250
81 939
751 307
449 128
778 262
739 767
484 173
686 578
504 714
951 738
69 989
264 953
957 415
949 243
486 5
184 48
693 432
480 995
495 905
106 244
368 899
908 771
646 402
856 706
939 129
816 397
489 13
567 110
896 536
326 745
68 212
395 828
195 942
174 2
800 3
76 800
341 408
747 713
739 708
765 283
384 296
561 934
560 450
354 260
455 704
248 798
703 330
684 62
139 571
6 289
439 134
14 997
628 746
760 838
884 626
201 855
959 30
186 684
656 274
202 173
133 457
559 496
153 263
409 470
495 734
150 743
614 663
736 34
759 628
670 105
948 392
396 213
279 157
662 875
73 860
669 165
842 759
872 294
88 670
109 498
500 352
253 21
674 482
66 854
231 191
293 881
638 708
590 643
357 989
965 502
585 684
488 781
790 469
264 487
941 962
236 783
991 659
224 593
34 497
425 446
313 707
495 761
721 676
88 318
443 495
816 506
895 294
358 937
868 680
636 941
136 37
835 151
897 30
861 643
51 563
838 741
572 963
954 899
586 916
896 692
250 871
551 482
451 316
925 407
892 658
54 139
958 465
188 78
447 257
756 316
594 672
955 424
771 284
404 26
276 835
634 670
257 400
148 705
664 31
720 666
988 463
344 408
624 85
343 430
644 585
183 439
922 361
470 881
827 437
293 989
999 592
746 88
325 721
885 557
619 686
989 63
148 66
271 871
178 455
803 66
647 975
323 862
838 234
5 507
592 566
441 937
775 59
248 263
122 418
828 252
83 679
890 212
128 619
981 535
245 878
52 310
604 711
892 638
625 515
83 867
966 187
112 593
603 954
759 840
27 460
470 17
955 620
137 696
747 89
950 241
277 796
621 24
297 145
776 736
70 799
366 575
637 999
850 444
134 296
405 837
475 433
100 184
741 51
120 736
831 214
932 488
82 11
120 114
917 662
477 270
877 499
549 319
224 408
839 104
588 560
368 968
117 460
739 947
582 325
265 331
201 54
843 356
610 129
872 283
920 55
240 404
671 77
535 675
732 639
873 377
369 535
632 835
620 329
713 915
983 485
793 597
934 332
504 267
84 290
517 477
917 244
167 206
74 690
579 430
936 845
401 597
68 714
522 959
781 727
118 680
979 425
724 42
34 910
614 93
553 96
864 478
235 358
416 742
958 378
48 827
969 726
768 209
572 877
817 713
768 728
583 285
512 800
277 525
380 779
250 442
619 702
352 639
158 166
766 885
724 920
669 217
454 505
575 670
928 612
448 665
624 350
119 106
66 833
914 437
814 671
552 178
402 658
109 334
804 730
91 402
550 641
635 292
163 625
84 995
708 720
662 174
736 870
661 64
118 931
105 679
285 335
690 249
555 214
740 377
993 658
179 683
483 611
263 62
839 744
184 119
149 808
997 922
751 421
709 177
162 692
85 324
523 498
177 195
407 259
669 574
364 672
604 223
685 168
114 224
224 984
774 331
354 908
354 550
98 913
800 656
409 132
772 565
406 138
20 135
343 160
17 868
618 545
410 974
394 423
538 593
595 160
802 427
185 656
622 782
619 250
976 757
472 281
218 481
413 961
702 466
913 992
232 504
814 128
795 953
134 592
476 141
42 489
465 755
334 371
473 379
897 46
334 411
908 124
960 307
55 488
116 855
19 867
960 487
906 675
904 285
901 441
567 573
351 276
717 658
34 803
360 473
578 980
869 318
710 194
276 236
249 757
630 493
476 162
423 754
558 336
668 738
849 438
753 183
73 155
547 445
48 945
596 350
920 108
90 936
49 593
861 561
215 326
894 170
508 960
34 475
298 381
227 397
880 276
445 479
595 878
944 435
606 798
602 794
383 25
87 965
799 307
961 475
80 368
952 191
807 73
20 144
894 190
716 441
196 589
848 807
541 949
855 171
582 350
796 925
304 131
407 645
488 342
314 707
371 92
984 952
63 15
876 740
300 826
573 42
598 410
909 872
418 628
69 6
213 969
260 586
526 827
61 553
441 212
789 630
953 64
496 531
237 141
824 942
993 914
153 619
253 429
57 446
516 751
86 641
316 894
940 119
542 742
141 149
476 729
837 161
778 434
779 142
267 568
564 26
384 959
614 854
608 531
504 757
338 840
362 630
841 333
371 518
107 319
520 684
757 780
739 113
910 137
935 225
138 350
989 994
783 242
310 5
657 371
308 776
614 441
394 529
70 454
607 175
155 796
515 351
490 587
793 569
965 660
85 402
389 972
352 944
31 955
506 146
903 653
183 988
848 159
968 404
605 599
478 100
769 299
799 800
644 576
663 882
11 134
490 60
523 48
28 310
390 746
955 889
290 581
172 905
739 599
711 701
210 807
510 603
865 892
906 132
5 501
780 514
330 43
407 563
213 714
619 166
694 859
953 41
764 864
12 281
350 474
488 551
933 262
92 766
296 814
261 762
577 402
301 702
635 591
463 930
124 715
824 541
235 819
277 634
273 328
459 882
586 855
197 42
752 290
122 322
101 125
925 537
150 315
855 488
106 339
517 461
110 844
248 12
731 393
869 148
889 252
83 55
761 709
911 929
687 252
228 923
132 95
817 79
533 94
248 898
800 601
166 183
678 675
920 50
808 332
850 379
312 214
955 105
144 610
389 2
637 782
551 944
73 877
124 647
55 318
832 993
913 607
984 673
184 892
69 378
290 683
185 905
365 168
256 199
947 448
312 96
662 607
363 539
593 420
280 125
215 864
451 607
533 392
454 373
682 920
400 208
529 27
157 198
507 982
982 973
589 696
20 599
358 745
530 85
821 253
927 894
139 132
123 654
233 939
613 559
739 363
11 945
550 331
840 855
78 990
590 46
542 298
779 63
826 976
943 993
332 371
754 516
80 786
995 506
96 835
395 630
334 758
459 243
152 619
154 260
493 380
718 618
349 51
518 943
515 536
991 334
914 843
740 218
449 639
814 363
631 879
560 648
610 808
539 674
62 924
869 230
24 388
143 870
454 586
18 19
891 889
423 633
950 90
287 271
956 215
339 98
5 157
292 845
454 215
208 70
377 651
191 630
497 317
962 960
166 244
123 348
716 982
529 692
879 417
972 757
593 983
173 55
593 963
613 374
311 479
464 933
73 197
288 736
933 674
550 145
900 819
7 496
199 354
651 260
27 176
392 60
582 606
924 202
488 648
11 140
658 36
662 915
985 671
597 568
613 139
402 559
388 941
170 889
76 329
755 209
214 907
208 165
313 334
112 853
343 672
315 204
570 209
757 325
280 810
543 222
315 341
237 694
840 575
791 605
600 599
739 915
592 799
9 816
926 644
801 381
389 910
342 326
14 753
43 133
609 734
664 190
842 91
72 881
334 45
804 256
485 697
415 369
727 103
174 990
210 522
777 425
16 422
954 505
731 981
312 354
193 267
141 154
810 238
831 976
840 288
210 859
325 682
969 606
530 693
358 628
969 357
143 773
339 312
27 122
832 451
496 274
95 234
847 589
253 131
711 227
207 932
265 121
263 354
242 801
948 299
221 186
841 980
945 189
390 451
99 315
429 328
279 454
809 689
254 370
413 374
561 418
885 716
514 7
501 781
498 749
535 893
398 957
356 213
260 188
333 573
723 776
936 353
43 3
163 305
923 14
293 768
692 892
879 519
731 633
806 978
879 104
809 883
99 851
818 89
979 989
896 209
723 495
377 730
379 729
125 368
792 352
236 162
301 689
385 219
87 757
701 634
40 297
15 719
907 621
356 696
696 379
502 702
969 103
990 190
516 477
85 823
449 547
327 989
857 610
401 809
2 164
259 11
787 107
971 968
100 973
252 296
8 647
59 302
517 553
908 565
616 910
203 379
822 636
913 361
46 598
461 31
284 434
692 488
83 77
64 965
360 920
376 119
650 535
690 171
255 89
245 844
173 456
239 83
926 63
836 994
790 669
54 805
294 41
879 206
788 4
116 227
370 519
8 441
169 364
732 909
74 657
915 317
658 982
93 431
769 265
197 140
831 650
490 927
299 387
673 177
30 814
121 366
916 598
278 352
584 435
779 348
918 162
848 165
689 75
990 714
35 419
422 240
898 304
704 409
700 460
754 147
210 892
331 952
689 797
153 372
864 299
520 325
766 766
179 477
69 445
357 322
897 600
704 852
306 706
760 606
807 911
40 449
640 507
156 675
726 233
797 259
32 379
525 689
553 411
360 71
946 420
402 297
978 550
393 895
273 902
593 979
546 594
175 665
56 717
149 908
678 665
902 900
752 104
290 111
862 270
221 683
349 864
487 818
555 450
646 576
104 728
34 312
989 800
822 282
306 752
395 483
880 740
135 829
99 846
759 175
711 174
895 326
867 385
288 438
583 356
597 324
627 5
593 563
519 801
776 644
86 354
272 901
927 355
774 176
598 154
324 154
465 246
951 513
789 825
696 774
907 916
557 748
181 721
870 88
529 254
719 165
446 567
511 568
965 445
536 823
754 919
879 810
535 238
19 978
919 735
225 141
137 114
546 940
53 5
231 935
483 69
876 943
313 295
733 203
713 204
325 775
271 990
989 213
791 831
921 507
636 582
790 926
513 243
797 221
896 814
647 891
679 884
919 925
756 323
764 599
683 521
730 484
190 811
515 107
613 931
428 197
584 922
921 386
898 548
756 167
977 357
264 626
492 777
987 244
716 720
62 253
523 501
419 608
72 560
134 739
594 347
131 706
421 886
491 632
787 866
200 289
578 28
620 166
415 456
362 399
276 880
342 671
591 171
528 65
199 990
410 245
59 656
952 651
517 869
904 227
893 210
794 968
586 789
71 281
742 516
905 269
303 27
722 668
831 846
912 767
596 460
35 323
764 89
512 331
300 207
49 751
808 566
588 408
635 152
392 990
65 157
636 481
780 586
66 17
688 942
401 888
222 516
547 95
620 92
653 481
565 392
220 835
775 185
372 175
20 555
431 468
633 95
618 953
362 585
475 688
36 511
393 14
293 998
581 165
943 668
463 69
685 725
539 137
598 122
947 302
533 771
561 788
141 931
202 401
764 384
183 508
764 303
322 224
2 503
632 398
493 916
959 461
105 293
834 350
337 58
142 333
582 480
100 593
546 685
370 348
858 538
971 322
776 509
739 938
678 495
73 669
414 502
118 979
424 913
512 256
901 77
187 281
429 611
414 432
64 117
600 806
244 669
290 345
520 806
446 190
46 73
49 280
372 292
461 475
115 446
812 127
95 19
34 855
349 912
660 589
444 445
53 237
514 22
552 656
946 177
655 493
957 769
822 406
945 489
941 424
743 6
250 142
683 167
729 724
25 773
505 404
804 426
854 458
212 32
537 694
502 154
955 197
163 97
673 512
17 566
619 737
29 329
145 914
532 850
100 835
874 419
548 10
403 146
279 835
659 20
835 61
89 807
565 352
486 238
399 271
875 890
775 863
59 989
32 301
763 507
338 504
306 520
561 318
324 908
264 610
311 798
743 19
281 838
927 136
107 71
526 483
367 492
337 137
403 113
579 141
44 779
535 518
694 602
668 337
866 718
731 325
663 488
207 138
888 739
455 287
497 408
448 998
596 518
534 210
908 6
557 665
668 149
980 462
584 942
992 82
16 739
463 526
386 609
381 585
46 445
306 269
262 943
798 76
736 815
91 547
525 134
681 683
68 101
752 577
833 427
550 188
305 209
363 370
56 216
74 501
212 862
795 350
852 914
347 885
250 566
677 150
653 188
991 537
446 470
568 138
575 676
209 264
865 86
137 423
180 550
534 549
426 897
365 993
623 155
344 116
955 785
302 165
538 432
240 361
79 851
173 754
999 844
937 602
991 206
924 443
761 478
426 843
997 834
851 107
904 101
840 138
211 346
65 589
934 279
344 206
661 868
777 30
656 744
833 381
802 803
300 835
852 607
635 818
733 200
265 797
770 151
741 94
682 332
713 923
483 176
419 115
827 281
982 184
586 95
991 979
691 304
535 673
315 383
40 358
648 789
653 108
228 172
890 861
687 906
739 532
531 604
692 188
670 33
514 350
872 582
850 918
212 801
638 885
7 824
502 597
417 32
897 150
115 519
623 744
710 695
219 344
567 309
689 418
653 421
63 651
122 950
824 832
906 379
702 747
310 861
47 21
593 401
134 18
978 990
137 295
625 211
393 647
7 874
766 499
538 257
870 829
849 541
703 682
82 224
5 561
523 581
370 684
806 921
682 402
349 641
316 70
937 639
474 904
613 823
816 372
52 521
198 358
146 278
576 281
394 510
272 120
802 407
111 516
557 468
98 8
317 400
303 770
622 194
919 305
676 261
661 367
463 561
183 33
404 241
720 301
246 219
711 969
145 346
593 590
30 505
597 284
151 753
577 153
260 509
175 376
170 799
926 640
211 894
90 325
162 444
211 887
785 561
363 779
440 327
440 457
403 538
478 962
738 328
424 160
772 737
673 578
552 485
517 424
452 691
208 712
360 727
500 97
371 111
740 47
828 287
429 880
608 570
447 728
733 78
886 547
878 56
907 742
663 472
161 460
202 576
996 730
663 865
827 971
445 891
738 492
386 73
438 800
815 426
235 750
873 850
375 470
224 862
930 700
383 742
795 740
167 447
885 927
618 739
806 328
964 100
441 217
550 207
830 141
381 444
594 165
354 5
741 409
538 665
352 50
896 945
956 656
474 875
255 969
589 870
972 986
221 77
376 826
187 813
80 508
607 603
128 662
744 26
837 636
491 166
582 267
157 170
441 251
526 447
973 508
8 429
574 767
233 22
836 573
738 378
946 864
72 330
360 585
425 850
253 774
805 289
425 94
270 770
764 240
85 725
197 760
623 742
318 131
863 700
729 35
497 931
122 556
855 770
762 671
943 237
945 515
989 525
428 794
662 988
168 30
458 114
796 855
681 379
324 791
597 145
126 872
183 860
949 598
993 927
382 784
886 532
834 63
620 176
35 976
520 511
624 792
303 950
901 866
219 353
24 44
216 336
974 187
998 288
834 512
651 965
644 337
762 527
548 713
792 975
974 90
184 471
840 591
63 62
821 687
864 705
175 415
880 163
1 120
805 54
731 323
216 901
642 797
705 340
721 283
597 524
805 95
89 559
725 589
949 341
640 806
245 184
839 650
28 841
233 550
971 601
121 326
300 125
653 530
995 959
498 617
902 124
785 742
477 844
812 302
852 925
565 552
351 950
685 297
116 683
683 105
591 196
710 47
406 81
186 165
431 127
539 898
389 50
219 474
106 784
759 415
248 668
316 132
817 524
33 328
699 635
281 505
72 618
40 316
78 181
732 35
998 653
151 538
263 608
599 32
962 42
458 306
81 920
995 855
875 337
993 3
25 516
972 938
771 251
936 585
237 400
349 829
760 121
110 929
790 6
229 800
450 91
254 992
488 218
718 769
23 945
403 847
390 446
199 358
75 773
835 430
548 95
870 404
802 605
555 858
132 317
779 339
203 98
931 219
707 791
328 49
919 264
366 98
911 50
863 411
460 415
807 256
251 402
166 441
808 107
583 800
555 83
525 506
307 428
492 959
401 49
225 552
962 929
794 739
615 638
374 679
67 764
550 802
379 631
19 327
71 148
299 701
542 459
592 530
945 612
365 268
889 799
289 405
170 927
462 547
820 850
365 559
819 714
379 65
492 780
210 69
628 579
994 36
116 574
753 968
292 54
207 172
257 138
201 703
984 715
132 241
56 983
150 183
572 158
232 963
508 745
612 814
891 803
455 877
639 410
261 310
735 92
610 393
897 625
605 291
276 810
321 266
974 217
475 593
630 271
170 227
707 737
726 681
777 23
93 314
255 456
197 301
335 34
366 502
520 187
8 176
864 252
280 912
741 963
601 924
928 264
5 487
911 76
472 376
23 580
485 703
185 90
706 89
164 903
339 704
311 601
352 110
175 691
247 532
667 685
864 383
931 67
703 482
44 428
497 624
890 832
463 522
309 140
191 922
178 154
239 606
30 360
244 63
14 18
855 210
772 424
650 482
241 777
22 917
422 132
429 114
930 997
688 524
343 418
16 220
996 51
379 795
299 506
781 733
591 566
272 707
39 727
795 15
790 487
370 605
200 306
271 498
557 188
513 663
46 156
78 681
663 550
227 951
155 921
668 167
420 364
605 210
462 538
657 804
939 349
948 357
866 128
765 233
596 833
564 606
903 651
749 552
991 697
73 51
535 771
806 178
190 454
224 945
600 202
182 26
972 700
927 270
723 205
169 525
983 49
372 137
665 235
81 983
962 486
461 609
203 550
334 865
367 158
783 153
15 246
89 823
723 356
660 898
749 444
955 595
387 341
407 477
695 965
464 262
47 431
259 620
497 161
506 623
95 840
742 188
922 290
661 382
264 203
120 711
660 227
363 339
794 233
303 762
641 790
282 786
136 158
464 889
525 575
668 672
792 887
50 259
21 47
54 300
725 600
621 239
688 568
424 262
363 244
748 139
216 265
798 65
569 452
32 375
88 570
580 181
674 786
774 349
581 771
948 346
529 963
248 79
234 945
913 34
571 901
133 944
559 260
154 118
826 874
770 250
629 515
144 446
33 124
48 44
867 887
245 558
128 869
970 541
705 848
648 717
691 830
472 241
843 984
589 318
993 531
927 564
761 28
910 166
278 995
164 279
883 702
20 972
613 539
947 314
159 197
531 453
135 944
760 679
549 880
458 856
264 16
486 656
826 873
450 38
365 13
534 656
782 191
973 471
478 18
911 991
894 298
851 519
262 35
195 693
981 769
886 475
157 44
418 54
9 507
150 572
16 691
491 663
201 86
99 467
709 935
440 947
901 275
530 859
39 319
601 274
313 962
706 515
211 5
569 880
367 58
550 286
237 248
444 939
815 190
121 619
828 357
972 83
572 717
805 676
124 222
223 468
838 973
130 224
951 855
102 607
987 768
508 637
522 121
607 521
957 664
310 680
684 859
401 155
774 915
69 881
546 43
171 960
946 37
335 135
320 694
118 332
201 146
472 743
200 755
886 50
886 567
182 818
171 743
896 212
416 584
356 97
254 860
347 14
46 104
730 299
151 298
876 415
777 686
827 369
929 77
401 33
576 520
102 354
524 157
263 683
145 859
676 486
474 187
944 316
535 677
886 792
212 307
691 497
810 519
954 521
759 855
197 873
762 757
505 734
309 36
83 135
530 695
828 216
663 63
186 565
832 872
197 830
534 226
638 698
715 52
854 105
119 280
124 830
774 410
414 216
942 870
248 738
798 196
918 164
72 146
189 889
215 487
576 90
218 822
276 351
533 321
72 439
143 687
662 86
796 764
992 878
377 396
53 102
56 696
496 149
381 6
30 564
260 423
807 303
606 918
478 602
229 425
922 898
206 671
658 588
835 639
991 782
120 939
341 512
426 511
146 713
568 27
916 609
207 369
795 923
463 187
410 228
28 893
469 993
934 646
640 622
580 299
288 138
885 667
543 147
851 604
567 306
158 198
573 417
509 425
168 890
810 18
425 75
951 271
214 978
365 468
647 535
372 341
135 88
624 303
872 745
964 592
102 497
370 541
813 848
287 328
559 516
862 990
389 964
794 790
290 721
913 204
251 454
996 251
99 155
800 250
550 269
689 400
765 888
717 191
647 439
743 580
856 791
399 826
481 712
449 130
254 696
741 714
350 997
80 460
233 101
941 264
173 181
270 454
936 931
951 193
480 66
33 296
589 811
169 578
490 346
264 756
520 261
769 887
362 129
917 759
964 245
451 735
366 692
644 939
340 19
125 605
774 749
154 776
943 837
149 521
517 69
813 327
160 967
59 70
68 763
514 782
975 699
689 211
764 314
104 423
614 289
265 986
678 671
294 599
401 12
795 161
942 639
373 816
514 955
513 673
823 241
435 322
640 355
510 711
708 927
704 94
125 700
364 861
680 327
677 478
515 423
773 70
825 675
994 893
987 551
114 13
230 617
67 347
642 640
275 661
101 839
966 262
869 763
315 50
795 413
18 414
273 6
584 804
417 809
654 786
570 535
818 291
993 474
463 359
275 758
476 151
227 319
421 145
586 281
453 511
153 590
618 530
151 469
290 585
338 378
955 150
528 957
227 995
309 338
324 749
428 919
473 254
681 360
919 897
943 74
388 815
333 773
176 870
548 886
540 500
869 813
532 738
982 160
606 598
555 238
905 264
952 585
400 196
854 840
749 256
903 978
319 132
765 286
17 789
733 804
378 52
368 455
357 13
992 192
300 877
231 896
903 38
414 349
401 585
644 505
544 280
772 157
81 676
573 536
340 549
119 38
67 230
471 886
129 907
617 773
921 813
985 707
551 963
789 219
482 148
744 977
975 751
455 681
273 842
926 852
980 441
899 333
947 43
177 969
833 256
483 536
363 215
818 437
256 334
417 190
744 350
674 363
270 864
213 580
974 905
831 182
191 691
721 431
14 509
890 246
831 794
332 28
302 893
320 121
357 656
107 360
881 862
285 87
45 947
831 730
677 28
582 165
455 896
72 998
384 565
800 326
813 801
653 591
772 706
303 81
295 309
799 413
767 359
676 855
953 574
522 640
899 301
278 21
233 110
822 575
92 653
361 443
956 485
771 73
464 728
522 899
928 34
263 365
605 563
17 206
847 924
580 359
822 874
182 436
791 184
123 997
618 171
403 134
547 965
919 419
172 64
90 135
947 597
245 686
359 665
713 729
656 639
964 184
625 623
169 359
90 246
517 567
492 203
892 382
784 663
843 616
864 84
409 458
69 194
844 279
345 276
943 837
658 910
350 416
43 85
282 248
255 88
596 737
617 983
821 86
493 215
563 37
34 271
332 856
289 300
312 474
128 581
14 826
525 136
792 291
105 10
337 388
978 53
370 89
115 324
815 17
748 120
150 151
304 219
215 735
721 799
653 435
104 660
292 887
352 381
465 673
639 830
227 111
519 261
622 147
926 121
42 893
458 733
31 697
553 136
600 577
21 762
802 79
517 915
183 366
780 131
710 274
271 543
818 641
475 259
303 369
732 204
278 461
63 253
284 138
455 945
967 205
673 407
963 85
970 313
104 983
718 283
448 322
929 308
216 590
267 765
259 646
698 522
838 668
345 773
275 11
252 138
357 106
976 880
606 969
326 216
288 92
883 700
375 948
3 158
541 117
42 822
752 375
836 159
960 176
424 263
295 699
708 510
812 470
106 178
815 650
9 104
991 555
832 5
252 859
548 101
706 154
682 355
529 154
979 807
740 601
777 44
53 150
472 495
867 194
651 883
170 798
514 504
487 484
718 666
258 579
168 830
137 766
442 933
150 574
24 432
5 903
137 506
495 557
443 221
935 53
699 675
688 129
519 930
664 924
690 577
36 702
472 63
46 549
564 59
574 664
538 448
115 114
28 636
481 542
134 304
20 76
446 265
857 598
110 274
823 348
39 807
912 57
468 2
610 995
903 690
442 418
177 572
28 462
655 84
893 17
902 528
14 827
841 18
576 137
850 631
578 984
799 868
200 861
285 119
78 297
547 718
314 376
336 141
807 708
812 962
944 586
577 408
495 709
161 109
899 764
979 468
883 599
963 885
368 414
848 123
488 876
987 835
446 675
554 180
288 443
997 301
722 341
689 4
650 643
630 182
999 502
778 417
604 59
789 840
53 687
691 421
419 123
889 66
528 977
298 689
680 604
355 981
433 216
333 104
104 443
737 283
330 928
116 979
825 610
212 947
413 213
456 472
61 16
404 174
483 542
732 255
861 736
460 12
839 280
343 280
988 447
985 477
982 495
484 427
929 778
87 23
144 470
921 383
508 906
44 484
62 511
466 603
982 749
47 907
623 457
336 191
580 785
834 28
157 896
223 559
30 759
641 531
366 795
239 686
923 714
550 488
86 32
687 779
261 215
943 155
214 280
681 992
540 492
293 696
397 529
762 834
80 377
619 563
549 493
576 292
996 638
38 314
280 335
435 403
415 20
841 57
699 383
960 636
238 859
355 590
185 640
650 466
807 15
82 167
826 76
245 663
62 729
615 40
661 625
770 259
791 888
949 149
525 463
280 487
105 469
341 147
732 733
1 178
458 224
224 220
676 14
326 470
290 70
853 58
50 938
931 100
614 831
328 484
545 605
477 790
757 625
712 959
928 517
118 17
378 623
884 900
378 65
326 189
987 820
487 228
626 701
686 906
796 382
178 294
602 578
637 511
840 165
698 888
829 258
897 767
871 995
803 757
338 703
433 243
351 766
114 69
584 962
71 642
603 910
2 830
543 701
943 386
502 25
537 532
477 643
126 754
78 626
483 564
506 172
762 745
784 328
939 678
306 529
799 866
550 582
813 323
257 602
27 525
663 50
738 22
772 653
968 493
710 197
321 621
943 626
158 364
453 139
594 105
997 376
603 204
917 869
170 55
130 717
678 585
716 953
319 854
677 485
900 327
871 440
125 904
697 313
820 119
147 399
411 977
13 62
631 776
511 197
243 531
70 256
289 902
423 966
768 397
83 473
527 140
752 901
203 993
293 375
72 971
426 451
931 436
363 280
85 664
351 97
574 151
769 561
425 133
154 48
795 625
258 809
893 967
419 626
545 889
288 96
228 682
903 308
892 812
274 871
447 252
440 366
513 805
96 966
339 577
316 168
122 595
671 230
272 382
145 482
809 170
393 227
239 666
847 467
882 714
692 152
787 904
644 155
148 642
454 972
894 993
111 741
342 603
680 957
981 372
224 931
164 102
837 273
534 591
847 481
146 309
840 707
198 800
369 39
6 792
18 617
756 876
25 341
213 795
304 606
863 654
840 708
56 460
831 945
572 572
208 60
714 476
808 213
140 929
803 634
994 525
464 165
415 334
953 509
791 327
422 597
880 573
599 158
247 949
24 408
862 844
102 694
90 883
382 73
479 860
113 210
34 993
451 72
50 798
63 44
55 503
255 329
241 250
960 877
715 452
866 415
538 914
358 896
227 75
686 632
476 287
551 470
67 277
18 434
840 209
96 549
889 398
453 475
822 151
712 874
953 586
537 22
443 744
733 326
533 150
359 695
212 776
623 978
59 280
851 366
500 501
270 936
431 804
586 640
518 377
990 117
651 625
188 736
768 824
773 897
450 668
695 668
963 885
123 346
672 559
883 214
438 92
810 216
892 213
42 794
128 841
755 937
511 602
229 916
469 933
283 893
428 865
400 610
7 316
795 587
115 10
871 782
702 480
895 598
954 496
317 591
768 796
473 740
390 768
629 451
939 678
188 240
801 496
458 528
627 728
26 506
285 273
112 481
781 472
21 816
409 85
149 866
147 260
106 953
433 998
382 514
776 708
151 329
64 868
442 992
664 276
930 724
91 823
954 423
235 302
520 30
603 163
506 122
96 298
160 386
544 769
991 470
923 109
746 627
814 940
769 847
218 859
732 984
193 494
333 959
520 311
590 905
599 540
328 389
624 811
180 56
347 302
796 599
986 356
280 939
70 438
801 398
410 789
184 158
472 495
401 188
73 918
920 106
247 157
580 706
288 602
971 784
180 184
773 104
334 928
928 936
313 880
356 562
693 6
857 515
744 11
972 843
880 592
615 688
961 820
863 947
143 343
649 384
634 100
505 544
872 78
325 394
370 617
321 963
921 901
408 885
456 211
407 498
504 533
559 524
240 103
608 660
626 696
926 399
415 10
339 463
672 737
899 840
314 830
16 976
747 421
989 593
67 467
830 704
111 905
543 968
223 880
320 702
733 752
528 910
667 886
822 99
557 604
714 930
277 349
359 877
443 719
792 771
356 228
629 450
820 104
191 799
972 640
359 527
118 946
482 186
413 256
99 734
656 683
946 25
955 578
980 895
967 311
691 974
605 377
877 662
340 154
70 35
548 151
85 677
218 65
753 413
911 270
294 423
973 477
290 332
392 806
682 261
47 548
19 350
682 926
517 63
615 636
595 611
185 447
665 797
149 431
679 944
21 553
649 780
210 532
703 983
408 411
267 275
802 117
486 418
225 479
756 403
31 838
78 711
286 360
757 152
593 514
225 720
185 790
204 630
545 888
82 11
380 575
363 33
62 496
667 683
658 243
868 904
904 349
422 876
653 730
148 494
482 975
514 791
926 824
897 728
869 276
776 600
519 742
851 722
192 431
940 393
311 539
166 126
465 653
122 351
242 252
877 932
72 792
889 866
638 365
452 140
787 821
22 122
979 231
181 719
119 102
67 640
556 874
218 107
835 314
311 547
753 160
565 521
403 671
264 695
647 940
202 72
929 611
311 925
662 635
22 189
982 388
434 687
72 345
823 958
742 601
443 704
361 990
765 603
998 376
462 411
239 582
236 72
492 589
319 652
450 701
967 20
858 571
194 492
212 314
627 964
270 209
523 820
837 864
331 459
502 541
267 267
225 23
265 348
393 104
447 930
938 442
851 206
788 310
295 533
577 328
455 83
994 487
535 268
790 416
250 27
287 240
329 116
63 15
299 943
151 873
558 279
715 493
202 260
975 797
474 878
750 482
274 281
185 37
195 35
882 115
325 39
857 783
262 294
227 220
117 294
456 43
195 671
434 6
118 26
969 591
482 679
687 702
197 285
446 556
668 499
803 393
603 785
204 979
857 241
242 980
190 347
360 948
373 428
812 319
38 500
5 626
800 390
261 925
974 251
267 386
211 978
506 360
186 23
774 767
77 640
279 770
481 689
105 36
396 71
79 895
558 669
724 342
335 69
536 886
751 271
401 284
958 526
312 504
9 990
204 649
118 233
951 545
205 934
55 455
438 636
154 619
973 682
910 12
54 831
401 85
452 144
263 768
9 920
111 998
302 5
263 612
293 761
839 386
576 908
75 813
860 874
944 471
943 353
200 760
817 76
742 562
893 395
441 513
698 70
733 960
56 108
857 707
457 641
188 381
616 828
423 841
30 33
948 632
353 151
578 507
145 681
384 717
184 161
294 65
474 890
567 598
459 687
78 686
926 70
652 838
438 257
519 580
412 340
581 208
430 464
673 86
293 804
297 910
968 871
609 986
601 321
757 25
80 383
228 105
216 468
650 331
988 469
407 676
445 817
129 296
77 422
805 135
661 979
123 5
183 267
613 918
292 950
306 683
123 236
696 549
773 742
704 899
666 829
711 412
920 191
36 689
901 758
658 338
220 733
168 720
698 415
514 490
575 579
96 629
534 462
14 548
369 18
831 642
135 507
432 95
38 618
860 406
381 772
114 438
980 38
661 198
98 816
510 169
984 61
122 70
506 955
993 359
178 674
40 464
750 653
650 492
190 984
853 998
620 142
244 781
895 319
439 28
53 200
227 919
559 250
78 826
415 856
734 456
799 719
524 423
169 573
10 804
630 703
708 853
589 450
260 385
739 312
976 537
811 741
126 490
419 206
734 479
655 752
625 305
560 757
140 397
705 156
946 269
482 352
844 571
5 332
471 893
354 981
463 580
488 312
229 513
339 783
107 989
219 420
510 436
662 101
516 731
330 769
579 473
429 760
274 20
481 551
641 464
619 982
679 67
656 403
234 341
293 99
585 493
853 582
715 224
16 655
154 541
915 776
579 414
395 411
441 389
974 319
812 436
991 961
677 219
828 483
337 980
674 233
113 541
998 508
649 687
335 14
748 280
3 761
696 836
330 134
800 482
327 816
201 512
689 232
929 251
920 89
143 80
805 390
348 95
715 873
713 7
237 884
256 999
260 800
659 811
347 123
706 887
494 335
590 183
218 556
106 736
540 728
60 471
254 920
503 77
22 729
764 435
252 159
368 369
420 731
943 302
506 833
434 925
485 107
297 507
215 600
174 122
334 966
905 599
80 7
951 514
231 296
848 938
638 456
117 12
634 506
386 981
472 212
54 670
413 811
187 842
390 155
911 689
975 63
829 565
674 902
419 97
192 774
177 212
940 445
646 786
749 673
779 738
878 568
8 615
555 152
388 90
204 863
493 157
55 909
70 359
387 492
867 349
877 966
619 324
242 99
999 990
645 704
679 485
505 180
830 981
434 951
451 167
638 945
612 466
575 678
438 467
472 259
85 799
391 461
875 550
560 504
53 344
161 550
880 694
386 158
961 521
407 534
958 111
333 66
977 314
845 371
935 116
600 525
323 366
501 466
771 70
288 894
229 444
282 851
843 751
590 509
227 914
174 491
394 983
998 85
824 628
417 951
938 994
558 694
372 37
618 230
983 912
146 609
430 15
488 475
778 100
791 146
346 868
13 344
387 608
50 912
145 533
186 890
323 472
853 570
963 354
562 827
46 545
944 318
164 879
338 866
394 145
592 126
100 957
553 981
803 165
295 717
424 849
532 210
631 634
251 927
479 582
143 343
290 871
658 409
478 792
674 377
759 187
970 868
660 161
520 800
226 531
938 126
1 333
984 376
159 294
314 408
280 822
713 867
963 479
81 116
30 191
904 243
223 903
835 270
680 954
2 100
871 730
903 189
304 491
419 256
273 881
731 590
562 776
70 664
682 623
193 780
731 499
998 885
922 915
969 770
67 889
581 128
127 824
749 877
952 457
633 949
306 272
325 744
996 886
934 850
971 952
240 857
263 231
210 754
26 869
875 869
524 593
963 641
190 361
980 867
604 683
559 879
377 199
839 624
246 682
304 336
989 144
642 970
460 600
320 482
928 171
17 113
170 834
169 877
388 134
843 936
899 493
424 616
631 683
800 861
370 27
976 499
634 938
707 583
142 387
512 279
155 363
300 396
480 785
993 71
652 886
16 966
675 40
535 816
549 600
368 905
190 930
737 751
248 317
569 52
423 709
155 934
996 2
491 658
816 500
741 693
105 98
156 818
333 350
121 421
744 743
484 260
865 599
386 841
3 43
545 976
585 501
905 830
959 206
289 222
978 119
841 284
327 994
703 140
496 271
570 601
629 91
247 919
537 840
667 178
689 32
224 767
286 824
131 601
319 571
301 790
652 761
82 287
139 878
689 871
988 506
433 813
880 212
701 578
79 813
947 394
960 154
703 131
943 342
271 57
567 292
600 941
52 295
642 496
508 265
671 13
290 987
657 407
75 249
529 656
570 826
817 962
504 497
685 32
655 129
973 7
116 623
268 896
695 881
364 277
600 913
968 193
662 66
148 489
190 78
211 158
527 331
306 306
36 395
943 605
276 551
85 253
430 184
21 661
628 593
688 55
208 549
83 808
350 517
248 19
422 626
555 547
148 937
5 649
175 467
999 850
784 27
527 603
486 369
285 439
167 653
699 783
898 732
285 364
463 10
306 17
251 828
904 17
279 716
48 104
585 29
997 37
722 39
266 358
318 826
674 828
877 576
119 745
903 785
474 378
483 538
73 742
446 124
178 385
564 295
317 333
851 239
569 238
842 1
384 568
793 463
389 946
502 512
691 410
434 962
749 946
959 145
843 557
77 547
299 226
151 453
215 375
182 518
957 538
904 175
506 961
96 214
284 179
361 735
476 764
969 761
976 129
917 645
49 585
718 447
846 789
491 576
938 13
29 241
572 427
690 278
803 127
502 776
644 189
174 713
288 881
330 585
269 698
960 804
760 184
976 269
148 178
682 531
656 244
669 48
330 696
258 33
728 750
660 275
610 408
848 395
561 887
215 59
309 371
651 873
229 54
905 915
450 771
68 11
286 922
650 137
594 893
873 120
534 466
13 792
921 270
92 64
303 718
773 898
953 506
517 385
359 805
425 910
514 629
110 932
602 517
328 724
411 505
941 176
266 616
243 108
903 13
898 651
896 336
345 41
88 568
251 804
864 665
291 687
668 783
191 675
829 27
988 399
86 81
450 689
175 357
209 608
23 751
410 74
519 611
903 266
875 699
811 750
253 287
455 368
220 342
20 627
318 172
231 706
823 457
528 311
488 165
402 35
489 880
297 250
923 376
193 277
950 602
457 102
167 238
347 738
237 598
581 600
83 909
980 387
894 315
891 698
12 284
74 174
255 80
471 769
908 727
735 1
53 841
915 225
749 996
663 777
791 633
21 215
572 271
482 477
639 556
482 793
130 840
862 570
341 129
457 229
711 925
867 713
929 728
51 248
345 702
667 796
303 668
54 40
105 800
117 374
741 401
257 318
748 920
913 918
227 456
26 902
430 861
42 464
448 900
783 669
890 843
448 787
648 764
423 885
101 38
488 537
561 260
765 524
694 339
499 602
363 898
867 241
994 856
667 102
314 622
309 549
834 690
746 107
931 612
241 351
171 290
423 645
315 437
104 962
190 362
167 454
509 324
682 752
288 531
625 179
963 876
417 233
241 443
424 954
512 639
716 113
76 529
827 190
640 913
39 91
822 795
751 591
256 712
195 731
758 772
832 912
150 581
97 941
764 583
627 553
606 303
305 290
530 677
554 151
949 278
420 456
392 459
249 745
594 9
262 804
562 376
134 793
341 287
574 53
425 704
592 509
685 200
974 588
803 734
194 976
849 200
236 365
319 182
244 586
882 699
383 134
445 667
308 777
444 428
587 15
131 363
740 314
541 764
324 316
753 953
355 22
491 227
522 739
21 924
556 692
529 283
178 778
118 391
480 607
926 77
666 99
371 945
845 230
346 743
957 647
665 949
839 833
193 149
675 559
38 616
531 301
259 458
894 854
511 789
932 414
466 162
769 32
664 676
930 910
233 314
528 337
554 526
757 48
212 302
709 270
715 975
34 766
863 80
852 138
61 827
802 98
4 181
913 646
203 158
924 765
906 941
981 776
886 718
602 846
877 78
197 844
42 502
236 525
860 882
643 48
802 907
412 244
542 295
322 202
401 465
917 922
22 168
423 806
593 198
461 166
530 440
984 944
327 30
56 899
359 999
383 871
447 532
619 963
106 943
428 438
699 861
286 114
539 941
329 570
26 752
292 6
363 856
180 800
750 692
643 68
207 489
701 348
157 785
317 116
130 91
689 247
269 126
287 886
439 344
986 992
530 215
499 927
661 891
302 738
326 352
593 512
216 205
269 383
714 54
499 811
806 80
659 320
556 533
77 501
691 171
57 417
150 936
46 916
847 618
78 556
633 776
133 284
442 439
234 966
496 844
192 265
260 66
843 616
35 990
476 985
547 676
193 161
209 536
531 66
722 586
94 985
708 789
81 685
567 915
989 514
804 404
624 793
598 480
562 201
447 828
516 471
724 866
222 29
756 463
380 484
542 754
129 815
714 166
549 144
239 587
742 2
80 654
44 750
880 284
725 954
512 948
25 510
624 421
140 828
850 45
599 720
109 246
376 105
359 973
74 350
825 187
192 997
969 647
557 166
44 305
428 588
913 815
774 542
952 68
673 574
343 512
382 492
404 428
243 159
108 650
940 954
877 899
148 901
164 210
773 197
363 124
782 57
350 670
197 414
539 728
679 413
128 713
184 333
475 468
527 600
206 548
474 64
526 166
660 546
214 686
889 756
337 189
345 347
607 258
3 797
206 585
261 139
250 583
64 332
611 730
163 624
740 942
395 629
951 593
767 559
571 591
906 654
869 148
192 774
533 193
203 143
324 839
781 75
728 952
802 870
160 106
199 327
386 834
204 87
564 900
315 313
399 741
252 586
654 232
739 512
474 695
67 331
487 821
644 373
215 897
964 36
990 829
390 306
220 695
52 55
416 860
978 933
70 600
192 862
627 356
725 633
889 453
342 186
262 273
830 374
29 68
486 909
787 126
941 132
801 872
536 962
358 3
951 231
485 136
52 797
505 229
665 105
652 987
113 300
521 236
176 842
54 19
578 807
614 200
461 139
457 760
788 152
960 725
159 764
547 185
700 849
198 922
60 59
47 422
798 471
139 775
346 257
71 743
448 898
531 952
435 76
91 39
205 804
822 88
493 238
471 926
217 781
427 987
444 354
174 691
168 334
298 446
923 997
955 33
552 791
138 258
54 370
319 615
533 449
986 117
186 170
39 614
436 661
547 273
772 742
709 34
395 987
233 360
406 545
651 673
804 215
366 521
739 4
820 386
762 928
261 724
90 268
210 378
948 118
316 795
930 17
852 970
963 366
417 618
253 634
74 92
544 96
360 867
280 63
886 617
100 144
919 90
270 760
806 379
272 795
623 233
361 907
306 260
151 908
25 335
521 861
535 77
499 907
464 235
312 240
342 402
376 720
923 27
592 186
282 284
366 927
584 131
778 777
808 740
573 959
332 77
568 939
270 572
955 240
786 467
178 587
712 70
128 972
343 307
492 105
332 615
313 118
385 792
476 959
74 642
70 289
466 369
175 727
248 966
57 384
691 306
738 174
845 488
130 473
426 452
762 495
367 861
921 580
215 37
945 68
818 316
260 644
749 21
534 942
938 463
217 321
951 885
446 728
146 266
43 12
644 121
944 414
573 335
690 729
162 784
691 593
969 870
193 110
525 165
598 243
108 408
31 608
111 653
546 661
44 781
33 688
339 940
752 685
890 314
698 404
651 475
685 443
273 882
748 56
514 256
141 260
281 922
127 830
172 234
370 898
36 649
710 583
846 29
118 567
14 87
506 565
388 389
42 501
887 515
312 68
782 864
795 212
234 203
602 769
636 636
987 767
207 946
514 399
112 139
315 48
542 820
836 228
36 956
359 350
712 884
916 105
646 847
818 142
112 817
452 443
294 498
641 203
181 797
817 704
217 94
9 109
322 579
283 335
990 3
478 110
816 396
158 476
878 328
446 710
97 263
801 482
409 757
887 940
863 759
6 945
573 760
639 944
36 815
714 490
991 525
829 900
797 443
622 676
594 753
458 676
283 733
309 647
757 289
539 99
159 833
765 178
506 843
125 399
322 415
715 908
123 364
629 270
861 688
742 766
556 16
90 471
452 474
423 757
14 214
818 907
671 912
143 867
501 676
445 192
70 302
455 988
446 9
552 883
106 690
899 338
791 842
894 232
52 465
588 943
682 450
403 251
953 525
896 899
832 394
654 877
382 371
426 416
917 811
868 467
921 204
340 586
336 984
748 282
205 706
193 76
40 755
694 25
519 550
320 883
438 10
861 861
808 912
606 511
278 859
514 923
860 819
710 212
253 255
250 110
387 639
