6500 2000
355 866
690 248
299 522
658 508
257 284
573 834
852 382
160 735
651 638
662 843
157 255
763 227
341 854
643 874
914 956
809 375
201 743
840 929
215 496
736 877
352 572
744 75
524 304
196 925
714 442
185 20
758 883
376 59
432 531
636 883
907 559
734 635
493 659
997 174
720 164
592 627
577 279
449 223
5 709
326 2
775 266
986 804
909 924
614 383
975 352
36 211
498 86
671 336
996 743
46 632
539 464
594 38
677 523
640 324
666 74
591 790
972 859
348 643
435 876
747 445
940 990
141 36
592 926
321 868
22 342
261 445
774 189
839 197
387 437
15 531
524 612
890 99
692 250
869 146
575 617
445 106
489 582
113 961
693 268
94 627
196 232
450 407
596 847
126 517
273 914
659 607
727 795
888 835
347 438
413 700
847 59
466 293
153 55
110 479
121 730
282 953
30 490
867 62
490 391
144 874
686 751
771 161
174 169
322 634
698 225
388 645
97 330
604 749
938 854
579 3
93 283
504 882
561 738
765 723
477 854
356 219
457 507
124 2
157 988
379 722
684 237
593 41
919 720
793 405
567 151
737 926
407 160
923 740
865 599
925 606
24 870
997 908
387 19
204 946
998 63
118 533
584 161
161 522
774 844
36 996
276 624
596 971
584 349
749 498
697 505
690 696
350 678
514 652
586 181
943 498
138 300
300 423
86 648
898 618
822 913
95 216
968 540
622 321
407 256
271 538
923 183
507 200
615 858
18 676
507 292
137 109
710 135
274 416
791 8
604 24
613 748
685 258
755 401
80 235
643 647
350 656
185 912
707 120
323 665
282 840
240 866
656 633
83 101
151 970
502 226
925 632
93 268
899 807
163 273
154 803
475 52
744 981
931 348
703 459
536 801
414 197
110 551
997 301
101 829
427 79
386 390
513 844
98 866
447 108
723 464
783 226
459 68
367 104
999 87
816 648
595 189
694 787
335 858
404 789
862 140
671 31
12 509
945 380
926 118
977 50
796 760
547 518
187 174
55 924
854 379
87 529
263 690
360 658
727 777
183 564
111 66
171 187
279 613
917 769
801 748
812 560
934 750
175 555
443 149
955 401
711 50
389 21
858 100
190 532
102 166
190 2
931 347
811 487
722 13
782 356
366 958
270 416
236 859
686 885
634 529
32 945
301 440
136 878
866 362
527 839
443 9
448 393
68 907
604 489
311 261
581 567
600 472
934 915
698 786
937 210
613 887
160 549
228 17
546 176
699 704
665 555
158 573
705 246
326 791
558 994
654 772
473 432
204 270
293 141
286 865
662 881
8 790
495 202
443 210
269 663
437 473
407 946
797 175
467 28
807 255
784 561
192 393
849 568
50 220
300 117
271 670
585 939
593 774
308 147
767 542
254 750
888 431
43 418
425 521
495 6
490 946
269 978
377 817
553 165
248 339
406 805
24 315
692 23
605 823
661 378
652 658
943 604
217 677
770 488
504 679
10 446
331 559
535 624
611 102
146 666
342 165
543 834
560 809
167 281
113 859
286 212
58 912
866 805
63 199
847 126
285 965
475 982
913 650
907 162
511 319
463 929
851 909
928 694
273 960
716 58
555 545
370 174
322 334
29 801
641 274
135 946
355 537
578 52
730 623
75 152
922 204
995 590
458 905
530 32
514 25
221 112
918 561
621 320
449 576
36 470
842 150
697 835
964 388
809 504
26 910
887 542
321 567
604 629
909 327
548 614
639 678
654 817
306 246
767 24
569 124
242 685
852 80
707 724
547 372
744 226
743 924
710 268
962 74
398 194
668 579
728 963
473 682
592 165
10 673
511 106
764 77
923 860
191 461
434 452
609 512
648 688
207 914
599 759
418 891
807 563
774 229
806 956
721 38
520 369
854 550
160 145
632 689
780 163
345 833
818 672
240 687
910 2
481 115
944 66
146 574
360 340
188 996
571 771
600 357
65 231
809 477
874 840
27 7
157 463
476 238
600 974
905 188
307 487
707 304
264 636
157 723
243 138
968 193
983 435
494 300
759 120
194 926
764 26
481 423
610 442
578 479
749 357
447 418
611 945
177 521
22 440
741 505
222 288
162 614
412 724
402 621
956 593
761 472
19 625
662 117
129 260
480 190
685 714
129 94
602 656
652 393
947 432
744 126
286 463
545 259
594 404
761 577
297 397
47 862
152 785
212 139
623 741
316 349
13 355
395 151
680 4
526 934
768 105
158 396
669 38
503 934
3 279
818 44
586 131
675 526
244 98
212 4
729 44
244 822
637 872
445 173
56 655
915 717
955 138
913 701
319 86
435 401
718 531
92 837
500 165
606 752
91 559
116 278
812 356
499 448
38 242
866 629
171 441
179 157
843 134
470 967
173 797
479 613
441 26
737 177
842 844
494 75
973 55
178 625
119 769
403 906
266 486
707 991
635 589
402 680
853 137
235 74
308 54
597 914
616 554
721 722
592 822
732 165
512 595
559 658
435 723
741 703
784 410
533 500
727 657
239 719
762 259
796 69
568 136
353 281
959 238
181 153
575 294
937 810
510 428
382 578
362 152
699 397
662 108
618 153
380 158
617 696
224 502
872 229
341 679
402 498
318 150
299 649
659 366
714 87
336 464
239 827
720 43
711 69
521 922
485 851
675 569
60 434
593 596
320 250
263 143
148 181
563 571
531 784
484 192
656 573
628 600
317 957
162 254
62 836
79 876
492 138
864 67
530 720
685 730
174 172
820 674
328 942
863 127
190 484
829 845
740 361
981 410
33 852
755 540
879 894
339 247
72 728
818 182
340 375
528 270
451 233
737 513
293 439
195 138
237 509
484 449
726 790
262 798
954 96
458 565
144 107
137 399
603 375
127 751
524 276
617 244
366 631
806 612
68 911
7 928
151 927
154 481
507 852
188 220
713 94
79 851
902 913
57 215
336 338
275 570
161 58
899 760
122 195
177 980
266 821
816 877
791 284
270 609
211 351
874 655
160 181
842 604
935 663
417 539
522 374
115 758
731 30
136 337
967 984
15 462
766 1
284 828
257 387
38 306
114 224
445 646
689 733
348 986
326 208
51 217
974 484
333 84
176 937
426 722
422 682
227 479
360 822
6 115
213 825
891 850
649 528
139 21
452 1
128 210
589 253
357 598
645 805
718 308
303 394
494 628
789 686
975 395
775 653
140 792
68 60
477 554
92 88
210 559
142 333
283 393
57 688
858 600
525 637
772 721
446 691
598 805
74 605
799 545
436 464
636 783
333 24
809 460
923 427
273 305
35 589
917 105
568 929
929 965
839 642
586 6
851 533
31 709
50 376
678 861
538 954
930 374
235 909
781 126
144 209
288 548
171 557
785 694
107 812
362 537
259 483
698 545
16 98
836 74
813 637
358 752
547 407
581 244
427 604
558 716
138 181
117 193
64 816
881 958
419 806
229 282
138 761
98 604
622 371
713 319
132 25
18 285
78 473
575 479
280 140
275 590
66 507
151 111
753 960
251 400
33 537
5 602
834 932
387 437
830 31
345 347
842 366
243 964
731 367
848 750
319 152
888 134
742 885
944 417
91 832
265 394
974 741
216 436
944 738
423 72
222 322
282 954
958 360
479 655
239 842
303 388
759 71
285 820
134 744
692 713
101 535
390 295
546 56
76 249
999 18
550 828
450 691
539 599
150 371
384 451
121 305
737 494
75 61
684 629
509 993
462 304
83 948
674 954
285 120
757 385
234 340
46 120
276 197
229 232
970 362
960 180
51 43
453 854
67 92
519 485
619 777
153 182
113 522
811 131
427 556
148 724
883 632
25 460
440 669
913 404
251 153
371 502
203 272
555 738
714 924
2 522
525 228
722 874
259 774
527 207
433 264
778 892
326 617
338 426
351 289
4 797
71 848
527 628
834 591
777 578
912 308
60 217
447 869
162 632
538 573
347 490
499 354
326 356
223 513
167 406
791 394
9 732
436 287
831 965
912 973
353 551
262 467
721 679
258 559
570 416
540 416
918 158
47 114
337 294
292 951
303 870
257 920
963 147
686 839
214 255
817 107
804 200
303 3
619 759
757 199
696 607
212 867
783 173
903 640
749 253
670 362
3 484
848 671
444 755
717 736
664 120
639 350
449 991
696 823
866 924
89 328
737 956
246 52
449 475
931 189
779 433
340 364
186 855
332 689
396 233
592 678
942 415
341 617
350 372
621 143
902 969
98 519
255 937
630 949
380 133
810 340
894 352
701 750
524 94
231 656
156 455
779 934
40 714
660 955
542 763
302 600
246 101
731 471
43 376
343 376
319 324
908 800
337 56
525 396
99 32
364 58
664 355
639 958
709 600
530 484
270 661
955 8
149 949
921 943
623 18
340 133
128 644
160 855
152 386
238 841
512 172
485 506
237 563
246 765
59 200
505 354
674 943
399 16
233 304
655 630
37 59
676 83
883 832
600 694
107 24
343 554
656 34
266 200
623 707
909 846
66 985
61 674
543 765
701 124
683 568
783 170
778 186
918 130
128 591
650 634
422 934
729 828
5 895
409 208
77 120
957 8
326 723
389 468
154 857
336 165
913 638
621 793
195 689
89 378
143 672
569 967
109 631
581 693
126 86
981 484
599 150
251 232
149 173
598 765
156 119
761 479
558 59
60 667
93 425
649 973
323 566
392 774
594 584
482 170
746 234
342 228
740 478
521 817
32 477
497 599
18 649
380 226
126 951
220 448
344 670
179 560
347 783
292 688
224 748
870 230
432 563
655 281
284 525
16 966
92 948
701 359
603 947
422 934
305 185
160 56
684 59
863 811
621 628
358 456
515 326
894 702
719 851
283 880
233 555
191 336
243 695
648 284
257 44
721 696
10 687
738 390
929 115
875 409
676 553
784 530
224 96
567 823
936 912
704 386
282 672
55 466
941 904
659 599
728 953
440 668
394 100
158 190
290 211
216 160
903 717
487 158
928 105
995 875
731 340
707 772
828 369
621 250
89 53
199 128
56 168
634 335
344 939
44 556
780 369
722 838
739 140
861 964
378 986
820 649
131 938
759 276
933 41
822 745
987 37
154 810
142 178
825 126
561 714
299 671
631 488
229 520
833 260
381 849
747 636
678 978
515 600
632 988
555 390
721 487
806 494
641 530
931 743
744 339
678 406
355 544
882 526
191 812
492 250
520 643
321 715
313 329
419 251
989 672
777 610
591 966
564 324
856 335
836 997
82 234
450 701
859 306
53 982
100 518
4 121
575 234
752 129
550 224
65 162
471 542
821 336
760 630
619 355
347 963
477 780
913 405
296 916
934 403
849 806
881 678
939 502
73 532
204 150
556 967
813 201
514 454
790 947
271 580
114 542
997 885
996 435
465 416
793 613
501 176
577 395
716 765
642 426
456 282
409 335
364 969
280 564
832 790
561 82
547 181
633 380
809 323
560 376
938 392
767 391
717 805
254 225
130 61
885 522
491 877
549 681
797 504
662 684
95 135
54 826
972 343
3 955
680 215
283 828
564 447
278 2
861 906
34 917
275 807
572 107
37 872
105 583
606 36
156 360
856 44
137 25
17 4
20 209
479 414
279 465
894 301
728 195
556 268
602 993
404 544
263 259
812 695
614 700
854 957
386 730
263 976
819 991
407 619
993 400
998 37
448 766
32 279
361 243
957 892
811 468
126 839
671 850
752 615
423 976
319 786
807 691
120 911
518 658
770 817
675 181
460 751
54 191
663 204
458 78
41 744
772 316
388 54
470 906
841 655
521 370
409 215
111 600
938 492
339 878
669 363
576 229
568 908
995 696
334 462
44 615
266 3
434 257
317 81
329 636
750 775
840 445
947 790
298 629
60 222
365 263
907 66
553 203
60 368
285 652
243 577
372 954
552 120
162 586
180 398
767 327
71 46
258 100
627 153
197 223
363 97
298 408
736 710
756 454
488 177
707 823
497 21
121 310
947 405
733 580
413 829
342 796
326 20
634 662
558 175
799 414
653 175
650 426
716 982
254 350
738 56
650 121
283 43
164 672
357 547
94 894
932 887
243 326
962 831
167 842
373 984
721 572
567 694
928 441
652 389
297 590
713 542
946 935
421 627
613 631
684 819
601 30
14 863
621 967
280 630
24 362
710 722
387 487
175 157
839 450
635 990
32 735
416 461
984 392
705 305
368 644
522 559
869 134
50 312
674 307
879 651
19 116
874 659
995 995
790 943
536 2
659 949
745 651
356 852
648 132
467 194
22 129
687 26
309 204
349 455
105 394
607 891
937 44
182 928
984 749
12 554
88 214
526 25
4 223
446 220
550 159
832 200
442 937
123 493
601 51
769 516
500 943
572 68
243 585
96 67
641 172
901 507
200 509
533 203
286 545
616 503
691 924
638 977
183 684
213 733
889 1
464 583
595 227
652 539
820 119
932 95
165 563
355 684
463 321
320 934
775 187
557 767
152 108
852 342
631 957
952 991
890 374
175 600
151 851
897 866
757 879
879 484
126 263
496 711
340 883
580 196
203 943
388 135
560 290
901 462
610 618
937 940
480 917
236 165
63 319
548 150
448 276
559 662
553 356
109 657
582 571
142 33
961 184
831 694
465 537
319 931
419 265
35 980
816 194
401 245
954 705
661 288
288 260
482 147
79 520
627 407
717 43
794 825
636 927
737 745
232 629
379 635
923 382
821 499
573 576
354 605
302 59
761 816
20 946
174 572
383 724
255 490
867 325
665 280
86 959
360 544
111 918
416 360
26 511
709 501
224 803
802 861
314 520
834 803
574 211
526 490
286 529
379 732
11 710
87 156
193 433
905 696
715 652
817 100
757 65
702 985
798 542
13 597
46 112
628 410
102 629
242 760
557 480
132 703
7 435
778 950
980 727
837 589
893 499
294 802
519 433
263 514
785 9
195 215
739 819
414 338
576 105
888 475
932 858
58 135
681 177
350 779
640 758
679 202
446 685
512 918
631 878
223 685
997 954
36 444
87 711
2 436
502 64
148 535
80 123
659 883
567 100
479 933
407 920
189 533
595 156
478 243
167 841
298 319
637 668
378 191
736 320
111 635
100 850
906 927
992 431
410 964
604 92
170 127
172 664
809 892
690 67
646 73
770 908
441 432
519 566
420 318
464 475
557 281
589 827
192 393
187 148
701 233
307 739
529 459
736 65
414 506
754 308
268 104
321 172
640 727
79 792
462 760
107 982
670 969
546 159
199 257
82 778
123 249
44 884
108 835
114 501
131 515
512 530
288 474
411 259
796 793
483 222
599 431
205 160
753 926
316 250
518 417
871 807
995 399
168 758
284 158
927 209
773 21
509 476
306 306
204 89
737 876
845 711
551 235
281 699
824 850
928 900
999 921
517 220
57 332
329 271
34 812
955 625
526 570
62 823
371 978
263 970
213 713
166 627
885 494
518 527
311 313
421 297
248 735
5 683
592 288
694 920
170 596
797 329
239 259
205 995
975 894
617 349
413 450
602 914
269 841
360 445
942 583
546 701
219 240
707 673
856 345
38 169
695 342
283 96
289 180
372 437
808 540
524 787
105 575
825 761
160 721
579 907
623 309
180 707
183 827
259 485
767 232
386 607
303 680
810 629
758 573
488 334
746 791
213 453
819 8
151 678
637 968
860 69
381 942
132 655
360 591
202 322
178 599
874 1
798 971
479 611
572 573
714 55
663 361
908 669
342 906
429 258
405 689
882 416
154 4
907 669
80 712
543 543
60 466
778 371
425 783
543 58
954 242
655 942
164 807
960 815
126 762
286 310
41 993
551 849
178 836
471 822
824 77
657 30
31 847
772 291
498 896
111 993
778 47
694 946
6 588
28 53
591 662
248 496
939 343
531 196
245 902
800 880
131 96
257 189
595 963
691 441
914 133
361 588
252 382
200 870
822 389
350 263
240 499
870 371
368 70
309 821
407 285
238 710
130 558
251 33
924 671
465 750
527 629
529 497
660 956
798 753
725 23
452 966
61 605
240 947
22 678
342 446
428 947
271 715
814 83
16 380
367 486
105 779
71 680
30 145
199 690
485 527
206 724
401 774
689 415
611 99
827 716
859 492
854 492
557 994
977 658
864 421
888 996
723 59
656 202
819 298
546 278
98 697
594 187
85 849
291 541
749 815
516 442
976 653
397 174
246 292
97 416
202 208
402 687
742 12
805 17
999 222
250 932
496 617
469 53
992 668
426 443
356 235
886 175
824 668
751 64
776 410
179 374
94 553
755 241
870 373
647 351
329 412
331 468
475 97
931 931
382 808
40 253
316 765
419 345
293 357
954 863
567 766
694 805
725 792
772 219
287 720
5 107
94 892
974 400
336 345
724 760
62 596
649 164
127 517
90 369
567 628
418 211
655 605
883 309
581 899
54 281
329 702
531 78
213 316
503 930
337 131
644 913
926 856
391 235
250 905
747 945
688 623
962 863
721 979
62 139
414 875
753 486
875 85
863 574
998 789
672 334
389 439
925 250
253 642
83 169
379 668
328 730
908 997
281 848
577 704
684 71
590 634
599 482
377 7
991 589
866 263
249 863
122 628
668 494
470 454
23 541
74 704
918 205
587 478
728 195
980 127
395 318
682 239
438 742
348 356
537 598
532 261
384 184
124 518
28 372
388 839
339 364
500 9
143 658
277 136
373 774
739 35
590 484
442 873
244 607
971 8
993 244
676 174
908 238
135 323
73 236
770 578
504 557
762 207
667 130
227 563
715 900
224 334
845 23
321 164
463 530
287 512
962 743
827 768
463 73
792 189
389 691
994 195
599 692
732 331
635 266
903 317
588 249
366 441
870 7
174 256
970 712
708 205
931 334
848 382
333 11
868 865
467 136
318 33
90 712
447 947
312 817
260 598
216 809
68 416
377 315
670 744
232 607
185 706
479 769
70 41
448 419
365 142
321 326
269 524
348 505
115 386
652 911
941 416
673 883
244 117
288 656
423 266
847 481
616 375
366 177
204 152
562 501
139 863
990 600
578 440
940 846
638 353
889 473
282 464
326 618
993 480
956 858
282 215
864 239
593 684
676 930
144 421
733 143
954 550
417 556
207 77
983 982
7 247
824 935
769 288
278 735
292 886
680 723
711 932
355 8
963 734
745 285
916 107
615 426
974 812
593 334
950 234
436 382
275 926
770 3
569 497
202 70
710 405
296 873
214 833
265 76
761 875
715 971
611 681
514 868
172 955
814 46
977 711
942 180
933 946
144 9
240 604
413 873
468 916
190 63
739 406
420 304
574 955
77 61
403 955
55 272
312 845
166 440
354 899
478 141
409 878
909 491
971 276
890 647
405 486
390 253
399 411
198 780
553 294
692 319
779 195
517 227
172 804
193 866
664 480
248 975
423 388
402 842
585 34
693 335
158 539
291 338
678 363
56 755
274 888
438 655
860 744
591 506
823 976
588 633
594 670
506 757
717 52
390 962
118 249
452 126
863 858
977 139
65 834
730 865
597 354
342 574
95 827
248 343
162 17
868 585
923 365
36 796
282 841
425 180
730 828
542 824
871 293
643 871
876 456
399 455
277 440
768 949
670 791
150 452
161 630
73 277
341 828
382 315
780 684
386 621
263 363
881 363
341 751
399 964
151 836
682 230
750 553
292 135
964 240
822 401
66 156
53 509
894 686
685 374
425 494
103 3
453 169
949 994
699 503
804 264
969 982
250 488
878 52
110 593
894 789
970 977
108 223
427 586
817 84
925 455
429 508
847 602
582 382
789 952
734 849
622 592
548 101
624 686
683 565
286 823
435 716
335 997
450 684
978 993
461 973
263 623
140 67
847 524
478 114
36 875
477 108
594 13
228 8
398 572
288 863
743 148
796 804
162 414
612 69
433 670
692 392
956 999
232 432
508 947
640 213
280 162
830 591
661 266
676 7
469 134
545 467
789 211
93 765
108 561
916 823
68 276
259 898
372 845
760 453
697 993
457 657
996 504
731 547
466 293
834 453
702 168
398 865
935 646
216 952
792 865
109 596
369 560
762 65
371 362
323 945
742 814
395 506
635 662
662 15
750 277
60 448
73 381
214 340
217 873
65 467
752 491
27 679
937 755
47 449
797 721
412 607
532 30
460 246
466 448
529 261
930 739
474 197
588 844
411 672
382 664
861 423
375 476
38 402
546 68
425 664
41 651
493 975
437 174
688 98
951 22
854 356
943 299
928 398
895 864
636 93
304 591
449 598
318 883
104 778
81 148
952 573
779 300
134 716
181 863
900 814
572 266
808 342
369 313
376 271
866 999
57 316
703 999
97 447
475 14
526 372
618 661
766 160
815 303
82 249
629 533
356 9
791 668
896 346
210 831
740 185
739 297
428 11
143 994
386 727
580 798
295 924
525 37
828 767
761 113
244 313
628 306
375 195
293 950
121 853
897 168
682 165
125 565
463 163
196 47
166 496
976 54
196 362
824 941
129 313
279 541
76 360
363 94
534 495
126 923
722 32
979 244
669 439
130 628
904 314
901 820
407 712
483 178
614 165
93 287
751 438
168 438
33 92
36 516
617 907
655 358
718 245
943 722
482 396
440 122
199 109
138 321
832 565
249 518
598 345
582 69
91 315
337 435
163 165
861 163
69 349
884 763
249 430
344 765
502 381
754 734
321 406
182 49
927 710
722 966
747 570
45 945
562 899
807 453
521 576
52 925
513 850
963 252
844 424
687 281
362 877
575 466
115 664
308 798
831 578
864 345
396 98
51 788
329 657
864 24
782 326
978 114
469 906
570 621
784 384
178 174
907 913
123 580
478 579
1 652
234 591
530 511
682 993
282 42
660 746
115 775
519 615
346 870
164 211
674 118
172 439
499 366
634 284
966 116
64 124
950 531
627 866
559 576
366 938
515 121
295 615
164 617
903 575
428 286
753 892
29 346
914 228
283 823
143 377
172 127
736 809
607 516
499 974
212 173
662 888
654 474
846 911
575 517
62 721
125 879
973 210
316 988
640 413
863 242
525 788
568 725
960 366
639 584
207 330
830 352
677 95
148 177
136 62
811 478
476 970
105 925
345 325
386 975
684 129
748 329
881 272
490 969
412 226
306 915
709 125
475 836
963 664
33 193
752 563
453 829
763 595
38 716
111 488
341 972
529 731
788 499
428 965
533 32
686 460
231 985
324 949
477 996
397 402
339 543
125 368
399 146
589 833
349 171
420 238
222 660
969 665
695 394
515 325
89 999
377 81
659 666
758 228
15 254
909 703
185 120
395 907
93 378
787 905
365 700
811 64
505 412
864 748
750 451
128 45
653 810
46 165
338 611
232 317
732 812
568 170
539 514
827 816
352 350
163 209
105 112
91 334
783 275
291 933
416 744
72 517
222 38
657 339
472 963
836 25
236 333
575 23
319 334
290 924
583 142
683 155
481 647
24 600
186 485
157 606
220 870
265 241
664 941
100 456
279 420
958 245
612 735
581 392
401 248
353 814
403 460
662 613
977 161
948 88
146 383
492 915
400 614
57 463
720 721
467 38
136 2
26 523
431 178
679 701
150 510
576 930
147 588
455 408
338 385
370 636
779 473
528 219
317 722
981 593
807 797
951 503
839 775
121 944
224 459
135 581
154 487
149 384
534 44
660 861
596 638
229 841
791 333
586 783
243 959
934 874
239 717
660 116
993 232
407 893
466 485
601 796
157 853
637 125
127 878
582 478
57 242
507 331
696 917
541 299
540 266
488 107
851 873
633 340
404 884
919 773
852 410
323 923
347 931
941 776
355 923
424 620
752 29
49 63
219 356
572 137
886 250
635 226
174 828
400 339
389 930
115 444
858 535
429 715
661 585
602 41
136 961
498 560
158 238
787 218
98 356
606 626
790 57
969 522
863 656
786 162
567 569
169 690
763 539
810 802
409 89
71 722
112 141
161 544
490 943
797 38
263 399
540 729
295 633
103 508
681 212
102 366
910 366
375 797
700 827
359 326
36 185
223 51
848 253
738 995
810 922
280 570
386 106
123 609
17 310
677 908
970 299
302 781
656 558
237 111
563 515
732 328
543 386
104 146
480 333
703 297
855 405
131 354
188 138
789 351
550 215
162 995
605 562
930 372
554 141
892 158
696 147
738 567
915 596
379 801
960 276
361 289
112 184
263 825
256 152
386 365
482 267
983 134
959 642
715 601
897 993
189 107
515 935
257 803
113 10
176 76
960 165
76 811
896 81
319 260
515 851
930 680
687 718
689 738
695 892
165 167
669 421
967 820
589 20
68 223
922 509
2 646
928 226
796 718
237 94
969 69
266 409
801 345
523 553
788 797
612 563
810 787
627 959
118 160
709 501
87 645
80 628
455 986
541 854
556 140
513 298
607 194
579 817
414 663
716 742
360 400
103 786
873 18
240 180
547 953
17 302
9 859
287 730
531 835
403 498
944 249
95 989
653 816
397 383
71 461
599 149
482 191
952 524
467 968
206 519
850 73
997 392
177 738
655 103
543 352
728 164
854 581
912 758
755 332
642 421
625 606
865 780
389 140
862 251
920 214
450 228
163 78
873 573
13 23
36 167
550 130
647 288
969 789
554 578
797 46
610 590
97 833
664 4
717 108
3 888
439 312
390 417
966 27
980 279
533 863
314 284
518 800
970 114
47 911
120 777
822 41
880 10
455 579
252 71
176 439
403 733
286 150
859 427
413 167
793 540
38 572
60 519
343 748
149 707
950 688
862 368
498 171
919 874
288 227
519 867
387 959
627 596
379 76
929 945
607 919
953 384
263 513
11 465
770 491
709 405
269 985
863 27
52 91
717 287
75 742
837 625
705 460
225 523
404 717
426 96
135 284
550 382
420 82
363 528
986 999
622 806
712 758
250 102
571 141
159 179
164 394
179 878
28 757
728 509
936 157
828 209
922 584
388 410
567 273
939 10
744 126
164 798
484 989
124 348
715 650
622 681
119 958
528 668
726 675
257 130
75 937
136 693
127 433
152 975
829 517
785 449
359 27
225 609
988 28
689 308
830 173
268 912
4 307
535 368
624 590
486 738
411 288
202 672
642 611
332 175
479 785
961 501
774 94
486 306
788 707
514 387
398 753
45 901
872 439
478 117
466 873
762 85
208 366
102 76
210 511
386 516
258 72
128 840
180 634
632 100
385 998
608 833
987 348
552 667
78 986
558 496
601 48
408 399
626 772
417 139
948 561
41 785
348 814
108 42
203 695
76 836
319 614
199 274
635 459
445 919
238 125
212 246
885 926
760 997
25 756
628 497
229 82
576 515
70 959
634 724
609 767
280 75
155 222
830 154
798 376
10 512
880 44
505 108
969 639
276 490
534 253
302 511
170 271
67 628
798 690
270 134
661 217
311 114
954 692
540 942
37 73
342 271
760 608
541 990
189 158
37 251
707 399
764 898
614 783
975 383
343 293
474 785
215 96
299 805
388 517
444 339
563 988
777 930
706 859
68 516
397 564
481 195
380 163
817 493
403 388
175 717
700 343
847 796
424 810
390 963
118 494
323 109
245 780
19 434
498 434
113 732
7 64
289 521
348 179
266 15
521 563
316 45
231 920
195 687
789 804
582 484
169 351
99 235
778 871
951 345
885 765
65 908
373 603
395 833
557 823
47 96
820 473
173 91
823 873
893 101
571 772
967 982
361 982
286 440
474 688
528 992
176 976
435 985
568 780
718 412
249 802
861 663
225 508
109 815
832 212
824 309
265 524
543 326
325 993
997 904
767 394
362 889
644 818
638 110
527 485
708 715
181 74
25 367
704 107
603 595
200 988
414 297
810 335
663 446
425 491
892 813
268 930
919 269
54 736
48 644
44 30
144 804
665 547
103 89
147 426
242 166
700 59
142 203
830 870
138 507
614 23
876 510
104 442
914 640
845 555
909 128
417 595
924 10
613 655
922 132
943 70
704 140
600 940
655 761
982 67
205 757
97 814
203 291
664 794
670 550
757 35
312 578
828 63
822 959
130 959
768 605
227 751
415 407
660 271
944 735
678 396
935 976
873 552
927 394
594 249
584 734
205 122
145 35
802 694
641 598
103 642
847 636
371 416
717 154
743 44
709 120
907 58
334 419
734 4
735 589
107 347
455 652
463 227
956 383
581 209
716 299
409 406
315 22
853 631
733 512
46 564
972 558
576 935
768 936
638 15
152 225
966 158
126 227
616 929
15 401
979 827
450 385
175 579
147 468
916 844
47 825
879 339
530 356
496 571
314 164
642 482
488 890
860 596
78 39
200 536
460 637
611 346
250 226
788 713
995 355
268 257
330 924
757 184
795 192
222 94
882 367
514 603
188 907
183 46
516 174
145 823
658 333
93 363
168 701
669 52
604 946
632 632
857 987
696 363
827 497
922 350
150 569
684 174
429 922
611 816
605 904
436 9
524 774
317 886
443 973
632 75
615 796
178 505
803 791
447 444
570 429
393 91
914 251
641 882
87 39
281 885
163 383
875 399
953 909
35 883
620 22
254 409
338 97
207 524
428 455
67 655
980 738
972 492
562 890
489 735
631 711
421 416
609 610
153 765
519 977
67 538
474 622
539 480
565 286
581 741
390 835
242 92
475 312
215 724
107 424
442 674
346 343
218 839
927 70
352 215
632 281
376 790
915 400
59 182
42 654
107 534
802 855
115 495
45 302
606 451
759 641
379 813
60 445
920 233
333 494
738 552
503 179
362 652
638 127
467 841
992 423
292 225
418 9
440 718
728 134
21 882
143 119
586 971
994 446
75 810
186 678
516 511
358 50
114 710
285 388
33 481
273 723
72 32
37 911
181 325
671 840
705 836
463 189
39 738
278 560
96 310
70 765
333 824
570 348
666 227
404 451
124 639
979 6
174 779
303 79
984 297
261 903
621 952
1 477
725 44
457 47
329 480
740 305
690 843
153 292
899 445
545 498
494 158
79 808
625 956
881 405
759 470
631 961
706 583
37 565
636 55
61 931
716 336
871 395
975 641
391 72
513 525
268 658
67 281
259 905
50 853
861 89
360 388
179 554
764 372
620 666
759 437
740 453
171 228
609 221
220 641
351 924
11 882
11 284
667 804
918 510
862 954
109 594
72 71
318 525
303 661
172 559
501 450
215 946
644 477
825 774
116 474
880 846
115 762
311 624
8 642
698 720
925 378
133 964
632 671
353 575
81 762
860 438
77 829
749 132
913 544
521 633
65 73
989 23
529 524
294 165
879 756
356 181
509 521
60 622
153 467
257 794
600 814
797 725
418 359
600 955
249 287
982 877
704 857
54 243
35 671
952 730
710 714
781 296
472 940
582 802
950 779
662 973
56 846
373 908
184 345
163 988
853 367
847 179
520 912
938 986
465 125
456 984
303 307
273 149
767 194
222 866
235 857
142 317
509 560
526 174
457 242
805 947
636 257
216 416
913 338
157 948
953 510
538 37
751 858
824 516
78 733
79 358
790 542
821 390
387 659
731 417
133 201
468 343
484 9
107 689
969 172
25 432
848 134
395 658
286 231
947 332
440 585
60 774
252 367
253 555
442 13
257 415
599 202
795 462
497 959
758 837
959 729
903 356
699 698
763 322
270 644
916 140
32 937
424 91
454 83
794 539
735 689
431 985
619 384
445 676
290 840
999 538
354 406
31 993
392 135
31 41
399 224
201 251
178 31
90 908
388 569
78 522
26 107
173 629
113 570
265 174
927 853
739 961
547 288
262 843
539 727
484 22
601 100
44 301
620 120
17 729
877 869
391 747
799 959
264 391
371 356
932 255
517 100
160 907
556 532
670 986
611 175
187 355
132 827
769 285
20 20
867 303
929 429
603 916
747 267
172 775
261 129
551 812
196 83
634 612
837 577
287 685
527 858
461 418
539 356
531 388
585 553
725 71
207 550
181 482
991 936
375 72
376 537
420 856
926 477
846 510
575 461
248 219
866 379
691 216
453 975
307 667
938 981
575 657
402 234
71 200
203 11
106 155
274 952
616 142
271 411
450 996
839 919
73 612
369 350
822 74
195 37
933 455
876 374
181 837
341 887
305 851
578 460
27 171
39 523
57 474
88 894
722 476
836 126
812 973
690 549
94 401
126 965
68 634
520 226
943 547
329 440
794 615
257 84
860 355
827 740
886 164
45 293
204 1
317 599
762 76
294 969
85 543
827 352
869 193
889 705
129 431
688 578
333 240
957 10
895 785
759 332
555 305
227 970
890 421
118 756
853 710
495 611
392 39
722 940
670 602
524 832
511 739
751 784
481 690
148 527
104 480
978 393
485 283
798 175
633 333
527 546
188 838
644 958
798 70
168 271
454 566
267 288
473 821
889 330
483 33
169 792
643 507
23 193
893 867
464 131
193 107
617 121
506 19
101 925
150 75
542 755
63 223
614 312
297 346
834 359
410 476
901 906
264 162
746 985
795 368
277 949
561 235
898 714
468 486
956 874
716 286
952 995
580 372
188 703
86 871
264 23
880 479
29 969
888 612
554 751
679 406
259 423
274 7
238 196
240 757
782 15
519 129
935 454
688 929
414 44
12 970
502 292
214 541
527 326
282 784
436 411
158 266
897 439
425 910
21 35
421 718
40 176
658 271
37 918
899 843
859 588
932 411
643 953
982 27
586 360
575 893
561 830
91 550
435 270
876 278
143 221
535 737
604 947
902 405
792 715
393 74
333 953
84 389
66 294
2 21
881 751
771 669
363 728
798 592
103 957
860 936
346 655
990 712
715 713
179 244
826 655
657 249
893 488
971 213
458 221
924 474
28 567
404 568
690 161
521 806
70 176
406 530
152 733
731 177
342 202
11 908
824 725
308 820
651 618
76 844
804 841
123 994
623 840
262 955
369 199
692 493
825 88
115 134
181 834
645 962
406 367
123 200
916 541
388 369
51 31
573 938
864 28
153 647
868 138
589 303
642 654
767 950
132 775
701 634
299 494
827 699
792 565
536 384
717 370
525 643
189 877
1 429
340 729
16 164
53 274
454 519
707 150
240 978
130 996
603 502
672 17
315 742
376 949
539 939
226 819
914 408
514 928
955 609
410 353
391 76
275 631
110 331
912 502
933 500
281 252
494 325
601 697
963 81
174 474
761 854
527 638
284 898
556 862
908 417
755 383
817 150
881 575
342 758
58 880
964 616
739 39
733 768
598 459
419 68
325 97
344 80
68 246
39 944
493 96
286 594
154 714
639 950
268 577
761 176
879 303
36 787
597 542
632 357
74 81
891 753
401 888
263 465
388 195
248 134
784 866
450 972
142 923
931 369
886 421
292 306
732 269
373 226
193 790
854 363
284 356
257 591
870 419
27 420
869 41
32 116
950 327
425 373
871 836
961 37
233 981
760 457
454 373
335 209
393 228
616 640
499 837
326 957
828 60
548 697
316 873
721 699
628 51
928 132
625 834
538 207
522 271
152 354
28 770
42 511
33 248
399 981
273 665
675 459
269 121
662 970
292 88
521 531
187 692
503 413
429 208
18 349
311 451
293 167
799 77
933 471
454 628
46 729
653 140
152 279
429 39
391 124
734 175
241 199
718 92
176 694
713 233
519 287
898 963
642 325
627 227
275 289
587 76
885 164
389 112
112 258
344 77
458 910
918 18
528 94
550 710
653 659
846 190
815 987
664 917
858 272
20 108
686 957
896 553
414 929
654 535
978 708
507 62
876 386
889 301
924 116
556 401
148 279
58 960
152 470
479 408
219 274
451 107
132 852
836 783
726 638
333 817
108 107
416 973
586 709
13 160
462 717
151 513
919 77
10 88
515 836
678 522
564 186
74 327
238 293
527 723
508 738
499 359
677 719
584 721
195 775
467 461
653 208
866 317
794 501
587 265
527 562
669 731
752 950
685 220
556 193
573 327
810 937
82 734
816 347
793 300
28 797
389 592
659 805
777 421
419 325
872 297
931 703
556 74
309 962
779 495
660 194
739 613
951 909
277 358
822 719
246 663
339 888
231 924
432 725
387 323
424 899
937 561
738 531
703 182
632 191
258 307
985 556
186 518
437 836
50 795
340 390
874 562
438 866
487 712
577 485
959 983
26 828
738 90
99 107
931 677
999 59
704 150
987 460
626 694
353 141
828 883
505 617
629 617
691 605
334 2
301 60
877 194
800 240
493 50
126 964
257 581
657 799
414 300
352 307
126 772
883 139
606 734
367 214
993 938
847 723
832 656
720 899
195 947
487 737
186 498
794 230
259 184
702 625
757 418
582 207
400 51
809 943
564 332
369 841
891 32
919 461
567 534
598 742
756 202
760 870
600 883
566 496
521 206
905 24
425 972
551 84
173 337
62 147
736 16
145 761
813 65
51 477
735 872
627 885
986 646
795 994
896 956
399 65
126 574
40 906
171 81
123 274
859 158
30 365
795 727
8 410
553 355
906 153
632 23
547 346
484 757
894 751
748 759
772 464
147 966
239 146
68 69
780 554
940 759
941 992
317 131
378 562
967 668
368 644
671 750
661 147
318 403
509 503
366 372
891 460
436 901
658 551
129 175
395 236
699 909
265 477
115 515
865 957
140 897
784 765
981 404
894 366
153 211
117 117
885 502
243 748
141 184
188 290
884 301
827 329
14 838
822 232
254 779
966 341
112 929
208 844
292 150
191 859
675 697
560 60
726 449
974 432
261 71
877 627
814 739
118 712
733 107
634 617
25 295
892 211
570 715
16 726
480 879
726 948
762 160
532 588
480 38
757 976
472 140
433 713
893 607
615 454
563 697
651 229
531 91
9 404
617 20
308 251
443 921
97 220
871 511
510 394
87 102
677 29
686 668
115 382
890 51
701 416
232 60
146 790
303 701
574 975
901 262
389 919
784 972
783 848
765 544
759 854
756 196
994 286
179 922
339 405
186 100
579 375
942 627
3 460
653 222
351 242
468 716
950 339
244 862
997 766
913 842
128 637
585 404
185 106
890 218
427 399
233 567
691 554
447 929
337 398
396 663
407 278
934 191
326 669
898 256
950 643
758 98
894 57
152 903
95 975
781 249
688 999
94 690
874 629
197 630
144 27
124 442
267 689
349 21
984 287
596 709
927 711
911 417
280 560
527 447
365 473
872 680
279 767
88 906
159 953
96 235
797 395
154 3
236 778
957 260
783 263
531 426
442 159
726 172
308 710
973 7
765 281
395 779
348 550
889 73
96 689
670 968
369 978
583 210
923 770
440 961
72 414
602 363
132 262
100 236
339 420
423 20
410 791
951 248
442 654
913 900
550 658
813 642
278 902
85 740
363 198
575 590
750 804
170 667
144 879
468 179
927 879
8 917
382 122
567 3
623 534
178 278
637 799
500 583
152 702
737 530
251 217
537 437
261 72
268 706
656 642
680 646
750 253
710 251
724 118
36 814
75 667
247 858
350 730
379 52
118 45
811 324
718 647
735 290
246 490
96 875
467 314
165 22
446 780
974 477
418 56
748 796
554 651
740 267
429 938
67 213
883 408
342 612
409 899
32 221
968 782
418 954
327 846
248 174
832 86
746 483
77 712
28 389
464 6
899 297
999 224
742 449
547 592
5 660
110 707
246 43
72 928
797 72
573 41
809 74
755 253
817 743
764 190
597 835
635 856
532 333
102 277
631 850
300 760
525 662
208 996
848 554
348 687
839 340
11 136
466 731
645 110
401 536
264 669
228 948
704 630
269 651
779 824
388 713
118 626
244 135
962 237
75 675
444 54
599 454
523 305
721 207
213 277
811 999
627 424
706 576
70 815
181 701
318 190
534 48
727 960
860 689
959 923
185 651
768 193
263 314
340 748
135 48
84 83
378 312
718 981
724 957
192 187
100 676
76 617
667 61
203 290
608 485
513 115
754 960
112 975
352 206
304 272
300 134
922 667
86 727
59 191
509 272
586 358
415 31
193 134
538 998
294 908
536 69
592 348
348 778
129 329
525 490
386 550
730 861
834 4
9 954
567 555
654 231
169 455
187 741
311 115
813 292
891 237
770 813
863 155
964 827
584 741
825 684
757 950
809 101
377 512
388 491
71 55
990 252
617 237
253 331
916 395
467 590
787 822
746 444
279 856
418 882
355 65
777 513
525 270
972 823
542 708
914 14
313 332
215 67
162 985
888 128
533 457
779 683
22 73
957 645
566 644
85 646
48 294
581 233
394 526
966 240
461 173
535 408
922 73
844 86
782 46
561 123
438 633
687 4
151 714
222 473
228 376
74 995
850 430
20 807
556 931
758 986
509 125
552 722
311 365
433 163
33 646
442 96
273 627
685 473
582 487
385 639
77 824
234 94
604 361
374 925
786 684
202 533
107 736
283 239
771 809
748 515
117 67
924 602
784 896
886 838
499 567
162 877
595 831
129 239
181 725
479 996
970 542
818 963
641 361
667 69
348 194
280 885
901 217
919 373
79 855
365 747
213 701
843 673
591 182
467 182
60 434
438 950
541 999
847 260
459 950
170 766
234 516
958 854
335 265
574 65
948 873
651 863
278 336
324 876
579 542
813 216
737 897
609 973
401 16
41 782
15 143
611 706
933 12
835 962
853 809
481 279
243 311
619 267
504 358
340 922
303 587
986 826
15 892
60 350
598 917
904 963
186 593
980 713
72 430
616 667
53 198
528 250
721 995
669 296
708 500
390 592
502 639
85 929
440 667
941 903
262 693
515 815
107 208
397 31
105 245
408 828
6 608
911 451
344 823
343 954
116 589
318 983
956 732
758 399
967 804
306 745
1 837
485 657
898 824
514 567
547 319
303 337
540 814
211 767
494 155
779 386
983 381
995 335
280 300
835 971
610 926
125 837
345 636
657 676
859 859
43 751
378 616
750 685
376 102
879 255
601 536
666 749
396 757
885 483
653 247
514 811
30 679
975 114
790 98
770 514
585 934
988 311
83 549
694 795
911 339
348 708
558 511
413 229
242 17
62 373
349 495
540 109
175 677
4 802
769 294
275 721
192 646
51 238
432 482
788 295
459 668
658 534
83 387
453 217
119 80
841 182
588 816
997 248
183 233
354 488
605 979
959 431
681 208
728 96
546 604
764 720
848 752
499 719
847 705
194 277
851 53
812 778
188 396
432 374
436 725
416 569
529 530
856 498
31 342
612 431
345 398
974 929
946 991
77 386
593 968
268 997
461 882
92 431
201 398
859 497
705 74
218 79
962 638
68 162
795 889
488 853
694 238
926 371
484 101
505 302
618 874
810 208
286 295
330 939
386 749
956 970
124 463
115 264
919 556
937 926
314 616
575 66
209 376
203 776
789 240
955 128
314 480
117 351
336 680
519 437
657 272
750 22
816 722
46 542
451 46
337 174
32 874
73 981
45 236
831 442
995 770
798 579
993 833
501 431
228 916
850 509
243 397
649 603
153 466
187 369
972 276
382 686
961 787
351 776
241 621
597 951
432 542
372 190
3 703
99 577
977 213
575 363
596 546
533 211
351 57
645 354
927 37
40 401
736 830
405 502
478 368
323 666
141 372
319 735
685 979
251 703
319 749
811 356
30 971
949 896
64 608
917 577
849 58
500 398
484 327
422 41
902 758
320 845
13 185
762 343
893 185
268 834
295 678
216 421
593 993
849 613
281 834
983 872
78 211
918 397
68 569
489 259
941 837
878 361
358 255
948 694
347 415
656 724
850 266
389 896
216 953
368 84
518 766
37 131
674 584
252 758
107 747
418 801
961 243
831 452
491 170
333 312
326 380
650 650
70 881
356 226
939 384
623 89
372 778
164 446
495 42
104 718
503 922
396 199
89 884
339 891
861 528
251 945
685 943
94 305
32 917
778 600
716 249
379 858
941 830
92 432
490 926
691 727
527 495
335 766
816 158
549 878
306 400
643 976
598 100
583 675
303 572
932 412
242 314
386 553
330 162
66 411
713 330
418 507
625 847
675 57
238 857
419 830
856 298
704 821
111 267
834 981
618 332
877 381
912 95
988 171
671 775
68 499
657 520
897 904
230 88
209 779
348 167
247 991
272 600
321 779
791 737
916 219
483 314
677 729
243 925
880 367
803 289
8 39
761 914
218 473
394 798
371 430
517 412
243 89
558 460
687 755
73 651
184 544
783 837
981 288
218 956
539 860
647 50
610 328
274 454
587 100
129 849
802 421
995 292
827 105
301 726
488 367
218 222
81 548
26 373
528 580
974 172
842 816
220 850
200 291
412 897
891 617
268 831
584 347
196 571
884 64
546 436
306 336
817 618
177 768
307 466
885 441
45 249
184 613
319 988
747 627
316 400
265 174
150 283
633 458
634 405
362 571
250 300
798 984
24 473
426 76
183 307
123 221
583 258
68 56
143 361
751 813
248 340
30 833
126 860
212 445
678 218
334 12
998 613
571 140
553 113
188 745
217 266
269 22
372 499
971 25
440 576
549 604
877 389
545 634
42 765
692 157
809 454
331 387
5 406
180 138
299 461
205 634
569 82
607 552
693 813
589 678
923 790
647 12
547 820
923 116
23 574
937 208
839 971
66 692
6 111
879 516
543 967
760 554
49 151
480 664
447 257
624 12
492 514
560 673
852 488
666 815
120 18
94 748
499 186
126 382
237 247
581 220
819 49
402 179
253 966
601 564
339 593
922 204
988 25
836 15
772 124
65 27
262 828
697 534
113 676
349 803
547 719
334 49
157 351
149 218
214 530
373 210
373 722
66 934
66 476
654 759
237 859
733 558
4 296
64 785
392 880
162 736
887 83
435 527
820 244
110 510
290 94
515 920
127 148
370 732
273 145
234 32
201 988
189 86
348 207
676 642
176 979
107 895
387 588
359 892
152 528
260 921
717 404
114 48
387 549
56 763
10 44
280 945
679 68
943 691
820 402
347 894
648 108
154 635
144 746
114 839
681 98
44 10
415 506
646 402
160 537
355 140
810 333
677 667
969 246
57 361
347 787
740 669
604 153
206 511
408 676
205 211
831 742
667 486
479 409
810 544
532 321
759 601
944 327
359 371
90 22
354 297
720 858
226 698
674 394
52 298
734 429
993 466
213 358
834 987
879 637
540 434
605 320
705 729
842 62
843 262
134 952
386 660
840 752
930 482
120 781
125 221
98 108
589 708
954 449
185 154
39 513
296 602
834 314
213 874
440 713
454 877
892 40
49 438
858 75
992 951
192 728
996 106
587 127
415 54
116 618
825 699
746 10
113 741
419 994
165 920
251 735
739 608
961 522
650 945
600 550
121 880
135 442
265 214
262 68
91 234
209 666
684 734
843 189
269 17
955 315
32 604
369 187
202 462
622 889
43 552
13 703
17 181
335 766
718 667
574 941
15 883
534 361
32 175
617 342
226 816
836 327
75 442
469 227
799 254
61 853
522 539
232 964
745 144
843 592
43 882
473 880
136 422
533 29
491 203
900 500
925 330
853 854
565 39
217 819
192 735
45 519
220 436
884 629
757 863
516 445
148 734
909 958
388 241
73 14
601 124
336 722
699 367
648 983
916 752
597 488
422 469
600 36
497 65
109 3
244 156
525 952
738 27
268 192
78 899
418 3
310 284
284 691
231 782
886 623
721 294
825 753
411 432
777 920
341 769
227 731
612 954
557 834
44 408
748 684
670 725
523 556
333 287
164 886
920 403
238 192
232 598
956 271
63 773
349 732
443 187
867 180
451 23
187 894
688 489
252 854
113 313
820 944
439 139
399 648
277 605
204 85
863 969
493 713
194 198
408 269
718 39
938 27
141 649
107 114
150 745
28 636
498 431
590 116
580 383
833 221
86 777
225 17
147 367
216 661
576 789
735 76
951 354
640 384
925 776
789 223
564 905
829 414
230 820
615 505
673 449
333 806
475 628
57 469
94 234
701 11
181 532
844 26
268 669
763 337
204 422
271 647
566 160
225 745
588 651
343 108
143 8
837 127
386 949
880 833
572 235
659 524
959 893
337 74
894 924
273 905
953 177
897 16
879 171
128 948
328 79
909 168
201 394
176 531
953 818
330 77
237 264
182 127
531 392
642 2
299 681
886 547
186 267
460 909
880 992
24 909
186 574
29 222
694 932
555 170
537 632
56 956
709 701
311 987
604 705
835 7
301 544
638 830
323 888
162 550
845 483
867 431
199 287
317 821
689 28
738 481
953 331
281 605
119 11
124 602
369 121
825 885
903 971
596 143
436 271
420 782
535 835
465 385
2 33
487 940
187 680
338 995
168 650
558 845
449 139
22 654
142 985
731 343
972 566
236 999
139 156
594 656
132 212
392 516
273 612
362 413
720 227
823 695
791 356
147 73
868 843
202 390
687 988
829 286
439 791
633 619
902 139
42 447
373 603
78 237
796 153
330 972
350 901
995 945
24 605
589 310
742 193
20 885
862 823
967 839
943 485
392 408
706 722
840 142
517 825
979 206
148 124
130 460
716 233
558 851
593 905
251 245
795 334
278 594
764 499
701 525
298 262
896 215
148 661
611 828
348 811
752 171
485 355
53 26
192 770
238 528
805 942
296 526
370 266
865 102
180 768
490 443
767 814
597 260
133 377
34 890
787 518
349 58
13 877
717 904
873 860
183 495
724 731
473 543
719 948
140 648
995 115
402 242
250 201
424 33
192 990
226 502
415 275
868 792
974 723
232 699
30 185
58 617
804 172
878 543
595 212
136 742
826 630
753 653
794 308
835 183
942 86
4 324
633 675
928 919
892 791
317 245
615 849
632 594
219 88
732 58
786 241
405 373
61 943
295 177
934 466
656 498
622 303
23 394
222 813
271 26
746 129
887 772
563 437
933 375
177 324
662 454
98 861
215 893
397 109
806 516
860 691
625 283
135 45
366 710
215 913
193 984
307 78
126 57
807 313
187 125
669 245
823 973
43 972
567 116
307 928
303 780
479 343
839 848
828 343
325 48
412 216
243 475
747 805
412 609
551 851
911 37
698 945
392 833
207 162
315 167
330 885
473 187
695 940
451 370
43 612
167 384
663 543
714 46
708 863
984 174
37 39
521 897
669 538
105 347
752 23
831 150
646 991
479 962
505 140
638 548
307 460
884 313
525 778
435 935
197 601
487 497
64 993
321 279
433 890
814 249
384 950
865 882
424 216
158 897
834 51
354 929
773 44
608 431
109 994
861 220
429 825
466 649
356 804
368 342
284 420
231 266
258 933
29 467
629 909
573 797
649 472
742 706
951 400
110 939
326 984
573 233
708 899
628 458
808 777
208 775
255 22
143 941
307 957
256 254
438 745
450 256
603 327
310 623
962 477
926 588
983 794
516 321
692 459
250 937
130 594
350 577
546 526
137 116
84 833
709 110
268 679
345 755
891 999
387 170
421 693
984 304
970 628
488 961
167 720
606 703
603 93
613 975
721 80
134 196
418 243
304 981
630 979
901 315
446 819
735 404
750 236
89 781
94 57
353 644
516 766
716 706
153 222
315 20
913 484
515 61
355 966
413 269
322 683
967 456
319 392
528 436
659 7
318 121
620 150
533 721
160 746
668 845
708 746
436 87
313 713
55 368
319 330
290 29
727 313
215 220
500 93
107 186
686 147
541 506
665 720
910 711
357 593
713 274
977 531
902 465
62 274
782 228
242 60
886 69
359 727
865 209
811 661
806 437
83 998
487 239
542 203
611 660
278 157
745 466
892 357
311 295
123 887
923 630
97 954
295 588
187 86
366 616
222 348
500 244
301 296
299 236
363 153
116 370
850 285
741 548
833 847
254 377
158 934
532 379
203 833
956 311
701 200
894 323
353 43
40 340
51 582
920 407
872 351
689 629
716 358
430 672
532 202
782 440
953 943
115 799
904 288
843 699
20 902
331 583
77 85
486 419
383 841
962 75
887 637
676 672
31 616
574 480
682 234
640 685
41 673
609 107
216 823
664 938
663 653
756 533
275 979
181 2
13 954
159 901
353 780
755 5
250 185
960 1
818 830
560 979
938 516
367 200
559 887
662 96
699 438
509 998
725 668
375 244
515 430
818 406
237 297
452 657
955 759
499 277
970 63
252 739
195 494
392 963
959 694
72 509
577 224
740 606
648 509
714 751
807 541
762 199
781 521
200 883
367 753
745 964
375 228
743 225
429 116
876 402
843 873
136 684
507 973
1 541
158 979
404 277
757 729
604 764
514 633
336 313
297 947
770 745
245 138
202 602
191 17
132 47
293 54
798 298
380 926
966 235
788 781
431 855
33 543
420 313
882 457
492 88
686 821
571 450
417 902
911 953
358 253
270 915
342 785
861 617
478 179
915 258
204 359
673 856
553 921
39 412
359 232
841 451
85 931
395 985
625 338
153 85
708 57
167 788
485 589
967 988
529 967
366 697
210 21
756 50
858 921
780 378
874 373
492 324
131 210
593 88
230 732
461 338
583 84
817 834
460 851
883 368
347 320
54 117
457 942
147 766
616 154
612 313
528 327
40 736
9 896
594 441
455 611
370 453
619 924
839 967
47 134
981 483
58 665
900 905
240 833
341 807
972 329
265 677
310 857
90 796
962 96
344 306
936 492
553 160
789 146
512 708
268 36
746 397
46 801
19 446
795 404
494 886
22 858
202 794
536 511
331 927
690 454
913 792
971 325
52 983
179 50
62 583
772 631
134 164
285 801
696 100
937 151
397 379
624 359
497 300
292 838
8 33
320 528
22 111
417 298
764 430
778 530
849 628
617 451
717 703
373 651
966 785
637 720
820 884
914 460
649 505
686 249
802 925
464 568
372 291
712 102
334 797
438 496
984 441
729 469
414 783
952 489
217 25
444 585
115 614
231 946
337 502
783 270
678 732
517 197
38 861
483 422
557 328
917 866
438 167
422 528
817 962
654 966
540 962
402 712
630 348
789 552
933 727
538 821
76 248
16 199
644 492
332 716
468 852
292 215
425 709
152 837
328 280
812 355
630 799
709 721
121 476
842 211
161 813
715 449
529 628
320 236
880 45
639 103
284 847
578 285
455 309
502 301
460 482
919 980
524 233
472 691
169 24
170 726
365 494
98 181
377 432
931 106
159 905
563 108
95 386
855 712
843 902
291 521
393 422
415 773
710 877
383 925
711 986
929 114
537 19
744 449
709 255
193 345
584 655
308 444
453 705
489 29
234 88
653 816
585 55
843 350
333 590
212 329
891 329
680 299
962 355
613 73
197 49
159 502
882 483
866 427
139 30
78 350
204 432
955 626
731 637
283 481
552 886
621 792
994 731
172 260
761 659
30 701
825 154
923 460
13 964
700 748
655 930
499 487
780 177
780 535
199 878
977 218
454 141
331 829
407 132
747 262
497 691
345 368
477 829
122 855
318 804
650 14
979 625
118 967
742 919
399 969
108 916
542 921
679 125
26 301
519 460
316 832
782 471
263 683
304 354
496 776
970 81
855 410
761 795
984 739
756 789
179 562
653 923
933 41
283 108
714 509
309 16
684 832
572 578
462 142
561 382
767 187
402 21
20 702
126 577
285 265
929 816
287 952
800 507
69 174
435 944
924 283
81 444
305 536
126 762
393 595
706 931
251 557
730 877
208 366
499 237
502 111
430 946
159 850
581 700
629 978
65 915
197 115
759 268
647 676
998 223
708 880
777 228
512 519
924 957
165 565
7 94
385 170
859 147
852 365
446 720
327 785
813 44
654 692
600 104
306 149
872 563
288 783
452 231
181 92
813 239
557 483
470 114
955 353
931 128
304 68
996 50
65 376
875 659
846 377
311 614
360 384
596 399
138 23
719 925
303 756
227 641
841 628
874 174
858 110
785 854
206 868
497 889
129 780
241 164
504 193
228 365
592 439
714 307
519 664
598 297
22 912
993 534
412 890
280 883
400 217
993 682
272 187
810 966
8 46
499 475
662 971
420 963
764 771
619 738
850 416
122 673
12 650
186 849
71 657
855 219
935 430
415 697
591 429
351 859
377 307
809 644
288 309
295 999
846 552
23 943
530 749
864 273
319 739
409 313
459 295
422 732
800 13
918 258
329 540
849 759
329 168
310 383
920 176
598 267
290 337
522 210
305 433
228 778
9 205
788 160
399 78
953 878
503 42
913 359
330 2
881 609
36 80
931 804
843 548
540 464
627 194
342 139
689 294
956 61
497 494
523 558
790 100
850 953
456 59
65 268
928 887
671 392
481 202
225 623
647 73
908 403
514 340
486 367
227 738
90 164
843 43
681 720
279 408
697 265
678 59
176 372
948 220
170 853
980 465
537 772
178 927
167 419
656 678
72 11
146 827
504 527
148 31
704 455
268 471
853 292
558 969
396 303
51 258
54 72
554 951
278 796
726 995
817 569
354 15
923 394
477 638
224 876
54 580
982 146
96 257
880 224
907 426
605 61
962 690
1 757
483 122
583 723
225 253
968 995
367 977
496 972
312 495
624 51
474 216
243 615
928 314
52 171
123 599
65 704
585 608
2 670
608 864
572 268
439 986
761 861
912 381
689 133
972 401
819 176
40 78
472 126
548 100
819 486
622 343
989 98
353 485
451 783
923 734
799 93
686 744
534 750
446 822
424 844
987 15
908 443
313 843
721 420
19 880
854 675
177 810
679 994
62 548
276 867
292 907
816 637
729 414
854 88
963 72
731 587
806 184
350 246
297 855
950 284
961 871
918 762
470 521
894 784
32 885
556 604
889 459
967 78
735 812
268 333
172 497
32 774
693 50
388 278
953 872
781 719
134 140
549 321
455 86
815 32
305 376
733 981
21 595
461 426
871 320
811 149
238 542
786 44
511 139
590 471
144 774
710 462
14 928
821 33
315 256
902 794
185 699
800 153
634 307
270 971
12 158
974 832
919 366
883 534
590 330
109 820
878 515
903 472
18 875
607 482
928 304
517 965
467 760
636 227
750 541
376 785
218 211
396 474
114 293
94 950
282 189
880 950
126 398
187 478
551 503
294 18
313 565
849 268
681 897
252 662
950 994
28 207
26 996
365 657
310 976
872 389
274 16
403 334
504 218
341 119
500 795
589 31
101 387
709 417
395 616
814 160
834 646
490 565
823 539
229 61
163 181
508 973
932 69
533 427
522 561
800 124
868 612
217 765
46 711
627 573
855 137
636 135
581 835
76 204
485 867
214 124
736 672
717 496
103 518
667 99
233 322
18 896
45 641
550 611
574 991
193 557
277 811
57 126
212 66
321 567
859 421
886 87
202 534
296 86
652 105
776 355
565 420
589 591
680 320
932 465
884 283
517 610
64 377
389 344
822 630
589 143
906 196
156 13
914 255
289 900
502 760
197 852
835 617
163 792
383 326
877 114
27 491
186 899
62 114
850 241
631 80
670 821
660 122
922 14
876 295
592 518
136 643
796 627
694 800
806 177
145 847
832 542
589 73
193 517
881 29
374 479
985 141
606 997
963 624
470 262
236 877
471 337
502 616
313 719
317 434
337 911
681 255
969 545
734 747
151 450
305 31
932 670
771 806
171 403
748 407
259 242
263 299
129 505
285 824
891 742
250 767
761 206
473 11
435 454
214 385
