6500 6500
982 585
70 675
904 223
973 251
776 495
51 331
600 300
146 55
74 741
136 250
40 278
291 812
204 544
550 806
769 130
904 158
435 660
489 202
511 429
205 952
632 310
923 867
67 573
937 904
406 982
849 436
176 998
48 486
431 388
793 496
664 647
327 777
375 602
741 108
627 23
187 80
234 481
307 466
226 985
438 451
362 124
515 532
390 500
321 89
495 453
508 828
320 36
881 689
878 94
303 524
683 341
175 24
315 15
265 498
468 901
251 258
456 310
281 672
551 330
267 809
624 856
188 943
646 348
275 570
8 526
657 95
156 55
568 171
98 858
610 242
229 671
224 841
107 625
543 110
510 915
115 15
60 276
496 562
718 381
793 562
303 297
440 807
55 771
269 243
93 587
184 589
563 24
558 237
908 858
134 345
178 294
537 729
589 930
300 744
259 136
855 198
767 221
213 649
833 824
98 495
171 842
606 950
680 530
353 878
564 227
329 309
393 768
950 544
799 54
523 404
18 733
694 780
969 417
600 177
852 762
546 743
553 826
897 877
22 865
158 58
801 581
311 42
495 613
381 151
271 814
364 284
546 915
368 849
261 854
75 180
381 173
552 589
456 292
256 232
586 608
88 268
699 847
212 212
968 37
889 522
320 220
722 227
43 851
530 235
43 615
748 606
370 332
947 472
846 830
472 817
300 9
736 99
580 326
874 11
689 74
241 177
867 754
245 491
843 483
440 353
630 237
335 41
283 412
928 287
501 762
819 248
771 110
917 404
840 691
81 217
163 687
656 307
413 331
574 239
803 98
100 757
757 223
11 45
511 10
240 358
331 265
952 954
695 377
404 670
537 707
782 346
472 104
802 719
578 640
995 583
639 412
522 183
15 223
655 708
282 417
80 745
76 206
251 725
329 893
266 24
460 707
633 949
805 191
541 731
544 73
107 10
717 278
603 22
320 225
106 672
792 670
413 872
190 668
992 431
636 865
700 579
484 995
744 52
92 908
160 637
456 359
768 301
865 909
665 258
616 310
614 500
850 151
362 532
577 158
689 289
389 841
818 712
102 508
64 807
608 875
115 892
338 149
3 441
860 530
139 358
92 269
50 448
156 149
926 739
269 236
915 817
10 415
217 242
535 289
729 859
828 470
653 938
971 427
76 371
873 916
90 23
452 198
290 146
464 758
98 550
984 354
565 934
24 661
937 876
979 832
842 382
446 985
46 801
84 419
26 645
565 685
320 728
257 246
345 642
137 992
406 545
672 361
932 143
715 61
811 34
62 624
82 289
352 16
666 834
965 738
928 998
478 123
267 800
242 523
278 255
656 199
869 489
59 728
72 334
476 237
341 508
471 855
480 706
778 111
322 788
630 221
248 606
929 997
834 717
466 813
363 198
75 374
163 307
783 48
705 232
964 105
158 386
3 497
616 889
312 448
514 486
695 853
625 190
351 832
237 213
827 863
406 619
858 241
658 648
375 842
976 816
548 936
836 616
248 513
867 549
684 176
86 956
580 536
344 97
130 609
972 921
662 306
560 229
983 369
663 504
243 847
383 229
914 689
209 37
760 617
608 652
651 987
146 502
47 343
502 612
35 692
100 495
11 160
937 200
328 380
124 206
979 16
662 8
151 175
765 607
815 904
788 688
94 503
686 179
606 653
748 132
195 756
570 640
149 298
857 930
855 624
589 872
165 381
766 835
397 598
700 305
192 928
630 211
334 542
717 269
929 424
792 51
606 918
799 974
855 728
616 133
49 952
611 676
379 659
925 740
112 570
8 221
48 164
465 66
707 208
93 781
671 199
578 302
519 67
739 762
272 268
389 989
826 321
177 65
576 75
663 586
585 311
922 534
770 524
341 135
334 556
518 284
308 676
291 643
961 503
470 851
99 877
759 760
440 330
693 906
196 818
515 399
669 523
911 807
913 888
571 203
132 15
637 855
954 553
384 127
944 874
482 82
249 712
965 803
555 928
928 154
78 285
530 942
136 53
861 205
546 51
210 937
927 92
237 864
388 786
252 695
499 752
514 968
548 953
86 354
87 750
146 465
471 694
435 401
625 754
70 180
242 944
9 470
704 1
72 780
798 323
80 751
978 436
53 313
237 477
824 804
256 984
201 639
254 851
391 848
165 125
686 379
832 426
983 945
829 931
18 131
312 150
827 601
84 783
957 163
791 620
561 488
859 752
203 376
211 474
361 367
257 597
963 705
764 968
778 589
830 982
7 327
608 342
172 327
151 862
471 163
218 427
453 789
622 969
825 879
22 42
741 362
682 558
186 419
977 620
595 635
358 646
853 490
423 203
485 995
391 930
252 311
870 156
186 930
413 719
447 341
866 755
911 824
588 515
773 359
155 386
159 718
668 502
931 103
983 11
739 65
445 257
567 719
823 234
829 775
429 8
686 163
868 351
806 381
185 218
422 416
329 612
970 112
695 962
173 821
773 552
381 28
630 759
355 191
613 911
100 123
298 414
512 256
704 427
639 231
150 869
173 282
464 716
703 179
821 487
959 419
596 874
517 893
319 911
352 800
117 49
310 5
609 377
287 948
729 251
832 745
681 604
218 169
397 779
28 941
372 39
469 578
122 556
102 61
877 443
975 291
245 367
310 240
202 259
560 18
350 877
478 338
237 964
708 699
277 653
917 609
918 653
418 385
107 570
317 822
890 605
256 146
191 101
138 149
570 958
191 448
777 130
81 431
166 826
947 858
817 557
744 102
425 262
194 177
721 306
263 966
116 224
677 525
513 331
176 258
655 395
384 678
938 212
88 219
196 468
645 998
369 32
317 36
984 656
304 895
157 660
763 159
265 629
503 890
452 111
653 351
271 130
543 349
437 791
773 571
158 214
430 658
666 50
717 868
712 543
640 226
536 562
382 270
847 223
994 560
557 903
635 644
480 876
168 981
404 543
588 256
187 364
133 931
684 307
523 476
170 532
373 241
444 813
533 223
38 388
764 327
340 6
714 665
845 87
263 928
456 130
847 296
441 637
322 497
567 358
53 265
173 211
427 932
466 770
359 763
396 517
165 693
596 32
896 623
952 758
261 520
759 642
99 177
915 506
197 169
144 986
518 819
195 35
681 143
930 38
449 131
987 229
888 624
999 456
342 680
994 848
754 518
445 920
680 439
673 809
534 2
328 979
597 877
94 759
647 145
655 563
373 694
262 921
659 842
506 227
685 767
301 178
590 406
917 499
188 776
674 594
537 133
945 805
218 540
183 549
180 368
695 609
614 152
918 802
992 499
424 835
83 167
944 786
705 346
159 257
714 91
775 895
920 855
537 750
410 807
889 892
587 320
510 691
750 561
911 421
118 31
857 481
413 758
36 848
18 543
274 710
64 145
627 923
621 412
910 741
759 16
209 217
645 530
783 7
846 574
811 108
60 380
762 240
344 685
380 516
131 226
25 596
855 728
913 800
632 596
636 929
623 398
509 265
565 794
172 43
503 943
305 698
89 833
566 849
143 488
593 205
343 615
568 152
430 39
855 707
962 756
244 631
647 164
608 654
880 87
288 878
394 725
268 601
557 375
6 687
765 64
89 3
683 490
311 523
15 480
702 584
796 209
506 445
930 931
556 877
759 526
81 328
323 584
185 681
398 538
376 580
42 86
214 609
773 69
826 339
877 872
252 773
514 631
327 833
308 776
320 33
252 817
617 213
12 634
442 280
527 200
44 31
562 560
585 51
174 379
508 54
801 865
551 75
46 980
517 479
702 567
664 934
673 499
654 464
644 190
90 487
446 528
455 87
869 237
761 791
516 153
587 357
453 228
431 509
808 70
216 84
561 627
664 662
77 591
439 600
277 865
954 121
167 626
322 82
184 337
511 745
390 149
459 632
559 539
883 680
337 319
331 177
436 407
765 289
987 59
286 69
868 956
314 227
13 541
678 571
95 508
551 905
411 34
489 583
377 502
976 414
762 617
878 900
888 605
908 630
734 713
705 716
226 244
778 744
539 338
424 360
750 671
967 414
170 816
757 472
351 41
947 648
293 1
897 745
334 908
909 122
539 450
524 205
600 337
177 21
492 680
331 456
155 268
702 359
608 407
23 705
350 427
973 472
29 477
991 368
530 34
309 978
839 225
384 679
230 624
328 177
205 749
362 486
851 400
175 39
348 216
985 453
384 202
780 575
59 734
888 507
542 517
790 426
671 98
817 525
151 307
570 908
916 491
622 925
705 590
740 293
524 589
649 458
113 474
133 383
980 921
512 407
214 705
132 946
964 735
702 367
227 327
383 672
362 788
458 653
8 373
824 649
522 522
395 264
899 374
453 78
653 823
720 948
626 130
673 334
275 430
262 237
322 75
903 508
286 855
386 602
74 557
75 609
620 175
728 254
576 697
991 14
909 696
75 384
852 96
518 416
633 621
997 955
485 45
304 321
811 67
526 655
380 196
630 34
819 995
206 830
209 225
289 681
5 174
844 3
255 853
958 667
437 461
167 893
352 88
822 521
237 995
50 682
206 472
531 741
928 939
805 719
915 453
488 54
107 637
260 979
734 730
247 67
244 58
816 122
581 63
373 645
157 467
944 941
335 183
32 365
145 14
395 871
400 347
920 184
753 83
982 725
758 845
284 624
975 74
356 501
984 568
959 879
956 876
349 497
549 44
621 745
150 270
906 592
315 722
392 349
164 500
103 595
748 133
45 72
863 221
965 209
913 417
672 851
358 871
40 222
339 993
956 454
420 518
665 912
841 139
278 39
527 730
356 472
453 241
926 611
431 924
788 279
961 745
579 944
54 647
962 731
739 511
278 285
70 2
642 666
549 227
804 230
10 296
134 828
507 34
102 198
267 790
736 360
315 278
594 857
637 931
991 836
319 575
671 862
456 623
661 217
316 558
493 104
988 120
183 725
262 353
532 721
374 340
286 322
929 922
307 755
415 218
14 139
179 984
811 215
946 936
126 619
819 951
850 62
171 417
351 730
717 835
731 890
761 831
725 426
804 811
645 367
970 130
360 607
891 639
842 163
558 168
490 611
919 304
797 319
252 995
384 698
943 478
697 610
189 817
526 383
48 670
966 763
483 737
215 597
328 54
863 666
952 600
538 233
780 299
430 709
118 454
695 734
707 894
932 631
859 954
718 398
719 908
916 903
817 941
215 644
531 309
11 583
656 442
419 545
840 173
902 885
171 921
828 590
606 151
907 483
498 358
299 489
755 178
574 585
281 359
937 794
642 920
379 650
828 232
177 281
298 627
621 816
138 953
585 158
587 890
279 561
970 376
648 389
351 345
143 392
458 525
529 944
460 686
697 606
466 818
754 98
663 877
973 413
815 580
830 422
82 564
169 91
960 919
868 434
314 169
304 469
632 772
447 763
967 807
730 487
391 885
302 556
767 996
633 423
213 400
681 87
618 506
586 407
215 532
167 703
672 798
194 32
321 388
612 512
828 517
880 430
584 889
362 77
685 545
990 692
182 240
682 754
349 889
134 568
402 367
871 612
156 861
975 204
174 747
194 701
574 923
30 513
263 914
927 794
461 283
4 554
923 739
721 307
636 442
420 484
863 608
42 990
282 844
715 547
176 542
843 490
231 647
921 139
196 904
807 896
708 872
654 680
539 272
339 571
755 148
615 141
264 41
325 264
681 650
308 70
156 854
181 941
911 627
492 794
74 301
56 609
243 233
120 569
89 225
358 114
645 554
164 446
277 370
784 884
629 102
771 110
66 439
429 523
647 887
744 177
19 585
256 561
702 815
86 818
122 176
768 947
478 900
409 369
666 622
707 558
900 252
641 662
300 837
806 648
544 542
603 565
933 99
589 683
88 426
549 630
977 496
218 421
18 897
160 246
242 364
819 891
484 597
946 591
988 357
410 307
470 373
817 120
318 169
35 728
409 947
592 734
602 2
673 488
50 480
412 738
63 814
758 691
716 617
143 276
308 584
499 361
974 939
785 749
141 35
740 900
491 181
488 842
100 736
56 78
403 41
996 573
571 181
362 974
616 126
318 871
78 700
452 258
353 598
953 494
615 955
405 435
724 437
999 9
77 649
714 482
682 753
27 619
859 482
30 187
695 991
737 6
808 976
440 640
497 65
884 227
57 340
6 391
339 219
10 651
546 119
220 154
625 140
892 413
127 700
328 720
940 692
326 247
726 428
373 580
463 403
437 200
361 508
625 354
164 195
910 915
757 814
830 372
977 352
794 922
852 903
559 795
684 773
771 182
800 405
460 594
924 146
507 742
681 121
684 544
333 725
788 765
973 914
869 153
720 74
438 223
482 684
85 477
593 35
260 147
365 851
633 734
941 558
428 271
60 11
98 369
621 443
24 599
282 690
291 108
603 42
303 104
412 404
140 307
376 69
762 840
618 365
187 743
689 666
350 14
28 632
660 198
861 105
875 83
384 16
249 940
169 703
218 51
469 25
917 673
834 579
654 894
800 524
68 430
376 605
184 310
246 609
449 514
900 497
386 322
850 113
365 753
187 876
23 258
357 203
568 652
979 953
280 916
237 241
130 282
173 604
455 647
336 539
874 59
100 71
307 203
240 978
636 230
604 13
185 852
789 289
474 503
554 997
652 327
892 464
135 5
675 726
196 554
865 677
319 102
34 809
931 149
363 598
159 898
461 845
943 389
789 292
832 85
972 79
984 241
915 176
207 526
675 937
809 390
938 463
222 518
818 327
394 421
438 434
240 741
496 155
871 849
655 744
532 546
986 735
215 71
115 90
837 612
468 459
275 197
934 581
481 315
403 258
795 71
720 209
20 581
924 438
320 950
638 392
666 970
77 364
604 161
292 113
607 49
144 399
814 904
623 956
258 215
834 655
365 263
6 491
929 37
443 711
928 901
634 247
891 942
246 444
99 208
413 753
44 940
60 898
223 807
525 266
103 40
724 523
367 922
281 983
581 552
569 549
447 280
377 368
549 194
18 506
369 906
877 278
838 553
306 146
111 785
302 487
49 248
970 318
988 208
787 901
840 414
66 857
921 325
641 232
125 637
139 249
986 526
682 817
837 536
714 300
614 193
356 282
662 648
519 49
302 496
278 531
319 119
625 633
639 564
156 799
869 121
426 680
373 698
547 537
748 449
350 153
160 738
846 796
942 199
139 112
147 213
224 813
327 863
993 881
610 334
539 962
722 778
497 666
209 24
670 189
655 339
759 22
660 446
400 33
187 29
332 871
125 99
222 731
952 581
18 290
937 233
49 110
274 99
348 302
639 964
251 223
202 824
522 894
116 598
455 80
219 326
802 48
596 983
757 567
653 953
704 655
315 114
563 457
343 817
766 708
926 699
855 990
549 671
326 225
865 168
592 325
565 414
919 182
128 549
438 560
82 773
450 704
730 305
450 239
293 485
312 565
581 163
399 642
985 279
294 606
755 35
839 913
122 204
341 515
357 655
190 845
85 711
637 938
629 759
995 170
877 256
914 223
75 248
77 132
470 62
339 465
237 556
928 444
583 784
310 766
104 462
154 419
711 819
587 763
552 651
511 264
517 29
370 305
863 956
693 449
378 824
464 540
236 890
475 130
902 864
313 399
58 200
769 806
506 244
709 635
303 695
916 160
416 489
431 961
782 737
808 877
119 839
286 88
98 7
788 215
488 168
447 288
878 70
406 647
288 61
918 73
168 754
213 848
567 664
895 301
366 187
362 478
533 210
30 907
73 690
839 896
655 498
691 817
223 317
221 374
672 940
339 142
654 203
685 525
864 780
100 968
713 921
181 888
694 149
689 557
516 266
533 251
234 143
16 19
247 144
653 531
975 187
324 855
470 948
535 968
367 911
350 803
554 832
94 995
186 254
411 162
480 524
797 186
513 907
129 29
617 320
542 738
331 843
669 346
464 73
48 329
962 855
59 167
632 594
165 267
970 577
360 631
733 818
520 324
928 111
215 808
411 960
903 25
59 81
1 880
137 16
750 484
714 929
637 882
637 477
413 333
814 53
423 883
621 329
192 659
220 986
862 686
154 823
984 870
10 631
542 343
365 908
408 216
576 766
789 970
381 758
485 240
718 102
534 186
587 5
141 550
818 324
38 607
366 252
52 271
268 640
96 847
663 930
465 350
383 397
485 69
444 8
474 793
903 260
121 559
285 299
794 116
586 439
806 514
118 833
810 81
118 501
988 301
270 444
459 996
393 927
245 264
224 430
404 692
855 505
957 865
290 242
345 447
844 1
61 977
139 76
668 613
819 716
284 979
911 303
681 653
109 406
682 252
533 853
359 468
565 22
897 408
318 460
392 116
434 877
313 38
261 157
329 311
85 417
456 226
503 647
269 913
270 417
761 1
484 446
216 556
577 659
422 948
64 463
79 728
191 118
107 274
985 674
981 31
289 472
991 364
817 107
900 7
924 36
600 296
461 489
297 270
749 220
42 454
243 463
499 395
756 664
250 319
613 98
100 990
293 163
120 429
641 393
46 319
600 616
7 392
291 772
951 639
415 186
539 78
29 549
630 476
839 166
368 784
710 580
450 210
832 427
29 104
577 242
681 518
651 789
407 259
912 540
128 514
123 903
563 991
743 327
629 75
502 746
831 268
955 738
802 145
936 903
910 170
427 761
664 695
569 620
218 800
128 874
414 546
675 849
479 873
692 59
86 480
41 449
561 174
108 399
202 458
854 190
908 884
773 113
129 346
351 766
494 716
409 725
552 156
835 314
473 347
247 83
109 451
458 485
87 842
996 611
424 844
490 236
918 849
947 837
696 6
302 913
548 880
10 396
53 227
958 338
713 400
67 792
838 59
653 795
804 325
444 444
190 307
545 53
443 658
267 532
649 810
587 780
552 233
48 962
370 473
281 932
835 784
546 703
363 321
628 177
204 287
950 696
530 332
99 75
790 117
462 489
436 579
451 621
58 234
277 233
816 371
101 269
336 549
34 440
58 619
670 822
33 870
81 311
57 642
19 818
580 7
544 82
149 974
317 564
539 687
416 183
171 13
862 995
481 449
984 698
43 833
684 620
29 784
551 799
458 451
135 771
919 624
768 138
705 414
220 31
640 521
348 155
168 202
878 849
235 426
526 213
181 715
586 927
976 985
130 828
910 698
302 708
71 101
474 398
44 605
973 233
193 707
824 312
657 650
562 620
392 726
843 794
179 688
295 727
877 742
498 110
689 778
509 330
585 681
407 112
628 94
537 779
139 419
480 202
206 455
476 645
265 238
990 438
347 535
117 651
76 77
940 522
412 454
204 170
275 484
606 831
924 817
931 285
436 135
184 412
417 557
644 454
892 720
111 422
681 312
766 841
231 408
335 907
857 109
155 923
420 24
665 417
996 26
534 713
921 962
51 990
295 868
468 640
343 758
418 819
92 251
199 977
756 369
343 443
647 989
70 839
263 509
468 405
35 381
210 506
965 8
529 87
296 990
655 547
686 468
918 12
620 906
524 141
666 969
952 402
911 761
824 878
791 963
639 947
719 253
864 788
829 819
551 492
364 241
409 123
275 466
750 688
230 705
802 861
319 996
826 597
266 9
42 869
345 22
454 160
631 786
607 2
794 835
225 147
747 680
613 64
45 891
793 460
730 461
822 421
605 984
685 88
28 229
111 418
80 150
625 67
198 892
152 965
464 461
65 694
259 582
382 439
652 486
858 261
608 617
983 817
431 527
747 886
494 784
719 833
405 821
527 507
141 386
516 450
745 385
81 501
276 855
719 89
749 32
355 435
238 549
831 36
404 70
429 342
932 923
768 926
472 475
924 676
783 698
808 142
515 77
404 941
883 783
324 878
703 89
583 520
718 215
654 356
242 291
844 744
807 530
709 358
186 514
346 393
386 330
2 496
399 59
760 278
725 184
170 821
160 475
419 330
645 707
520 392
308 764
558 455
536 856
779 333
225 165
879 600
974 259
773 793
930 1
375 777
908 620
465 665
626 947
785 787
130 101
325 552
943 189
665 225
398 878
364 260
719 808
92 114
587 279
184 273
920 761
471 621
404 245
210 323
695 383
151 223
713 96
404 22
343 987
902 62
314 296
411 984
663 11
72 411
162 227
711 388
150 40
96 288
707 939
72 463
866 410
825 924
465 996
322 59
811 657
480 31
605 898
535 396
435 831
701 12
208 413
791 905
619 821
565 920
863 666
817 26
951 534
315 37
683 388
949 876
136 442
296 361
505 685
490 162
846 356
78 289
119 944
979 774
767 451
778 727
699 639
254 243
121 686
532 705
90 655
27 545
285 19
50 135
959 498
692 113
328 386
833 676
706 657
437 865
66 920
430 337
987 879
972 981
666 596
521 813
28 868
78 304
675 729
152 205
458 157
252 563
815 347
732 718
283 510
655 552
993 352
96 945
388 743
140 884
553 522
556 847
608 247
563 496
747 445
272 214
696 276
535 358
64 559
728 479
263 235
917 629
489 888
638 194
835 282
353 54
190 809
364 393
982 301
506 781
782 29
236 858
701 57
116 397
15 211
615 265
31 654
256 666
179 620
71 987
695 666
563 616
20 952
369 304
545 964
909 755
719 531
705 544
683 812
317 515
132 157
954 733
445 833
752 502
720 101
329 560
137 159
579 3
390 119
321 229
337 337
443 645
976 772
739 47
891 116
882 308
213 711
348 994
73 60
219 898
691 354
412 429
84 812
662 676
490 54
157 763
306 174
701 21
482 384
489 680
513 525
315 686
631 716
762 503
390 931
833 638
27 680
648 648
690 352
194 470
184 79
221 413
445 397
332 630
794 36
255 472
688 598
574 180
468 566
676 662
198 398
885 494
196 719
244 690
863 901
600 702
365 33
36 316
273 658
500 582
75 928
761 100
137 553
322 586
487 719
994 993
871 628
201 44
607 453
185 669
425 870
505 998
154 581
79 153
363 248
439 179
964 949
24 770
820 964
826 194
953 496
307 549
427 790
746 866
825 951
921 155
27 883
613 777
266 962
707 476
760 132
709 867
674 265
877 672
264 423
482 527
368 170
709 126
552 126
704 640
65 676
893 639
397 507
632 330
798 518
912 645
318 373
540 219
677 992
732 581
194 393
208 786
812 139
551 519
978 132
4 551
41 503
423 564
43 956
710 559
768 799
459 707
920 552
53 501
128 676
300 933
184 162
104 380
595 881
830 829
848 571
582 11
745 636
554 432
29 952
76 370
777 459
936 983
237 457
285 560
305 855
616 264
523 603
874 951
171 214
726 546
826 156
644 153
866 747
665 530
913 503
218 937
197 894
121 406
140 230
146 876
224 803
486 328
558 523
273 36
483 698
114 101
448 719
757 670
382 961
800 25
217 227
647 276
795 45
314 658
177 212
805 532
184 687
614 630
826 706
710 202
784 880
683 673
792 794
752 838
787 865
553 444
584 199
562 717
360 108
582 857
3 481
969 174
490 361
408 353
236 790
330 95
175 920
553 900
127 841
140 80
137 519
796 37
19 247
42 354
889 785
405 915
295 870
311 69
316 975
981 994
521 338
517 636
125 904
239 6
34 857
322 470
722 794
953 779
863 379
365 774
677 457
203 316
322 266
2 239
167 585
240 602
470 408
85 826
749 62
732 172
620 839
536 367
880 720
87 579
676 443
204 983
63 51
877 155
429 8
190 213
368 135
290 340
926 294
951 686
495 155
102 936
280 397
723 320
596 775
103 291
346 479
846 228
704 507
8 494
786 627
340 223
639 752
117 815
754 143
731 989
20 615
717 268
419 764
319 269
989 459
43 97
448 24
195 128
40 998
711 369
902 855
154 495
191 243
273 113
558 141
967 735
964 29
121 873
66 758
968 657
876 131
169 649
184 436
462 239
790 435
340 267
520 676
685 653
476 521
423 266
248 621
15 357
321 816
292 125
285 341
978 458
244 350
685 500
281 573
47 264
484 11
29 265
688 301
798 778
872 276
222 177
199 85
211 342
51 546
298 806
71 148
35 827
204 445
133 659
457 139
560 435
447 890
409 705
191 699
842 828
819 420
677 179
8 604
578 842
199 111
794 989
825 572
42 267
956 643
722 151
630 351
12 562
857 501
929 393
339 101
566 264
702 288
586 523
914 558
621 226
66 8
814 655
390 858
834 233
696 139
636 583
850 290
403 451
710 354
132 353
606 823
846 127
185 319
89 890
161 829
166 40
348 582
740 255
74 595
842 938
104 18
508 985
940 312
993 725
298 926
154 912
480 597
67 548
715 787
152 291
504 770
142 3
181 650
602 132
824 703
166 848
932 797
282 728
930 818
790 580
567 629
321 192
350 831
399 564
287 106
105 533
407 373
182 599
693 367
913 147
972 707
441 334
683 932
417 557
186 959
488 8
879 873
147 531
710 541
22 475
702 837
617 275
724 925
504 157
325 207
696 680
974 519
579 507
516 773
36 348
60 479
598 976
700 451
932 60
433 412
965 755
579 529
601 167
112 810
823 903
601 437
589 372
795 714
242 47
275 206
446 952
593 516
907 305
689 568
989 179
136 906
603 936
157 899
890 483
968 572
457 792
653 678
493 798
980 326
864 898
797 103
128 895
238 258
371 634
790 533
180 749
374 760
690 702
52 273
891 988
183 858
421 807
338 16
387 146
294 333
986 997
189 777
9 120
989 561
493 766
780 87
493 881
568 168
999 314
429 583
587 827
97 47
351 871
986 982
426 82
806 792
165 20
257 942
821 890
409 158
85 934
269 387
722 429
314 618
592 55
163 69
341 622
374 46
46 247
63 879
408 736
74 593
202 759
94 79
308 897
504 34
125 176
119 428
122 186
572 649
212 326
463 897
185 668
726 169
166 188
83 882
191 575
758 854
497 506
607 295
836 603
186 300
680 147
428 74
362 620
553 456
302 858
1 244
211 725
266 69
997 893
44 479
178 255
577 970
781 859
63 487
260 961
75 341
999 15
28 923
843 811
460 766
386 53
188 5
481 273
707 929
917 206
112 448
4 724
480 130
808 670
682 828
743 742
212 81
2 487
96 759
962 477
812 859
783 936
900 454
966 504
345 783
394 451
952 915
796 700
199 250
573 110
469 880
118 33
493 821
610 437
330 934
884 446
526 474
256 100
710 74
158 317
103 87
997 766
937 393
109 218
929 556
304 832
102 537
302 659
360 886
479 207
248 251
835 903
123 785
934 776
462 172
120 420
858 814
135 68
561 416
637 650
759 214
379 503
989 299
605 318
314 9
100 319
311 281
362 636
540 400
773 40
570 376
577 161
614 348
547 896
837 909
169 52
901 223
133 763
990 693
363 101
901 173
972 777
129 336
515 19
809 163
472 815
871 805
573 845
641 520
280 586
941 521
6 512
631 729
316 333
622 678
910 955
357 864
16 144
563 242
753 518
192 920
709 437
477 123
528 8
428 330
180 293
701 316
272 466
857 708
445 401
180 299
67 873
113 913
341 191
447 232
334 927
663 130
68 771
821 776
380 454
506 709
557 934
577 12
750 500
255 554
695 438
736 818
556 851
751 114
567 50
402 880
686 123
687 640
309 819
352 888
640 874
443 790
890 970
38 344
995 2
802 820
981 356
331 717
996 54
269 962
51 183
845 115
651 958
7 163
439 681
294 575
634 395
937 54
890 266
451 627
969 487
346 104
585 588
466 443
61 490
431 912
176 976
279 494
79 731
695 913
156 402
280 361
306 409
266 779
882 837
667 41
394 560
525 747
698 687
97 17
329 50
485 778
432 571
109 137
50 799
90 471
912 941
572 862
117 559
249 176
236 463
936 815
4 503
892 128
888 809
971 946
720 762
866 911
648 921
902 93
541 642
679 925
268 659
942 674
600 264
416 22
134 14
992 18
906 726
672 452
473 732
991 951
834 626
537 173
930 604
721 953
71 56
335 374
2 214
46 841
309 253
831 907
992 255
240 769
777 456
573 92
196 649
919 211
761 470
454 510
59 624
180 273
133 17
460 390
445 198
81 959
850 370
156 200
834 228
805 254
956 982
340 300
467 774
796 577
352 197
993 493
287 872
291 473
765 516
787 336
246 982
690 295
385 777
345 603
372 582
185 757
886 83
631 875
511 470
139 713
203 35
766 375
81 237
659 257
86 50
938 284
816 545
303 166
286 325
269 519
471 480
746 713
892 493
383 331
676 739
355 810
704 875
464 80
396 796
656 564
235 764
157 777
699 688
347 179
640 387
529 217
980 737
428 401
195 656
662 762
242 153
86 91
852 405
997 492
532 640
557 912
691 694
335 435
360 734
914 212
684 919
449 863
314 346
212 547
875 930
458 562
590 753
985 905
478 33
94 76
659 227
839 967
525 458
25 31
662 25
344 781
737 299
321 824
727 463
120 657
100 123
567 363
861 531
885 376
45 918
506 586
498 467
542 760
392 936
249 397
873 588
324 170
710 560
456 202
915 640
550 893
284 497
296 897
310 76
386 994
426 304
398 391
728 934
996 599
846 516
619 963
127 745
755 644
120 973
888 283
997 773
754 600
47 449
733 832
180 545
645 830
114 726
95 461
997 592
880 120
457 673
154 849
619 196
540 987
736 852
486 412
413 77
676 169
134 958
468 102
376 945
953 561
558 453
512 177
840 600
400 680
402 954
94 4
437 223
474 607
916 176
74 697
473 181
772 449
594 136
751 347
269 141
268 220
935 911
489 219
254 273
489 639
769 162
827 846
357 62
342 239
965 72
120 901
537 154
219 287
192 596
709 966
958 545
97 905
468 473
425 406
644 840
286 621
439 752
315 891
839 495
923 879
829 262
560 918
763 686
610 206
913 613
155 181
127 709
708 494
56 493
204 512
567 231
790 467
146 466
27 736
745 854
948 753
467 812
124 276
786 659
796 26
69 925
230 17
261 283
566 400
932 441
397 582
514 633
483 13
832 677
72 353
964 971
679 178
511 141
697 146
121 882
10 376
859 40
652 454
830 330
886 323
485 97
641 720
362 424
560 359
900 445
895 84
674 134
414 154
650 290
888 938
674 666
898 35
5 945
875 766
797 472
260 692
470 273
147 527
205 172
545 365
422 388
54 693
330 182
871 853
740 838
727 273
694 765
871 402
77 809
656 878
968 172
720 312
440 635
236 131
838 57
399 898
853 498
622 970
130 852
709 652
243 45
639 896
49 175
802 641
318 167
112 240
678 38
767 604
434 645
864 490
347 203
613 899
821 140
471 520
842 419
956 113
409 52
603 649
742 987
486 880
817 883
561 47
176 937
838 135
407 10
130 92
421 27
13 790
113 298
445 396
846 869
773 730
686 589
205 286
129 54
860 956
571 236
854 202
248 290
772 351
819 831
702 884
424 182
696 419
801 28
280 871
683 407
87 414
504 49
583 504
696 83
898 959
357 782
445 289
690 413
826 851
290 977
476 769
311 757
225 42
922 856
252 48
287 325
270 686
38 551
427 728
940 282
75 278
414 750
122 256
225 993
518 245
440 154
403 639
260 884
119 75
983 766
262 895
451 23
990 713
709 992
161 379
416 469
97 774
381 329
769 76
358 345
79 259
591 43
275 153
541 910
977 59
803 626
383 401
567 73
166 265
726 598
122 113
17 265
774 547
504 508
738 347
591 83
103 157
748 41
757 108
825 499
7 962
908 638
388 606
639 162
478 402
283 350
724 254
422 504
542 22
243 603
367 846
970 994
187 936
469 919
81 942
865 671
191 430
939 403
466 599
98 673
883 695
945 965
184 240
510 207
813 830
918 857
39 900
694 600
944 540
122 282
570 588
244 68
217 409
530 360
629 323
587 656
571 120
4 37
157 454
137 988
889 780
324 798
384 785
626 166
297 336
863 931
993 152
160 217
682 892
674 754
843 609
152 236
315 428
371 710
682 864
207 434
936 13
614 999
353 79
594 800
940 379
142 782
817 504
955 650
137 297
938 48
291 994
803 311
930 66
626 799
569 559
552 425
610 348
252 735
58 329
322 273
271 950
94 656
487 406
895 837
905 733
457 364
506 655
9 227
58 7
888 965
715 789
1 926
623 381
650 295
677 391
157 790
83 350
579 336
775 162
5 79
590 829
197 632
936 305
857 351
460 715
541 872
593 65
642 946
758 133
663 743
284 175
615 750
787 261
499 718
498 251
934 599
287 347
196 588
840 972
855 895
28 647
155 735
597 386
479 244
252 191
72 606
662 201
903 49
856 511
883 347
566 432
75 836
12 323
307 569
327 237
389 380
994 358
398 497
326 212
73 944
780 475
961 111
345 811
613 536
957 623
895 680
462 378
879 307
481 789
950 648
200 822
385 144
439 594
843 472
21 570
914 922
136 65
909 191
218 993
30 56
944 579
604 746
894 753
204 699
909 276
552 434
177 58
378 259
429 320
747 517
618 561
302 175
802 630
581 99
589 792
846 922
333 401
101 925
666 943
794 12
264 34
274 549
919 83
870 774
674 203
80 908
16 153
917 438
41 921
317 807
195 844
494 549
657 962
960 889
369 661
814 390
238 975
100 822
347 277
960 888
14 998
368 109
785 315
222 102
855 791
622 964
37 806
512 527
516 810
774 106
123 66
80 641
123 402
974 756
411 788
926 623
941 719
31 652
356 428
60 936
206 44
115 117
860 916
207 805
510 988
312 362
152 551
309 240
605 387
69 504
960 445
884 28
214 893
930 480
14 482
823 862
95 339
415 796
309 604
51 915
411 996
522 147
900 232
940 662
169 377
898 190
17 692
654 257
960 893
713 376
742 957
310 632
700 345
805 159
869 923
626 397
632 7
829 134
180 837
91 494
384 320
531 415
316 913
35 977
447 104
853 660
159 989
643 197
933 477
498 646
524 124
466 860
710 306
383 873
85 454
65 691
816 885
839 239
340 729
517 974
376 423
625 290
623 217
361 30
831 850
602 250
908 17
272 792
702 282
611 317
662 931
252 824
940 882
267 670
66 105
376 952
383 766
686 944
366 547
816 452
106 910
512 766
224 832
153 658
938 760
682 346
711 482
976 493
261 362
496 954
820 439
757 440
752 813
894 799
160 74
211 346
801 65
654 531
822 265
94 232
855 255
269 212
442 694
671 517
282 557
140 320
903 195
826 158
101 918
619 688
986 16
424 857
414 158
974 719
340 714
852 963
677 619
879 478
579 714
447 437
751 543
352 27
461 436
422 226
831 657
613 658
114 42
934 320
585 12
894 826
729 755
495 254
92 31
399 709
324 96
673 35
696 127
385 781
547 681
679 355
609 6
987 993
440 982
23 411
382 340
654 431
484 940
56 863
166 578
283 972
514 999
701 71
324 121
367 425
768 354
683 824
450 479
313 222
132 486
38 6
133 448
799 780
163 65
27 215
391 115
215 246
632 187
172 883
302 469
608 791
150 230
318 96
449 327
143 985
403 700
38 945
177 914
842 509
614 666
518 36
395 935
222 993
277 625
99 933
664 641
744 162
730 76
395 623
130 978
533 229
732 800
61 649
753 591
717 922
416 148
144 956
469 732
934 294
606 743
337 991
188 324
565 358
379 13
930 891
497 970
302 968
481 621
720 580
721 467
643 363
456 347
235 465
35 886
30 695
165 712
522 696
572 499
66 745
207 184
780 732
416 467
833 778
959 672
156 433
432 506
346 762
269 971
179 295
373 103
394 503
637 225
360 652
79 823
625 169
300 671
783 191
522 123
316 839
852 776
655 375
495 489
142 605
746 991
401 546
732 781
631 680
451 516
694 644
444 361
359 402
673 938
486 121
644 514
285 313
669 417
671 692
648 203
640 856
391 964
712 961
727 112
779 619
92 569
928 680
391 879
672 785
420 174
992 51
101 359
431 888
215 146
576 309
157 323
280 866
750 24
104 890
202 736
776 502
417 162
357 571
651 655
776 493
269 600
701 863
629 818
238 461
440 610
101 170
258 992
465 18
360 959
973 306
488 803
556 793
472 919
322 611
841 906
295 662
102 845
235 136
449 617
813 82
617 389
415 288
550 68
17 135
773 117
480 880
238 416
169 556
202 410
122 590
219 585
867 909
771 852
905 127
24 869
338 998
862 498
748 936
582 266
336 931
271 772
954 147
446 835
865 518
911 250
3 863
234 226
597 942
925 366
845 782
778 49
19 577
718 384
1 200
691 347
221 898
471 528
920 153
525 453
266 735
295 498
708 599
633 851
172 160
904 665
216 771
406 190
803 338
686 570
432 622
671 900
259 684
17 607
191 337
80 239
728 732
220 690
737 886
506 471
340 336
577 64
72 75
990 894
233 101
427 705
970 89
472 102
187 613
517 719
40 845
170 889
460 578
919 693
740 369
725 672
524 875
935 4
920 570
627 239
410 972
218 851
437 636
60 544
505 26
435 294
886 176
862 650
778 969
388 542
208 933
842 192
751 833
67 224
792 383
561 724
446 515
789 669
729 462
950 174
334 87
6 436
612 128
383 11
499 734
577 274
69 641
542 816
650 153
650 452
392 338
226 329
982 911
168 58
82 87
183 793
548 937
34 846
799 941
990 336
581 233
748 963
10 764
991 348
595 804
333 671
903 657
41 19
503 726
404 331
861 103
608 349
115 297
942 30
873 1
304 203
571 39
963 602
655 905
981 66
986 989
228 129
576 769
42 568
827 196
82 409
71 242
363 320
103 556
256 510
34 821
636 63
735 948
620 158
824 798
406 419
711 2
439 904
850 490
200 784
149 283
571 805
838 160
579 169
853 74
433 235
595 333
280 998
240 136
92 709
130 169
13 496
529 143
361 541
205 651
360 987
132 953
70 842
401 7
824 58
951 174
550 529
40 120
470 868
107 333
372 603
645 539
95 891
22 681
804 277
571 51
517 920
122 117
212 243
980 951
762 174
578 193
531 346
991 74
809 382
611 927
718 514
812 315
178 715
207 822
173 782
244 680
630 885
87 262
743 360
508 173
874 975
970 749
283 525
429 94
685 954
767 378
276 445
291 970
181 98
750 275
814 291
385 156
56 635
790 330
762 153
354 877
721 117
210 269
971 453
268 679
8 255
179 851
966 889
626 264
143 235
619 158
664 714
263 32
398 447
408 407
389 990
101 478
228 963
547 87
205 174
702 340
703 231
164 954
46 961
740 29
530 23
825 51
525 271
592 476
679 619
571 4
327 94
479 621
937 531
522 503
592 835
550 639
735 309
171 317
653 816
116 386
490 570
361 454
592 804
113 888
414 58
696 674
898 493
522 434
228 102
462 100
650 686
43 335
909 107
377 183
305 423
860 776
168 845
889 83
984 969
59 501
479 84
878 749
769 861
515 553
163 888
759 548
773 183
245 195
750 502
983 520
680 194
573 798
314 622
559 628
919 420
956 831
184 702
593 388
823 556
897 374
202 647
548 921
426 819
360 53
414 692
721 784
403 816
444 589
912 976
694 175
725 584
977 732
986 775
164 667
773 695
844 499
787 172
693 671
261 248
626 46
875 44
497 425
775 95
610 881
846 655
990 892
309 585
640 440
770 429
863 989
745 683
229 913
236 28
530 215
955 23
375 737
700 623
678 433
844 901
451 508
901 959
473 653
714 716
268 334
17 365
673 621
563 227
310 424
685 411
210 762
359 198
633 845
686 192
623 908
453 736
995 448
15 859
901 691
930 86
766 324
391 931
971 108
302 909
674 167
552 992
708 726
573 428
697 598
297 707
989 990
678 251
27 434
976 737
121 100
509 854
581 838
810 691
10 256
713 903
622 491
370 417
435 766
389 429
718 608
914 533
844 194
786 30
17 497
891 592
801 372
673 689
36 957
478 7
883 853
85 361
596 141
992 241
704 699
47 770
383 229
803 861
918 155
172 625
723 16
977 381
86 867
445 26
549 824
662 354
383 725
31 624
330 140
406 94
348 444
225 259
827 638
307 874
601 213
789 47
515 328
720 537
716 18
112 569
792 658
595 333
31 127
412 697
736 319
858 806
360 295
221 155
595 479
548 534
524 355
190 732
471 632
363 397
651 340
330 580
241 998
259 765
548 571
990 837
110 525
241 53
647 206
575 289
210 148
959 437
508 629
826 924
532 193
603 208
424 755
637 151
280 205
469 395
193 27
970 938
347 61
714 798
307 826
896 522
496 714
875 322
446 627
778 678
779 63
483 75
763 346
950 959
290 316
31 167
908 543
353 188
637 848
456 642
908 859
377 484
441 240
394 55
146 773
114 815
486 833
376 296
339 991
126 667
169 45
984 146
554 481
844 105
156 671
369 625
925 685
747 732
514 485
68 172
63 807
16 319
656 336
74 734
790 861
352 166
104 675
368 296
273 731
293 878
972 441
333 43
331 772
878 330
277 695
424 245
998 966
116 179
155 166
725 874
408 634
955 802
141 524
285 867
288 710
804 921
755 819
232 139
647 308
206 209
399 82
497 286
135 567
681 121
843 670
518 784
252 296
970 948
643 536
128 825
215 98
726 800
271 11
743 231
215 549
174 717
92 679
998 451
204 771
227 114
118 370
795 741
254 545
288 556
671 725
226 16
945 938
228 719
347 208
121 831
49 445
788 78
429 28
322 852
951 244
337 220
68 748
495 701
151 81
889 271
726 845
103 975
210 901
409 618
750 603
266 656
386 254
668 162
840 858
630 371
476 603
29 974
549 594
899 350
156 428
272 143
128 125
862 927
464 671
537 318
284 317
662 846
149 247
436 978
357 440
66 830
28 312
210 375
218 589
925 881
513 63
568 563
317 111
903 180
858 894
679 418
474 603
267 438
717 506
93 659
553 735
213 8
476 487
298 23
703 112
381 630
538 762
979 167
865 10
203 3
333 217
967 751
53 335
797 125
298 345
468 12
705 48
446 445
741 409
530 275
724 587
998 799
851 131
604 813
23 566
719 138
267 764
62 68
695 250
719 52
607 946
899 164
39 580
840 249
689 487
334 701
676 271
834 520
154 629
376 631
556 973
463 148
56 591
670 550
568 613
467 302
456 828
289 733
148 155
774 546
96 743
634 569
666 311
50 878
533 116
238 695
658 516
957 422
546 653
27 392
322 996
630 915
188 785
397 343
738 271
762 381
705 205
158 942
994 148
692 32
657 197
951 584
382 188
115 657
526 347
427 284
643 711
701 509
674 963
836 454
628 52
501 800
18 803
284 345
110 467
460 846
694 195
340 521
938 727
26 140
146 187
917 522
519 619
697 218
656 935
508 480
473 135
938 694
313 59
343 626
747 685
781 92
619 807
549 950
39 136
163 166
529 67
620 619
277 854
290 115
828 840
341 818
836 806
559 183
25 19
585 290
500 704
956 19
872 251
13 998
3 546
55 260
815 11
826 643
617 652
919 806
906 288
708 450
138 767
473 314
563 745
472 986
272 501
647 371
70 673
420 123
513 275
45 625
282 538
375 284
318 966
119 418
27 266
119 105
263 847
500 827
621 533
463 205
685 292
187 753
650 651
977 706
597 131
128 545
342 454
694 216
33 716
72 80
198 878
11 607
333 799
49 199
673 612
996 858
344 405
58 240
674 920
695 84
293 235
174 363
514 143
496 588
387 260
201 468
317 237
990 841
694 102
30 788
6 806
681 431
822 736
514 781
976 34
117 328
842 939
840 683
178 325
595 783
309 985
449 79
963 416
528 282
349 977
284 367
28 199
622 72
3 791
830 282
851 256
186 29
264 832
677 735
146 132
615 28
215 502
156 54
663 218
656 151
528 591
37 301
777 775
465 164
898 350
986 179
199 86
937 139
85 154
653 875
326 446
53 426
456 761
631 384
963 269
717 880
977 50
513 783
454 45
619 884
217 921
551 286
788 385
899 782
812 741
837 879
609 721
637 67
163 522
807 764
501 842
87 110
979 881
242 454
672 90
162 451
14 18
252 774
27 592
586 614
208 56
141 709
361 495
688 88
926 574
877 398
265 256
720 908
950 333
615 591
331 143
961 432
704 33
378 769
288 357
642 7
173 319
109 545
613 999
596 822
830 205
507 3
105 884
804 258
289 729
785 674
383 349
824 15
260 672
82 560
886 916
843 180
90 184
271 836
731 982
811 276
558 961
843 138
693 521
527 159
285 521
692 120
685 97
783 375
775 750
784 223
971 2
30 53
812 858
586 822
756 450
462 811
551 556
848 119
481 323
306 686
212 524
549 898
367 896
753 858
763 520
179 584
849 176
622 618
972 523
260 291
12 786
594 556
86 591
474 752
470 371
328 496
48 437
239 879
518 157
577 606
820 674
157 645
9 622
189 778
638 732
234 122
26 535
331 437
314 799
39 133
962 632
811 987
440 788
493 727
610 624
369 676
494 985
476 797
313 536
710 30
80 452
507 789
990 944
83 553
261 786
685 911
634 959
437 878
721 758
26 236
488 726
240 198
94 772
812 982
924 428
24 542
458 631
775 667
745 325
57 216
722 16
516 565
389 613
353 698
922 954
398 140
68 797
388 953
677 425
920 658
539 990
41 856
813 351
95 54
775 722
122 849
299 583
616 496
255 960
897 331
374 645
70 75
80 350
443 495
999 277
107 336
376 757
946 135
903 362
947 504
777 788
377 844
80 751
456 424
632 704
391 501
855 244
856 340
896 104
505 485
368 187
268 160
215 982
996 738
521 571
627 374
46 204
277 375
153 752
278 574
251 369
885 395
107 424
782 149
989 4
218 393
193 322
700 914
163 832
736 636
946 408
151 234
723 748
376 685
293 600
990 619
352 532
30 970
482 28
171 818
806 457
66 472
872 197
133 841
515 374
773 86
242 206
378 338
179 560
128 348
744 566
879 947
958 539
688 957
618 145
72 315
629 946
484 475
793 990
626 53
301 31
947 204
292 696
632 619
587 486
253 361
879 907
144 488
537 60
504 641
848 250
792 42
646 986
704 317
239 663
214 503
759 354
388 972
96 882
15 943
272 845
195 425
269 720
826 816
927 617
895 933
846 431
527 932
26 1
693 125
520 711
600 404
305 210
738 965
389 337
312 511
931 37
619 182
597 266
841 24
236 819
297 391
795 693
72 605
98 451
183 595
653 757
892 859
530 475
17 778
817 884
329 239
968 993
300 711
502 59
320 644
86 834
60 742
208 463
180 94
176 95
429 30
118 342
67 929
495 760
638 160
932 746
270 674
871 599
515 235
930 373
226 640
278 686
227 14
360 889
220 286
570 538
18 915
53 821
161 684
289 671
830 940
37 354
739 708
60 462
498 725
159 60
351 54
615 312
372 732
216 830
475 836
442 452
566 212
284 800
706 984
459 345
723 885
789 779
202 73
898 866
754 200
149 336
85 874
643 355
507 125
697 552
708 225
310 744
803 924
477 178
475 523
261 505
536 163
906 52
485 325
484 391
281 96
514 957
980 128
338 971
211 474
51 83
10 324
290 610
397 283
602 565
183 938
351 516
981 613
250 260
984 295
166 722
550 72
38 226
543 441
446 242
920 843
647 388
423 900
630 802
218 381
783 334
783 157
959 64
63 707
254 638
369 236
951 428
702 975
811 885
14 658
560 997
528 160
422 433
137 877
327 878
335 700
774 715
457 472
107 297
892 140
185 159
134 140
962 821
647 758
145 398
695 138
278 206
791 960
782 117
617 201
839 244
871 294
387 894
460 318
64 474
554 402
42 789
530 481
987 999
105 348
47 427
803 337
920 681
503 745
374 766
172 283
186 849
480 501
431 390
283 491
608 900
426 245
971 350
848 967
575 778
840 784
304 373
631 69
885 702
961 827
345 880
948 774
461 130
9 423
226 572
768 458
613 114
559 596
94 400
270 737
334 226
75 147
650 930
592 581
404 12
429 918
734 212
994 788
695 879
62 452
922 500
876 914
761 455
25 23
495 16
80 604
202 546
996 967
291 904
651 360
889 420
35 541
330 141
483 40
804 709
349 60
172 546
591 609
195 420
232 373
34 516
150 205
126 365
10 877
891 313
568 920
994 575
405 111
859 241
88 785
277 457
358 991
397 960
440 190
6 118
191 212
501 713
213 387
326 938
905 390
110 338
703 611
693 528
784 627
17 335
950 975
188 26
499 883
414 678
992 250
2 529
106 500
763 467
321 897
335 505
442 800
841 430
370 546
86 459
437 792
108 661
575 247
291 670
958 973
779 552
861 3
612 134
388 153
393 152
680 928
877 508
991 550
87 344
372 438
935 487
543 783
270 183
34 988
715 647
902 914
204 100
118 417
881 401
508 142
541 729
829 708
390 849
922 872
566 94
698 855
2 740
429 762
380 980
456 218
207 165
404 613
761 659
628 664
357 512
964 44
757 404
263 261
193 693
651 540
990 883
694 847
654 425
484 41
944 681
811 695
758 515
233 516
918 476
393 748
669 752
239 405
646 947
878 420
532 73
40 108
814 917
347 652
515 150
559 227
32 36
755 546
834 542
114 409
312 206
255 756
610 269
514 858
497 269
837 327
326 27
681 216
500 152
58 583
552 441
933 168
287 93
185 55
318 250
637 536
837 842
662 14
322 79
275 961
748 723
923 619
47 343
915 433
656 860
189 966
835 377
336 781
486 793
134 885
467 614
725 119
935 34
948 896
922 209
678 966
848 599
590 110
900 442
938 12
702 822
594 121
576 88
355 354
402 28
910 316
571 810
320 317
992 15
16 52
213 317
376 10
950 68
146 722
66 920
982 939
194 663
214 349
819 539
245 82
847 243
696 516
369 186
439 623
119 456
776 244
177 512
271 923
499 391
145 522
345 941
193 327
178 943
50 736
148 884
922 721
636 632
403 119
569 534
412 80
448 17
731 30
528 913
524 659
889 714
193 972
576 236
977 366
371 352
596 622
425 759
862 637
201 969
951 418
683 749
686 811
585 142
202 100
432 219
558 113
235 907
165 266
680 94
380 758
179 35
732 973
526 931
787 197
928 678
661 244
820 162
202 877
430 249
765 436
272 936
90 314
515 40
372 412
96 654
800 66
217 565
853 170
160 572
604 325
320 558
901 875
889 256
91 285
871 497
792 745
647 667
558 876
59 136
881 193
276 902
509 218
900 157
788 68
636 434
551 318
233 725
606 652
907 115
228 380
280 374
160 38
92 475
471 63
899 249
152 994
552 322
262 835
158 994
75 177
293 468
569 23
267 318
389 890
944 233
229 234
206 201
501 257
173 878
485 782
222 218
553 951
246 19
645 279
213 534
391 606
353 594
351 617
559 205
466 684
714 527
669 669
131 864
534 108
145 56
650 247
825 527
685 129
291 616
128 152
218 812
213 743
89 768
188 328
728 359
578 816
922 841
548 654
704 27
386 428
284 821
787 31
893 385
722 611
786 453
730 9
595 369
388 896
248 483
984 599
274 505
452 202
88 783
591 913
357 250
121 469
687 823
655 784
422 230
939 520
705 113
383 379
617 73
122 521
454 38
911 761
988 839
286 677
51 367
17 326
115 198
491 35
991 237
662 202
373 232
267 549
484 867
514 5
931 189
86 85
362 492
22 129
616 635
951 292
621 797
919 521
898 563
696 86
107 521
44 820
253 23
979 125
281 408
516 974
756 921
165 26
758 527
17 414
989 64
417 519
232 958
614 894
23 161
854 249
385 223
140 317
21 848
574 586
812 294
970 417
342 922
774 203
491 168
211 638
739 753
382 758
604 958
349 449
197 945
545 47
658 460
396 277
636 518
566 51
476 635
265 301
854 378
735 139
260 937
957 382
134 836
428 393
196 954
681 145
716 382
733 379
29 789
54 781
694 258
892 46
686 235
149 552
910 436
740 894
847 613
884 211
896 462
867 121
255 248
785 915
388 829
713 982
901 499
8 650
948 869
230 688
812 240
903 432
138 363
367 957
493 944
747 932
464 943
540 575
222 897
875 992
343 377
199 496
365 316
640 731
882 821
605 318
741 110
271 7
447 94
669 712
78 270
823 756
255 447
522 438
376 363
214 804
153 559
758 585
647 232
687 865
290 16
507 441
686 413
64 343
82 860
483 635
47 62
500 188
162 965
703 411
751 131
640 538
229 437
781 561
264 157
84 976
159 720
952 416
386 754
537 785
906 645
260 451
796 981
523 197
791 835
368 495
688 110
790 295
870 354
784 608
841 146
210 842
911 555
74 795
40 283
636 23
190 207
58 515
655 933
70 410
399 448
86 340
688 344
784 911
729 859
676 284
852 714
331 957
41 315
93 974
939 172
57 28
449 761
611 938
267 724
608 869
25 293
235 852
638 599
593 853
913 689
325 31
740 352
934 648
457 45
462 638
591 326
765 553
808 404
937 867
323 950
415 540
831 704
433 819
300 273
362 535
946 834
592 307
706 233
402 746
392 338
80 222
301 420
859 839
785 983
481 265
720 92
48 795
929 684
791 28
542 167
509 109
841 628
127 498
271 329
421 664
811 558
104 446
510 461
882 296
449 903
436 42
327 161
208 819
14 209
33 179
937 666
857 699
145 579
80 537
184 298
730 201
467 843
489 4
725 821
2 476
947 845
994 286
799 497
848 300
653 825
99 262
939 276
428 191
48 672
49 324
385 530
518 878
131 658
20 947
837 508
875 702
74 845
666 237
953 899
220 499
885 661
395 475
30 76
565 68
301 48
809 744
742 567
970 725
96 34
202 118
152 353
758 187
45 717
52 232
631 213
947 560
239 737
369 859
597 843
937 453
630 18
36 689
59 61
350 622
901 751
288 848
967 863
845 453
613 444
315 300
98 909
224 211
925 897
116 426
514 333
62 83
51 814
935 171
177 683
171 524
733 289
272 773
840 666
327 161
329 264
324 817
600 649
340 626
872 818
603 13
653 603
756 749
460 861
369 170
482 722
753 526
580 191
940 724
909 303
371 163
255 983
535 566
101 548
879 158
979 2
243 945
711 252
218 611
224 703
761 577
150 170
176 651
656 678
260 219
277 939
510 486
439 97
410 194
642 958
229 914
410 790
106 255
878 866
190 385
631 316
832 773
84 916
94 829
950 554
186 399
912 236
398 361
727 847
927 243
725 895
458 999
375 378
921 130
289 90
456 953
27 766
793 240
731 656
800 318
90 923
230 828
860 749
408 389
124 833
2 776
690 13
461 434
667 501
531 356
438 244
406 401
105 746
216 407
23 715
524 596
262 583
765 320
702 427
338 58
453 370
976 717
604 782
440 992
255 228
332 34
996 862
59 294
912 91
144 134
476 516
920 254
398 496
520 192
757 930
453 602
441 905
216 474
723 269
505 685
293 909
565 673
716 557
190 905
912 329
301 691
555 143
74 625
800 180
344 998
385 97
163 980
937 233
389 668
366 431
549 58
229 171
917 605
171 905
548 27
210 548
550 551
500 235
311 464
698 554
692 628
469 846
215 893
510 270
206 743
557 613
958 235
171 455
238 531
181 38
576 983
144 835
130 407
471 113
285 584
845 396
135 132
161 509
312 446
183 858
62 655
611 198
412 848
341 818
620 669
507 269
518 721
466 444
195 478
630 836
480 835
514 271
734 597
267 263
674 775
72 332
406 236
982 159
289 394
355 477
469 408
263 552
509 268
260 913
19 753
946 438
766 554
620 715
333 88
43 384
642 206
686 858
65 389
988 639
195 824
137 983
63 553
836 150
133 454
290 36
813 75
795 586
390 444
794 460
444 193
44 43
498 419
380 540
446 949
777 974
80 163
743 189
998 925
836 480
62 517
374 528
942 143
357 432
287 30
67 344
958 383
746 127
656 505
776 863
803 302
655 150
837 464
60 936
459 524
413 888
612 245
715 506
367 965
512 614
937 617
43 470
279 569
456 747
581 36
360 917
702 484
236 567
353 979
214 946
830 456
3 85
362 368
190 398
925 738
132 571
129 763
582 17
235 475
207 649
274 393
236 734
616 851
429 720
18 994
968 622
328 490
307 967
790 625
421 601
921 664
836 916
775 850
613 7
437 101
789 746
569 367
542 23
246 959
765 902
753 625
53 124
230 965
823 475
512 965
805 333
120 717
568 474
413 352
563 640
858 71
822 178
396 817
433 989
593 226
514 552
459 883
741 59
969 379
987 927
904 321
508 296
911 90
64 666
732 84
383 162
92 882
752 364
698 973
436 540
750 271
870 618
535 180
399 964
585 381
434 821
7 198
464 554
246 686
589 743
957 727
694 67
975 654
421 22
478 136
925 741
120 278
89 40
920 424
148 737
669 784
976 387
537 775
770 517
589 502
794 409
4 432
264 610
838 358
639 544
387 395
869 287
438 415
870 404
465 421
984 991
287 445
169 755
960 179
563 804
781 314
883 486
21 566
922 512
304 35
480 320
602 301
901 417
965 619
708 733
622 109
45 270
602 860
423 148
780 138
703 196
699 409
215 972
979 671
503 790
601 574
230 21
433 75
765 601
16 183
104 236
905 502
40 329
287 706
469 30
495 513
412 642
717 309
948 671
220 673
749 547
263 900
370 670
979 538
101 196
876 939
630 97
167 155
576 551
306 959
537 24
119 559
712 677
131 338
295 725
370 849
579 655
346 58
249 840
772 122
816 441
511 378
752 883
272 212
346 535
97 3
387 538
402 910
817 156
414 292
805 386
910 952
181 42
866 676
680 617
530 267
317 419
293 619
660 519
117 934
81 571
828 632
610 331
713 558
299 894
350 927
677 545
629 334
671 972
46 344
891 933
298 232
41 731
690 56
169 325
690 979
843 13
965 96
203 58
661 159
881 127
509 691
6 256
648 130
755 245
624 980
364 464
848 96
726 358
382 223
656 37
758 33
811 526
181 780
837 770
263 713
821 618
674 981
43 585
606 795
879 709
373 512
779 41
902 620
453 893
835 990
133 323
806 666
46 133
446 534
225 995
706 893
887 938
145 114
452 761
548 644
826 465
390 39
384 408
19 169
801 736
419 882
823 548
352 754
305 827
470 285
887 324
615 832
57 689
788 550
729 623
439 201
897 798
451 446
5 925
453 781
71 554
140 805
715 706
620 330
687 265
196 284
60 458
15 845
45 520
746 616
449 327
976 817
616 91
774 849
227 690
11 75
631 200
534 956
492 269
445 966
118 402
515 777
257 474
371 127
667 205
125 49
156 859
486 680
336 469
278 41
570 993
268 663
764 208
895 515
187 960
421 551
542 640
759 857
249 596
977 416
272 132
290 631
374 114
338 966
807 170
22 414
511 153
394 111
557 539
947 786
749 695
679 683
985 711
387 997
673 307
971 901
310 545
921 216
2 472
466 699
708 892
229 205
476 600
267 102
864 685
28 894
610 756
96 726
783 49
759 490
58 194
79 229
237 749
76 633
885 114
898 49
448 291
465 632
818 604
538 378
7 942
157 671
772 98
73 836
96 483
174 160
24 701
791 796
430 428
589 420
867 589
715 480
796 161
426 61
882 493
300 208
627 622
30 520
108 47
35 122
702 922
941 146
667 555
743 283
727 871
732 240
931 800
93 429
855 220
392 517
868 330
818 695
236 585
855 326
592 776
695 468
749 672
952 64
661 319
236 620
49 445
525 422
717 667
492 974
