6000 6500
717 283
950 80
772 922
669 447
748 903
94 444
321 134
222 346
274 682
312 322
209 470
681 261
492 354
719 13
83 410
372 256
138 974
643 213
152 298
718 641
714 786
112 789
307 100
898 25
943 149
215 519
493 873
683 549
479 974
244 790
755 273
694 572
367 642
775 428
604 369
953 507
160 680
866 140
981 197
259 996
628 473
31 572
842 829
62 177
793 238
114 582
376 895
621 972
403 452
806 934
283 691
411 287
777 774
491 509
569 988
913 853
116 561
644 917
260 628
179 461
551 48
136 781
72 401
504 498
321 204
838 821
529 608
351 541
604 467
466 588
110 12
505 289
858 159
762 805
667 595
232 310
760 242
42 669
780 544
53 517
220 638
754 872
625 146
17 81
503 315
242 344
465 769
888 659
258 314
433 223
811 315
78 573
828 581
57 121
127 49
646 806
35 323
913 758
304 916
47 763
151 106
30 184
938 495
28 908
285 28
230 391
725 893
624 442
300 498
697 724
982 820
388 660
943 148
436 427
156 385
816 959
525 896
555 960
148 660
834 873
294 848
233 640
770 316
645 579
902 881
539 87
927 920
410 570
797 4
195 877
461 582
903 164
954 202
346 427
974 660
9 784
326 73
775 798
86 946
766 574
212 346
400 114
169 801
257 118
106 480
24 449
816 162
452 597
621 197
306 583
947 595
34 135
563 688
99 774
910 873
572 420
445 792
642 434
641 716
952 588
186 423
510 904
909 292
210 193
894 77
32 617
567 484
17 739
71 632
56 154
909 184
687 858
464 480
264 783
499 481
502 346
411 292
496 419
105 541
726 390
753 658
104 624
408 622
524 552
240 146
494 845
912 938
436 2
515 87
395 744
166 908
29 749
62 972
326 404
697 569
902 769
493 841
770 601
973 502
85 44
95 696
896 721
340 542
138 332
533 984
664 725
526 402
505 798
738 313
504 259
230 228
332 710
523 94
486 245
848 890
299 355
129 220
568 219
450 871
395 911
842 381
139 582
794 768
886 238
348 760
353 346
202 491
371 378
35 102
9 396
455 61
76 823
691 351
793 270
762 578
691 295
228 255
666 415
181 260
546 280
185 598
809 295
253 379
655 229
141 475
742 849
162 993
532 151
88 654
344 688
591 94
81 315
698 293
168 515
85 697
572 169
144 929
354 355
530 756
46 307
478 922
303 890
411 901
761 239
842 931
581 439
872 576
876 774
198 973
902 359
318 747
495 23
269 141
713 66
413 493
192 864
882 232
597 598
407 94
22 709
640 142
33 987
520 321
397 122
925 516
867 168
623 629
267 236
176 276
475 754
187 122
62 928
842 869
204 883
903 22
573 334
1 683
609 638
896 577
942 202
744 132
442 429
385 668
366 690
650 382
62 539
521 220
26 262
223 527
651 939
276 460
616 650
667 78
452 88
290 640
703 509
555 682
225 624
821 325
759 678
382 508
578 989
964 462
36 343
323 227
968 185
408 20
491 438
658 236
967 482
241 650
232 100
774 285
704 200
226 367
713 513
155 129
610 496
578 34
301 866
970 392
491 661
172 827
901 620
86 393
26 34
168 963
665 342
469 15
312 698
889 790
747 376
940 450
892 765
516 307
653 108
422 97
746 533
398 515
231 549
777 564
168 124
339 801
25 769
303 344
932 716
668 205
3 749
643 304
697 408
607 180
350 203
708 782
368 938
841 519
35 343
215 161
534 477
116 522
752 993
691 128
464 785
265 38
620 852
89 337
899 248
359 955
58 719
208 247
791 348
491 900
383 147
709 125
63 102
243 507
771 102
666 168
883 323
63 873
527 204
205 110
147 495
619 216
294 288
194 2
548 54
454 615
737 384
57 278
609 732
707 263
189 398
4 43
466 553
319 620
665 873
936 115
154 829
206 375
506 347
442 984
738 34
235 139
347 646
947 633
88 40
403 596
618 272
382 238
159 432
358 740
651 70
54 212
508 822
506 955
4 151
324 680
211 473
857 392
170 134
827 888
530 455
406 463
983 167
287 281
408 436
807 51
974 439
508 924
266 706
941 984
160 620
250 408
150 376
534 492
525 878
433 766
656 858
263 8
314 330
761 841
348 447
998 305
158 467
903 97
440 905
615 419
463 71
334 238
357 271
411 468
193 629
941 337
230 356
862 344
12 301
584 626
940 985
226 113
519 304
323 79
938 866
891 561
990 82
809 711
569 601
325 172
786 86
476 973
90 869
648 380
801 8
995 755
626 153
453 21
979 292
674 828
671 74
998 238
945 563
7 516
842 33
793 954
385 600
25 769
347 575
399 23
822 336
20 530
917 10
520 675
111 212
201 372
312 842
920 257
524 588
947 716
383 552
529 135
990 988
566 522
450 730
91 389
866 5
472 991
647 606
94 633
439 71
715 499
394 619
599 612
908 125
219 351
718 489
862 868
895 930
498 700
328 41
507 932
397 375
119 474
61 889
195 932
320 894
670 549
586 92
861 576
223 113
196 154
888 826
570 26
930 995
438 49
901 668
843 225
329 492
785 417
868 424
541 803
275 175
214 239
420 383
732 738
404 667
246 148
775 598
92 644
448 924
504 244
677 430
887 186
769 689
403 313
224 521
851 596
314 887
134 258
814 265
174 272
410 122
635 477
889 357
28 275
750 593
128 584
805 672
746 604
755 113
814 99
650 785
584 76
504 522
350 584
353 500
816 838
910 552
239 655
945 195
600 423
601 489
508 914
828 853
227 289
961 334
880 859
450 739
48 759
978 851
993 677
175 728
924 302
669 425
845 725
22 534
558 473
188 161
747 113
219 4
883 981
771 482
486 963
522 182
756 423
456 390
664 22
181 230
718 316
580 107
567 950
815 885
549 806
464 459
283 585
671 895
18 235
632 349
949 221
286 356
197 403
183 777
198 717
699 3
712 4
450 620
571 93
410 166
59 866
707 58
769 845
6 363
512 950
955 312
456 682
504 570
189 189
877 434
726 878
262 952
174 629
499 251
363 712
194 164
818 860
986 425
747 14
937 866
359 502
956 516
133 244
111 910
876 315
937 252
430 574
894 91
756 950
43 157
674 276
863 356
428 174
670 260
965 916
669 31
396 728
129 595
309 367
60 892
674 520
373 802
259 985
95 537
927 270
491 965
9 746
254 43
779 604
313 322
115 911
631 493
806 57
770 272
675 184
41 805
537 283
828 817
430 963
15 973
566 106
679 900
545 458
892 511
901 287
775 519
808 208
802 478
848 51
701 610
532 844
412 353
402 914
263 152
142 648
798 442
507 587
527 104
810 461
766 660
173 686
189 776
510 587
352 378
551 968
394 719
662 268
176 720
615 819
476 47
818 814
886 841
157 605
91 218
184 160
295 532
449 566
505 43
232 675
6 192
378 400
885 856
6 318
675 854
46 493
141 105
759 393
611 340
939 32
681 635
620 909
745 900
651 596
724 849
146 222
799 784
203 250
658 292
495 654
781 257
19 357
263 765
919 863
616 832
682 906
120 307
954 946
146 95
401 759
675 91
586 634
853 794
379 306
667 440
980 610
366 977
558 939
109 807
347 497
272 372
631 450
596 371
801 529
954 662
670 612
275 997
112 38
677 900
513 8
635 627
707 860
721 455
506 306
682 801
79 152
945 244
456 624
424 709
466 773
779 924
423 59
641 622
952 118
205 460
784 941
174 211
206 588
623 73
991 575
334 299
768 143
550 64
740 910
238 455
579 856
259 88
459 602
450 125
683 181
626 368
368 246
526 816
23 786
975 674
74 231
139 79
245 920
343 818
998 823
78 301
796 919
61 935
810 870
405 429
69 218
556 387
133 377
991 102
847 115
398 792
467 867
234 116
610 876
848 613
926 909
726 116
906 200
116 172
781 221
666 358
442 255
113 305
830 155
310 345
574 122
36 428
995 757
569 688
625 91
237 310
904 97
915 65
894 453
116 549
637 140
26 922
641 4
25 777
736 873
24 763
52 292
109 894
848 551
702 669
104 892
615 691
185 136
629 921
33 312
654 413
44 499
196 331
994 401
631 337
561 155
528 867
753 108
152 386
241 189
131 83
533 770
522 200
950 518
552 650
29 666
586 249
156 815
213 581
802 20
975 636
770 516
50 635
122 179
949 967
516 611
767 730
961 947
480 901
477 9
792 578
255 2
224 27
349 145
986 880
883 757
895 549
951 171
259 933
976 447
796 526
348 226
345 119
939 419
378 915
443 27
990 982
922 119
816 796
609 796
292 60
59 996
663 254
917 963
761 597
674 257
226 77
803 250
832 254
623 680
313 456
4 162
817 509
123 50
618 492
312 835
290 190
952 512
328 266
214 544
302 748
566 102
382 947
597 90
993 740
626 341
339 727
255 415
548 958
199 623
878 74
196 559
488 163
731 420
154 994
782 331
83 912
76 961
727 195
987 721
926 416
487 319
461 887
205 333
771 996
850 795
32 119
713 896
344 850
134 132
260 744
582 619
880 693
221 634
47 395
796 321
614 609
562 92
950 539
846 919
992 426
669 758
368 746
905 239
63 11
141 647
826 365
740 939
501 939
977 254
450 314
217 469
324 287
484 683
859 206
867 479
254 998
465 878
124 392
51 167
268 291
394 806
569 28
112 979
91 9
781 680
75 177
12 18
926 701
200 928
881 473
927 364
232 287
347 835
936 575
550 231
52 473
501 572
679 417
536 172
671 364
129 690
946 997
192 948
952 689
828 881
185 388
853 229
175 212
217 156
191 953
284 810
477 167
109 453
324 839
147 707
27 497
435 649
481 630
302 775
569 94
784 165
315 73
395 84
480 770
191 516
929 345
197 318
89 688
591 871
744 430
196 729
36 32
863 998
278 925
796 3
460 908
165 797
408 956
224 295
695 37
970 398
646 869
646 742
799 153
880 805
747 80
702 992
670 814
137 208
837 49
584 201
829 731
885 802
267 724
567 286
928 14
939 36
69 938
75 452
309 11
115 103
929 812
643 516
237 496
481 194
620 206
964 268
452 450
389 429
127 255
310 36
378 522
401 736
10 35
265 384
83 47
891 777
504 111
698 965
548 216
789 267
537 563
173 536
529 331
853 868
842 161
913 428
756 475
323 893
701 275
971 62
500 720
159 507
348 309
921 832
567 117
519 345
997 732
419 193
467 848
170 569
543 138
866 749
922 9
118 733
159 968
182 407
958 479
761 125
582 772
838 313
583 233
562 150
757 942
703 413
814 430
865 829
8 678
900 226
684 632
123 828
246 21
993 985
689 207
695 284
608 61
320 272
927 933
635 683
793 151
708 449
769 313
506 551
844 552
683 948
678 411
110 881
679 205
694 765
494 156
460 996
741 471
276 530
411 731
750 369
301 965
480 873
107 935
695 124
115 505
447 337
35 569
820 631
774 907
859 94
445 622
248 919
389 616
804 130
761 401
845 23
851 919
578 472
229 547
437 853
673 36
646 281
851 731
179 567
214 354
301 782
82 246
21 559
333 1
32 518
415 557
928 858
373 604
859 973
654 50
977 687
426 657
402 23
765 426
900 443
325 643
198 906
341 493
5 92
146 217
70 876
869 657
758 289
355 361
1 242
233 871
626 590
774 224
530 898
278 446
94 58
995 476
977 9
305 537
56 544
852 810
986 686
153 554
423 528
830 299
4 329
648 311
339 460
227 487
378 414
123 850
180 742
599 236
474 432
952 899
692 409
905 981
733 846
689 866
496 45
33 411
458 632
610 610
282 112
468 175
855 168
840 467
17 299
940 433
636 997
576 882
201 626
749 280
892 765
957 251
178 901
53 714
844 530
859 179
913 838
317 136
287 299
900 6
393 428
513 48
457 932
944 149
434 737
235 998
354 140
184 173
90 109
536 634
563 94
455 869
514 997
628 651
293 256
814 652
109 133
121 889
71 911
412 351
953 615
396 491
423 352
585 671
834 627
144 191
117 489
301 354
148 131
844 511
959 571
67 173
642 689
307 792
864 713
894 253
984 646
729 449
442 851
664 571
456 506
412 585
399 595
411 314
402 401
187 987
180 502
715 463
874 100
663 8
760 443
573 52
728 887
729 409
518 607
905 915
733 486
833 671
694 385
629 938
158 712
603 725
115 805
995 997
939 644
845 872
268 35
991 242
580 685
539 620
105 279
288 380
265 786
612 338
128 632
833 492
23 981
187 743
162 870
175 7
193 94
433 847
244 303
125 818
694 696
905 107
51 83
222 590
943 886
991 531
68 57
685 794
126 757
341 873
612 219
876 722
516 292
63 272
891 395
483 93
794 941
485 75
106 782
823 268
638 639
179 398
806 995
723 964
872 527
240 557
154 606
682 787
764 5
63 110
222 716
60 119
102 422
168 196
740 580
166 70
685 883
207 637
801 792
714 757
71 493
476 784
420 235
835 746
367 604
354 809
815 947
659 318
467 851
359 253
139 467
782 434
777 238
537 456
584 807
682 366
415 352
839 979
939 269
872 959
253 272
896 295
799 891
693 987
18 656
177 929
618 652
651 322
172 171
843 798
344 135
829 190
830 790
796 307
604 729
526 211
396 953
926 845
438 614
459 554
470 615
986 219
73 898
41 270
548 679
314 303
687 207
57 518
13 49
520 213
474 594
484 954
757 447
12 550
781 551
203 766
950 945
913 602
374 162
29 815
867 935
671 416
534 670
573 466
119 824
596 856
321 526
560 955
792 533
498 460
871 268
757 251
266 991
272 990
320 626
543 686
262 223
382 21
262 94
848 582
184 565
843 120
238 611
936 636
176 441
552 986
85 740
519 79
558 107
96 811
763 348
269 731
776 673
794 943
630 229
938 296
588 881
738 958
866 877
549 155
591 117
686 535
408 927
385 432
886 229
73 659
416 274
602 283
854 853
908 803
628 532
203 371
467 147
689 508
668 881
733 578
745 392
53 57
303 126
861 938
114 726
541 34
260 151
761 644
257 910
645 255
251 528
695 281
720 619
527 677
463 937
307 283
365 608
222 689
461 117
798 655
484 919
198 520
361 410
672 187
861 749
646 7
173 231
189 903
907 964
740 581
299 775
989 137
232 175
814 396
635 674
236 481
763 228
184 775
164 836
117 868
932 217
274 465
444 974
373 267
209 674
856 256
112 30
988 226
262 541
619 781
192 528
907 686
132 289
962 384
276 565
296 116
402 578
748 779
283 526
863 10
211 367
458 882
401 402
853 970
979 660
252 951
28 768
810 407
412 498
738 469
414 9
114 87
327 793
862 766
481 704
650 566
164 271
222 328
937 73
648 138
122 430
177 757
759 985
963 957
951 494
222 977
585 813
850 279
731 770
926 516
679 907
272 187
901 888
960 130
620 158
676 451
550 489
893 544
928 611
313 759
128 971
104 74
34 1
537 912
705 239
309 451
417 305
197 88
222 503
368 136
44 186
393 396
849 802
226 289
569 964
701 475
639 115
737 534
826 785
603 192
665 100
747 172
246 267
362 419
529 714
480 957
424 607
645 820
777 941
520 262
496 65
972 232
166 123
169 733
345 832
609 158
216 724
797 349
118 216
445 889
684 510
433 671
315 310
675 112
784 570
463 502
34 411
5 697
608 858
624 191
771 650
36 152
546 843
898 21
638 874
17 368
618 364
4 521
869 811
151 421
915 438
376 565
733 912
794 741
798 464
928 91
675 809
573 311
645 349
157 285
679 833
837 734
810 599
108 847
914 383
295 430
413 373
208 151
53 588
904 497
134 850
798 229
745 491
475 106
935 292
382 940
164 547
240 483
919 759
894 584
676 99
897 335
376 491
870 107
454 685
842 939
949 966
989 273
95 461
901 246
973 892
342 839
744 635
467 377
279 774
308 737
338 511
689 21
740 892
85 445
320 128
243 319
446 317
706 439
90 542
859 344
251 655
393 9
919 159
72 876
995 744
646 898
941 732
818 741
180 850
841 896
996 672
937 433
416 467
806 118
567 682
778 499
261 367
607 54
169 310
965 324
715 858
913 903
701 234
9 974
433 710
757 693
72 189
319 978
520 233
855 892
967 747
177 205
817 593
913 258
174 776
962 561
90 197
155 295
421 886
415 907
540 915
609 994
219 463
460 114
355 164
751 153
784 581
999 582
993 544
234 61
771 441
909 298
535 910
589 991
653 805
361 173
769 26
739 969
768 720
8 795
807 903
767 352
569 564
270 523
764 867
300 902
231 98
591 956
830 29
996 135
956 960
573 585
587 525
986 690
738 369
595 97
265 299
973 751
31 127
24 390
217 516
788 501
548 877
868 60
32 555
856 663
489 224
759 518
557 927
22 607
982 796
344 22
991 524
300 827
623 319
556 723
813 955
398 894
435 97
254 699
42 740
804 59
390 413
147 282
570 606
438 648
832 516
973 247
274 259
49 391
927 2
426 477
288 103
540 911
594 216
602 167
208 505
320 605
591 587
735 289
91 457
392 208
28 20
770 139
483 380
908 139
434 330
176 471
759 562
810 231
338 159
350 247
692 929
346 664
975 78
279 995
596 289
981 577
277 48
855 545
886 675
74 504
982 100
436 917
834 803
540 553
889 256
220 532
137 925
525 44
339 708
805 90
56 205
892 575
138 826
532 658
561 370
110 275
335 582
364 21
974 926
445 730
619 319
793 370
878 337
377 729
358 644
848 264
242 389
16 93
5 621
574 925
983 178
429 622
142 394
879 383
848 196
650 98
68 474
902 376
849 14
349 715
379 32
966 354
207 55
308 95
549 777
403 192
392 306
736 86
74 773
142 391
150 584
76 246
415 529
502 917
422 505
665 903
125 528
480 135
303 224
391 53
467 784
215 61
169 578
695 320
81 178
85 530
63 385
133 134
478 47
413 583
275 405
384 788
976 921
5 665
253 287
788 478
927 343
522 35
516 872
987 693
357 360
645 414
74 342
238 881
518 222
595 921
344 227
187 455
991 991
144 857
111 819
926 630
719 944
343 47
25 398
808 292
641 983
423 674
576 449
305 843
181 807
932 302
443 725
203 449
7 7
347 526
711 259
327 372
665 215
236 811
657 138
715 40
508 165
506 224
343 815
37 99
164 933
104 206
645 641
827 148
335 312
63 925
756 491
69 422
348 294
621 908
825 391
171 398
203 301
613 651
59 144
544 613
666 807
210 414
538 792
321 169
975 407
687 147
641 723
64 446
666 887
910 828
993 78
267 526
327 425
134 750
279 429
897 977
711 620
368 549
75 998
953 495
8 454
568 252
703 515
526 911
359 396
869 453
693 743
164 222
177 327
856 113
51 952
76 982
996 290
519 999
482 77
633 726
423 700
166 76
892 958
473 892
450 541
849 895
755 207
66 16
963 656
750 243
905 491
814 735
363 868
561 16
206 810
323 729
481 405
518 55
773 866
444 268
773 438
916 185
219 771
770 805
513 530
102 425
437 621
999 833
151 303
147 166
458 633
183 308
841 698
380 233
230 231
534 542
914 579
563 823
29 444
884 676
223 523
626 847
668 664
416 466
180 865
151 254
998 415
88 655
971 404
598 676
311 973
187 731
676 959
918 107
672 889
108 98
26 553
420 680
221 258
157 544
604 829
201 97
376 194
625 163
617 795
838 448
880 740
757 643
500 474
705 577
245 263
123 10
666 186
779 786
648 556
520 975
788 640
640 706
58 167
499 582
114 948
65 514
80 85
430 460
489 191
72 769
707 66
654 97
94 352
234 309
314 944
7 156
530 502
846 270
412 106
279 200
472 893
551 365
690 872
971 215
674 2
36 56
285 552
113 336
730 369
509 270
753 917
623 732
801 897
133 347
504 553
83 840
66 731
89 490
317 529
97 330
174 815
584 35
764 711
532 310
245 770
416 100
950 781
794 333
305 588
741 564
455 111
344 247
605 889
878 976
793 819
387 572
829 211
989 969
955 824
320 84
103 969
258 198
369 379
158 343
993 475
390 353
269 247
155 853
345 91
2 93
557 515
361 204
245 824
585 481
635 157
856 463
681 140
436 149
907 562
643 666
622 714
422 851
635 895
454 59
891 802
361 494
546 423
716 437
563 544
461 248
611 163
984 386
785 603
616 411
933 125
296 403
130 282
765 221
618 475
234 394
117 593
868 181
275 603
459 383
236 954
704 821
197 120
85 659
938 71
562 606
486 789
776 780
756 990
856 174
922 322
434 458
421 364
57 902
149 115
938 332
930 920
164 333
446 312
541 743
738 182
917 285
29 57
560 268
62 907
100 220
950 557
260 93
463 511
760 105
830 951
620 786
235 817
605 498
358 847
814 763
195 355
83 766
434 377
84 174
79 877
978 86
737 427
50 711
683 453
476 104
774 83
720 539
883 102
922 726
66 231
95 886
896 445
546 263
633 442
542 578
303 120
441 557
355 305
249 341
633 720
854 550
642 490
947 961
674 929
907 956
231 266
133 361
768 337
717 896
684 750
997 475
31 978
684 805
16 673
493 616
57 4
483 801
70 680
880 555
448 987
796 736
514 750
107 147
922 355
575 675
712 614
969 356
208 193
211 151
730 724
240 596
312 761
814 373
148 627
82 870
457 494
634 428
798 290
72 864
885 620
653 158
271 305
894 807
967 901
508 307
640 690
906 80
886 115
183 983
895 642
275 796
917 148
454 751
683 973
978 220
156 169
833 442
131 973
357 396
821 128
167 519
788 133
728 518
851 472
840 220
159 564
155 39
484 677
303 309
569 789
94 104
684 527
621 22
569 156
593 344
340 452
956 908
350 155
267 654
820 186
283 751
968 76
147 462
270 583
848 29
563 286
141 467
108 752
21 547
380 899
523 246
684 456
722 548
217 878
289 908
519 557
855 584
180 661
631 354
698 257
208 493
292 629
333 901
432 650
888 520
766 93
283 812
229 51
763 675
539 432
7 232
889 19
483 305
85 754
460 150
481 473
440 868
371 813
336 10
547 322
456 67
522 77
392 77
510 285
271 416
204 418
69 145
451 87
380 173
499 414
282 35
918 234
705 897
62 124
672 463
650 369
327 963
551 159
898 571
521 67
194 771
341 74
753 378
400 55
260 62
198 891
58 764
479 999
261 691
427 859
205 494
459 645
638 545
344 561
429 797
176 577
143 602
89 342
474 279
575 89
24 890
806 263
642 964
29 276
482 94
748 88
200 455
567 120
296 816
975 459
832 795
142 91
399 824
74 570
642 364
722 207
853 318
294 528
582 88
26 463
491 437
359 352
817 308
53 678
22 108
767 879
613 125
547 257
977 751
365 808
189 969
99 307
471 103
161 322
715 475
17 205
352 691
116 170
455 637
916 213
560 137
837 842
480 480
378 257
367 492
425 708
248 955
32 307
307 7
327 156
29 291
202 627
825 990
677 860
744 696
427 173
985 422
887 365
765 61
101 457
343 479
621 176
368 694
395 440
384 289
912 34
770 862
611 365
527 949
625 461
165 79
954 269
127 327
887 956
685 255
896 308
874 344
274 809
271 848
321 955
926 536
513 669
321 926
161 944
222 737
49 862
313 624
660 455
156 565
262 848
138 282
213 36
196 612
424 375
451 711
774 526
910 935
847 573
514 942
270 810
943 249
570 766
923 387
218 634
156 884
873 937
697 303
712 491
357 904
264 68
734 292
271 976
737 964
494 88
404 644
51 296
713 507
827 583
531 714
319 661
592 415
133 867
262 149
596 248
671 974
171 160
819 424
84 377
558 50
691 479
309 697
729 775
116 602
39 3
692 518
221 330
757 333
235 236
146 903
161 432
314 990
40 977
338 489
34 499
42 314
396 225
414 817
82 382
363 697
137 163
494 726
823 662
181 754
809 424
186 312
209 306
795 458
790 982
216 53
321 742
324 493
876 886
161 372
59 494
767 466
852 230
821 930
580 574
756 67
60 172
598 408
447 863
579 850
491 629
963 364
303 844
501 753
760 148
651 33
505 175
215 430
619 958
897 15
141 230
630 653
82 510
628 762
340 607
92 873
776 860
456 22
607 467
195 664
180 689
368 528
785 998
761 747
119 470
768 255
124 741
292 636
265 929
124 756
509 527
999 534
159 346
904 756
167 603
725 388
369 767
889 514
981 653
226 734
543 228
690 447
628 220
305 101
581 442
938 458
623 109
642 589
84 385
343 480
57 616
840 994
626 632
326 192
751 759
249 602
383 594
347 553
627 400
238 761
125 394
604 664
283 914
742 400
987 656
582 387
570 949
499 753
416 51
233 476
385 183
983 572
46 2
529 844
467 469
502 408
985 790
415 495
30 385
110 100
530 994
218 868
896 179
222 79
328 106
664 435
307 573
370 355
199 569
245 316
994 4
366 431
239 831
930 260
732 371
393 885
580 321
314 490
981 597
381 960
734 811
118 931
714 833
219 46
311 430
485 608
908 98
707 174
352 951
142 17
69 917
536 918
327 198
933 193
554 4
674 232
378 708
303 987
125 560
436 982
914 156
174 569
172 854
306 978
444 88
799 460
824 501
322 203
248 587
729 516
706 752
900 345
574 231
246 798
989 40
82 835
847 60
463 353
404 319
706 402
382 773
25 584
627 244
259 559
839 67
153 189
520 471
283 279
399 740
744 709
276 971
759 422
563 667
773 552
586 554
648 119
851 538
71 522
14 1
742 286
104 614
767 173
443 905
231 9
885 672
34 554
267 487
303 114
94 58
960 875
301 415
972 533
944 734
350 773
284 878
806 222
560 306
293 361
912 34
42 143
737 63
138 228
770 632
492 448
945 204
36 962
226 421
427 77
727 926
294 591
274 762
752 822
964 839
249 632
392 419
356 169
630 747
873 987
195 124
563 85
815 41
965 130
663 201
827 948
79 162
649 478
300 712
587 240
775 241
426 542
20 885
22 795
533 424
547 850
872 267
266 568
914 445
583 823
364 97
546 705
435 997
657 42
52 833
546 898
277 561
995 432
515 53
927 419
895 31
368 819
373 439
440 534
617 89
396 59
403 383
593 895
600 280
173 306
551 559
434 55
495 322
411 923
269 984
343 82
605 501
421 549
235 623
767 247
290 950
583 78
976 737
182 966
851 468
915 211
819 403
239 622
127 94
482 116
105 598
655 285
57 70
151 979
271 244
362 140
38 781
136 55
593 949
40 891
901 863
263 657
474 257
132 980
553 586
46 146
358 109
763 229
310 307
283 679
477 596
480 421
98 627
594 461
490 903
644 445
354 872
668 436
528 808
436 631
842 635
759 526
541 939
693 728
132 959
741 182
911 156
831 437
593 578
470 603
97 734
557 633
728 740
889 312
815 711
89 9
573 572
351 307
499 480
689 820
732 918
820 288
932 192
669 635
645 575
258 5
302 587
662 287
722 897
343 108
766 432
652 920
893 252
92 295
418 589
915 724
680 187
210 3
171 632
501 824
755 644
158 467
974 914
580 208
183 65
514 295
985 720
801 700
893 859
915 400
974 755
590 527
583 112
659 310
1 878
304 391
794 510
423 113
748 825
454 497
941 934
245 584
722 694
772 417
254 171
877 954
195 926
467 87
697 959
464 74
844 802
69 144
561 212
726 527
816 990
372 183
4 108
514 696
944 33
516 883
595 269
708 382
279 983
886 896
181 222
394 4
790 388
303 529
971 755
285 16
172 754
565 591
909 365
501 70
830 557
371 695
73 43
988 184
701 334
534 800
315 886
977 98
12 228
786 19
717 729
555 839
778 263
716 930
162 216
368 489
622 400
802 580
342 9
339 219
683 760
191 772
35 160
502 26
938 565
686 328
891 990
778 74
743 85
319 625
246 439
928 762
173 73
833 567
702 408
792 853
749 742
285 696
670 318
935 552
395 487
282 779
586 455
838 62
347 49
100 896
631 338
583 997
307 189
301 929
103 752
452 803
405 908
140 292
543 663
411 320
143 372
626 937
411 275
465 409
660 714
365 881
451 315
632 822
872 308
725 745
336 33
454 238
859 42
769 545
981 406
256 815
668 682
235 703
690 141
121 771
497 878
837 632
861 296
264 61
48 764
592 286
210 680
101 690
465 687
915 726
43 891
594 149
299 562
541 884
597 957
522 617
545 271
336 246
689 804
494 239
394 844
105 925
117 585
253 516
844 710
395 549
127 869
255 10
717 293
236 106
416 257
693 647
813 689
840 63
275 770
878 887
253 398
641 556
739 197
493 464
926 241
326 722
145 669
176 232
491 884
579 655
4 784
172 774
109 55
151 470
315 195
659 159
466 475
975 23
728 715
458 107
710 193
370 701
362 145
507 958
565 146
192 954
893 391
312 848
436 3
723 938
497 106
396 579
488 916
339 39
304 606
564 905
343 754
27 884
32 725
50 592
591 336
591 784
280 760
181 372
355 672
190 403
326 31
548 441
807 714
948 722
930 860
311 994
456 803
567 957
463 730
460 727
800 143
681 114
758 972
220 59
593 434
875 234
225 39
160 127
432 522
184 959
622 739
308 119
814 558
562 70
572 891
9 50
89 979
200 843
176 67
720 982
352 797
673 188
756 504
485 492
913 670
221 720
777 746
505 631
637 506
699 15
23 778
174 295
311 833
148 162
877 13
422 431
847 830
2 121
860 862
653 681
438 850
293 445
287 916
786 457
167 535
858 680
273 817
6 171
343 736
665 520
290 164
447 280
387 864
965 741
824 377
282 384
660 634
924 460
769 833
731 848
708 813
28 643
765 432
883 941
877 746
276 488
143 821
163 207
605 836
130 775
853 417
269 495
458 955
97 499
811 708
970 776
810 446
563 122
195 839
133 564
867 556
396 228
986 145
398 292
782 775
766 618
942 702
251 345
8 588
902 31
827 790
148 390
100 445
367 862
815 860
585 704
419 600
220 401
789 337
8 212
147 154
124 419
73 953
648 129
270 645
528 972
425 960
283 421
934 311
53 100
488 720
93 691
43 639
324 808
277 997
302 449
804 850
501 580
314 114
559 579
995 394
962 654
134 562
347 641
558 357
376 970
918 128
889 494
268 51
999 859
689 316
34 830
127 656
35 96
468 373
162 243
327 743
127 160
242 951
939 724
9 644
630 779
516 794
818 143
238 261
346 384
106 799
147 793
999 673
771 345
620 733
644 10
16 676
554 793
999 366
227 351
173 543
611 178
555 629
299 94
179 511
175 544
855 901
595 697
319 789
195 760
670 258
940 594
542 280
348 790
878 202
339 642
460 898
271 322
208 243
513 389
378 320
728 801
809 672
628 472
621 490
420 175
638 298
310 715
602 861
900 619
20 182
507 824
861 132
41 984
368 185
773 745
537 139
629 567
480 661
391 324
235 123
940 36
362 517
211 321
287 929
740 317
260 323
728 522
544 29
211 382
875 481
586 312
8 158
182 586
403 836
644 33
507 342
771 966
275 427
409 600
374 63
882 779
679 218
925 508
242 368
759 42
117 221
647 647
56 819
371 458
512 665
685 7
956 594
701 556
962 446
831 589
895 382
783 740
272 338
862 202
248 414
153 452
659 341
614 215
503 72
62 348
802 106
515 217
479 12
572 42
333 480
229 900
848 225
59 612
27 459
297 143
203 552
665 53
600 838
497 544
653 694
401 510
691 978
682 551
339 839
364 551
80 461
122 915
953 995
262 174
917 874
823 591
975 431
456 715
63 641
790 938
580 9
455 134
9 920
622 857
389 781
89 809
97 373
942 332
570 660
96 801
778 332
223 12
91 81
484 396
357 29
936 241
402 56
953 839
640 364
294 138
531 248
198 574
824 396
359 95
8 328
23 125
45 211
827 385
669 11
374 793
944 605
990 368
922 33
661 358
198 878
987 468
209 995
199 629
745 49
252 329
265 385
867 914
937 674
191 272
963 805
518 126
139 938
249 885
999 491
761 112
162 447
395 5
550 522
684 188
994 437
960 753
990 20
546 895
408 549
179 324
33 64
840 823
814 945
178 718
70 153
121 644
855 486
69 51
618 429
985 478
376 634
305 681
337 569
173 642
845 962
343 571
126 387
635 991
48 414
230 227
766 702
533 492
226 143
381 177
650 614
376 973
403 436
764 651
185 733
360 638
671 950
164 674
9 495
943 409
844 92
804 312
170 495
530 50
466 420
830 67
479 694
96 118
765 613
231 510
262 185
380 817
747 511
831 513
707 86
326 208
857 189
109 775
770 995
411 594
482 564
508 893
93 557
473 279
285 292
451 269
875 265
151 375
517 225
764 983
482 305
750 538
720 60
164 991
403 943
36 546
942 862
814 215
38 570
936 735
562 613
420 139
591 242
432 216
685 990
455 672
80 286
942 761
137 547
358 298
907 685
243 413
927 969
650 890
595 811
906 508
268 462
244 119
751 503
233 572
615 137
622 101
359 842
454 397
379 972
872 645
778 964
240 978
766 945
214 84
317 441
357 917
356 855
671 404
109 161
166 521
617 219
696 601
601 257
428 177
924 881
398 198
447 436
647 838
756 521
768 342
567 109
426 980
884 863
323 613
865 498
7 775
56 828
877 734
755 660
112 599
810 245
384 598
766 924
694 871
839 978
306 280
410 64
560 625
954 614
807 104
318 807
997 795
94 865
777 693
464 459
43 224
31 542
687 491
512 782
442 892
896 555
498 558
892 843
101 569
438 877
838 787
411 984
778 859
39 819
279 761
790 931
820 825
795 291
71 566
829 537
830 451
771 65
555 177
793 451
595 770
337 868
617 593
547 336
708 72
711 993
906 188
578 163
421 824
858 770
180 593
531 884
179 732
780 376
58 483
907 648
471 768
846 456
269 699
711 921
766 923
79 223
783 287
828 661
708 983
705 578
171 777
595 235
892 99
152 426
660 746
866 978
760 782
764 266
818 757
211 584
389 972
490 890
766 701
932 879
117 815
383 106
72 370
635 925
252 373
699 59
546 917
124 48
231 856
580 24
530 926
289 485
997 934
718 122
309 429
274 96
828 895
86 585
697 643
720 470
336 386
28 134
700 752
343 708
51 295
980 236
66 458
368 920
310 109
952 759
765 799
280 445
956 146
163 662
990 158
994 424
406 590
715 889
710 699
402 788
174 18
722 282
778 707
494 921
385 683
956 44
100 18
476 594
220 366
412 150
764 795
226 406
992 902
292 918
946 251
839 686
614 818
353 947
517 135
836 744
347 960
656 649
50 898
197 588
976 954
203 219
286 67
756 718
950 491
171 392
442 721
81 509
555 949
371 982
516 729
392 115
974 308
933 956
251 639
338 873
460 476
377 367
854 598
692 109
152 345
625 818
739 171
909 362
31 35
124 238
413 701
505 5
939 391
441 72
781 963
625 399
235 323
623 325
972 948
277 463
131 44
602 717
448 648
363 874
315 411
223 232
502 588
725 165
164 821
558 578
334 770
700 99
998 581
482 801
946 954
484 459
671 394
133 662
942 546
265 833
63 495
379 224
697 441
963 436
164 929
176 444
204 490
705 960
484 406
987 561
815 7
919 537
832 673
118 491
916 966
399 675
944 804
403 480
40 758
553 944
809 292
23 211
979 756
535 568
538 515
20 12
680 157
488 303
19 440
409 425
555 641
637 978
921 130
521 806
126 610
499 456
732 199
962 467
271 728
22 881
147 270
892 336
30 896
764 714
858 618
753 647
173 376
83 63
598 553
432 580
592 830
67 553
15 179
465 132
21 232
867 920
212 971
24 981
412 551
846 118
414 954
462 453
482 358
57 148
951 973
623 327
646 452
621 579
22 725
383 148
751 421
2 200
355 235
402 784
60 797
837 189
162 34
310 659
485 887
393 642
656 183
924 767
707 2
946 859
173 957
783 977
296 91
473 759
700 292
449 201
535 619
155 80
364 484
674 993
27 681
283 530
607 764
153 503
719 202
519 404
246 696
809 987
870 984
581 268
68 841
243 590
542 384
864 318
149 776
515 903
42 505
108 300
562 883
155 667
587 599
172 326
37 456
753 771
376 600
534 450
387 400
273 326
785 717
927 905
148 108
902 342
19 985
575 502
696 37
326 678
997 92
215 301
996 142
478 854
384 768
852 658
787 336
102 264
283 990
464 122
543 657
191 398
952 929
790 368
835 537
637 672
469 455
5 702
808 948
73 125
128 922
784 175
244 405
731 280
646 627
517 37
392 643
616 8
85 183
700 272
124 973
661 884
230 452
904 861
175 408
960 405
287 460
850 562
18 630
845 77
385 82
906 853
743 792
903 969
896 164
938 173
755 39
745 59
93 763
577 242
375 591
384 636
700 9
301 253
965 861
269 571
10 715
932 195
362 269
232 612
751 223
734 487
391 489
690 613
836 468
686 721
547 973
768 484
557 891
984 805
363 90
357 447
60 193
313 92
766 926
467 199
701 488
670 775
866 996
545 577
273 763
731 536
712 914
649 348
523 317
397 615
908 719
987 398
313 286
218 587
183 344
760 106
886 312
87 408
96 310
149 233
779 409
114 984
442 437
549 364
198 431
907 826
30 878
920 359
501 758
958 824
545 870
967 837
515 480
410 470
423 815
254 343
622 612
661 729
343 737
182 661
132 445
615 793
27 660
895 607
186 167
343 564
885 361
895 565
971 818
763 997
630 534
213 359
462 355
908 439
832 260
859 210
916 646
599 852
589 748
631 552
269 254
733 74
945 569
598 938
219 298
237 424
119 275
594 192
927 700
178 78
496 545
23 708
73 544
570 240
183 654
759 67
395 840
551 781
732 320
881 30
566 281
638 989
992 417
574 51
326 286
359 182
619 453
819 494
40 307
544 804
461 144
100 451
496 632
73 602
51 770
809 253
824 476
99 959
506 543
291 944
250 398
717 204
784 28
520 972
800 963
865 425
779 634
186 492
41 520
671 40
10 529
303 933
755 389
500 997
357 829
747 496
114 132
853 975
341 526
407 621
963 466
810 214
153 885
879 825
588 296
398 428
94 583
291 192
749 488
315 787
549 494
376 26
567 53
267 633
80 82
558 297
763 256
382 924
459 426
795 60
174 233
921 952
340 931
279 839
947 312
82 366
983 20
574 755
346 429
430 810
825 197
213 755
198 709
587 314
587 827
656 740
820 659
70 317
785 664
968 128
686 341
323 809
831 546
153 655
34 807
965 987
859 241
701 931
717 80
827 309
451 228
451 105
860 713
644 611
38 386
36 629
288 19
83 914
132 626
210 38
693 202
349 771
387 702
51 466
269 876
176 179
487 504
319 510
470 340
939 346
284 57
221 310
332 911
870 676
993 878
542 527
871 673
769 889
915 466
255 757
680 944
236 958
504 129
61 632
885 506
870 160
843 59
389 757
294 191
822 217
850 75
340 263
580 616
465 936
751 916
391 450
215 859
201 890
528 819
822 406
464 956
979 695
776 367
634 127
240 928
637 103
200 77
881 849
762 802
298 803
686 903
420 887
407 954
481 965
611 623
172 945
57 202
183 251
533 299
812 409
73 918
427 498
885 720
752 569
611 413
385 4
932 56
897 768
114 260
866 765
127 357
809 32
385 36
449 336
322 840
817 602
655 905
230 880
303 767
422 829
102 410
61 496
663 932
36 496
942 708
810 116
429 903
370 847
924 827
736 876
648 425
143 469
972 424
681 268
462 330
235 395
428 248
708 886
885 633
360 171
995 825
394 219
810 972
595 920
593 737
542 437
998 395
722 7
651 381
827 900
106 500
474 749
426 129
385 297
764 92
546 297
609 454
150 188
485 15
728 554
665 440
817 181
564 767
994 332
123 197
744 113
64 428
443 889
376 829
458 712
236 507
277 549
593 507
623 302
641 130
805 923
167 920
772 175
36 869
160 383
90 910
481 972
206 429
341 683
155 794
167 966
713 955
352 53
707 690
735 434
769 925
250 495
658 70
511 720
471 555
768 496
588 592
32 416
847 741
582 547
240 715
471 336
468 820
429 92
110 919
466 844
258 900
233 240
918 687
116 436
99 437
735 428
799 450
153 304
807 106
740 860
149 740
260 374
827 44
927 636
946 947
200 920
580 26
419 668
272 215
251 104
19 263
148 615
405 244
602 874
668 366
572 872
444 283
789 40
978 664
471 851
142 81
314 525
41 349
382 701
945 815
405 843
123 207
579 780
528 479
154 533
734 996
617 58
868 849
914 484
776 226
799 43
239 179
389 415
835 21
947 573
577 57
912 87
90 587
619 532
495 699
397 567
558 881
615 400
134 851
367 347
755 202
970 457
668 380
587 750
43 352
370 277
394 119
582 161
549 95
779 156
812 628
410 658
619 656
488 432
826 313
898 245
759 837
55 176
71 431
251 187
675 986
954 830
980 67
528 247
859 455
994 904
445 311
80 475
485 306
137 744
956 384
628 731
399 682
358 358
151 328
839 919
501 730
161 676
57 633
434 745
519 248
705 554
388 719
384 338
212 70
936 371
371 224
597 566
342 414
753 931
499 113
601 229
695 550
407 245
872 988
122 371
718 206
287 83
293 630
747 294
955 520
415 101
217 467
58 834
168 717
360 130
359 695
684 9
811 378
751 790
114 155
193 804
650 237
55 192
274 389
285 264
646 794
854 482
715 542
535 817
336 148
87 764
692 965
395 762
98 82
504 157
722 467
814 104
994 67
450 364
50 998
650 194
972 318
597 731
750 641
975 333
986 210
166 330
786 584
357 745
377 249
585 352
577 79
164 14
147 919
799 117
192 162
128 655
803 806
971 477
659 637
24 395
777 262
334 77
467 644
871 38
801 654
839 128
358 854
425 127
542 361
255 237
916 537
555 384
231 149
667 650
951 384
736 409
621 609
290 508
576 811
293 693
659 490
49 934
709 616
660 837
460 591
554 863
134 432
656 208
833 859
844 399
301 530
140 310
540 608
937 333
510 205
942 703
505 44
609 286
363 566
843 580
597 467
758 569
638 207
167 678
815 383
186 988
229 897
237 591
911 10
327 520
134 388
962 706
704 720
552 49
199 372
322 603
460 976
8 11
502 693
483 646
493 330
958 647
912 623
697 883
198 366
942 896
934 232
642 46
534 366
292 966
605 405
246 839
155 534
760 553
12 494
6 789
988 98
936 455
270 77
191 943
684 423
472 889
941 72
961 448
193 733
752 326
458 534
960 33
606 557
180 684
738 133
206 208
936 725
183 495
296 885
374 480
776 144
419 104
121 816
402 163
762 758
387 108
298 495
753 69
254 879
146 425
287 118
29 582
29 824
522 624
473 606
237 27
705 592
457 423
529 593
420 365
216 873
84 458
612 863
720 588
563 66
162 772
776 390
281 155
738 524
982 849
985 139
574 477
562 926
468 543
850 857
431 11
555 906
365 88
698 434
163 486
565 896
485 479
58 464
788 923
865 862
544 188
87 341
644 248
639 145
671 278
339 102
507 746
163 448
30 836
662 175
247 597
937 638
122 641
886 340
548 255
592 527
59 94
81 246
578 434
252 340
3 840
436 541
784 310
349 521
406 616
713 108
383 806
60 378
274 995
271 802
537 223
124 489
591 949
704 145
180 989
936 807
870 909
262 444
319 382
500 162
958 740
132 955
165 549
253 445
542 408
290 800
532 358
247 362
89 996
86 905
807 185
3 682
108 840
21 921
307 249
84 282
194 391
693 377
728 841
286 732
521 516
362 656
98 686
263 586
33 968
909 156
217 794
29 941
93 303
392 90
422 973
108 249
215 358
304 11
537 709
397 947
965 628
487 848
314 11
505 571
907 180
688 926
13 284
298 67
506 962
914 846
320 857
312 419
122 569
701 555
894 943
260 281
863 453
218 412
745 546
727 623
844 190
733 693
247 773
737 976
690 229
906 124
328 81
989 276
708 708
729 882
965 891
682 749
8 292
443 435
954 287
230 43
556 278
604 403
803 490
671 882
104 773
684 105
606 943
45 799
916 526
139 558
217 530
113 334
12 19
440 77
113 558
217 88
378 280
698 806
596 898
457 105
209 148
850 528
555 252
256 741
371 683
287 326
150 491
320 935
911 776
940 17
97 36
91 296
302 311
504 549
892 372
310 589
405 717
292 294
938 206
23 171
60 567
238 100
599 574
348 29
604 809
734 243
431 352
275 629
669 711
214 819
295 877
275 599
882 318
701 238
871 835
599 609
728 416
764 871
637 283
758 810
913 226
318 701
368 518
7 208
608 114
5 522
396 243
442 462
629 720
633 17
669 15
982 582
468 889
437 703
491 629
516 90
232 78
618 937
648 277
239 68
328 539
396 340
894 134
172 420
286 580
517 900
619 198
207 183
173 425
406 614
371 146
325 609
87 936
179 601
350 482
678 710
375 218
337 575
510 226
273 742
332 128
459 825
363 705
812 857
962 929
661 991
389 387
876 740
614 247
372 262
413 577
216 41
238 357
461 322
572 537
482 570
777 533
595 16
213 283
408 577
390 309
795 964
128 434
495 460
655 823
761 546
405 240
578 357
707 14
889 571
951 871
171 240
148 198
331 848
427 953
429 25
643 232
120 871
269 624
691 824
732 26
762 690
794 342
62 995
204 129
849 476
84 771
841 946
337 972
841 869
521 109
769 994
501 392
524 380
788 744
132 754
732 202
794 348
984 96
135 439
25 623
865 893
380 973
905 696
656 561
973 517
721 621
952 503
545 929
471 91
970 176
946 966
387 252
105 799
544 773
909 285
820 855
513 435
875 671
632 674
395 749
360 981
116 62
551 440
885 990
572 117
552 982
78 760
70 285
495 860
146 98
202 969
422 930
887 200
975 835
234 868
598 289
95 309
22 887
90 884
264 917
254 67
896 984
945 443
823 169
813 562
198 384
664 426
801 88
826 260
600 229
299 900
933 763
374 672
291 719
631 51
802 480
755 73
299 594
48 629
397 409
580 896
706 488
429 618
454 211
189 609
792 981
952 421
155 626
485 687
199 723
954 686
535 105
28 880
244 974
354 229
505 933
779 462
66 93
278 685
260 215
674 312
20 77
799 627
709 952
885 546
752 289
600 132
445 679
242 10
321 443
951 287
295 22
664 7
354 211
128 840
424 570
645 30
321 568
117 560
732 757
289 673
417 124
208 768
525 307
33 134
304 605
936 221
26 602
30 600
739 294
820 115
899 186
694 659
422 325
231 282
240 238
713 680
704 700
678 400
636 72
324 700
853 229
111 271
361 987
542 295
55 72
527 503
984 183
679 413
66 185
875 152
534 731
792 871
716 325
676 694
315 990
153 606
4 17
505 636
274 416
742 511
376 117
231 544
660 532
466 702
554 188
294 231
999 554
508 599
746 635
224 336
828 551
33 233
329 253
639 54
512 791
93 174
472 808
585 268
912 299
827 301
959 364
13 564
889 710
328 446
715 335
837 182
677 831
751 684
908 285
551 986
553 504
803 558
646 508
207 768
562 462
995 273
733 504
667 823
832 575
557 91
553 558
272 788
694 571
663 876
266 53
991 301
117 532
322 703
123 736
234 426
696 847
252 541
823 85
330 68
957 189
573 419
224 865
699 8
41 366
981 922
606 260
119 34
407 350
169 968
112 590
248 183
708 231
336 738
73 753
975 325
404 246
232 834
576 569
808 494
748 226
861 34
274 59
749 892
67 184
319 445
556 44
264 537
106 708
903 374
872 543
846 890
920 245
121 84
484 978
709 693
851 461
838 538
19 890
234 244
627 712
826 698
761 318
378 188
265 974
888 840
902 943
472 188
121 967
41 983
590 59
674 202
450 468
660 431
595 350
493 843
71 122
111 142
838 191
775 286
954 92
872 334
457 685
931 579
931 846
715 148
416 537
373 74
638 33
504 938
752 952
717 194
771 389
160 824
639 567
264 495
900 530
717 706
215 727
957 625
450 504
675 651
591 466
11 203
36 307
799 917
546 950
1 975
950 431
499 452
61 562
877 477
864 545
929 908
450 250
170 780
939 616
262 790
64 928
527 714
646 546
546 664
650 450
762 542
441 142
747 814
88 869
127 592
741 441
141 257
175 610
413 142
343 885
96 619
369 406
164 125
143 598
186 410
435 922
379 489
247 908
714 295
467 170
200 177
826 301
658 78
496 739
137 98
806 246
300 347
206 157
960 831
704 786
107 290
593 352
348 404
502 143
234 498
265 216
708 246
404 541
565 833
371 597
52 342
293 735
719 66
522 453
226 779
593 374
402 793
939 912
550 497
667 197
514 807
946 98
971 838
655 501
483 710
619 269
675 491
117 917
641 207
404 33
974 767
463 858
21 814
15 336
216 794
478 76
605 586
611 232
889 734
875 353
551 95
925 103
331 480
902 756
570 798
931 386
261 580
567 563
317 290
370 373
804 462
330 9
652 272
482 752
639 916
446 229
983 515
775 293
137 365
709 132
16 838
599 346
693 828
652 108
870 763
639 294
26 251
933 74
170 80
176 621
894 166
4 979
822 489
917 507
776 566
920 131
110 86
932 348
811 447
507 478
679 638
397 972
742 277
859 488
535 614
589 273
396 998
847 165
480 291
777 790
513 205
817 836
224 306
33 475
880 991
696 560
344 593
608 424
782 843
793 480
216 229
428 753
167 308
267 450
554 457
404 676
939 808
109 950
352 983
611 20
948 140
74 959
549 544
298 208
377 477
511 25
533 861
272 188
789 516
706 573
988 67
156 889
83 663
676 81
113 900
312 298
327 739
1 334
385 286
910 296
903 456
549 797
590 502
699 608
776 980
351 53
301 738
646 316
835 573
367 499
396 307
669 855
998 426
728 446
856 545
351 535
526 680
298 528
776 807
651 857
690 673
247 239
696 219
730 58
699 991
391 445
493 632
110 183
431 15
940 534
400 492
822 154
271 447
381 958
510 177
493 26
389 1
800 97
972 699
901 529
912 775
937 614
274 944
510 986
112 792
394 868
976 959
282 890
744 52
365 425
390 937
308 611
127 934
306 957
726 325
435 90
638 101
597 799
377 538
181 827
805 782
654 733
39 388
162 23
163 970
578 683
837 668
344 684
956 735
563 110
512 746
398 775
733 567
509 441
291 777
591 655
321 884
411 468
689 985
831 747
685 422
244 573
234 56
855 430
698 902
630 86
806 264
389 965
510 617
894 215
826 535
978 707
386 392
997 837
684 426
93 547
908 742
236 392
540 752
339 964
870 951
902 486
992 628
623 339
65 606
81 196
128 873
633 817
750 725
97 364
213 204
769 722
974 853
74 324
859 147
172 379
534 224
495 20
337 502
813 873
425 765
265 361
524 843
330 964
773 313
497 377
482 614
447 973
296 148
443 991
975 37
756 123
269 948
122 454
100 638
519 657
677 292
694 761
823 153
928 537
413 992
681 520
634 303
628 261
136 469
267 850
49 774
276 995
867 450
179 423
61 370
834 620
858 385
253 791
853 834
349 25
884 345
897 878
924 235
841 289
449 714
239 476
710 712
129 322
352 583
551 736
130 181
493 28
119 947
751 802
241 200
672 260
96 160
966 693
358 661
271 167
320 637
692 634
938 708
78 590
414 533
123 770
535 249
663 364
255 147
243 208
416 979
520 332
885 349
913 921
863 250
165 450
811 146
503 226
400 539
79 739
216 288
206 692
836 210
940 521
955 284
527 379
115 106
442 214
157 907
658 978
112 524
465 377
375 869
650 301
757 362
803 289
9 845
492 370
173 128
126 531
477 104
994 908
30 929
796 940
223 7
343 128
155 435
585 30
82 415
747 171
459 919
876 168
302 552
826 283
980 678
786 45
973 486
458 321
641 687
653 655
29 582
317 228
75 984
492 513
932 782
812 927
936 403
913 873
792 426
932 445
809 624
819 709
646 692
781 32
927 436
264 390
681 550
677 164
906 759
960 183
52 899
123 747
67 114
454 980
447 961
746 638
391 505
548 289
954 636
943 977
524 614
140 119
92 477
826 480
848 626
880 388
632 31
6 408
869 842
390 889
17 684
481 791
137 776
904 123
137 188
181 332
739 471
939 287
302 130
221 787
241 377
203 828
54 572
772 914
852 154
468 250
570 708
595 623
82 638
478 168
720 665
855 875
273 782
849 266
941 810
109 918
40 678
94 766
205 342
779 904
636 422
408 716
945 68
146 41
271 325
161 735
849 451
772 642
376 712
411 550
206 229
717 295
761 867
283 729
905 598
203 440
578 835
616 604
906 910
205 917
782 63
567 28
340 536
976 822
575 814
842 397
808 446
301 661
523 936
916 93
239 245
164 621
413 46
701 275
413 129
537 590
606 791
18 467
134 159
906 408
997 124
675 833
153 859
916 694
50 723
573 381
357 877
117 289
617 710
680 730
405 741
315 938
975 455
294 785
848 324
763 916
116 31
235 829
617 871
457 951
561 522
919 129
955 346
483 396
474 334
611 517
451 242
562 216
910 781
964 407
889 700
794 593
444 997
185 72
925 23
259 358
199 817
408 880
839 89
248 77
854 878
347 691
982 97
576 42
329 113
661 404
108 850
646 437
274 206
40 902
512 315
953 8
49 57
524 598
50 953
235 779
174 753
520 221
485 575
596 630
803 118
611 733
690 963
611 380
433 410
254 906
574 203
247 376
83 163
547 825
818 63
960 794
382 398
908 312
391 695
471 665
502 489
502 967
823 178
966 786
391 343
21 433
316 301
626 13
710 892
370 150
182 754
897 349
242 511
314 790
7 303
577 387
889 788
112 620
6 307
440 853
150 51
549 576
868 289
381 738
933 258
798 725
277 605
165 531
181 170
814 359
880 781
992 568
147 114
851 329
900 850
639 638
723 81
885 505
992 583
929 522
614 653
297 871
968 376
223 196
755 810
425 377
878 19
429 727
450 37
197 360
989 928
933 355
948 97
227 767
785 54
955 997
631 666
399 278
196 859
260 651
508 280
847 469
338 905
465 530
59 292
233 293
791 385
383 420
150 164
908 902
631 354
482 656
375 891
728 628
670 710
985 310
151 575
57 878
625 36
15 929
81 234
422 625
222 18
583 27
635 457
91 740
717 310
595 214
461 107
202 457
241 1
498 567
958 211
129 605
110 104
602 814
690 804
668 859
361 112
929 702
824 881
373 816
70 226
295 582
93 916
298 426
506 293
395 108
216 506
119 911
874 836
712 24
807 592
988 840
857 608
504 118
220 839
679 35
455 256
456 649
848 347
259 316
292 964
511 488
770 410
71 419
676 500
343 945
210 547
252 252
798 955
781 848
364 649
151 417
478 735
882 33
994 127
469 360
520 241
457 848
733 826
903 456
533 319
908 553
286 381
387 93
230 727
