6500 5500
583 6
163 952
607 374
965 940
761 164
348 988
663 152
730 361
540 511
452 186
69 842
565 139
824 872
874 720
819 352
407 778
872 13
824 553
507 709
286 621
580 701
751 940
995 698
917 28
767 199
966 744
928 968
420 67
851 484
306 274
819 716
409 364
193 618
404 359
177 852
59 984
66 862
334 863
285 263
146 880
628 943
36 393
924 426
259 590
740 278
768 208
789 519
723 375
207 88
898 388
537 463
797 902
338 353
309 71
882 858
677 43
881 567
82 877
404 661
446 366
427 405
61 815
416 257
152 517
24 608
92 709
812 574
182 138
484 868
975 691
95 55
838 207
812 85
965 122
296 843
145 472
702 796
48 3
391 29
321 742
836 246
565 328
249 572
533 761
509 858
718 494
401 986
233 406
707 894
217 672
470 646
639 934
324 379
262 571
793 742
174 134
799 901
125 211
198 229
292 916
823 674
483 327
932 786
616 173
252 369
458 377
288 719
844 867
773 985
762 597
312 915
795 6
623 522
903 908
46 866
242 680
440 402
364 664
280 177
509 793
551 50
128 875
288 945
757 403
788 462
133 940
337 582
757 286
642 679
553 808
924 355
932 897
404 83
816 504
130 421
775 261
667 363
132 659
367 144
288 781
454 296
703 616
629 415
532 112
254 13
259 170
873 451
438 268
531 4
888 178
342 611
506 353
463 925
936 288
411 404
615 661
723 217
646 255
360 615
459 374
721 511
634 201
782 973
641 842
74 52
517 57
454 674
978 317
918 147
959 995
921 964
268 205
838 537
920 895
420 78
3 282
444 355
202 107
698 901
374 270
234 895
607 596
59 727
318 145
822 990
608 416
510 940
892 382
8 121
795 402
754 620
566 343
913 786
600 450
96 19
994 300
828 743
462 819
237 770
185 677
829 156
558 691
450 401
372 763
371 143
935 138
84 789
819 713
402 411
359 992
801 313
477 436
391 472
845 492
926 809
163 682
304 504
648 589
855 434
197 978
668 486
283 843
214 789
464 234
413 400
406 702
198 170
922 321
762 27
79 733
417 535
243 441
833 392
763 898
640 597
72 858
690 490
80 832
92 10
595 48
830 823
793 475
303 491
718 87
758 13
96 134
516 424
710 650
435 782
967 489
838 179
404 833
265 450
682 97
234 804
724 216
498 84
427 938
488 211
34 487
641 640
587 651
595 564
921 554
898 468
932 661
97 449
50 802
492 304
466 109
636 137
736 653
122 944
61 456
370 961
591 759
241 116
526 349
945 286
557 424
547 407
75 336
37 54
875 829
982 923
413 838
522 498
779 612
470 445
356 906
804 34
210 399
843 263
265 535
76 714
242 742
800 577
218 117
71 329
847 705
712 985
770 838
909 658
787 734
700 771
665 662
460 518
236 366
929 857
857 340
805 392
737 668
337 318
750 498
729 837
280 955
628 98
852 515
801 887
651 273
566 789
657 173
977 863
246 74
970 572
13 252
236 362
366 981
807 786
953 865
966 459
560 108
869 371
685 554
183 506
47 409
575 340
743 352
217 255
991 316
39 307
117 21
587 346
351 103
481 901
219 500
236 539
358 670
234 696
496 325
233 803
735 876
507 49
807 803
614 865
537 752
457 223
966 474
722 325
668 333
881 770
52 510
464 486
449 757
314 322
561 518
115 963
395 4
112 710
977 789
165 98
342 787
121 719
491 784
524 575
897 439
766 562
526 683
382 711
542 732
792 192
46 948
932 611
231 472
767 43
103 916
579 513
330 750
576 701
442 525
480 121
715 328
371 649
123 937
2 932
175 766
600 442
521 34
744 726
386 93
258 747
289 466
55 354
572 317
839 16
937 89
827 152
899 705
392 782
885 787
129 773
502 706
395 506
347 252
124 70
356 745
127 877
296 792
607 839
626 756
782 68
176 429
324 978
325 388
272 505
491 566
600 389
579 936
233 772
6 815
155 199
906 986
323 818
561 203
121 208
952 939
154 93
82 383
843 806
466 666
673 477
789 256
662 498
393 602
592 630
486 30
951 291
429 213
578 326
982 522
934 65
632 81
437 328
105 810
524 575
686 357
875 755
993 335
803 520
275 754
501 59
120 677
328 475
389 368
732 175
838 973
700 967
387 346
769 819
464 286
114 430
334 997
45 233
246 440
934 759
353 187
1 430
492 969
901 135
283 926
96 465
559 800
525 456
730 241
382 822
45 678
310 137
758 921
867 523
444 203
332 932
118 502
378 615
514 889
692 652
914 602
95 894
739 451
746 499
643 457
134 800
625 200
327 764
813 178
972 271
426 71
989 440
714 538
162 652
777 598
99 294
275 566
47 357
915 975
463 327
456 286
740 104
861 341
447 413
812 321
826 642
49 252
621 77
91 431
842 684
260 982
901 653
654 690
789 24
401 370
211 326
167 565
974 208
867 120
352 385
882 31
339 961
433 322
38 34
536 750
496 997
662 786
899 674
108 34
166 625
640 603
986 338
227 821
954 624
237 548
900 998
29 389
635 688
821 738
528 763
781 565
667 925
650 938
792 582
60 433
582 529
723 587
552 39
684 528
237 359
409 645
85 328
757 447
256 640
483 38
687 745
545 129
327 24
603 188
892 479
200 181
220 708
794 328
554 117
508 936
381 886
529 39
364 801
950 231
18 283
821 271
221 743
742 628
653 937
511 165
392 385
467 667
4 539
304 384
277 713
818 983
422 838
509 402
84 597
550 999
255 943
446 435
970 316
663 500
890 83
691 403
953 665
968 245
328 753
722 615
657 308
916 94
68 682
430 525
723 267
164 439
394 646
82 476
251 755
828 964
288 311
300 750
435 972
323 365
803 119
603 100
389 125
257 670
591 568
120 538
537 729
775 965
898 471
237 857
587 418
576 998
494 306
501 845
888 283
718 57
809 67
948 965
631 538
436 251
657 806
606 923
442 380
321 697
6 940
902 960
664 665
23 468
705 447
589 71
507 251
645 135
600 981
684 221
509 861
201 684
995 309
629 862
980 213
922 598
799 426
521 814
987 682
82 207
144 385
155 715
4 838
264 758
144 993
134 46
614 152
391 642
73 906
363 953
249 505
611 868
1 963
185 914
209 470
759 520
633 964
654 776
652 467
168 644
245 250
438 182
718 191
826 445
378 79
17 980
251 442
540 227
746 437
29 488
944 237
47 336
545 2
592 359
428 654
888 482
944 6
569 853
552 672
954 144
37 585
718 600
772 902
412 493
852 805
721 401
213 467
950 340
607 12
71 401
888 765
631 15
26 633
469 282
771 919
555 285
634 18
817 805
506 304
665 306
811 974
748 178
789 936
221 626
725 891
261 258
388 908
474 792
585 362
300 987
220 524
476 66
398 114
164 422
284 863
609 870
746 778
152 438
530 778
997 930
906 8
252 660
118 669
175 417
776 679
279 47
625 617
684 357
641 684
982 502
170 452
990 215
446 246
256 966
910 369
614 472
785 169
761 505
124 324
834 131
895 393
224 532
640 644
869 736
271 928
816 895
609 982
430 118
861 512
312 385
691 94
833 987
382 648
211 970
443 952
541 17
867 85
475 331
154 554
719 199
645 596
489 134
857 455
316 595
616 838
632 183
650 610
613 504
273 183
933 47
980 525
884 532
827 327
666 42
589 258
617 870
796 286
521 698
683 100
892 850
854 834
396 938
591 619
233 261
769 460
138 355
133 254
295 632
202 554
835 691
173 27
450 120
698 237
687 144
834 784
737 749
837 673
537 353
623 921
263 799
556 262
449 437
657 470
138 215
266 96
983 882
797 196
779 828
133 24
678 724
231 277
140 217
397 176
814 861
319 192
533 195
716 405
447 326
549 993
20 171
784 253
84 294
758 812
13 264
699 656
992 393
411 41
33 200
105 625
454 416
183 973
88 986
20 654
482 751
230 705
784 318
610 79
63 969
489 901
993 200
677 455
617 463
113 373
186 12
846 839
190 148
614 111
597 39
318 652
888 940
200 856
739 503
945 524
577 356
665 250
567 259
569 21
10 412
496 357
131 628
403 388
207 578
176 10
242 379
56 656
619 191
379 262
239 94
218 302
337 150
903 171
809 572
759 965
370 476
964 783
501 150
279 243
913 740
513 591
203 699
714 749
161 579
618 670
755 170
95 322
249 371
538 53
564 783
252 384
519 97
25 278
606 422
518 335
930 830
123 591
447 240
840 992
195 531
291 532
134 577
354 247
704 986
241 773
825 838
761 933
983 509
11 519
585 17
400 938
958 990
521 36
906 814
231 274
84 339
254 379
942 744
77 647
621 411
344 716
819 124
219 808
48 471
743 244
843 406
526 587
225 899
266 466
312 927
228 543
31 619
84 438
915 434
18 698
796 598
74 92
861 225
591 53
807 708
464 757
253 816
488 975
584 394
59 8
17 292
871 142
55 318
455 681
597 317
434 42
966 638
85 333
862 584
873 52
962 289
997 10
463 669
478 99
194 663
722 409
453 69
864 713
129 549
831 324
147 156
243 875
516 71
834 21
417 123
411 329
854 900
289 25
838 222
19 631
143 263
347 640
521 494
424 688
575 144
435 766
497 723
601 931
600 385
718 373
541 426
391 531
945 728
114 177
867 349
947 401
998 235
362 408
503 536
153 148
246 223
746 744
637 785
147 768
451 940
508 754
240 715
578 179
938 918
302 400
379 474
997 553
834 525
947 500
537 387
691 463
312 388
828 277
861 795
347 288
611 350
592 329
17 799
140 224
370 563
673 414
792 875
461 816
289 356
839 726
872 219
239 430
763 173
613 112
568 250
343 210
774 642
570 308
97 199
773 219
689 154
403 354
503 910
632 477
15 267
559 93
923 18
925 552
895 8
403 173
190 370
871 627
890 871
494 263
703 49
253 184
52 854
820 282
177 888
668 435
489 129
455 504
726 353
911 475
835 424
433 605
690 82
265 223
208 738
674 97
858 64
669 451
516 43
121 827
396 932
783 468
64 925
903 935
612 216
377 981
629 428
87 83
200 463
259 256
250 79
216 837
772 652
622 74
853 39
522 111
287 860
257 692
60 525
709 177
190 830
104 997
918 120
832 716
465 999
13 202
224 211
734 204
794 590
710 167
732 160
955 339
764 261
294 780
41 21
716 458
751 640
823 625
354 203
400 100
446 408
798 974
204 942
511 28
806 841
324 869
935 788
834 703
424 46
59 469
365 746
576 147
561 765
204 603
623 697
793 572
142 597
553 859
378 885
214 281
43 838
233 268
976 187
110 715
439 256
67 28
799 292
199 262
169 382
841 103
848 391
702 76
79 42
506 39
625 810
779 282
651 446
723 571
715 247
733 929
124 688
650 694
585 342
737 548
324 790
212 108
46 661
939 572
430 17
60 618
908 511
683 949
677 986
731 270
811 980
624 73
166 248
231 565
243 323
660 878
86 876
987 467
140 223
234 450
367 445
855 612
721 499
288 951
588 586
335 112
928 871
894 158
469 439
427 337
501 815
983 493
386 236
772 273
199 189
475 788
508 368
538 391
239 880
1 494
378 664
297 172
626 344
22 499
870 405
216 161
559 323
940 563
581 617
390 350
540 279
354 585
293 517
603 937
974 373
490 33
610 185
970 730
175 71
672 2
946 77
625 179
979 75
206 388
401 563
734 629
96 479
554 682
685 467
541 356
524 647
393 761
538 550
24 394
833 6
932 221
365 553
603 408
877 454
741 599
386 127
555 532
709 652
345 511
464 930
738 473
797 697
801 825
491 815
109 934
709 425
467 292
74 653
821 856
110 638
431 642
343 207
509 296
298 100
398 184
408 860
635 207
185 383
233 41
745 89
178 640
130 938
196 478
539 695
600 501
460 890
319 264
279 747
658 200
292 840
369 988
935 88
627 736
23 249
325 244
445 103
484 15
420 907
577 171
79 584
881 803
315 931
804 97
84 987
722 505
582 341
624 544
730 475
560 699
631 66
641 816
342 475
204 39
376 480
652 889
748 927
367 533
525 100
180 513
421 332
317 508
899 232
854 443
554 838
785 404
256 685
181 445
459 303
245 524
187 378
54 498
837 35
900 432
73 620
190 543
489 108
879 486
556 818
685 476
413 953
18 289
345 531
583 63
32 161
84 730
908 51
745 470
584 186
458 20
403 307
697 522
925 940
51 883
727 604
134 608
619 684
358 216
113 74
312 209
572 152
916 92
406 524
70 588
95 630
625 992
200 774
985 665
472 860
232 931
366 617
537 14
371 630
489 246
626 738
270 956
230 443
894 835
935 202
587 119
335 997
767 947
466 351
126 990
450 371
836 440
463 959
107 173
961 197
425 895
684 188
961 659
678 547
511 413
744 819
339 18
374 61
666 814
280 487
933 300
748 761
577 901
156 429
409 684
170 293
509 568
748 891
247 309
512 990
500 377
600 666
660 734
200 242
23 573
280 128
684 185
331 354
559 705
739 434
99 680
769 445
167 908
452 420
861 393
480 373
899 64
39 833
26 703
130 457
217 513
79 605
951 748
595 182
59 500
515 68
625 707
933 617
703 681
374 746
603 6
467 495
6 348
531 921
346 241
340 157
201 829
192 169
939 277
885 926
152 277
71 856
753 841
435 596
698 839
917 541
688 661
945 818
442 876
182 329
85 599
414 973
856 688
511 887
407 790
31 961
415 225
216 770
161 613
614 377
426 393
645 262
716 481
847 125
90 856
364 206
561 771
42 343
386 205
507 9
94 11
313 942
7 312
959 1
970 277
927 276
747 96
844 358
658 956
5 682
198 760
928 296
976 862
625 470
88 638
674 897
995 467
622 138
507 883
572 926
143 568
140 26
696 561
547 870
416 283
847 533
263 615
824 807
752 832
880 188
486 315
33 723
485 698
578 571
701 728
943 666
31 710
112 257
503 867
708 14
28 284
758 895
453 983
948 371
324 259
933 929
313 442
992 232
31 135
361 239
345 766
103 911
211 880
154 821
900 76
114 973
292 397
279 121
935 465
671 742
128 132
996 632
205 435
157 251
734 829
1 877
787 883
349 430
962 491
153 294
719 479
417 673
760 774
623 829
432 186
415 861
246 389
758 748
241 367
76 134
695 467
287 245
49 773
924 299
849 91
215 56
686 114
66 730
232 275
951 516
742 276
195 890
55 769
763 246
699 610
216 852
215 846
323 734
819 416
989 756
947 778
904 313
21 776
655 226
67 618
912 444
62 497
775 187
158 556
775 432
322 930
86 218
508 996
269 411
684 544
510 819
377 619
875 736
193 727
647 797
904 121
69 125
238 563
549 341
971 492
419 120
314 197
254 38
410 4
797 794
622 53
467 554
167 282
128 673
465 710
367 328
237 421
30 463
744 714
245 332
306 59
846 745
750 891
849 831
228 748
781 529
986 402
947 118
267 721
277 467
516 300
122 43
218 503
766 376
681 239
149 482
352 624
607 297
943 611
131 562
113 831
498 847
903 651
117 691
893 775
831 804
485 50
73 592
714 374
683 926
144 810
248 626
722 524
179 938
334 760
297 420
852 991
680 624
431 368
139 671
913 887
618 585
234 725
607 173
156 832
112 739
209 273
247 929
416 878
690 646
70 14
318 251
135 447
281 744
397 257
354 35
228 485
207 366
28 834
499 164
697 991
627 358
255 496
795 309
420 375
453 13
289 46
296 201
159 337
49 303
913 894
987 82
887 659
196 510
731 591
310 753
117 821
450 89
802 103
282 921
925 640
884 947
322 493
897 473
65 434
557 698
984 435
151 41
171 856
882 645
583 841
931 194
527 584
615 133
476 484
506 494
802 577
668 503
407 288
846 728
264 368
300 868
407 243
391 790
316 294
656 838
23 678
802 521
585 926
800 188
651 494
2 7
914 547
929 191
851 57
810 248
94 767
905 330
393 833
146 711
603 339
172 737
332 310
779 403
359 275
504 769
36 685
86 648
361 14
266 34
475 118
994 57
93 686
426 851
555 111
19 310
188 37
45 171
112 814
853 920
414 460
519 705
520 766
894 261
83 958
363 962
829 836
875 43
606 447
800 873
830 12
821 496
892 517
584 750
520 748
468 190
675 477
174 28
647 803
874 399
33 259
564 424
368 662
566 204
437 558
393 533
832 866
290 223
720 545
981 182
214 729
266 88
636 381
717 74
486 231
963 352
267 909
128 188
17 627
896 520
678 863
55 926
859 493
768 26
555 89
660 846
440 330
767 164
207 65
344 856
300 595
761 137
271 356
815 158
778 757
838 79
358 700
986 719
934 898
717 375
270 419
871 547
739 745
670 191
906 789
101 905
6 248
627 926
364 287
608 850
378 768
749 809
290 865
872 243
226 392
179 206
831 556
505 577
327 595
350 117
254 658
729 155
556 247
10 55
297 960
201 603
863 1
266 600
11 110
799 559
390 546
292 59
460 640
884 618
2 874
454 389
655 9
561 758
872 633
528 475
148 735
737 797
861 608
406 724
468 28
75 389
32 832
552 15
767 99
227 188
782 59
804 940
180 961
156 902
403 126
241 319
596 966
394 234
295 830
596 373
6 814
227 480
803 609
703 37
806 218
164 541
852 536
571 849
889 974
582 64
711 4
165 726
257 506
825 839
648 670
375 917
638 450
167 245
889 700
814 809
401 982
386 167
419 187
535 629
252 331
427 426
129 92
965 58
613 525
459 648
529 531
708 543
178 46
709 529
514 919
469 619
157 64
327 354
313 257
476 93
330 987
745 219
78 664
250 902
597 42
486 45
405 975
539 816
698 467
68 689
507 738
79 786
18 211
869 952
874 48
601 618
805 429
361 716
839 417
561 974
964 15
617 558
133 269
179 821
819 507
809 382
351 871
831 8
56 612
10 495
663 395
576 114
799 124
6 461
349 21
599 17
770 861
284 444
864 765
221 343
120 582
327 885
105 925
776 565
983 827
618 513
290 622
923 457
399 249
858 207
235 941
454 861
669 13
218 665
171 63
387 933
870 769
413 908
986 751
865 781
231 259
99 923
232 787
212 702
254 436
696 315
77 968
557 809
718 503
456 28
770 537
332 736
741 620
707 682
897 611
938 559
553 779
411 591
277 298
57 966
458 750
806 599
45 381
626 877
957 368
557 371
993 296
147 198
240 427
600 432
452 767
573 499
860 279
639 422
621 364
53 446
46 182
596 669
398 157
867 479
523 584
424 578
262 13
335 84
950 738
260 808
821 243
207 141
295 401
488 838
970 779
713 938
316 347
168 141
899 397
525 115
693 257
874 544
631 243
452 859
320 155
714 294
740 328
719 695
726 559
495 945
479 836
472 605
574 505
513 966
887 582
957 72
836 185
507 539
99 775
661 306
803 364
380 672
617 724
917 996
869 462
545 535
12 445
780 809
562 556
742 954
413 135
645 928
191 786
724 688
558 442
429 150
569 657
339 58
444 657
121 663
297 306
842 292
25 440
705 852
54 929
783 867
417 674
304 371
966 405
245 621
422 273
530 855
591 627
461 805
264 454
375 343
479 963
177 29
522 736
62 40
687 211
354 862
103 609
162 748
104 601
142 891
739 656
609 792
639 738
468 122
873 594
233 903
966 266
231 161
803 542
43 983
508 117
816 34
965 758
874 812
265 287
481 216
504 166
295 104
791 458
4 137
411 211
478 264
363 47
204 187
582 114
363 897
435 23
214 984
709 947
250 764
975 852
564 843
178 295
439 204
598 617
104 146
353 787
271 686
1 253
149 67
560 698
162 88
215 992
224 589
491 416
399 928
201 618
612 818
187 59
680 116
374 858
475 12
555 573
690 402
644 382
686 716
932 834
835 132
284 427
798 202
320 767
901 924
104 186
875 307
179 789
713 713
975 835
649 596
55 540
900 942
439 138
63 483
479 446
955 276
121 667
919 838
847 872
573 1
902 454
628 22
559 144
304 921
191 45
758 874
27 329
591 850
12 480
179 497
973 261
655 188
889 576
214 463
925 284
102 879
484 126
339 847
997 754
263 942
718 477
601 197
469 800
635 564
433 969
539 427
181 645
913 361
871 514
683 35
361 552
356 758
288 709
874 401
897 138
666 399
512 703
180 241
14 524
156 331
602 175
257 148
743 585
896 869
28 843
121 596
80 780
629 938
12 335
441 91
420 559
184 829
547 641
902 38
447 849
27 430
780 874
872 341
209 182
324 951
419 817
690 20
86 65
323 761
470 814
71 532
211 557
700 953
658 408
270 223
153 747
984 750
938 730
507 229
22 257
582 234
80 958
868 289
452 457
25 539
608 399
655 972
974 816
443 349
146 789
180 990
872 254
688 467
303 197
844 626
871 514
898 186
339 829
814 104
590 654
332 32
465 956
369 845
844 518
538 413
387 92
555 307
181 864
356 303
757 716
108 287
202 9
861 515
973 697
780 45
296 477
362 210
374 127
545 116
686 917
63 450
541 235
672 501
162 482
38 936
201 997
273 960
74 324
91 394
53 233
155 947
714 41
126 133
331 973
736 468
730 608
910 400
915 422
619 37
760 944
7 955
797 16
363 381
476 524
102 398
613 940
766 254
931 935
590 879
365 787
436 872
90 878
507 885
545 820
214 933
425 327
861 747
703 499
977 606
235 385
239 85
955 111
611 490
675 735
302 889
370 910
917 396
487 960
572 682
548 369
412 188
412 631
180 953
558 609
738 621
532 770
533 719
406 669
764 85
678 803
237 619
831 431
715 832
765 769
931 709
396 576
961 223
880 766
649 592
721 611
624 698
477 843
440 235
337 748
663 42
443 216
287 102
924 924
269 836
860 525
93 108
385 943
937 918
773 225
947 887
811 163
629 676
269 9
735 541
187 782
579 285
320 655
481 184
874 509
159 397
960 198
875 115
452 32
122 851
404 347
137 682
604 349
259 712
529 357
955 754
795 79
104 756
667 844
845 548
333 259
167 631
335 660
627 713
553 320
219 601
623 240
866 359
955 358
594 908
345 12
106 24
372 907
915 810
957 419
610 844
680 915
569 922
956 979
183 575
630 519
524 713
157 491
727 198
529 90
402 80
721 584
922 466
968 766
647 476
621 837
786 75
98 119
410 454
184 969
179 762
408 479
332 920
337 824
806 543
851 199
994 913
210 481
808 177
813 106
262 520
827 750
770 705
614 151
561 37
920 75
471 238
789 540
386 161
386 350
37 836
207 219
500 334
253 662
34 702
36 303
105 745
192 844
887 2
893 308
387 459
371 360
331 20
208 480
481 531
404 37
888 541
312 612
979 287
198 144
861 777
548 517
735 600
480 703
227 207
151 69
157 98
919 480
248 850
268 160
230 13
602 337
678 731
260 308
388 905
16 999
726 126
742 629
453 242
956 564
130 303
165 966
643 376
923 156
236 443
930 498
546 97
871 271
359 986
428 303
695 697
802 249
128 333
871 739
479 938
418 165
672 557
933 962
37 360
576 438
682 337
228 605
837 991
517 325
520 938
419 205
38 430
340 12
827 338
744 438
946 954
314 162
54 759
452 682
186 948
629 854
3 95
247 424
482 1
202 199
933 647
854 241
612 722
387 47
233 393
947 267
759 435
921 849
715 64
412 656
330 221
390 29
672 447
844 852
781 682
155 3
352 659
342 396
708 92
39 888
102 671
777 698
206 163
718 222
199 248
156 936
236 937
290 934
155 334
456 767
5 620
337 53
38 836
344 642
909 936
738 918
249 59
486 426
745 487
913 172
201 103
436 704
407 478
553 929
876 945
294 865
879 480
872 916
949 590
910 101
342 326
718 798
798 145
238 583
697 761
752 671
595 259
794 415
314 182
996 544
242 642
673 176
240 570
573 516
608 907
191 563
82 494
665 175
62 406
761 91
950 820
187 387
796 455
424 149
649 504
610 708
786 916
847 602
798 383
735 705
516 452
702 69
266 475
360 726
403 399
749 868
65 126
464 24
765 337
395 643
199 453
353 284
725 161
896 528
258 231
79 457
604 228
397 328
298 935
385 432
721 823
155 981
588 955
164 251
287 726
842 599
706 864
912 11
536 893
970 137
534 168
451 998
103 778
782 926
577 85
34 885
87 788
772 624
194 291
382 60
367 188
808 360
772 526
806 391
823 701
413 863
576 284
985 326
814 448
495 212
792 300
684 872
357 748
302 541
441 712
249 649
65 332
260 299
572 649
861 817
121 268
181 856
628 188
405 601
801 536
29 200
125 80
881 729
98 67
646 232
922 610
873 600
227 607
56 94
539 674
610 323
26 724
418 496
54 29
452 728
214 676
376 467
322 497
939 219
525 718
636 611
638 257
468 145
374 773
745 147
205 195
561 688
293 364
187 412
262 22
709 338
263 733
386 594
739 171
374 444
838 150
286 73
643 460
690 635
613 510
326 776
149 978
274 401
82 813
713 561
43 561
969 722
799 663
351 953
818 778
106 716
433 578
424 455
748 595
972 947
707 107
369 932
730 526
459 107
673 122
269 903
43 906
370 543
407 543
712 405
671 873
326 935
382 921
128 963
274 988
951 240
536 144
637 488
103 888
829 640
89 470
885 174
287 370
530 139
850 518
647 45
674 892
560 504
279 228
959 628
613 854
420 560
79 27
915 432
960 818
587 45
247 537
877 669
543 642
329 611
726 95
33 619
967 231
624 879
718 925
446 337
884 994
746 595
869 659
828 401
790 226
725 953
954 436
750 23
398 688
345 301
98 306
195 229
399 45
342 395
937 141
555 161
504 924
866 362
943 677
923 859
589 367
505 817
854 307
543 929
735 524
7 855
939 307
652 580
263 562
240 966
365 265
617 536
334 859
237 893
318 204
805 306
368 634
698 731
814 447
968 879
959 138
443 228
767 44
588 923
461 14
716 69
25 412
597 603
348 250
994 417
623 400
743 341
301 308
424 824
708 249
129 42
224 770
787 953
432 709
90 177
843 896
242 601
544 429
313 791
617 456
487 441
43 665
842 776
218 80
475 619
311 76
839 315
898 800
545 958
629 549
965 534
77 680
551 148
898 116
569 583
267 948
570 562
807 779
695 575
724 758
381 900
92 279
375 318
892 961
274 689
272 614
240 113
420 29
847 586
408 220
578 2
427 403
938 540
232 297
16 602
550 675
374 443
91 632
53 221
359 384
442 779
267 193
535 289
468 321
904 557
796 722
750 672
887 646
37 256
703 39
940 553
454 891
95 13
656 488
72 454
262 69
282 539
409 124
386 948
872 538
395 110
491 367
858 730
530 515
499 842
413 89
428 362
705 497
990 42
899 656
622 765
982 510
205 330
860 436
894 799
467 727
702 771
665 281
724 493
930 951
51 699
8 484
193 550
829 841
176 374
167 752
536 386
815 250
473 177
658 465
55 422
241 218
97 213
626 498
72 365
402 83
865 832
749 99
846 22
58 969
827 126
798 100
612 345
220 998
30 651
161 430
894 718
744 291
975 878
164 696
286 333
532 735
455 89
619 234
219 35
111 471
752 867
746 741
311 328
185 75
914 928
760 2
594 495
515 768
184 470
607 84
736 228
136 177
357 800
894 51
776 656
527 614
784 309
715 30
315 556
251 165
654 214
491 854
813 724
356 693
183 447
709 449
809 355
507 55
118 514
628 944
990 114
867 118
700 852
54 172
41 729
449 556
164 677
770 82
648 487
267 370
563 331
562 508
185 590
31 533
206 17
828 341
727 651
636 76
33 984
44 688
382 508
122 696
964 530
894 622
875 454
213 822
681 480
216 819
601 749
348 557
562 885
253 421
373 517
2 625
352 632
540 792
973 960
765 503
152 340
935 532
380 258
666 87
463 252
628 853
689 211
366 701
944 274
764 501
486 523
972 838
298 553
809 378
981 462
143 914
237 3
343 913
878 364
621 16
352 706
409 135
25 950
626 579
28 507
244 371
766 207
405 343
240 224
284 277
42 315
177 776
312 936
931 366
734 831
218 406
680 108
452 586
912 362
805 626
930 342
38 850
787 178
460 672
851 768
403 899
37 702
216 441
214 663
214 926
308 199
331 241
665 775
69 31
966 423
863 751
684 790
46 177
535 206
505 447
47 965
402 880
205 703
689 732
749 855
808 512
449 95
536 343
314 792
764 915
159 405
883 450
608 605
597 659
398 648
63 151
340 735
997 420
304 723
486 347
107 185
958 289
802 947
433 879
542 185
733 195
308 983
480 683
756 367
864 931
265 514
227 176
857 648
813 819
513 344
313 546
973 819
447 851
188 9
987 454
88 148
655 654
82 823
125 825
888 917
770 96
119 24
745 510
770 399
921 672
360 962
749 657
349 789
930 694
962 761
341 664
723 456
940 713
409 835
292 87
49 241
886 281
186 850
608 575
694 184
282 139
862 829
173 930
244 256
792 971
93 591
891 866
859 236
750 498
708 471
110 408
990 354
591 10
11 775
995 153
14 202
727 998
549 208
334 495
819 257
911 120
248 248
78 725
69 281
787 865
681 900
666 356
508 428
203 729
171 588
627 558
21 113
362 966
804 982
519 393
672 463
655 439
862 103
242 626
436 434
580 664
166 957
824 13
552 281
114 377
73 78
835 603
875 564
705 616
475 678
100 670
402 341
563 963
358 570
681 828
603 176
362 232
945 819
711 743
660 521
792 822
625 933
373 388
646 449
771 164
877 120
959 216
911 239
555 702
861 343
355 341
448 50
988 504
958 539
330 627
914 868
716 648
885 651
519 268
959 399
219 193
645 775
333 197
131 733
931 854
142 663
900 428
199 914
946 413
79 929
650 28
172 87
6 410
165 714
974 244
780 747
789 817
248 317
83 864
961 758
636 555
112 13
240 914
644 126
963 135
917 508
190 65
468 951
79 443
184 207
179 232
177 74
425 272
243 154
534 492
282 422
351 940
398 440
580 83
319 389
422 984
185 457
870 794
202 415
986 219
671 952
542 592
567 453
373 228
281 32
960 787
450 499
770 22
382 434
594 910
242 720
747 840
686 20
677 320
353 5
368 891
609 530
447 3
153 324
114 539
526 65
241 123
977 483
994 899
351 869
293 101
611 568
998 79
36 548
742 934
167 277
541 515
253 360
860 907
585 390
404 264
365 736
605 180
591 400
224 191
771 367
70 949
900 66
153 523
164 645
204 118
936 227
468 212
203 620
265 460
606 931
516 575
654 443
528 419
550 778
937 14
398 470
499 458
450 21
544 668
601 387
728 526
352 313
810 101
904 624
703 674
338 691
51 342
771 615
856 718
784 747
537 693
836 244
968 193
915 345
782 56
402 593
581 742
727 593
491 876
148 723
147 292
613 72
653 780
505 25
325 547
127 287
245 961
968 226
670 676
783 727
113 36
134 4
516 224
142 987
678 560
437 64
467 200
122 786
910 666
597 420
311 814
492 532
107 658
681 167
762 834
965 101
773 117
822 526
921 490
380 559
341 978
75 415
437 222
482 103
117 478
53 541
750 44
65 108
116 140
315 929
777 280
694 647
835 390
51 945
503 646
343 67
338 856
514 377
343 944
384 389
311 617
238 573
498 642
993 635
750 802
87 868
664 841
643 262
873 303
735 853
215 342
247 153
448 802
516 934
56 788
88 817
620 829
801 57
455 767
379 978
440 909
139 875
781 554
123 793
415 816
108 37
486 131
267 243
591 93
80 702
221 840
284 688
88 966
163 950
928 93
905 485
255 876
325 516
916 821
403 410
928 50
157 736
459 917
108 940
935 850
655 430
232 781
253 39
422 807
503 802
513 728
462 388
501 680
498 689
933 676
100 328
341 345
628 383
663 192
885 972
917 57
718 882
144 813
916 141
267 183
246 120
150 904
922 560
910 682
345 643
771 58
322 837
839 867
948 255
105 556
611 585
950 570
780 304
334 424
472 887
495 143
900 859
212 88
567 238
434 381
882 343
225 184
263 660
224 624
352 723
428 114
437 592
985 462
783 554
615 725
681 876
894 5
919 221
779 488
932 231
485 14
809 549
590 71
782 72
830 539
692 695
994 325
163 289
505 188
3 121
334 202
754 3
779 564
549 713
769 326
462 348
167 799
671 766
692 964
311 600
416 773
614 709
429 30
382 199
592 960
506 378
412 348
769 530
828 174
695 611
907 396
843 796
67 827
394 839
679 461
363 726
742 68
842 71
126 193
563 468
991 386
624 96
921 907
916 623
680 996
283 224
579 685
222 850
515 324
945 911
130 963
565 934
239 951
554 657
760 110
646 373
468 929
522 458
713 488
568 259
153 597
962 375
966 343
653 39
342 963
678 501
18 478
211 603
753 830
107 571
996 322
660 209
988 525
719 825
609 217
131 706
334 200
313 685
864 615
293 723
248 200
748 941
805 658
365 327
798 338
645 298
734 306
216 589
425 946
7 573
377 950
184 927
724 822
222 943
424 907
407 42
246 112
850 133
307 185
978 637
311 986
605 100
131 692
978 483
694 197
371 969
707 980
891 125
454 189
951 177
334 189
413 551
504 60
819 890
986 352
713 739
81 674
959 802
780 276
458 846
594 59
13 607
707 795
851 16
967 844
231 285
308 352
219 948
582 202
660 659
772 205
887 602
480 957
244 778
137 972
736 136
6 491
50 459
30 35
652 230
792 255
767 733
138 399
914 725
384 538
197 755
663 403
959 954
892 153
856 2
834 486
582 4
605 354
207 897
69 163
141 659
498 286
991 635
804 714
590 69
169 721
986 665
871 549
284 619
235 558
919 277
785 61
829 786
158 859
185 655
64 310
113 145
595 84
414 110
423 131
539 337
648 137
359 317
554 315
158 969
45 84
610 619
819 440
297 986
376 174
486 167
480 343
79 638
573 253
645 809
919 225
683 230
404 675
714 125
468 889
262 797
144 256
179 243
894 43
27 959
985 212
500 658
116 626
22 86
644 902
788 758
869 415
226 793
410 737
189 165
194 690
381 947
895 572
935 465
138 342
549 78
693 823
542 206
910 268
753 807
341 429
24 701
993 520
803 913
712 8
392 21
706 266
909 132
880 920
926 965
416 557
502 702
148 540
61 668
560 252
252 165
707 300
189 146
335 774
972 214
13 470
745 174
364 184
354 9
235 208
94 942
658 970
110 270
7 837
636 831
189 205
944 757
65 814
213 267
255 468
654 255
990 208
60 856
114 324
201 439
442 360
705 340
676 223
281 648
264 758
232 542
273 982
118 181
622 838
30 884
644 231
769 953
475 655
577 412
79 544
124 854
223 400
947 638
526 926
187 645
803 451
453 401
743 100
674 15
612 738
66 135
993 170
479 840
206 772
255 138
573 551
863 435
225 703
170 485
1 281
364 625
79 102
210 312
455 936
435 447
186 977
737 837
112 932
793 155
168 219
284 29
45 501
360 734
50 447
21 102
720 367
77 251
809 422
62 96
214 997
701 392
877 464
127 679
168 914
971 10
945 732
209 785
432 251
277 672
976 629
430 217
429 899
330 823
769 130
617 887
456 317
97 394
41 33
494 234
650 602
281 220
24 869
236 205
860 60
1 920
209 448
115 479
79 102
102 673
271 331
972 149
991 474
34 512
941 584
655 95
185 20
411 638
228 676
912 616
260 913
629 441
450 75
776 376
744 846
527 272
926 285
164 839
575 899
943 658
846 631
600 220
771 112
918 494
130 525
546 939
641 773
766 851
328 172
929 190
847 515
137 323
91 166
323 380
34 78
709 644
512 983
322 116
645 584
144 259
649 936
624 629
196 312
288 511
669 396
75 894
192 464
175 351
50 160
568 943
11 773
763 508
150 938
689 764
654 347
78 918
95 63
301 901
286 786
201 747
772 264
292 327
199 241
9 809
465 923
975 356
837 868
446 926
347 552
684 816
581 167
558 739
587 261
721 497
260 749
31 58
249 913
90 484
219 900
402 492
520 580
213 914
736 347
380 417
286 55
745 59
645 479
189 967
805 513
970 890
358 283
991 650
406 73
869 578
251 48
877 824
959 727
983 549
718 128
808 752
714 880
117 61
762 343
611 320
421 826
9 162
833 589
479 259
347 29
742 150
322 505
196 968
77 58
849 264
678 210
645 697
893 654
254 903
937 127
711 85
899 257
904 94
856 307
51 315
513 375
707 751
875 309
283 482
316 155
728 721
454 239
956 559
386 722
764 651
81 611
609 261
348 433
426 279
429 733
204 218
643 876
306 435
76 563
529 914
970 71
929 331
359 242
671 767
170 654
293 685
255 274
922 673
424 664
468 414
541 367
906 9
672 261
790 18
147 584
751 784
44 113
835 152
680 136
343 413
121 133
722 886
332 330
629 625
31 266
77 111
528 771
561 365
461 109
802 859
577 153
847 928
85 959
9 378
18 961
460 968
344 970
409 829
894 140
189 652
927 172
375 292
258 879
89 880
231 570
926 517
105 788
314 523
857 912
436 427
70 324
889 476
390 766
769 800
793 196
172 294
200 959
985 564
988 184
732 624
348 63
896 830
785 413
220 750
624 156
319 833
718 392
755 846
618 901
372 719
645 946
465 700
181 697
965 762
956 571
345 767
263 886
409 480
157 665
485 518
180 943
976 220
853 617
954 208
790 115
910 742
94 938
578 18
736 16
699 409
147 837
210 951
285 338
499 233
231 283
140 236
509 202
928 594
375 882
663 851
26 817
275 432
905 552
220 316
907 287
761 58
92 183
899 114
341 305
224 23
279 651
943 548
866 963
574 394
630 744
385 999
688 564
78 10
683 60
125 723
84 106
656 252
987 343
607 761
969 664
985 892
353 760
681 828
560 485
50 230
27 303
354 977
670 619
584 803
548 736
98 653
727 872
795 568
702 235
407 224
930 112
816 822
966 616
204 918
10 463
799 69
620 928
433 605
166 422
538 819
673 687
753 790
39 320
596 868
371 32
185 925
102 100
865 909
524 878
591 691
88 857
935 278
158 118
356 45
256 93
183 448
213 220
43 830
326 116
448 332
244 788
563 75
600 347
112 296
18 71
983 917
764 351
21 198
473 341
130 531
987 917
252 348
71 100
46 912
998 450
471 868
68 626
721 391
877 521
767 446
999 71
177 407
603 924
424 653
520 111
75 847
426 591
817 554
57 382
873 542
691 960
772 761
601 479
840 974
632 253
156 592
554 109
273 267
698 755
777 119
11 855
521 514
281 681
464 268
74 249
901 315
258 618
212 864
581 511
487 553
993 614
670 558
197 605
668 99
630 546
588 608
788 180
680 847
106 204
541 915
7 85
17 973
851 707
558 501
174 67
715 415
920 78
436 754
879 55
647 708
776 913
599 956
109 450
410 584
928 393
215 524
734 464
225 421
130 96
794 528
795 4
184 551
832 444
405 143
848 770
860 901
835 136
283 373
296 881
812 252
29 170
71 702
744 739
409 255
523 617
45 540
562 895
262 229
136 637
14 205
753 116
238 553
130 143
161 676
817 587
906 463
415 465
177 36
570 100
976 159
105 676
564 37
183 648
834 596
505 562
745 262
653 506
33 126
905 590
928 565
925 921
109 896
670 819
754 15
303 119
714 220
110 384
687 684
794 520
952 67
830 145
141 868
5 497
991 133
675 607
257 654
433 317
606 286
349 623
718 512
993 6
593 827
884 578
940 697
668 766
598 98
620 152
782 123
130 539
274 230
660 571
961 606
632 122
617 481
213 229
679 795
730 570
736 609
483 354
250 753
9 327
563 216
502 260
756 172
63 791
240 879
29 465
654 581
945 914
363 488
725 529
241 965
184 940
872 369
97 218
61 901
144 357
374 132
743 231
173 856
922 169
734 275
721 300
67 321
952 612
605 170
655 428
379 176
640 594
524 879
768 629
859 512
409 784
743 734
430 692
124 729
393 970
228 96
553 882
922 410
505 195
953 634
940 977
634 161
829 248
40 558
18 293
55 464
516 643
978 734
71 385
698 994
691 584
22 747
433 668
217 139
346 901
871 126
883 462
349 823
646 765
852 606
775 330
39 89
674 292
611 236
681 628
262 330
391 423
907 920
838 880
622 423
684 118
51 81
642 242
164 303
10 396
625 452
107 251
486 576
735 803
114 826
467 624
418 300
830 674
61 295
407 93
727 649
410 402
905 942
730 984
658 425
501 950
770 783
903 132
284 364
950 653
75 149
345 141
126 463
511 386
226 503
860 544
95 901
865 556
50 385
632 775
211 736
156 665
589 537
241 396
993 933
644 264
857 326
431 782
423 678
508 44
66 137
124 410
664 572
64 78
125 933
36 158
657 86
901 205
130 20
106 250
134 306
819 877
262 619
419 299
785 933
686 782
125 811
165 621
590 731
745 432
465 966
513 209
470 199
170 114
446 544
879 613
65 340
973 519
999 886
251 293
343 26
473 662
573 169
63 693
711 109
307 642
991 869
335 830
895 823
102 548
580 671
643 84
213 408
966 49
811 342
808 16
840 878
441 193
619 991
907 306
290 501
993 766
106 753
91 558
632 854
919 226
764 412
371 985
700 322
156 368
418 162
917 706
324 858
173 354
514 332
904 63
954 124
475 467
239 988
760 664
382 36
129 607
258 631
760 707
93 960
871 700
791 673
947 892
594 973
737 171
622 302
220 27
459 86
476 662
587 9
410 654
780 734
296 726
436 426
983 871
465 898
83 859
233 798
951 160
766 863
788 427
291 186
766 914
56 697
419 442
387 413
518 986
162 559
394 252
915 428
538 158
855 958
426 38
788 669
687 995
568 884
184 889
761 168
615 918
233 549
543 40
878 915
37 460
162 966
475 813
733 252
337 172
863 67
181 609
598 91
419 804
407 997
867 304
362 54
877 336
545 220
206 903
982 355
340 268
2 336
273 351
453 2
302 516
474 355
86 162
351 682
73 34
606 759
878 109
335 596
838 253
560 949
183 152
496 873
860 29
712 609
406 161
383 559
336 741
683 877
656 492
851 685
43 949
31 473
839 605
856 442
119 437
371 499
206 705
359 314
150 297
404 825
846 457
106 139
254 810
821 361
277 607
242 881
630 511
894 787
726 901
890 378
190 725
276 9
254 215
57 800
8 467
746 772
694 45
548 922
828 435
315 699
591 992
23 461
741 177
324 651
587 851
491 810
433 643
261 744
489 883
789 21
569 418
730 796
113 480
588 578
50 962
726 715
291 822
960 795
113 59
755 805
846 677
636 513
951 798
657 431
898 221
160 697
829 535
834 682
814 162
649 835
115 934
743 721
82 124
264 442
894 367
557 465
228 27
337 232
957 365
329 701
689 882
66 626
510 106
591 176
486 911
823 77
644 67
969 333
359 814
322 961
696 820
567 757
296 894
866 115
736 906
756 908
85 880
152 513
786 794
797 611
88 574
133 354
256 998
207 457
497 493
812 279
69 296
352 896
537 695
990 27
354 937
120 364
828 258
822 30
952 778
210 279
495 553
949 286
660 866
936 980
808 881
716 260
955 169
830 213
33 922
947 292
631 428
141 360
417 888
2 322
429 545
91 935
358 265
749 521
798 916
651 193
290 949
788 764
574 778
226 951
585 309
682 152
498 646
128 380
569 52
687 392
970 738
860 35
383 825
616 186
910 26
877 506
214 168
468 412
161 544
388 563
779 363
503 8
141 754
184 100
811 353
120 537
382 333
865 224
189 503
903 602
380 794
269 744
435 885
627 965
205 290
305 640
865 1
698 963
800 343
498 218
109 995
820 239
967 167
929 651
932 185
145 411
567 112
503 318
162 452
216 724
525 968
904 954
77 326
283 218
466 974
920 817
939 676
125 531
468 854
409 87
450 995
100 480
853 643
756 179
756 703
666 1
696 408
186 838
9 102
629 222
502 840
705 99
261 648
417 70
199 346
588 545
783 554
327 527
86 669
734 533
792 535
615 424
614 261
198 678
683 987
519 173
969 303
802 714
848 653
62 581
284 189
265 162
926 86
244 311
184 14
597 880
9 502
842 421
628 273
679 310
957 16
930 35
129 853
987 291
16 342
265 445
984 460
718 319
586 406
712 427
821 975
941 893
876 311
370 636
257 831
557 589
229 680
755 448
819 415
303 202
622 463
104 908
85 74
944 227
993 698
461 747
718 783
198 672
19 36
974 40
158 462
826 450
151 718
555 483
723 68
713 908
90 882
249 476
40 364
131 698
988 380
679 499
80 708
956 966
625 853
630 120
479 134
35 251
332 443
263 532
700 599
185 436
975 485
733 158
157 808
100 321
475 414
492 411
708 675
486 487
482 226
403 86
924 400
332 708
800 650
862 42
315 626
2 439
338 632
526 989
975 539
181 920
435 242
346 388
297 978
377 582
744 641
568 636
237 751
476 233
608 18
61 392
290 526
169 1
315 216
549 209
827 254
601 914
369 30
412 19
587 520
718 827
750 317
912 576
393 411
478 514
707 68
530 897
538 535
969 575
604 28
647 226
800 249
777 931
271 884
215 418
78 46
673 610
119 613
172 605
378 127
110 74
105 156
655 502
179 467
750 263
474 666
331 525
329 49
197 789
739 187
969 522
112 319
980 492
498 919
361 992
259 340
983 922
161 323
660 500
606 462
749 301
100 900
737 764
666 14
996 65
235 800
559 679
363 450
551 686
336 966
230 644
684 576
19 329
660 367
670 515
390 167
259 135
966 857
386 544
796 968
824 291
729 889
323 612
709 11
260 447
655 204
851 38
413 269
566 181
995 357
998 480
610 506
797 132
842 152
882 884
100 149
231 468
600 493
781 77
739 860
172 819
441 817
208 92
41 252
921 28
420 976
299 846
312 638
295 987
574 129
618 603
673 353
819 643
114 695
599 728
609 903
870 579
786 443
707 549
909 611
837 452
583 894
569 972
372 741
353 741
373 977
250 438
303 624
853 119
815 642
766 115
976 458
935 259
994 360
259 846
85 402
586 877
492 36
887 36
562 174
83 85
228 899
578 753
42 127
879 769
739 418
291 136
586 164
246 888
34 718
253 177
50 350
798 202
754 755
918 582
91 816
831 813
691 25
121 849
502 961
344 778
44 495
429 130
529 297
435 209
918 748
729 77
595 695
360 867
168 277
357 279
737 373
487 745
149 832
459 150
828 131
127 480
575 88
346 442
657 662
403 750
362 289
706 709
322 940
934 807
601 510
961 3
779 725
262 310
764 174
309 20
537 30
499 87
637 648
590 723
876 895
323 668
548 645
811 177
353 721
396 185
820 743
411 34
53 612
836 123
782 955
357 251
288 98
90 284
341 853
333 46
254 998
820 973
748 285
202 736
500 332
980 221
207 286
155 497
591 671
109 190
521 545
803 166
409 696
651 880
510 735
50 695
358 109
391 412
713 509
811 699
417 204
451 920
775 379
927 333
945 15
453 104
744 873
707 798
714 74
462 989
181 590
606 337
888 871
267 986
153 145
683 528
452 172
750 40
643 150
158 622
300 43
365 541
934 297
277 838
872 153
208 86
640 101
274 728
539 608
30 884
18 610
29 904
227 648
972 976
492 773
393 365
433 390
767 480
597 664
650 484
401 2
459 730
164 485
512 475
977 120
962 400
168 479
577 140
126 926
141 631
10 32
411 444
943 426
188 777
377 150
125 161
153 140
104 887
819 934
311 451
780 598
686 116
490 983
588 23
736 444
22 910
958 911
738 801
831 56
244 999
108 577
31 429
86 530
212 402
908 482
357 968
26 253
700 729
18 207
587 196
930 569
692 7
242 550
704 397
397 104
666 240
530 583
816 318
423 447
51 851
686 457
852 995
964 973
811 327
106 83
728 606
770 524
25 945
481 364
304 298
400 71
744 86
285 340
416 973
136 53
920 235
864 831
634 35
89 513
429 834
33 572
340 380
98 191
74 531
231 732
435 581
311 648
226 366
163 136
861 223
803 581
291 176
721 574
137 339
476 554
212 666
908 652
765 696
979 305
573 836
889 743
99 905
688 857
698 41
164 189
825 566
347 156
244 991
452 818
176 646
975 537
792 143
7 32
709 280
709 284
831 78
49 174
328 211
548 895
311 206
160 713
982 771
538 668
571 416
741 65
293 135
578 227
10 829
347 153
191 513
285 893
908 571
773 378
500 69
948 409
828 845
106 916
738 738
571 776
872 745
673 681
235 578
465 664
176 343
39 351
163 185
262 94
67 665
36 764
333 166
570 815
686 166
966 107
671 45
607 566
310 218
223 370
25 483
394 543
307 761
962 244
169 430
768 686
839 242
595 441
425 829
119 294
278 347
803 560
533 405
991 719
172 157
404 878
673 121
20 85
315 724
597 78
131 601
211 369
81 433
445 769
621 9
913 454
454 174
209 640
938 197
900 202
9 736
183 36
530 90
527 349
552 87
62 564
836 992
612 300
132 531
162 2
760 327
999 324
336 642
597 879
503 462
387 401
837 961
175 804
254 862
257 184
944 692
938 573
625 202
731 139
738 284
536 353
310 329
522 385
780 659
429 590
307 416
608 221
954 892
26 605
499 290
139 115
555 414
177 418
344 961
563 27
356 220
101 721
662 925
751 200
819 623
797 474
783 101
814 456
656 570
243 598
205 556
317 586
339 788
771 785
631 413
922 685
88 697
25 852
666 189
277 884
330 848
757 962
661 357
116 317
329 686
143 682
717 851
807 25
955 351
299 580
737 357
629 486
334 301
702 374
403 778
952 147
164 884
689 941
799 654
508 346
376 194
443 696
385 2
325 222
68 368
749 799
471 931
708 418
187 914
32 172
522 167
973 133
611 51
140 933
532 924
818 631
326 333
646 402
690 74
493 136
341 870
85 847
661 37
238 222
854 217
377 899
395 921
862 290
828 126
342 918
588 223
409 654
597 971
174 802
151 279
222 581
935 918
784 754
600 989
559 261
100 888
593 59
941 516
497 587
78 211
898 669
724 158
862 382
558 401
978 194
9 685
218 334
345 751
991 269
325 670
113 753
440 399
641 119
30 147
596 827
376 35
895 839
710 938
80 972
234 815
529 939
24 92
803 246
33 845
77 129
877 656
361 37
417 677
540 447
277 519
661 985
15 748
893 343
364 369
798 441
309 492
262 957
138 492
514 109
973 386
856 133
10 504
953 929
239 848
5 395
845 412
428 542
197 970
468 25
678 353
252 276
532 444
972 155
106 438
313 267
414 520
83 663
139 901
926 391
98 984
93 221
144 171
478 206
302 480
46 131
221 686
436 226
891 12
16 704
751 678
837 417
307 668
537 360
835 560
442 499
949 292
39 390
669 33
614 617
311 256
807 425
728 310
816 257
132 528
259 776
446 942
670 172
741 964
252 399
805 614
161 479
615 722
735 572
534 746
264 364
30 798
119 683
344 855
206 30
765 236
496 984
752 250
295 401
520 966
516 728
719 957
530 905
533 973
891 569
86 547
116 712
383 499
17 343
444 459
348 130
825 59
277 283
334 923
532 318
748 728
458 455
607 925
420 300
697 259
539 143
151 808
58 680
617 539
496 147
399 975
149 238
27 524
870 111
187 589
424 472
806 181
342 125
719 123
951 171
204 682
850 516
60 659
428 689
512 568
579 189
868 29
759 720
750 891
842 255
363 475
313 304
778 174
903 781
997 110
865 582
963 801
815 251
569 185
629 197
34 958
711 822
708 256
591 916
295 886
720 219
446 140
710 180
365 533
50 925
206 164
782 814
569 902
943 108
597 620
923 491
157 520
724 69
159 861
66 582
357 752
927 917
312 456
492 597
639 13
176 582
895 138
846 477
42 104
534 338
92 235
644 210
941 126
744 471
439 267
899 680
416 47
76 341
727 254
381 508
426 299
314 446
261 249
731 808
437 889
321 63
789 740
257 430
574 907
384 65
575 535
467 589
658 147
779 499
267 86
907 92
361 622
613 967
652 397
597 645
993 431
345 528
740 783
754 791
391 957
940 387
114 257
410 401
248 113
855 264
101 466
603 381
931 208
428 375
645 278
718 644
532 803
415 741
521 830
410 252
619 384
604 306
763 230
664 80
781 826
431 68
274 121
694 769
987 30
96 842
803 436
328 479
282 511
465 331
111 196
333 243
951 721
654 963
740 808
84 883
753 911
837 934
672 859
813 938
720 810
807 396
76 236
170 920
479 800
937 837
239 85
576 232
767 802
726 666
594 712
775 928
46 202
78 865
482 384
360 447
982 173
45 920
229 746
234 547
83 700
955 798
332 538
878 932
933 162
31 29
612 721
809 717
699 910
629 120
359 70
673 976
764 887
521 37
327 419
376 866
486 274
797 60
680 572
944 713
131 138
455 168
275 938
741 246
54 597
70 614
479 404
815 238
422 521
216 7
857 106
951 344
227 355
789 172
910 117
442 437
488 796
305 103
621 734
621 505
677 749
642 447
245 804
989 254
36 445
887 457
869 286
93 561
588 577
383 835
450 218
934 616
373 451
698 481
294 797
869 388
83 610
418 691
987 926
558 82
688 340
883 664
792 463
42 180
181 903
500 400
516 101
470 202
768 817
698 435
208 289
96 839
425 6
611 892
737 499
146 869
39 379
747 302
763 92
293 163
459 498
574 180
355 487
449 670
280 501
111 797
118 730
824 701
280 672
94 238
76 529
848 543
133 291
749 957
657 914
143 247
187 468
880 951
626 529
579 63
641 881
744 880
915 14
566 453
583 489
928 123
287 999
692 211
712 328
889 548
355 658
788 510
226 672
920 129
486 194
711 545
270 736
13 344
228 840
771 847
945 488
244 109
643 718
736 186
630 437
145 973
222 117
257 202
531 321
606 36
725 286
39 35
39 445
449 981
814 296
95 1
833 959
552 29
939 186
67 395
665 373
351 834
810 693
508 315
243 57
416 955
276 665
89 55
703 412
87 134
411 109
368 35
879 670
516 84
625 499
984 603
10 993
648 275
553 113
166 493
533 394
30 915
345 943
501 827
184 516
713 975
866 926
999 271
124 594
218 450
558 637
412 78
343 740
44 566
853 864
914 897
841 873
661 618
168 411
774 823
763 726
816 251
395 857
201 207
826 313
204 181
389 174
824 693
192 458
488 293
150 592
811 690
829 776
172 127
42 278
788 668
789 41
972 52
284 536
972 826
407 83
954 115
59 136
103 432
744 463
392 630
920 849
366 20
521 722
259 352
67 764
613 792
105 39
823 519
413 638
917 219
943 437
529 425
33 367
705 443
644 544
890 795
478 669
278 126
636 690
534 491
900 613
789 763
514 799
791 982
549 384
696 973
910 851
12 256
777 347
46 403
982 829
978 280
776 533
309 391
903 592
571 928
801 694
493 374
966 85
794 24
287 605
29 634
230 534
619 603
984 42
301 557
16 559
810 181
207 931
604 27
45 935
66 523
400 795
462 161
180 622
266 946
231 849
689 897
935 808
422 384
889 33
925 291
633 220
654 87
902 830
131 178
826 611
217 754
956 166
1 601
957 832
935 410
750 38
20 865
197 711
471 276
156 353
479 489
989 951
762 263
783 539
846 307
407 396
955 154
444 829
371 372
787 755
369 938
875 632
291 780
694 212
573 784
270 587
651 133
789 682
944 659
195 48
469 901
41 792
939 34
772 968
889 906
976 928
31 261
675 317
917 166
254 393
741 88
184 953
949 40
755 153
82 379
664 638
116 666
560 799
957 211
100 302
692 268
113 531
480 804
378 536
597 528
610 463
47 28
844 49
913 572
833 787
286 852
591 326
747 821
28 113
101 871
521 543
754 940
86 65
287 996
173 179
794 13
292 550
118 977
32 830
267 505
188 793
512 893
68 887
807 73
871 701
121 47
537 456
636 157
859 317
366 816
370 34
774 83
340 389
924 146
463 682
64 894
12 234
464 114
888 892
955 87
673 14
732 335
154 998
648 76
856 30
331 151
830 49
686 672
622 333
38 209
373 66
612 8
757 628
907 205
145 952
477 244
856 414
776 467
731 250
959 961
330 162
935 577
781 982
349 326
528 492
314 190
538 647
260 94
962 67
541 160
899 404
109 834
229 926
598 60
909 494
995 856
374 642
704 295
451 645
411 25
66 176
333 77
136 589
148 427
161 808
341 384
615 488
423 466
4 182
141 914
919 203
430 855
453 894
353 567
360 294
155 321
788 799
491 37
373 86
18 268
820 713
19 853
844 335
670 467
337 479
174 60
833 418
202 350
213 439
401 127
413 988
200 960
383 299
553 602
893 996
841 623
21 686
399 539
901 572
238 210
939 881
214 175
639 489
603 101
519 189
712 45
527 716
866 756
22 98
726 508
320 654
390 281
604 436
147 294
567 556
882 64
938 981
350 673
964 910
573 498
508 475
399 500
610 618
167 97
366 469
206 28
121 674
441 378
278 583
72 488
383 798
688 548
551 672
820 852
637 980
117 415
354 286
85 494
549 515
3 688
413 643
347 440
217 162
56 668
395 350
663 189
734 561
10 177
246 209
212 917
467 386
512 984
139 630
197 740
258 316
480 890
542 647
8 643
935 279
82 677
385 528
13 904
677 274
704 732
144 51
903 739
361 848
696 681
494 254
658 928
978 119
4 168
617 487
265 867
641 247
805 562
733 677
879 179
438 84
721 955
957 377
976 707
386 309
426 647
542 224
515 637
74 791
925 879
971 298
607 118
94 616
417 984
971 970
195 871
563 233
631 709
576 741
885 736
494 199
452 681
22 140
925 601
914 769
708 236
462 803
913 257
377 456
39 537
265 792
388 253
999 655
982 759
358 807
747 383
174 838
558 887
487 117
186 963
388 577
254 750
845 428
737 273
327 576
29 932
394 855
566 839
657 804
150 474
805 124
90 450
516 235
104 607
808 817
108 146
569 419
374 262
193 600
690 91
95 897
368 357
925 858
533 513
54 99
530 645
228 582
846 986
793 320
228 414
285 468
289 747
717 654
545 825
632 724
602 387
185 825
61 580
901 16
372 853
44 866
250 290
523 750
635 469
982 765
960 820
129 24
627 479
79 988
382 881
251 333
443 68
847 554
938 549
880 181
190 618
431 116
699 212
418 517
605 963
975 399
11 345
199 375
580 875
971 552
351 511
449 396
56 641
973 538
447 697
622 356
963 510
292 228
608 417
965 793
63 485
930 64
189 694
631 720
187 117
737 18
317 707
115 235
213 443
331 856
739 555
78 156
951 777
396 440
295 607
218 959
709 958
107 694
414 68
399 736
591 315
65 168
916 138
252 933
564 536
111 444
325 912
899 374
656 893
375 758
453 475
282 852
814 534
109 97
125 309
112 789
923 972
844 623
204 487
279 214
856 835
410 817
921 469
191 935
743 397
614 148
580 210
640 781
783 964
718 321
50 497
123 717
924 649
910 988
267 591
565 748
485 875
761 587
881 780
112 605
425 169
424 668
605 768
718 116
235 380
428 584
755 598
751 963
845 227
731 938
764 781
842 380
335 89
616 26
20 272
346 686
699 192
922 37
964 188
65 690
616 999
416 56
328 726
192 990
495 517
38 488
536 763
845 49
535 212
760 981
734 491
52 21
872 162
823 158
984 825
779 680
395 43
