6500 6000
688 251
87 678
110 642
570 86
696 353
406 3
189 565
360 591
905 143
711 950
840 221
353 894
646 215
320 652
319 133
215 945
680 200
664 179
874 629
957 702
247 835
968 681
8 624
630 760
880 627
706 495
833 248
525 276
240 695
477 344
667 127
931 619
732 654
957 792
217 630
206 116
309 857
900 479
159 518
114 571
25 797
716 443
417 470
356 807
588 151
319 282
760 282
264 586
994 362
879 359
101 977
494 552
688 29
324 160
958 469
587 909
174 222
359 805
66 748
264 389
558 927
767 841
56 436
614 385
16 106
675 223
848 325
766 762
91 103
80 780
904 544
542 746
718 358
831 841
529 234
653 888
238 594
544 209
967 317
990 259
775 686
741 720
410 534
131 272
659 282
822 616
35 876
942 258
766 901
291 711
827 230
750 405
688 622
798 149
390 688
948 78
748 856
766 440
145 269
468 464
672 870
953 475
141 360
563 595
984 987
15 745
931 583
947 234
171 885
812 216
380 76
851 611
101 489
667 712
337 418
957 219
788 910
453 585
136 409
227 288
772 831
550 843
997 424
904 397
329 385
782 65
473 966
448 887
970 33
799 721
3 886
550 632
915 182
317 942
936 206
324 817
532 314
540 210
640 373
664 716
154 138
560 257
302 848
435 334
101 390
313 441
628 2
382 886
532 284
95 939
901 218
21 673
969 274
409 803
693 163
523 976
735 172
268 884
135 473
777 996
367 350
878 525
453 202
257 840
812 631
926 153
149 742
615 25
612 755
805 813
211 529
161 63
406 715
115 51
507 195
341 730
415 313
245 498
363 357
240 906
612 846
428 92
479 312
246 858
620 621
50 342
117 880
104 654
421 883
193 194
942 795
319 919
684 483
735 166
305 666
570 761
396 588
529 783
545 174
429 635
572 903
8 444
400 665
337 629
531 247
572 61
876 542
470 898
267 775
589 910
633 290
260 952
190 769
964 449
713 780
76 436
469 278
972 479
820 473
652 434
921 108
646 295
685 279
351 213
914 628
139 680
158 175
570 93
827 440
911 976
366 730
793 1
420 574
198 356
903 643
197 565
108 395
396 51
668 894
758 834
907 104
923 104
372 115
623 786
676 581
527 63
610 752
839 679
114 562
892 214
117 286
543 205
714 43
689 297
727 122
533 110
726 892
703 885
220 83
651 668
501 811
169 274
94 151
320 517
132 888
982 422
596 673
395 215
539 332
410 781
789 664
131 385
623 44
804 655
588 656
563 635
885 749
400 976
541 510
43 493
751 247
504 522
209 819
368 819
519 733
229 572
802 459
57 822
310 575
711 745
336 936
542 101
427 484
104 226
538 766
910 593
827 588
762 333
723 354
73 26
710 589
717 737
984 418
719 879
715 768
478 657
965 96
227 123
494 158
462 494
731 781
989 146
612 515
464 16
956 558
463 567
222 937
826 764
731 501
417 767
808 43
181 441
177 465
135 845
846 858
992 618
674 908
987 290
804 224
310 355
753 89
805 175
496 38
321 595
208 860
419 859
800 662
692 471
983 982
106 396
101 219
559 685
29 647
89 800
624 283
418 908
878 740
220 771
181 178
445 26
494 154
677 886
692 122
168 732
930 368
86 591
14 408
440 194
43 893
265 240
707 38
455 667
466 134
241 436
211 267
614 90
223 824
881 396
821 875
929 428
663 366
709 416
767 679
446 455
825 736
392 354
802 80
967 704
33 237
958 265
997 54
169 198
81 137
383 617
306 684
176 775
937 998
445 7
28 33
236 822
542 548
197 562
866 999
417 61
19 372
250 652
732 915
305 68
708 43
68 273
741 744
802 377
778 542
991 670
486 981
595 639
795 349
143 281
133 183
719 877
140 646
392 98
141 267
754 319
766 362
391 897
289 715
2 464
430 896
535 28
822 530
119 889
462 144
994 793
35 477
610 330
95 785
57 557
192 585
121 135
798 530
900 543
659 827
540 991
999 879
283 14
40 473
298 848
257 800
30 767
318 447
284 661
695 966
663 295
703 720
377 942
422 741
992 50
923 252
932 432
881 909
689 687
118 156
89 181
859 594
470 286
922 829
387 685
563 423
615 637
25 158
90 431
312 618
354 691
165 453
236 78
142 392
253 121
504 747
439 958
687 650
447 116
273 777
963 582
676 9
233 516
80 539
110 869
567 100
373 59
859 338
993 4
252 809
154 624
116 928
595 62
527 480
142 421
642 84
71 1
531 311
739 947
197 102
724 57
424 499
648 562
210 307
953 877
931 756
593 358
131 130
939 698
388 59
407 419
625 997
249 471
751 794
383 749
149 241
301 56
90 527
385 844
643 424
1 324
29 264
159 322
745 291
506 866
972 479
698 462
735 692
504 404
425 428
10 235
968 463
199 894
565 488
522 545
825 457
167 972
563 730
685 166
477 119
843 750
341 128
870 486
807 76
528 929
119 654
289 341
269 244
358 511
116 78
564 238
215 505
401 573
520 440
136 568
661 964
645 669
614 745
622 820
963 597
72 615
206 432
564 755
602 33
772 208
783 4
727 992
28 256
858 208
100 323
658 846
165 964
516 261
773 883
976 262
224 66
174 169
951 267
85 106
337 640
320 294
260 872
795 651
548 57
904 382
407 128
818 640
934 386
35 457
651 943
883 694
926 470
976 296
267 91
23 662
984 273
277 939
23 227
829 825
131 761
514 593
928 311
213 153
721 250
574 682
914 42
315 10
115 242
318 865
773 418
465 793
785 441
998 193
566 675
794 917
170 946
678 651
140 124
767 154
322 75
493 91
948 611
91 804
450 202
224 274
228 282
53 454
74 81
629 71
644 163
723 130
275 149
914 831
788 700
50 855
196 169
301 226
217 578
297 803
381 786
210 994
855 162
194 369
720 888
235 508
520 513
29 975
304 826
260 509
669 658
216 223
875 147
519 976
261 257
804 587
191 506
957 204
979 908
971 81
988 242
525 877
231 82
742 284
378 380
846 912
208 995
413 754
152 197
939 658
839 549
834 78
78 104
349 575
866 124
808 907
906 933
439 767
145 129
99 791
148 715
983 786
334 636
453 625
536 848
822 386
766 121
832 585
572 30
153 986
843 478
550 620
187 395
295 917
903 846
220 514
624 152
870 773
648 313
752 801
701 181
179 289
296 106
174 431
226 164
983 260
784 144
400 606
43 69
992 492
936 634
392 349
265 504
618 290
630 607
487 379
893 75
263 379
425 598
350 724
992 911
582 872
690 355
998 621
62 585
899 736
792 46
838 103
216 49
434 372
325 78
6 238
18 359
83 367
304 385
129 651
307 113
892 73
937 976
727 237
359 230
987 167
342 996
607 314
83 917
43 173
80 762
779 734
718 687
458 716
687 738
129 416
874 972
902 491
1 994
497 639
190 77
147 257
350 650
115 925
282 676
91 682
708 647
44 157
557 739
396 64
553 593
967 750
654 913
163 312
321 913
5 240
818 482
505 225
925 503
854 219
812 296
413 15
996 546
784 814
438 721
195 493
500 619
972 910
367 758
869 81
721 646
405 79
383 702
631 533
457 966
466 905
320 380
540 736
73 767
753 770
181 468
854 773
710 313
247 655
179 300
198 852
625 251
273 823
713 43
371 811
379 903
490 913
226 578
806 975
661 992
314 106
542 425
584 992
948 425
813 420
514 279
640 407
713 32
978 829
679 690
737 595
849 501
511 876
918 546
126 979
786 573
605 255
544 42
211 398
88 117
431 893
393 641
356 152
838 170
520 72
639 655
233 353
782 249
305 707
534 444
946 319
602 250
316 21
856 230
327 322
298 577
800 818
856 204
664 82
565 359
179 419
529 536
529 32
926 554
292 634
694 551
392 400
696 541
925 247
530 3
712 883
427 381
772 346
440 814
446 442
286 362
359 879
136 76
231 296
961 843
321 997
662 699
189 997
481 66
397 404
599 333
787 833
988 883
435 47
783 43
395 388
838 266
890 235
666 217
963 908
817 574
819 362
819 869
791 635
653 329
312 601
434 89
25 518
665 668
596 323
661 79
383 565
519 605
591 471
574 70
686 863
136 469
961 943
157 698
276 612
739 834
782 991
899 139
292 977
531 148
416 492
14 518
965 154
778 131
823 453
10 163
70 728
827 717
339 854
718 910
869 817
161 589
429 141
80 460
489 25
531 674
293 178
451 686
467 235
358 415
67 822
489 382
83 66
558 191
731 861
353 211
733 490
143 873
648 346
247 680
818 992
958 585
200 198
133 191
654 396
284 932
811 301
390 153
693 613
940 745
471 663
670 94
605 145
962 933
668 590
106 371
377 836
177 48
729 122
443 112
311 435
100 569
604 908
596 258
569 197
573 434
656 33
941 554
546 487
172 720
614 136
478 145
244 773
496 669
20 200
56 913
921 549
781 406
378 554
6 989
883 65
83 802
21 949
279 515
173 816
615 43
772 484
859 226
257 520
660 224
791 227
380 634
380 792
554 534
509 324
361 680
962 206
473 777
840 784
814 751
386 966
14 583
675 158
586 44
473 900
652 585
323 80
550 889
701 501
534 156
578 74
770 796
829 590
579 358
418 862
488 714
314 362
921 649
771 397
995 169
374 292
689 829
40 152
252 112
911 860
634 262
808 206
163 623
849 726
670 84
94 819
610 439
561 491
618 57
991 227
668 552
629 274
335 404
486 333
105 107
252 147
508 383
848 936
973 763
350 119
209 77
179 779
280 401
293 261
188 989
238 565
100 965
88 285
814 4
424 849
30 445
467 904
559 764
629 185
876 224
549 202
289 44
104 815
32 430
858 316
547 238
182 488
143 738
869 591
300 553
270 756
726 159
849 255
689 647
403 117
330 90
522 182
461 581
101 959
632 390
592 357
350 60
509 673
447 462
389 668
859 181
55 383
879 127
931 786
47 860
423 30
575 157
557 776
940 759
43 782
944 861
780 403
114 272
478 567
587 880
576 697
826 706
831 400
803 725
283 783
949 622
218 595
610 955
803 159
59 3
777 620
888 480
186 948
280 546
999 287
204 703
251 774
386 272
449 322
721 693
297 807
864 126
313 500
222 54
258 559
878 371
994 572
404 616
70 619
660 561
658 561
580 889
847 69
109 700
979 141
435 479
27 394
824 704
958 224
145 396
614 681
942 734
446 270
980 972
211 471
540 521
136 334
497 419
133 810
265 244
931 358
585 335
166 222
923 148
161 949
203 726
367 822
803 419
106 824
136 635
67 322
7 1
226 791
21 227
969 357
469 650
869 458
552 697
999 983
647 121
950 843
405 446
628 507
165 630
988 812
921 118
826 486
997 947
238 745
109 829
394 331
711 42
519 231
25 661
814 880
99 567
797 67
246 434
835 178
759 765
351 589
571 877
87 429
921 252
174 81
659 2
745 694
751 362
550 606
143 697
3 780
614 219
834 567
820 597
71 910
552 760
357 184
903 163
431 123
427 13
135 241
166 571
260 867
351 439
464 414
360 632
690 262
122 948
625 950
990 728
441 758
750 635
506 252
578 741
335 45
214 944
592 506
673 830
921 544
36 222
547 195
49 628
791 738
973 250
859 248
129 406
679 27
676 462
128 701
715 889
948 169
295 955
646 894
587 439
346 599
49 158
903 213
680 377
991 820
218 317
69 637
84 680
562 600
982 557
497 707
301 829
157 331
648 742
106 483
131 32
500 53
188 744
934 139
553 3
62 709
3 401
379 118
81 605
57 236
557 361
545 184
115 812
461 595
439 418
46 926
4 749
921 803
119 429
502 12
35 920
959 488
23 588
345 187
313 317
437 139
541 668
619 228
611 436
483 525
374 793
258 975
414 430
335 151
577 519
190 957
681 663
989 361
193 388
675 542
147 554
174 1
268 34
470 487
265 869
118 62
36 849
20 763
626 718
828 779
421 822
6 5
185 169
982 43
503 965
554 489
807 832
960 660
508 608
970 467
933 149
192 203
95 650
46 804
77 497
707 643
740 117
66 39
921 657
562 159
32 429
794 712
125 897
45 687
963 135
675 987
766 336
612 16
776 819
921 507
111 505
100 900
251 264
777 424
954 216
936 124
230 131
280 866
842 521
394 472
687 458
824 424
712 194
878 343
599 723
508 107
662 445
428 160
244 939
696 489
940 437
36 707
494 786
791 193
45 348
312 706
743 192
222 350
762 475
805 695
743 749
629 702
278 835
53 320
609 201
640 762
222 125
149 503
796 955
829 453
480 59
370 634
58 251
514 674
124 721
901 253
993 863
286 500
329 80
939 284
867 566
547 247
934 896
982 105
589 990
242 780
980 233
14 387
769 279
61 318
886 888
613 193
792 291
151 145
86 7
46 108
423 340
803 516
111 619
57 380
993 495
439 860
901 130
140 320
546 133
875 712
367 263
916 733
367 612
562 330
488 512
928 337
742 639
659 436
367 231
162 632
570 365
754 156
864 62
280 430
918 114
915 11
767 339
488 220
532 50
974 56
888 193
150 947
34 299
649 516
568 117
955 898
947 240
315 652
523 896
228 980
25 98
966 301
351 843
527 23
801 545
385 863
860 71
948 946
688 488
335 316
207 477
243 438
679 594
920 668
390 585
977 894
406 140
708 720
263 908
939 796
260 403
86 177
702 965
717 398
331 675
701 681
654 203
978 351
441 7
874 117
688 867
888 332
895 48
676 833
65 89
999 896
922 215
243 350
551 652
467 869
599 358
29 266
637 468
648 409
355 703
82 105
307 152
75 706
766 877
212 687
179 776
524 267
673 344
446 353
683 674
204 624
965 472
659 916
697 743
280 860
271 128
230 376
76 556
197 483
694 340
261 54
840 158
482 792
783 862
125 382
880 706
184 636
796 320
499 370
930 14
753 102
399 528
829 528
434 861
95 199
407 528
607 590
109 522
736 382
89 120
987 739
231 556
93 627
875 987
650 217
30 296
267 368
767 665
275 880
422 758
204 147
461 835
380 718
548 693
627 678
198 263
629 105
233 810
773 434
964 451
889 472
299 169
220 432
923 363
63 489
803 822
46 923
154 694
220 500
49 610
302 211
427 644
974 771
355 123
473 540
978 118
640 710
152 164
781 697
740 66
239 309
4 873
682 533
279 509
309 162
400 651
613 86
629 161
798 705
448 786
528 407
581 930
951 322
793 24
779 639
388 923
474 458
893 339
112 572
232 710
74 156
290 970
323 591
168 728
412 640
995 789
433 109
74 499
175 969
315 439
349 893
578 218
497 949
947 470
794 236
453 827
472 691
11 607
269 888
837 35
465 662
712 431
749 862
585 40
479 823
859 653
931 211
82 298
302 370
755 986
362 396
567 149
475 381
722 567
349 992
632 704
975 604
413 571
866 816
436 593
636 462
169 949
989 201
815 152
696 594
884 634
807 364
976 975
438 50
736 189
162 500
547 273
723 302
530 983
667 603
690 726
394 810
653 332
83 181
649 38
945 625
691 247
212 50
406 79
66 476
62 269
694 362
403 250
617 122
920 720
903 546
970 62
816 117
847 707
132 134
277 152
435 557
668 637
882 148
222 721
700 216
57 807
247 163
867 710
668 150
411 185
286 463
138 870
36 991
614 865
61 885
790 59
404 270
131 605
118 120
17 694
265 111
842 341
273 453
746 444
463 882
783 575
642 62
540 324
985 466
134 174
577 661
171 225
730 512
680 780
320 877
685 229
919 559
63 370
268 383
928 720
927 886
996 452
257 740
499 122
392 185
754 97
892 402
970 997
349 918
774 247
78 627
167 535
491 178
369 926
261 612
693 553
678 315
161 561
711 719
474 374
710 243
519 960
824 650
741 194
768 561
398 982
901 299
600 785
70 14
332 883
268 600
656 526
626 264
907 187
729 489
49 989
310 814
247 919
157 915
347 299
167 719
408 411
900 621
324 96
988 345
796 214
509 405
171 72
78 142
515 732
75 566
386 836
572 80
413 429
81 827
298 422
379 340
171 567
710 45
974 728
215 910
496 353
858 542
979 906
59 22
540 731
483 474
168 940
537 543
116 296
615 531
276 486
121 637
34 707
810 855
473 938
586 68
765 536
779 20
951 38
44 654
873 97
640 691
254 575
326 119
27 889
686 838
347 617
955 499
144 816
98 152
31 862
156 428
541 466
527 494
897 747
951 799
91 869
510 839
715 997
639 313
698 904
441 550
235 732
431 789
340 312
230 782
912 114
213 472
606 987
878 802
822 796
61 4
771 266
5 37
295 544
9 504
72 776
237 951
267 385
893 631
20 103
864 396
64 837
384 244
458 196
575 648
27 856
982 453
202 540
818 272
467 414
438 874
435 674
280 653
653 923
18 520
736 123
934 319
966 379
974 264
856 525
496 786
189 454
340 182
898 404
36 832
791 429
276 642
506 568
97 335
81 949
984 481
717 255
273 444
422 85
989 633
994 394
768 70
190 790
60 104
585 998
81 785
876 35
980 295
863 551
220 94
530 813
890 930
521 875
187 550
53 629
613 464
106 649
472 142
382 242
989 847
639 83
364 265
879 145
655 796
796 783
997 2
906 555
311 33
468 270
9 861
541 510
820 207
308 505
487 135
360 989
642 644
407 81
904 280
138 768
123 321
529 26
325 930
611 173
50 74
595 951
164 863
991 698
940 747
395 345
159 617
104 124
804 911
111 626
232 703
576 573
654 299
975 259
478 992
613 272
504 700
687 842
192 98
875 205
683 611
305 407
780 61
394 173
630 482
889 407
154 771
451 100
325 299
531 620
376 463
626 375
757 142
352 352
490 327
678 288
110 732
970 222
249 780
135 303
8 882
160 196
114 559
562 81
583 312
626 625
150 336
797 4
51 239
330 498
128 724
208 758
817 51
164 118
367 618
262 338
108 240
875 674
615 915
534 842
495 8
953 530
571 805
649 650
636 441
963 534
283 46
358 964
314 802
244 390
829 592
581 224
92 997
676 903
929 813
509 900
397 974
634 834
476 944
778 46
952 302
5 8
589 419
517 146
977 853
872 945
88 765
253 944
744 914
118 685
716 163
721 415
550 979
3 6
529 333
788 178
640 88
816 549
673 765
882 682
365 481
11 191
136 981
756 1
344 95
459 632
917 101
461 575
242 14
279 354
677 45
312 938
150 893
170 421
226 766
173 438
443 990
125 919
26 371
901 333
669 627
36 637
576 98
816 325
249 251
733 932
138 102
288 72
498 582
992 466
643 53
958 870
675 133
858 495
655 462
938 611
40 668
705 72
820 842
468 492
76 117
858 706
408 432
538 287
515 22
543 560
934 913
335 528
62 98
283 518
763 569
835 995
425 644
47 43
769 240
183 33
825 595
80 800
912 353
368 120
498 818
789 87
741 163
763 545
595 435
317 413
332 482
161 298
684 651
300 492
200 464
388 719
808 163
920 883
753 841
679 961
599 311
139 519
510 225
165 803
971 222
796 265
775 719
321 688
429 850
263 293
530 421
463 610
762 903
984 264
983 738
645 359
349 613
38 755
788 528
244 47
354 726
524 765
450 62
755 591
398 567
273 731
73 232
289 741
442 204
248 276
661 978
333 791
730 579
993 42
613 418
626 166
232 286
326 98
660 283
102 906
746 43
773 277
902 805
87 875
96 231
655 486
619 427
998 195
855 410
852 666
520 822
536 480
310 73
193 987
322 332
460 841
772 879
218 731
943 55
864 623
969 705
236 498
851 936
785 922
490 504
70 643
838 547
328 238
8 727
590 425
600 308
540 979
305 332
324 636
60 56
879 551
223 668
104 134
377 84
423 223
292 277
354 477
352 942
845 513
384 643
519 59
212 255
956 685
964 477
491 318
997 147
420 927
301 926
269 142
299 611
576 329
855 110
444 758
612 319
640 225
12 769
316 557
600 456
157 324
600 768
932 58
821 606
7 761
392 383
571 858
880 582
945 776
186 465
483 173
661 911
506 924
359 110
662 781
667 381
812 956
292 853
657 156
371 563
113 813
778 128
895 374
673 393
630 612
332 849
734 344
674 712
221 264
115 37
134 929
129 35
469 51
343 514
924 4
805 356
33 196
703 120
187 838
896 249
58 504
865 463
263 777
890 580
632 361
754 605
779 26
767 495
963 267
787 837
180 379
537 599
426 162
621 51
670 923
262 314
550 352
823 935
732 814
829 907
865 690
475 43
151 275
312 571
609 753
183 423
23 282
108 76
407 80
351 223
87 845
940 242
493 105
665 90
103 46
160 464
306 910
828 715
952 967
953 915
427 60
871 535
872 542
701 155
135 114
344 633
989 349
370 682
514 775
937 150
699 287
871 885
977 449
986 4
384 748
203 681
857 465
22 739
240 278
440 67
959 598
715 525
857 941
162 832
843 649
698 543
271 731
848 434
279 58
752 666
227 473
406 125
911 556
694 987
915 106
554 179
789 445
164 685
841 358
569 901
108 526
116 279
981 94
437 197
776 833
668 117
308 652
588 582
788 553
930 752
174 330
526 844
554 634
769 875
379 245
663 330
260 909
406 548
806 61
792 665
198 557
123 306
21 792
170 175
305 797
318 365
163 526
897 757
340 403
732 331
772 744
263 775
63 991
151 96
162 628
863 221
63 395
703 489
310 282
623 440
652 377
40 955
574 789
426 582
398 450
874 289
1 95
982 915
578 940
404 295
773 616
772 73
907 712
72 429
106 424
939 51
255 42
272 222
325 120
43 648
410 395
86 886
986 744
628 967
150 458
339 690
109 209
45 540
850 67
108 407
557 425
524 954
587 829
510 327
16 404
40 338
812 72
471 922
319 498
616 362
773 675
397 965
121 92
820 482
149 346
438 965
346 348
12 235
557 977
122 464
41 372
947 593
144 352
932 472
66 162
508 943
610 486
478 85
850 478
495 212
410 13
817 566
959 604
555 142
315 96
419 399
19 8
51 456
343 610
298 656
796 889
585 868
843 945
498 651
158 968
923 213
260 984
823 278
273 127
575 479
266 40
867 942
929 689
261 951
170 885
619 375
583 250
650 193
329 873
160 517
303 665
416 81
31 371
727 945
565 732
601 454
289 633
558 545
96 136
676 883
874 592
345 765
374 481
550 562
156 375
974 840
133 224
194 916
908 446
310 847
432 241
464 823
638 484
316 898
439 567
579 99
934 535
620 965
388 327
174 625
858 351
311 434
342 151
83 724
783 688
922 682
191 616
598 694
35 117
357 246
369 346
472 457
561 607
417 871
263 187
852 535
324 95
888 462
75 699
209 824
588 738
187 658
445 585
327 28
467 715
907 562
817 794
416 537
881 538
896 396
372 379
33 464
518 510
957 226
548 502
848 236
372 287
810 638
286 117
803 579
648 453
243 974
138 651
149 271
888 766
752 510
821 936
197 440
834 256
584 233
466 27
982 558
150 546
175 80
643 44
80 994
897 769
445 76
48 602
906 971
581 861
553 460
845 248
185 241
872 897
993 140
334 459
392 774
487 329
83 428
140 430
973 818
546 348
944 404
387 40
108 667
276 660
288 798
384 385
383 528
116 545
942 81
853 256
929 238
235 647
477 309
812 819
711 908
7 347
482 777
99 653
258 781
561 848
628 555
890 725
20 985
446 111
13 935
744 998
515 636
660 404
830 234
868 72
215 470
592 766
995 841
488 43
778 949
851 375
997 7
453 790
965 966
670 857
171 734
317 650
356 53
585 948
964 322
602 509
633 583
725 19
893 161
563 310
844 906
875 639
62 692
369 647
894 869
136 681
415 344
489 482
60 363
988 376
443 782
610 730
921 306
380 212
477 620
808 407
958 751
428 406
740 948
892 140
34 951
532 78
82 571
533 958
802 132
214 852
107 690
740 72
135 326
887 739
246 105
458 291
67 125
205 788
929 433
667 361
226 233
255 991
933 416
835 957
597 295
923 365
22 944
840 247
970 389
575 279
747 536
658 814
87 610
294 571
140 458
115 359
161 57
586 405
37 915
690 758
889 257
994 86
888 643
15 57
602 503
147 332
503 787
336 935
793 166
942 992
499 469
479 404
891 835
961 910
938 335
902 955
797 406
670 705
532 149
652 54
310 976
897 735
129 264
248 139
496 146
859 776
635 849
242 742
352 300
523 668
700 9
236 57
859 973
19 953
766 207
608 730
64 420
163 347
926 402
239 136
442 596
978 545
660 373
726 450
248 673
508 863
792 935
303 571
595 946
956 212
132 392
834 295
126 639
920 778
392 302
674 891
714 646
981 8
422 818
491 973
874 162
702 7
222 19
141 816
960 12
522 265
979 916
881 720
964 260
256 194
670 339
121 779
908 131
684 740
516 287
562 865
265 935
703 722
183 521
326 794
874 451
601 838
171 618
389 938
916 411
203 673
505 150
144 635
729 921
875 405
932 215
580 903
301 834
163 383
885 610
65 268
536 381
78 7
347 663
445 38
414 687
567 265
99 9
954 133
334 233
776 829
628 648
176 274
383 444
82 63
267 254
17 44
131 962
925 238
366 679
570 596
909 428
60 860
491 914
552 105
658 625
355 7
449 343
429 51
786 222
782 2
744 582
738 810
675 970
485 887
204 299
733 68
140 491
535 402
674 889
537 302
565 183
461 194
737 277
352 449
896 841
490 42
970 206
966 916
14 143
170 506
933 757
745 585
12 176
497 82
688 360
400 799
790 317
307 753
926 414
104 462
218 873
739 846
733 178
553 456
566 461
508 946
556 713
884 788
719 776
310 239
295 838
805 135
373 316
15 127
700 563
3 848
138 145
396 834
382 654
255 796
697 307
161 542
449 231
723 96
255 626
519 650
786 811
149 540
174 813
902 599
340 292
410 995
677 190
175 821
562 658
451 129
590 695
147 207
754 478
386 58
70 414
144 996
225 639
947 828
609 710
119 134
289 217
343 260
468 510
155 170
631 59
406 505
915 823
435 330
434 151
329 932
657 194
527 183
114 438
896 727
716 300
961 531
303 582
411 709
646 790
811 453
274 728
630 254
103 529
434 761
229 534
703 285
899 440
380 238
250 475
842 788
81 576
845 734
941 514
996 184
222 284
907 463
854 380
197 761
519 743
873 37
710 137
26 210
735 140
431 335
350 171
158 303
782 824
632 452
919 783
218 607
289 986
2 821
353 22
931 805
21 158
21 234
346 710
980 632
776 906
339 242
517 813
206 135
680 320
384 894
261 722
60 413
638 792
254 579
411 97
795 462
711 995
41 574
109 716
798 715
912 870
333 762
422 707
557 971
799 863
907 649
410 98
834 932
496 130
591 658
193 16
739 435
46 824
882 806
932 28
178 329
355 995
574 530
531 444
993 949
554 344
79 638
81 652
105 164
503 672
517 619
670 851
232 325
138 197
413 278
441 795
119 515
51 673
574 898
761 16
136 713
880 194
731 172
857 48
901 817
965 783
388 534
828 587
673 758
429 571
724 317
957 276
910 494
895 817
67 603
246 271
326 748
287 412
287 806
127 822
156 67
56 696
12 178
152 155
879 163
637 175
539 870
518 237
105 419
779 91
835 277
862 753
493 305
372 448
462 828
78 893
753 797
65 928
855 753
427 808
777 683
551 170
932 677
779 697
941 848
998 599
472 749
900 428
482 767
840 239
390 654
255 173
856 152
965 18
379 837
226 247
61 259
388 809
636 498
391 113
370 716
745 607
70 679
599 59
723 864
773 690
784 770
660 998
478 590
711 574
661 798
933 779
780 584
795 577
353 190
502 5
491 690
559 949
748 477
479 903
948 416
430 809
948 531
941 454
925 971
685 621
148 127
696 200
336 782
445 559
453 368
474 424
586 826
893 297
394 741
965 520
521 281
196 644
399 443
414 256
11 624
181 172
665 876
850 15
429 617
663 192
539 880
740 901
931 230
980 159
998 501
386 118
929 46
711 347
949 12
477 557
968 977
221 298
126 841
818 744
229 839
259 429
640 969
486 561
601 392
778 940
515 526
489 201
21 344
491 604
963 863
589 6
270 772
353 942
728 890
135 669
593 751
192 426
786 865
512 784
675 262
16 993
678 248
853 81
993 230
102 822
739 864
642 216
466 784
646 860
334 727
227 561
695 938
793 875
259 292
297 169
251 838
222 676
406 968
865 565
915 416
701 909
549 837
364 798
751 953
315 802
154 906
928 541
520 66
862 201
492 103
861 234
344 44
859 739
81 763
655 720
930 34
969 301
957 116
633 207
233 859
327 650
61 536
566 696
322 581
33 100
206 395
198 286
833 247
630 257
384 329
731 772
673 88
977 958
122 460
1 794
333 684
841 443
74 430
774 519
550 89
357 826
610 500
73 51
391 975
524 575
193 854
936 772
543 286
221 826
147 800
733 661
152 257
239 788
289 249
296 530
823 310
428 889
944 684
770 206
635 698
174 479
213 585
681 431
568 890
80 759
74 786
6 974
842 151
125 397
755 858
300 295
185 545
364 917
289 5
943 893
52 461
868 330
75 271
101 965
593 34
350 640
126 380
94 278
904 662
923 907
484 420
805 449
828 525
776 921
914 934
146 718
234 623
448 511
815 671
1 750
696 248
959 832
701 656
208 545
682 961
747 917
830 503
690 548
661 658
665 569
704 93
192 494
686 63
10 619
540 163
414 937
984 942
807 526
117 671
380 534
118 877
54 220
929 211
277 172
909 712
925 256
52 403
892 464
995 147
213 138
764 842
294 761
994 362
773 550
866 744
120 50
41 737
291 858
358 687
56 362
606 769
471 9
957 119
269 276
955 380
153 637
398 3
837 762
289 958
20 600
496 766
712 253
368 708
262 335
339 829
83 607
76 740
930 301
704 428
141 401
382 160
59 206
925 857
357 781
852 307
55 17
832 469
867 365
142 658
391 250
131 137
26 298
489 781
826 119
213 891
463 168
439 604
675 498
913 956
512 793
271 565
439 557
172 354
180 642
765 564
168 62
617 923
443 17
679 766
872 262
882 711
569 482
977 777
338 821
666 196
572 932
129 436
770 22
441 275
859 644
890 910
966 487
436 224
118 453
547 406
904 315
85 364
773 813
984 276
926 604
320 479
682 121
265 620
19 160
736 376
86 209
51 260
531 267
42 648
562 145
352 258
334 84
79 248
245 164
198 977
10 492
924 71
270 188
830 6
937 606
821 648
23 922
644 493
560 963
835 37
489 557
630 792
866 586
178 484
670 567
145 337
96 713
220 727
679 246
854 173
705 290
932 596
188 330
964 641
135 169
440 235
406 910
381 644
21 419
999 719
320 201
551 897
898 475
754 571
978 219
198 886
680 804
727 405
782 231
661 40
486 451
926 986
731 342
316 154
116 584
519 151
262 569
632 643
645 320
346 661
136 981
977 11
936 680
329 995
749 547
827 461
423 113
256 806
580 526
212 785
899 460
225 954
241 951
376 803
288 32
75 969
641 783
256 130
494 444
300 342
571 208
841 371
396 402
109 868
803 884
517 692
644 595
16 261
585 835
672 78
871 360
695 168
759 417
469 250
750 864
794 608
284 524
6 292
815 677
620 411
762 934
948 142
464 549
707 536
81 921
656 23
339 775
770 586
150 901
220 228
718 138
94 315
768 39
240 872
222 490
549 833
129 846
534 954
326 359
254 592
262 554
295 151
921 41
646 470
474 221
860 650
236 109
853 979
32 302
384 194
378 115
668 896
308 765
598 953
406 411
738 527
312 531
307 234
831 455
635 567
936 972
188 831
73 741
831 190
167 665
638 703
749 676
263 235
777 481
219 771
568 72
308 127
100 346
302 970
794 504
940 41
278 201
780 783
564 956
773 926
267 537
300 376
23 97
197 169
938 311
754 753
197 568
44 871
494 378
688 935
219 98
826 317
460 704
268 398
86 906
595 214
770 882
720 911
297 721
81 338
749 236
396 647
136 317
536 543
57 585
191 660
839 105
602 863
328 195
702 355
795 465
234 104
88 361
675 110
543 127
125 853
778 525
560 654
425 56
13 292
518 318
199 511
457 210
404 836
10 906
137 99
727 738
549 499
202 187
387 161
270 473
481 578
889 882
65 420
62 306
778 389
860 561
173 669
109 98
182 620
396 622
172 257
68 282
639 885
312 228
31 853
215 522
355 539
971 508
238 159
71 955
22 601
888 394
958 204
129 160
273 543
582 505
886 498
240 831
889 275
945 20
122 218
724 821
888 256
637 933
601 754
886 347
449 459
581 733
307 63
239 552
969 165
782 646
780 39
699 594
135 415
912 291
369 800
767 62
777 761
639 795
506 713
2 726
145 345
265 87
689 47
625 680
651 160
934 605
996 268
72 879
829 305
686 365
513 960
367 370
778 184
290 489
173 792
798 964
737 771
936 271
739 413
550 555
225 421
708 813
767 912
498 935
968 694
447 393
90 993
565 137
748 707
56 410
775 225
532 776
600 619
5 219
549 432
224 683
690 310
282 962
309 182
603 125
598 548
76 109
876 434
496 299
88 972
94 171
670 914
188 312
595 120
144 494
281 436
392 804
687 812
570 773
987 280
468 266
306 734
589 890
131 247
256 493
634 623
918 123
233 397
363 134
422 690
716 413
849 594
599 459
426 5
329 206
971 38
802 7
263 126
350 125
202 659
99 335
889 565
792 478
775 845
455 11
517 922
641 147
482 751
653 254
284 830
845 953
679 671
846 177
924 581
410 500
836 630
388 67
148 433
64 153
796 321
990 61
452 853
9 557
217 226
748 926
402 235
273 716
180 500
975 29
998 986
345 810
826 660
908 881
253 557
341 611
558 683
914 141
992 76
725 688
493 887
841 887
795 857
462 545
99 118
254 407
751 30
957 279
792 346
984 724
22 126
333 920
624 418
975 524
118 210
47 111
132 316
878 502
155 992
580 381
352 378
504 628
265 575
242 780
994 832
68 1
352 214
314 139
156 640
537 963
53 259
59 382
620 816
270 947
233 36
371 281
524 884
610 923
462 877
295 939
115 889
492 36
202 222
624 146
218 213
358 339
496 183
796 697
550 183
457 365
391 115
883 161
917 504
689 429
700 360
111 464
424 97
991 230
827 702
630 719
300 157
172 922
488 845
54 705
135 32
146 538
80 180
8 217
848 105
837 112
300 159
685 949
43 506
592 882
801 480
415 675
721 159
907 480
845 80
905 14
644 261
173 688
811 809
834 198
780 87
108 968
615 958
604 526
61 276
853 766
964 295
625 303
938 76
223 754
715 328
24 451
1 431
903 602
494 559
149 875
785 890
345 613
962 244
903 463
769 889
396 467
663 27
452 217
105 694
522 844
380 86
696 520
773 740
75 832
907 142
132 323
333 992
456 792
106 330
919 932
705 560
927 855
689 515
446 584
714 269
956 527
436 503
684 175
598 553
414 530
578 161
26 500
290 614
75 393
909 95
24 912
45 883
660 659
621 139
144 707
439 523
67 848
514 965
455 361
941 776
667 531
267 735
214 515
76 280
495 893
551 328
624 121
653 280
324 429
792 774
68 341
83 359
111 686
346 958
323 494
697 509
424 509
887 621
612 270
279 381
255 964
579 683
899 323
412 189
469 443
682 529
894 158
565 32
351 157
644 577
376 404
36 320
924 306
514 27
304 759
628 697
876 205
615 296
190 487
739 773
692 745
719 933
184 45
100 518
838 233
991 960
959 132
334 801
398 830
184 14
585 567
90 605
638 346
170 339
281 531
853 466
441 859
883 924
699 573
390 400
41 259
554 401
98 459
775 943
879 322
713 743
47 291
786 362
258 961
337 252
479 307
933 793
518 854
11 664
785 484
602 63
564 60
368 885
757 871
683 394
473 111
338 260
892 755
216 81
136 285
297 636
84 825
318 418
983 378
624 403
266 974
266 55
715 50
91 662
279 776
408 386
256 106
990 262
685 812
221 626
23 966
626 765
936 276
381 742
114 102
823 171
399 238
215 854
823 353
395 658
289 534
366 9
994 125
278 640
228 921
813 830
956 762
983 448
730 622
437 92
302 351
208 713
24 241
525 612
135 60
698 674
390 748
344 670
851 355
841 520
905 2
280 713
354 818
740 304
48 472
837 947
428 237
671 972
722 380
836 717
376 193
583 901
603 115
409 905
59 426
854 440
301 352
273 532
43 450
250 861
685 748
667 689
213 980
427 995
127 14
54 913
449 385
467 1
697 709
389 225
475 336
360 301
430 61
395 373
275 860
534 800
287 756
501 231
507 457
44 868
534 932
214 200
625 243
492 648
306 911
506 541
824 510
118 368
555 665
434 96
3 132
113 959
655 358
550 14
59 540
876 175
74 534
86 587
99 544
510 969
723 70
198 611
371 685
346 725
562 849
645 125
355 809
69 287
200 548
822 140
223 414
112 438
521 819
710 400
61 269
464 565
655 347
279 745
475 320
399 603
725 409
534 127
482 259
400 840
232 414
394 177
531 933
8 160
897 108
359 933
127 155
720 899
52 531
347 163
362 183
489 957
379 727
893 917
381 984
751 520
77 857
973 702
586 593
977 5
581 244
497 84
799 722
160 847
657 786
398 649
6 31
505 184
345 345
817 244
215 570
43 223
916 361
945 364
811 42
654 18
860 920
316 647
996 295
986 630
118 729
93 102
588 304
274 628
358 752
496 102
149 468
545 306
214 146
49 276
980 959
939 120
611 866
349 196
677 398
867 82
762 776
913 689
691 177
452 169
608 85
370 826
494 979
215 618
966 666
918 323
268 713
593 415
910 397
62 968
215 696
451 616
730 853
70 167
762 350
775 590
156 958
798 428
109 716
623 262
24 639
194 411
2 919
449 897
920 104
74 478
143 767
616 576
629 43
697 119
719 738
374 278
978 92
883 760
457 344
796 973
229 234
380 288
569 3
321 724
863 459
824 790
132 321
69 900
78 371
308 728
57 819
631 969
425 197
700 115
247 878
307 584
982 533
614 815
351 271
533 862
398 877
560 226
920 514
280 799
507 799
507 715
516 94
769 277
947 149
665 906
542 336
571 286
970 872
799 109
752 198
98 778
807 117
828 177
79 222
130 175
757 917
119 623
187 203
190 763
605 364
484 235
287 889
155 466
493 790
882 125
395 56
781 716
146 992
457 857
961 427
586 639
152 114
564 100
958 955
282 124
972 59
233 813
244 50
923 827
230 463
28 381
323 362
31 583
21 471
543 360
575 40
293 595
319 548
837 740
324 182
114 173
949 171
229 497
30 383
531 328
43 272
986 632
322 182
275 36
769 740
897 283
770 265
514 766
81 761
146 525
994 331
136 671
876 63
116 789
8 336
129 439
957 719
118 263
583 431
258 459
948 252
784 63
430 886
868 23
659 617
545 38
652 617
991 313
185 580
520 55
100 390
528 766
321 61
506 49
821 931
553 606
103 576
552 57
188 273
748 759
241 949
40 132
417 37
531 773
363 22
268 712
516 509
123 609
667 979
297 290
737 884
125 278
582 805
306 714
180 882
786 300
456 473
755 73
527 955
731 590
853 984
858 988
974 962
520 787
768 5
307 695
982 859
121 320
268 233
402 204
199 323
664 842
992 391
294 82
121 172
126 639
520 646
491 854
450 503
634 849
466 344
689 587
513 668
488 747
146 23
803 376
712 729
599 42
232 70
740 298
572 375
22 797
885 550
286 13
27 489
79 623
872 83
65 591
888 384
45 604
845 714
671 845
691 942
467 334
129 108
388 139
840 109
939 861
247 745
418 649
117 652
855 358
556 885
687 871
593 655
799 704
943 692
944 583
771 38
381 336
356 654
692 278
387 501
767 35
617 691
174 52
815 607
560 866
663 264
168 436
556 264
605 694
402 876
637 441
893 481
79 997
267 210
834 394
204 40
104 970
30 305
699 719
744 732
191 415
340 890
390 151
461 754
652 977
786 587
555 465
16 144
14 579
814 50
82 504
734 581
791 670
46 964
325 866
52 663
288 712
432 554
220 571
933 77
72 814
662 466
254 796
834 593
887 257
849 884
170 318
661 252
98 14
261 396
142 616
766 300
361 729
755 702
20 792
474 168
685 774
834 512
513 213
385 579
37 676
953 177
81 29
817 870
77 247
119 836
425 468
342 784
651 491
824 186
852 445
286 149
523 955
727 712
93 394
876 764
285 728
563 996
343 920
351 406
288 187
971 433
190 833
991 393
237 488
937 293
699 145
87 780
893 487
978 376
808 208
158 183
66 571
801 593
321 749
796 532
250 282
36 993
860 75
134 554
57 191
916 480
222 740
987 637
616 969
107 319
482 872
842 239
387 299
675 202
839 173
465 80
238 722
40 232
31 386
940 348
642 571
530 882
110 281
543 132
420 994
289 673
32 633
78 881
308 787
406 811
282 279
841 551
81 743
237 232
213 509
765 597
994 289
369 467
196 138
166 83
553 586
735 157
296 279
919 375
91 305
228 159
542 115
991 735
117 332
61 443
452 393
926 846
756 647
520 688
329 256
861 485
991 150
887 600
974 945
652 177
40 369
380 613
81 107
526 190
362 57
948 814
45 149
640 866
343 636
349 912
77 984
773 598
315 980
414 662
216 853
877 81
243 407
425 500
66 622
110 541
3 140
661 278
34 597
381 207
928 234
938 139
141 410
433 141
991 571
938 674
874 197
849 569
131 527
613 23
792 703
734 41
996 128
776 964
433 887
47 482
538 461
634 707
843 844
448 956
831 261
738 109
391 600
687 274
750 10
57 987
707 657
733 691
72 313
734 666
936 873
124 20
285 688
997 878
772 749
737 171
482 273
762 383
2 707
774 461
14 286
116 3
759 454
864 559
113 225
195 718
652 336
359 973
148 867
695 527
657 810
122 516
778 768
278 742
685 156
17 991
423 181
807 4
277 486
130 19
522 113
376 374
784 123
700 303
992 669
685 146
210 293
386 335
692 378
150 164
145 891
284 672
23 81
87 799
876 822
36 634
998 12
525 783
513 603
925 105
735 393
872 4
964 584
60 112
358 145
221 418
370 689
993 161
679 697
320 272
520 966
657 414
844 226
331 304
194 93
217 365
641 742
21 488
576 443
375 329
786 627
484 272
494 548
511 846
514 134
958 813
123 396
500 758
88 39
239 420
361 251
268 924
473 617
735 358
393 689
723 130
760 919
728 853
178 93
718 970
990 558
163 367
697 364
757 210
448 204
733 331
776 976
245 257
889 684
296 836
666 71
101 569
204 875
366 87
776 125
195 673
726 425
164 691
53 663
635 425
762 37
574 178
824 678
729 115
598 908
153 863
351 148
786 567
214 654
599 131
828 616
567 990
21 111
319 384
927 850
548 509
889 44
616 705
37 881
522 289
813 668
272 791
615 990
16 174
152 247
459 767
732 605
938 784
47 236
529 108
185 362
544 39
418 147
940 379
379 259
513 212
982 608
982 376
264 213
642 934
479 913
705 112
56 529
494 27
348 732
898 222
899 488
160 583
288 67
655 223
634 985
618 491
122 219
257 216
411 22
801 107
994 757
376 400
410 670
862 796
653 64
550 163
59 856
725 660
478 735
15 11
181 924
566 866
671 342
677 465
663 923
314 816
362 209
997 827
553 876
50 516
729 19
549 400
405 552
999 60
690 75
464 711
355 180
839 658
396 819
370 102
548 846
726 971
779 420
9 685
889 582
443 976
402 961
912 284
693 474
717 663
125 859
858 390
572 751
39 552
926 9
574 998
180 882
107 605
713 64
737 449
23 845
957 965
145 175
378 180
931 378
831 272
971 192
800 359
870 22
9 426
410 173
304 900
272 53
527 71
302 490
398 454
353 878
603 443
638 983
634 914
188 579
45 286
151 452
59 612
787 888
62 194
563 668
394 507
588 721
115 16
298 734
511 971
340 748
591 226
621 611
156 528
39 658
848 661
282 222
695 815
49 949
657 66
184 871
322 968
384 657
366 75
575 506
572 600
791 185
47 93
521 352
363 217
239 857
693 233
824 94
449 989
583 453
28 235
945 585
632 320
592 900
207 967
698 772
909 749
776 831
170 168
257 597
516 961
59 755
122 969
885 424
637 679
241 146
219 703
326 994
819 38
290 307
784 885
787 462
439 250
848 540
648 120
162 503
295 389
342 381
295 667
930 735
220 77
177 298
272 308
862 669
318 360
185 768
208 935
898 975
376 807
447 649
567 762
547 704
14 702
926 500
914 370
921 857
201 146
230 686
894 476
488 832
526 599
794 575
514 515
277 356
274 696
763 428
155 269
768 933
165 572
29 170
242 179
778 344
698 29
690 732
821 104
31 302
140 519
2 250
820 240
889 951
553 228
48 957
649 716
371 247
944 573
681 959
204 557
324 612
256 764
684 420
192 837
997 381
645 497
745 284
974 790
633 557
197 657
455 913
353 22
561 977
726 117
499 604
73 955
896 801
374 587
72 305
65 966
188 437
801 798
161 243
43 371
41 463
250 814
621 556
498 612
503 43
270 498
4 88
388 866
269 191
197 379
763 577
41 44
284 394
831 668
582 182
795 949
587 961
516 269
258 276
413 324
355 727
842 410
585 509
103 290
85 920
161 550
776 386
393 855
896 857
805 689
721 249
557 21
88 569
985 741
634 122
151 135
547 858
218 217
487 879
936 746
579 337
337 808
359 915
796 531
829 191
294 496
152 283
861 488
640 47
958 584
705 980
109 582
625 967
130 140
15 715
512 471
919 961
944 569
953 329
669 197
761 89
912 773
976 316
796 539
573 89
592 344
944 819
501 319
254 421
180 480
321 432
904 953
568 228
342 389
263 623
513 953
904 378
503 61
192 788
109 576
285 531
630 170
538 902
129 841
159 137
516 790
702 959
506 369
808 903
349 208
319 540
374 826
333 907
743 265
444 169
789 870
84 974
297 116
340 599
329 345
161 21
142 42
223 722
728 922
576 487
479 480
211 985
67 424
691 719
986 90
892 859
222 492
8 663
664 990
262 546
140 489
980 801
567 479
244 528
165 212
123 824
994 229
284 939
472 8
751 629
753 700
811 172
582 363
613 528
637 880
754 488
754 593
597 858
340 390
394 504
62 892
307 761
253 468
210 486
389 229
641 971
27 933
565 638
277 89
616 371
255 842
343 14
817 417
650 351
412 925
674 472
881 846
831 379
958 295
801 132
487 589
27 199
924 47
809 138
152 657
262 917
350 596
851 496
580 578
286 199
38 114
59 204
179 325
991 38
377 759
952 617
336 804
620 296
331 512
275 727
183 340
234 62
992 213
345 805
103 382
601 431
322 578
435 423
186 88
762 664
171 706
642 362
699 772
798 88
624 246
898 596
584 472
774 542
730 316
653 467
665 926
142 598
497 575
704 141
716 514
170 531
887 861
170 728
506 748
479 13
798 688
74 143
308 32
59 130
102 314
485 837
331 374
903 5
118 727
499 14
386 529
877 727
417 178
178 46
623 402
299 431
149 382
598 571
107 152
108 624
693 784
166 465
243 965
823 154
952 772
94 169
841 118
939 198
646 651
930 213
566 549
124 88
517 880
201 591
27 135
981 672
480 869
683 750
502 634
709 818
104 589
841 163
560 739
5 43
515 784
514 797
413 460
42 32
569 143
705 470
767 872
95 834
481 118
603 381
856 920
650 261
833 535
364 161
63 86
920 149
846 292
147 316
550 3
518 35
30 578
963 389
897 544
44 969
47 454
521 639
89 460
448 971
581 771
329 870
534 317
785 725
153 830
370 932
302 48
942 842
568 781
181 888
222 20
109 289
460 685
876 593
326 945
624 297
628 979
357 254
204 249
423 28
124 332
614 217
799 111
419 880
109 686
753 920
185 795
821 158
533 413
828 263
867 30
613 527
848 406
851 31
969 385
323 191
169 263
105 986
419 703
512 835
629 478
548 887
476 169
260 461
649 555
52 909
105 454
27 990
439 132
612 237
821 403
568 510
162 239
594 402
733 166
884 77
295 738
139 6
309 148
874 632
878 330
905 231
906 235
306 904
654 50
65 857
669 931
875 562
882 565
487 294
785 224
981 139
285 174
842 196
8 826
483 813
134 115
908 889
410 74
170 139
980 519
548 900
564 950
997 52
433 265
991 665
701 82
780 530
393 436
717 624
473 947
722 994
994 91
704 906
277 375
632 227
242 677
193 513
444 944
690 679
508 860
873 803
966 38
794 622
323 210
654 838
186 533
511 667
970 510
796 726
707 620
49 34
338 156
317 831
402 594
501 840
942 942
526 695
270 665
353 477
539 959
448 824
696 550
105 587
893 925
792 871
612 403
163 776
442 979
950 377
508 338
799 996
776 459
470 848
288 881
288 639
260 982
167 51
5 734
606 362
262 103
638 709
782 978
733 784
304 552
312 236
298 88
790 482
817 148
399 370
769 103
909 718
597 229
285 315
68 567
485 451
185 564
704 694
295 517
831 94
903 686
390 545
536 285
538 829
269 892
811 591
176 101
680 983
38 684
931 664
844 192
716 77
132 50
989 785
605 994
646 32
951 339
681 420
305 776
801 944
678 616
379 419
815 167
580 966
64 771
42 865
403 815
966 471
400 627
329 223
905 674
35 377
17 599
707 356
10 971
434 777
661 781
717 141
206 95
257 472
859 391
809 941
578 235
169 437
801 179
449 125
467 359
422 765
945 945
38 431
456 375
695 739
767 413
763 289
831 823
615 623
552 119
960 742
984 999
495 345
806 363
934 637
400 706
502 450
725 885
346 222
547 819
312 128
460 475
787 643
608 902
270 718
638 976
259 694
916 155
269 111
366 605
173 333
590 969
954 153
961 951
73 274
294 653
282 704
47 365
781 265
665 491
422 277
505 591
200 684
594 267
462 69
368 348
481 866
363 667
184 853
592 411
79 970
898 271
681 725
910 831
605 410
750 894
218 264
560 128
962 581
281 150
259 507
837 517
261 156
873 496
32 550
506 496
817 186
629 582
708 673
229 181
730 560
854 634
674 556
883 505
213 689
449 52
613 983
114 54
576 122
935 955
375 634
772 945
735 561
326 862
307 725
553 488
559 508
812 41
664 135
569 634
385 584
176 548
966 154
338 210
98 742
225 670
821 47
381 10
170 55
612 86
561 150
295 284
543 308
350 536
307 744
467 849
242 207
984 59
242 423
334 354
750 950
871 484
489 987
460 608
969 124
746 744
690 251
627 125
315 235
608 555
213 788
50 859
512 545
854 208
292 75
525 773
654 546
746 808
511 767
436 220
241 358
477 480
910 553
196 802
843 777
637 483
303 55
464 310
332 4
856 645
585 164
489 627
71 448
250 231
856 199
343 409
363 453
907 314
641 385
777 206
494 680
725 290
556 947
114 48
549 457
106 953
836 942
327 530
135 529
443 560
406 501
586 487
738 770
203 724
645 612
212 481
333 720
655 962
903 625
125 474
977 866
29 631
791 176
211 677
181 594
519 51
867 116
427 176
200 514
341 629
752 802
974 314
562 303
657 792
725 501
441 983
409 629
265 595
390 475
741 266
391 385
885 462
561 380
826 719
429 697
470 217
307 680
457 858
567 800
203 877
985 903
545 259
200 431
565 152
859 211
67 667
206 414
553 458
687 51
716 517
245 334
625 978
784 413
137 984
103 992
596 591
605 133
115 754
185 548
709 333
783 831
219 498
893 465
835 947
271 959
858 220
748 610
170 940
968 91
367 166
687 335
798 802
900 957
527 704
451 455
116 271
584 721
85 964
234 479
150 892
730 480
881 157
617 29
879 882
196 742
87 17
632 236
348 122
974 246
844 889
908 565
316 212
462 618
682 195
389 237
217 26
762 127
347 905
275 292
380 937
471 891
131 116
808 496
132 997
992 182
328 969
132 266
100 946
825 979
980 937
297 235
977 308
139 382
908 986
886 854
364 649
896 988
72 494
766 337
199 511
334 53
976 479
542 849
775 88
229 485
882 881
120 337
227 364
381 874
346 215
919 687
353 361
972 116
184 414
503 960
186 83
993 690
876 566
788 438
82 544
370 654
448 907
350 632
78 927
73 729
854 521
878 915
625 78
676 377
695 344
427 855
197 450
68 68
574 651
864 911
106 743
803 8
58 866
795 196
472 575
304 883
65 709
203 54
697 787
164 601
292 54
373 124
655 77
166 428
12 984
534 452
457 305
577 106
433 566
701 227
65 340
87 144
106 848
784 674
903 123
94 719
227 36
147 225
268 396
550 850
111 927
553 64
164 737
83 947
560 120
453 436
709 621
296 810
791 118
855 190
412 647
673 227
990 116
426 985
227 991
586 420
403 815
806 199
158 842
327 755
173 266
518 107
54 481
306 747
285 207
112 86
510 109
702 287
910 110
356 905
110 259
648 675
496 859
742 996
719 721
575 971
584 782
947 681
145 756
315 172
468 781
874 694
49 137
214 718
430 745
419 533
465 71
238 753
57 581
276 787
545 284
749 996
990 420
386 50
595 375
255 461
835 40
831 785
59 25
832 210
786 880
177 170
151 359
165 658
160 202
648 423
583 3
621 159
867 547
652 728
629 93
497 329
332 333
21 572
410 168
377 748
134 166
54 170
436 781
728 229
771 185
32 619
963 308
130 336
573 984
412 667
54 282
714 814
343 797
670 198
55 292
481 263
170 135
812 196
26 942
101 81
773 604
357 332
382 198
163 688
473 124
323 324
301 63
88 991
44 680
989 924
254 209
796 520
763 725
871 686
772 37
263 579
552 418
452 692
80 673
567 754
436 805
668 831
46 850
138 321
502 549
605 99
372 605
97 544
225 820
110 422
587 270
243 914
717 285
340 724
985 674
173 428
595 890
992 263
451 862
580 732
173 496
724 60
26 61
83 614
92 724
893 167
747 161
400 989
108 238
577 502
894 889
543 557
532 832
630 333
620 447
992 798
631 487
280 830
2 40
437 536
803 12
872 481
120 420
247 357
853 709
587 28
555 704
914 521
685 497
100 579
432 306
950 535
381 51
226 187
41 215
610 399
390 272
900 70
174 611
747 368
958 412
702 705
296 211
935 6
69 784
464 528
149 316
206 491
446 409
6 24
759 96
204 894
71 393
483 74
591 534
82 719
246 373
465 189
996 604
751 194
656 584
330 562
443 987
514 769
172 730
125 898
115 152
448 642
155 507
463 996
624 179
647 844
158 420
892 503
635 599
968 931
557 605
692 508
250 224
782 102
678 850
992 924
207 716
748 406
258 293
344 213
710 651
754 275
121 546
466 14
654 863
86 859
24 316
104 270
51 562
311 980
349 689
765 221
672 505
439 241
936 670
446 714
163 662
961 485
111 898
355 614
316 587
721 963
518 644
501 590
298 820
182 318
653 241
210 647
423 688
719 580
881 841
927 958
934 841
574 481
742 270
700 145
252 342
172 671
621 573
765 636
41 207
338 759
118 374
963 967
345 899
662 521
948 948
148 341
364 858
112 384
818 590
531 579
150 708
756 203
102 871
323 806
515 705
35 497
391 13
624 186
931 969
187 946
916 144
7 278
710 471
914 510
542 998
225 501
826 959
263 106
612 268
192 976
604 897
262 674
420 70
23 895
662 656
814 845
551 144
779 663
550 573
85 701
334 999
712 896
954 501
450 904
238 61
383 102
987 348
88 421
71 822
494 166
428 36
775 677
239 287
449 110
721 184
355 551
632 702
605 118
480 497
490 988
217 308
209 255
22 82
179 638
522 645
187 148
415 186
898 51
968 509
509 343
976 822
610 319
925 544
627 539
495 404
532 185
861 849
972 437
330 337
226 788
541 425
438 722
489 746
689 616
501 266
503 19
844 790
363 141
796 991
854 377
394 589
468 262
143 66
263 30
421 384
980 284
393 525
510 705
684 116
253 513
475 949
258 101
500 23
828 52
680 799
666 651
137 57
33 443
478 963
515 801
380 838
203 200
437 181
367 888
611 512
851 321
26 949
466 503
632 631
673 800
712 895
579 713
941 611
637 823
997 931
856 440
15 402
473 638
654 197
263 187
214 702
504 125
230 142
970 944
526 770
544 910
700 501
635 135
726 349
268 656
698 947
799 642
212 627
337 62
760 535
228 901
408 59
564 743
616 394
622 496
599 31
66 161
768 346
722 479
808 817
423 509
732 705
370 768
905 789
328 267
171 75
643 132
62 410
290 37
291 472
895 459
880 715
161 709
649 619
129 263
611 670
475 499
811 307
75 712
156 350
790 177
110 817
945 472
537 394
383 635
495 137
304 180
780 520
530 559
140 299
527 915
530 767
3 223
16 362
870 753
982 750
927 103
357 588
574 374
792 369
813 474
772 102
979 774
976 970
713 353
411 729
90 635
323 566
179 562
285 674
748 620
602 74
248 968
893 9
523 241
136 76
932 820
727 282
11 904
140 424
277 767
366 446
765 996
66 588
161 334
488 335
730 252
513 720
131 68
771 212
266 755
897 244
738 325
748 977
630 753
607 391
861 400
446 784
28 418
672 604
811 574
23 502
804 691
646 384
981 260
104 152
320 955
63 535
992 326
309 992
547 455
973 208
804 196
600 599
733 141
456 116
164 944
704 684
864 694
217 46
480 868
885 609
284 585
162 437
366 262
832 776
144 201
648 577
985 7
626 75
206 15
508 500
642 62
311 361
641 535
383 199
360 306
691 99
877 846
599 300
401 666
659 301
788 546
681 613
354 137
576 193
409 824
724 65
161 831
699 221
817 129
113 934
790 318
211 992
318 122
265 81
826 188
487 244
573 113
250 950
686 916
242 666
407 618
933 467
875 738
678 837
102 142
45 353
659 367
759 159
72 476
650 130
358 505
970 39
806 971
284 911
595 715
209 80
888 184
252 118
617 921
628 799
159 663
334 301
525 759
243 712
167 690
210 575
190 762
167 369
798 494
114 638
169 6
680 597
457 596
896 773
893 63
900 600
815 239
101 595
698 496
255 841
563 294
889 380
318 500
292 858
773 76
641 21
855 154
168 199
817 193
486 862
986 445
148 18
662 888
312 502
456 351
33 627
195 298
930 154
650 56
47 808
486 278
117 728
894 905
417 848
386 971
949 798
155 957
223 317
224 551
942 878
150 813
139 105
44 204
319 696
364 226
595 229
697 363
373 452
137 759
958 177
341 858
28 269
708 108
525 37
695 985
775 353
180 757
418 11
808 444
151 536
927 453
320 723
301 841
405 761
981 50
94 454
272 895
266 163
896 131
779 822
338 501
1 571
643 152
95 290
580 38
606 489
186 25
222 996
291 894
760 416
798 157
523 368
617 677
901 991
172 605
943 357
475 190
782 103
875 261
372 58
252 768
44 295
115 247
523 450
958 883
938 68
631 401
119 143
788 301
831 85
683 516
844 885
229 853
497 48
131 113
360 437
177 429
994 435
123 134
128 7
819 710
650 265
292 941
635 804
103 573
919 370
325 844
869 319
857 965
886 109
812 782
788 302
481 876
498 977
802 561
786 889
399 427
510 763
991 519
737 28
204 115
390 725
583 996
500 638
510 870
496 948
817 912
195 252
163 463
784 898
546 945
108 124
