6500 7000
149 796
316 598
567 147
248 769
579 791
704 951
698 338
501 192
591 864
899 990
616 152
252 293
95 535
331 73
540 320
835 351
478 354
20 840
784 786
68 73
967 311
763 69
935 313
243 895
823 271
413 346
349 842
13 884
1 63
17 209
33 879
673 780
697 878
563 209
227 99
297 675
408 954
340 380
362 997
816 277
314 431
542 753
145 159
692 805
126 855
263 80
109 103
323 942
520 350
962 908
255 69
21 816
503 630
769 791
499 284
203 332
627 44
577 518
978 711
589 200
791 236
270 557
718 655
695 650
935 214
704 505
167 458
778 202
283 220
50 368
139 107
91 62
540 372
326 29
806 606
935 834
407 164
887 669
250 925
353 582
53 569
268 414
251 454
55 962
512 64
161 412
543 316
523 277
469 489
20 574
346 655
972 395
282 949
36 245
899 625
626 618
388 500
931 821
353 616
351 784
546 908
219 307
285 177
255 16
372 491
828 31
172 732
596 44
598 199
687 495
219 222
168 48
499 425
378 40
867 30
608 812
254 475
996 463
928 701
819 454
875 607
922 245
897 426
144 634
456 280
437 883
913 32
467 529
357 147
392 801
242 501
251 753
949 861
955 527
204 60
828 97
314 105
73 877
846 730
407 902
315 930
579 240
772 216
622 225
849 88
840 238
589 404
435 205
526 250
166 938
915 253
603 665
350 90
486 616
140 466
984 980
323 763
829 271
856 266
281 297
30 412
29 19
297 69
157 535
680 620
846 273
545 766
890 279
123 303
82 993
239 861
978 559
818 664
206 77
581 345
601 35
404 229
653 376
605 529
35 537
568 563
994 496
715 199
990 878
571 512
597 199
131 797
548 61
419 114
639 273
622 531
705 474
655 378
603 456
215 765
572 228
217 805
252 397
721 367
675 301
582 962
78 345
402 745
608 558
797 566
376 475
616 238
38 55
451 876
50 147
269 995
312 233
206 638
800 382
104 823
102 709
212 561
334 865
673 620
861 858
87 796
876 991
434 674
632 395
905 777
441 730
486 488
498 933
179 502
495 395
651 570
609 608
683 192
218 296
441 429
304 388
308 735
293 172
755 641
565 157
295 434
39 435
429 950
87 119
893 376
469 661
794 293
833 609
168 96
44 280
693 9
219 445
187 600
218 451
615 15
617 861
797 501
139 124
616 169
84 900
356 12
600 910
533 910
961 663
417 929
171 20
636 246
693 984
980 913
908 856
721 457
738 878
225 719
831 511
379 922
604 754
534 740
669 642
592 4
84 759
334 974
57 982
487 833
748 389
229 475
958 671
898 200
203 81
662 735
250 450
443 70
309 708
728 462
509 543
818 544
707 365
293 989
205 976
85 938
829 826
415 380
845 625
427 718
710 365
282 535
725 4
424 513
800 487
251 676
953 234
244 518
948 508
233 123
358 635
572 326
719 761
385 565
322 959
89 470
434 113
990 200
667 79
467 444
613 288
849 127
249 776
327 973
891 772
980 997
502 952
272 653
17 679
937 828
98 982
736 674
258 614
665 480
875 810
245 628
741 829
188 675
358 363
95 379
961 419
722 66
547 286
53 532
133 815
815 166
331 619
175 597
200 803
311 505
753 434
285 674
620 653
899 520
532 964
236 87
689 970
879 840
846 375
121 351
668 165
174 861
700 294
328 939
643 3
914 104
353 817
383 110
772 730
252 53
976 389
491 638
852 630
521 975
665 449
714 768
380 722
579 423
100 662
807 322
613 616
879 745
415 936
721 382
627 72
185 422
208 971
739 615
459 471
428 23
461 71
976 746
10 823
55 350
157 572
953 895
862 757
908 258
586 637
127 289
2 342
39 199
902 84
621 987
444 925
332 250
384 421
12 127
342 301
192 916
521 717
898 373
443 550
236 642
226 380
313 172
121 345
749 56
639 127
249 890
212 744
966 906
557 907
958 297
466 206
660 118
127 443
618 563
517 60
141 944
760 275
365 430
570 413
687 751
396 104
206 900
686 959
272 300
84 864
354 527
177 756
704 14
883 242
986 599
106 107
332 525
384 703
147 663
240 6
279 647
85 53
180 668
850 2
450 658
891 734
191 492
286 792
300 494
545 815
922 679
274 165
45 646
293 783
521 643
6 963
985 145
306 652
198 246
588 601
213 693
469 634
529 339
757 294
183 305
374 498
883 798
411 932
460 830
83 267
821 816
149 201
229 79
915 560
567 325
667 741
130 5
367 948
496 137
208 990
7 97
94 402
756 299
723 896
754 399
376 205
956 3
597 177
543 374
419 372
373 389
659 707
608 651
61 101
457 378
222 333
37 358
5 862
731 957
632 222
44 869
743 353
895 570
358 866
469 970
475 573
383 207
129 807
880 826
316 283
659 439
506 350
483 851
798 757
83 778
218 443
250 515
639 281
134 23
257 100
554 349
106 143
828 219
758 823
969 190
234 122
472 440
539 999
131 75
693 459
716 956
11 443
371 221
4 855
500 410
342 442
768 665
937 836
265 574
258 573
237 784
915 64
490 841
296 239
89 527
465 436
207 92
969 111
797 643
345 225
569 697
389 792
139 359
617 802
466 512
990 273
487 695
665 825
64 370
503 26
213 578
293 615
355 707
871 96
603 98
684 669
712 391
76 966
544 719
976 980
566 272
974 770
75 698
129 620
996 548
768 708
30 471
645 965
712 889
805 348
54 342
559 909
339 69
25 940
385 9
317 746
614 309
27 509
665 613
297 950
842 572
193 665
229 842
707 180
107 122
184 204
748 967
344 791
693 486
351 886
449 796
6 56
381 409
375 677
324 679
247 44
678 873
247 599
187 990
540 849
277 462
608 764
844 888
835 765
93 262
189 197
181 598
722 517
879 674
519 594
380 655
326 855
851 372
166 107
818 584
654 69
393 718
363 224
552 409
972 43
17 202
965 69
610 107
681 764
168 574
64 516
425 955
279 123
491 969
274 455
420 154
132 471
20 235
65 77
669 211
269 320
403 535
307 536
233 311
451 200
483 745
373 74
452 579
780 310
897 16
906 935
492 637
257 196
365 900
68 603
819 299
326 567
448 312
716 539
87 676
631 200
985 862
982 888
761 392
980 383
914 785
580 353
400 699
107 667
4 448
187 3
805 633
839 997
675 705
22 799
906 160
248 445
224 858
203 292
241 825
675 899
570 961
493 162
122 180
256 499
142 945
524 311
609 772
715 522
310 774
700 359
34 430
873 615
182 229
338 529
180 140
825 900
552 419
142 949
926 594
727 209
860 704
153 62
614 718
95 975
675 39
236 814
996 150
691 321
991 186
552 875
741 672
940 598
95 560
532 97
525 971
900 617
26 133
85 904
460 597
178 59
426 609
36 123
547 419
906 596
496 944
808 200
406 176
66 461
270 720
187 809
277 564
288 412
310 421
943 536
83 872
876 134
221 978
640 71
912 495
21 250
931 333
796 692
930 946
233 883
913 335
894 947
284 411
721 791
872 876
153 130
907 713
349 62
480 744
709 332
291 425
526 384
511 709
164 561
295 117
763 377
182 854
301 920
769 914
761 998
697 691
554 357
587 226
679 158
888 794
649 297
271 994
545 345
134 332
626 664
55 267
596 927
333 100
975 695
254 739
526 515
802 443
402 805
339 429
660 780
427 664
723 126
95 181
437 292
318 210
56 934
520 469
599 9
160 337
787 371
836 206
836 117
240 56
757 489
477 668
359 34
971 851
929 6
901 72
363 979
163 765
899 710
680 656
430 394
376 978
71 642
67 519
612 690
221 206
457 238
29 479
800 381
873 814
753 322
992 298
997 216
100 675
860 306
155 251
353 671
157 141
126 465
58 986
350 588
691 430
316 512
339 280
666 4
701 763
404 735
926 582
395 91
239 295
747 261
340 918
848 213
311 167
105 4
758 997
70 642
611 432
493 527
669 630
878 320
227 202
563 253
528 924
657 743
294 696
914 731
700 118
32 59
591 620
459 111
296 674
819 807
811 80
851 812
684 136
569 365
181 842
419 646
446 516
690 6
814 69
275 602
279 549
746 128
181 827
222 511
561 986
833 373
58 132
61 42
927 333
435 435
230 394
945 855
711 562
261 751
730 509
234 431
519 432
530 980
546 983
499 714
18 194
187 279
316 524
602 139
231 954
684 651
554 798
313 174
36 955
1 494
310 770
492 736
954 224
886 564
407 313
425 171
814 948
879 558
72 767
75 121
127 308
393 708
266 120
148 463
980 690
743 354
963 989
744 403
372 963
480 421
921 46
505 920
406 855
387 940
27 30
66 71
862 382
232 469
790 912
479 162
829 876
277 908
561 372
632 571
724 611
205 141
156 831
776 247
836 766
348 576
974 692
160 658
787 424
578 553
606 72
377 140
560 825
893 41
463 248
229 60
575 574
647 845
41 399
242 39
7 822
338 478
435 635
381 343
450 807
958 464
917 324
685 662
231 904
901 962
625 230
926 650
35 453
366 829
29 108
807 292
235 532
943 208
779 396
663 440
580 614
750 50
417 744
340 718
9 845
761 501
776 237
155 925
905 425
422 735
447 68
476 179
269 567
173 164
503 506
69 733
297 422
438 785
880 567
317 959
26 740
45 287
120 691
992 544
74 883
628 526
915 507
896 99
400 645
401 952
268 989
265 661
547 677
513 763
267 905
71 303
531 28
775 497
425 138
510 578
509 553
250 271
310 755
755 896
739 93
948 52
789 745
42 825
130 357
387 84
865 261
615 466
678 503
40 97
983 501
96 93
892 738
305 753
882 564
700 813
213 423
798 697
150 146
185 961
605 564
988 255
114 882
951 676
6 335
864 734
845 968
360 289
876 665
746 329
647 946
150 729
846 886
916 811
37 918
505 417
40 4
354 318
198 975
912 267
141 951
228 945
932 86
18 595
472 809
196 479
771 493
832 573
327 472
120 942
474 244
127 510
207 964
104 257
362 440
728 203
984 755
374 994
961 446
692 645
740 644
404 857
389 41
302 498
139 707
13 42
202 332
191 963
77 39
347 495
658 850
332 194
58 502
34 796
515 316
24 191
986 337
424 207
951 295
844 511
814 17
864 791
889 492
55 931
101 739
162 842
949 913
216 433
690 898
42 2
520 758
558 850
891 409
807 553
389 942
297 615
268 470
13 100
546 351
134 996
646 63
201 768
941 728
838 88
24 808
989 64
254 408
41 808
230 754
398 769
320 35
320 321
512 193
994 392
262 27
7 303
374 955
913 192
715 656
57 353
483 78
586 133
929 710
648 943
441 18
801 743
809 397
219 212
738 587
165 273
185 672
365 139
655 830
875 461
410 611
832 199
241 660
414 949
483 803
904 895
956 57
82 21
682 1
692 864
908 243
238 577
167 63
154 693
916 206
148 711
120 296
930 463
789 206
351 368
912 132
891 175
970 10
875 870
77 729
512 28
589 448
810 658
993 275
840 186
602 33
713 74
770 560
539 71
477 178
131 621
332 921
488 507
105 181
367 356
275 873
742 305
390 130
484 835
852 800
408 575
702 230
94 424
305 525
840 345
546 589
747 440
71 263
594 37
401 577
974 990
116 556
522 42
23 117
141 231
970 20
725 834
7 139
443 239
955 97
533 213
120 235
564 505
970 526
999 536
686 584
717 6
679 417
3 763
694 49
788 955
462 339
897 10
557 464
34 264
642 252
340 860
508 686
283 324
325 215
435 785
541 142
201 536
985 696
297 775
54 518
904 573
801 156
640 667
850 621
942 977
429 772
595 634
361 459
449 757
12 953
975 876
911 4
870 933
906 193
584 81
148 388
188 539
374 806
865 87
968 155
69 397
279 884
728 173
345 490
564 999
544 225
834 267
915 934
768 352
147 931
152 444
92 706
384 330
425 598
962 376
774 775
740 481
193 123
39 850
365 891
693 62
612 795
335 702
37 267
515 655
808 87
281 453
123 293
481 218
893 663
886 957
164 72
350 493
749 220
770 624
166 338
502 943
396 808
697 706
247 923
719 251
564 940
223 838
368 302
495 197
827 337
591 750
748 557
597 149
642 341
758 544
856 992
878 470
711 650
77 566
113 625
414 577
812 456
716 279
427 608
22 923
823 888
963 740
429 802
905 756
990 231
681 117
16 105
157 857
139 131
596 805
140 47
306 73
132 871
299 640
697 399
850 98
412 540
566 903
268 891
974 265
267 362
813 558
48 593
720 112
112 134
729 238
331 872
583 891
296 514
687 676
11 265
37 231
339 2
200 791
825 915
215 202
960 347
83 752
281 779
599 225
66 974
70 697
611 680
816 456
302 719
236 721
474 336
826 773
961 184
535 496
347 109
61 486
508 724
296 661
168 801
348 843
770 780
670 553
756 630
518 133
444 458
16 748
152 216
900 708
851 290
114 926
447 955
37 545
909 731
64 715
697 375
558 476
141 795
101 141
155 795
593 315
785 202
857 504
733 417
978 489
431 480
691 555
279 268
543 436
378 144
488 751
995 79
32 883
936 226
168 651
341 220
937 98
161 624
423 697
55 439
813 83
248 582
481 960
47 754
967 617
219 730
524 183
334 337
779 459
900 256
596 660
274 519
467 396
411 833
597 873
312 915
425 886
992 758
707 901
781 266
312 900
212 521
274 440
982 450
146 393
819 814
864 629
228 71
373 758
263 744
528 13
650 536
860 840
668 360
526 889
552 987
516 625
585 445
235 701
74 976
539 473
292 849
289 726
464 7
382 400
702 761
563 788
13 222
595 891
206 878
546 566
829 513
210 575
671 684
961 660
563 40
718 876
132 219
496 713
13 384
372 825
849 312
887 372
116 13
925 782
287 72
275 828
860 290
540 287
79 54
797 317
979 629
476 746
695 315
320 256
61 987
939 151
966 377
94 881
163 417
994 547
584 159
323 632
416 246
243 4
455 900
412 837
123 651
127 655
900 860
233 880
861 824
645 805
150 289
236 423
431 212
58 464
16 790
883 431
710 869
720 378
248 387
664 559
834 400
654 323
148 184
265 287
723 457
701 434
984 465
820 128
710 547
335 269
905 152
105 638
846 757
524 560
978 587
299 955
985 579
427 587
225 318
659 976
727 329
495 909
960 530
62 514
854 162
54 737
189 489
332 288
437 404
316 939
420 137
61 766
234 144
120 367
851 376
345 460
226 683
31 816
658 817
227 841
80 677
543 491
319 800
385 952
237 205
342 992
433 568
533 440
866 958
411 930
321 176
729 42
89 372
90 77
288 712
571 160
18 241
782 957
426 815
388 360
737 670
779 186
216 355
245 9
42 226
646 693
532 45
439 956
576 682
824 308
818 50
4 5
649 302
331 630
116 166
726 887
257 127
15 347
914 795
569 529
353 754
372 777
20 891
542 760
759 661
880 915
746 52
189 316
660 287
314 308
344 90
933 967
847 630
341 717
494 841
301 686
237 171
579 238
94 245
98 179
92 707
350 1
873 132
861 23
99 447
42 59
245 982
398 314
832 441
570 580
493 67
747 310
840 8
158 405
452 184
182 549
575 269
728 732
491 642
473 413
62 595
205 163
25 307
825 620
188 812
738 60
783 325
146 878
835 784
526 528
689 717
192 902
623 167
317 338
533 783
810 168
965 714
229 756
760 526
740 988
714 784
960 299
653 427
820 197
950 782
770 528
682 750
203 625
901 550
114 464
488 801
258 280
116 858
559 221
145 612
141 366
507 433
848 490
72 114
332 720
809 58
163 813
946 123
455 158
27 294
151 672
686 303
232 305
646 578
540 45
271 944
633 214
768 595
274 579
527 314
885 25
829 365
282 329
521 230
866 11
460 370
95 850
917 537
358 887
229 294
421 290
529 660
66 566
864 867
147 540
491 502
362 540
481 937
65 607
12 528
602 101
215 783
37 58
715 777
174 813
834 425
37 212
423 23
316 170
658 139
767 121
198 596
611 291
902 125
561 598
957 976
342 8
811 448
723 434
335 597
714 404
120 110
789 166
426 75
317 2
304 163
249 469
212 323
662 312
128 55
68 79
220 468
604 856
453 688
14 821
817 952
329 451
753 676
961 865
362 409
29 969
232 517
252 456
22 646
48 666
493 722
942 420
501 733
667 626
732 117
498 750
856 704
707 439
231 32
738 926
568 95
791 329
730 100
740 2
258 463
931 288
336 232
242 231
93 866
71 599
238 207
46 87
149 251
368 125
387 186
766 112
253 461
663 240
313 827
463 478
201 12
240 434
634 964
618 741
111 207
7 21
919 54
776 812
850 648
593 592
702 525
45 692
74 987
164 894
889 427
220 911
949 572
262 888
318 64
869 797
909 943
372 528
424 842
57 411
801 762
856 91
366 938
500 95
906 148
115 910
643 86
335 63
617 33
258 394
64 84
506 190
283 411
162 812
228 646
403 270
267 304
573 844
378 568
520 647
10 441
830 523
49 880
695 699
267 923
826 63
926 219
31 115
997 384
502 724
144 309
740 198
775 34
22 61
633 131
46 138
942 508
420 439
141 803
951 544
950 68
307 388
299 61
684 86
444 735
668 91
362 813
788 909
255 78
730 625
343 668
926 635
575 349
508 986
40 771
573 926
940 112
606 849
482 93
873 495
766 46
27 799
246 331
14 383
614 386
651 913
189 981
331 119
6 777
473 664
561 133
381 423
349 835
810 633
310 842
451 106
244 359
165 645
414 576
398 922
789 328
517 348
608 802
860 479
87 438
461 297
922 207
995 547
376 403
424 463
607 848
843 873
489 558
559 225
796 612
747 974
99 664
656 442
428 320
565 504
501 487
614 649
214 567
621 266
211 595
369 676
152 958
9 502
735 708
790 174
578 456
143 100
349 727
215 514
81 788
546 910
517 453
654 287
849 621
30 799
547 410
295 241
814 245
353 643
824 307
123 711
549 994
258 286
32 631
837 50
870 150
174 370
188 525
767 837
290 606
29 508
7 577
254 146
86 227
953 958
583 653
180 994
119 714
570 358
965 145
368 277
783 237
898 806
356 655
718 844
359 121
447 174
655 385
972 6
643 116
207 720
575 469
305 136
82 512
344 25
112 641
451 3
87 992
459 887
362 720
696 486
889 288
340 171
394 442
692 918
77 543
171 577
393 598
23 258
420 577
976 849
377 527
28 169
700 499
465 569
286 367
884 206
638 863
946 965
972 764
354 349
378 618
106 517
209 400
711 713
474 753
267 741
74 675
217 173
32 978
509 221
774 64
295 248
16 562
435 586
972 561
17 805
213 894
159 708
58 496
700 432
463 603
58 964
968 462
102 594
347 220
993 741
59 169
899 972
313 352
858 87
430 486
276 39
924 693
824 874
616 539
317 709
341 10
560 713
936 51
71 799
530 985
52 511
603 900
12 601
876 603
963 33
397 882
537 243
306 663
119 379
801 727
881 582
962 445
953 650
71 562
222 176
998 752
546 516
167 890
2 931
375 591
75 272
458 245
686 273
480 945
442 800
973 179
806 70
579 741
911 492
448 89
145 232
229 554
766 426
276 797
228 550
987 980
720 685
438 418
84 389
439 608
786 613
809 806
830 693
686 646
935 331
451 987
551 258
808 140
506 989
789 390
895 602
309 35
912 962
182 815
872 214
753 107
337 348
379 427
412 485
77 360
172 980
275 268
152 730
605 957
820 306
81 246
485 383
687 913
604 822
700 564
622 906
285 66
5 34
92 655
802 771
401 104
895 974
195 49
759 205
376 372
56 658
189 178
866 100
462 326
307 942
30 948
458 906
966 949
169 649
62 644
630 592
601 85
908 251
487 96
193 344
517 907
815 308
815 21
492 601
944 436
137 874
787 406
589 872
672 938
20 177
338 563
757 115
882 178
736 982
826 218
885 545
787 565
351 565
293 311
634 517
184 785
656 557
366 250
309 795
150 844
177 116
712 526
635 85
627 261
726 120
732 144
498 794
581 198
198 374
206 881
724 41
494 442
126 600
225 905
762 81
545 932
887 475
636 920
574 229
436 204
118 660
430 366
293 422
315 926
160 572
936 392
129 688
75 17
356 217
499 848
497 462
360 175
515 906
61 141
644 854
342 674
112 54
894 456
640 4
217 508
173 925
957 270
945 432
9 604
882 335
439 711
964 445
91 843
297 640
992 42
898 915
202 826
170 426
673 912
366 767
669 403
747 181
927 764
915 630
280 310
243 556
137 434
306 267
606 88
976 254
376 174
31 558
247 988
460 754
477 532
733 803
425 807
301 357
873 548
728 527
486 901
803 694
234 307
181 719
630 529
971 81
756 687
866 462
103 861
334 603
98 416
948 634
499 159
877 880
865 929
86 842
397 500
1 577
465 596
915 716
656 783
667 990
550 324
105 713
566 476
286 953
772 468
290 278
610 53
921 616
688 192
203 494
618 128
867 472
272 733
823 164
120 891
203 261
92 63
793 986
44 18
38 908
338 317
638 566
808 371
618 530
630 230
579 770
551 883
252 437
167 488
343 857
623 322
15 194
965 529
781 627
257 656
876 837
317 410
48 40
649 239
155 444
289 524
143 540
385 241
609 270
47 692
565 531
242 134
684 862
212 703
40 925
946 727
748 499
873 812
1 464
265 336
352 31
779 951
558 807
66 764
876 169
657 282
183 994
623 714
44 687
238 740
19 3
386 524
232 278
351 48
496 918
592 158
698 907
646 898
186 312
428 79
88 147
692 443
767 813
820 103
497 517
917 222
987 743
213 931
533 294
641 383
535 239
1 265
515 5
182 44
99 231
145 787
423 948
186 174
754 481
557 816
750 228
881 111
727 99
116 239
402 727
989 624
371 32
845 124
965 432
408 749
523 713
520 672
842 251
390 372
910 607
140 460
280 547
61 291
854 968
340 187
40 50
488 150
197 330
993 175
465 678
192 643
489 983
787 439
178 101
165 44
925 697
960 231
402 246
224 672
508 872
676 328
863 930
274 978
722 584
557 978
182 495
829 703
54 357
748 142
710 187
965 159
674 48
64 371
998 481
603 417
167 602
541 48
266 879
665 235
422 500
818 619
218 930
253 26
609 974
691 274
89 357
839 264
152 775
333 406
747 188
308 177
73 238
232 782
37 414
985 750
560 795
315 385
7 681
699 33
708 71
194 981
277 2
240 253
922 753
624 211
495 101
187 972
174 976
748 237
120 619
754 211
334 700
916 260
812 497
737 656
123 980
549 181
963 563
588 17
702 188
604 541
797 149
669 118
915 875
923 509
880 400
392 713
987 16
182 341
687 910
362 994
333 339
985 689
528 895
103 916
790 353
598 628
992 619
669 568
669 859
478 61
289 752
249 838
99 869
819 944
981 255
948 648
393 644
861 192
305 622
769 922
534 372
400 461
671 994
961 139
995 668
294 516
611 413
97 658
55 536
461 1
772 178
494 732
21 301
763 939
640 777
19 46
649 516
590 393
823 766
518 160
718 307
416 100
33 21
785 890
836 748
698 435
420 485
948 763
487 106
863 451
413 154
41 5
538 229
25 758
474 914
222 860
744 336
84 572
421 660
686 850
248 398
632 889
360 153
248 810
236 574
775 600
916 84
684 582
431 97
273 517
347 523
27 204
530 36
608 731
54 64
634 173
134 206
310 44
407 287
85 461
943 45
665 812
280 233
278 59
542 689
483 612
822 673
34 438
628 910
387 822
692 797
342 345
218 387
774 502
556 199
803 189
5 357
462 48
366 147
134 595
39 307
273 136
490 128
203 148
476 864
348 980
392 765
503 318
482 997
63 704
493 460
453 680
245 402
744 934
298 132
23 640
985 654
941 839
331 70
802 972
845 240
821 126
124 245
89 586
346 494
162 795
724 651
413 302
756 212
674 277
86 303
716 144
314 152
558 523
309 938
733 827
58 980
305 924
689 99
626 95
21 368
975 879
532 830
709 733
299 357
309 152
766 971
998 471
475 616
880 651
357 708
506 371
749 357
59 270
578 359
160 749
389 708
259 854
530 781
126 866
280 168
833 465
607 50
744 667
956 522
167 458
452 921
209 692
555 851
629 531
133 515
730 981
299 563
850 334
333 298
780 438
450 787
143 94
56 403
213 484
901 722
462 23
839 641
702 192
179 95
34 799
318 554
645 155
736 396
887 492
945 784
324 130
728 816
568 94
395 794
705 346
13 817
415 719
354 308
991 692
336 693
830 362
383 682
763 220
765 711
644 700
337 974
667 750
899 804
952 817
809 886
875 635
647 36
76 101
135 147
833 924
141 450
932 594
90 752
582 858
876 615
688 855
409 806
220 259
92 23
11 932
70 498
486 962
262 426
39 351
608 979
881 865
218 52
714 456
545 650
15 318
943 685
679 608
959 816
737 678
189 69
606 804
461 270
846 415
177 305
516 53
408 803
643 547
36 370
698 400
486 314
112 590
70 613
758 916
871 669
381 193
97 605
357 441
821 828
439 979
578 764
217 651
688 570
798 145
112 927
991 391
817 416
481 164
722 527
416 526
490 877
907 181
857 40
562 744
155 567
343 251
852 429
924 10
235 130
162 622
16 737
660 125
219 271
522 907
203 919
558 579
610 901
230 407
995 142
428 331
369 545
863 283
220 580
924 632
608 667
399 642
944 369
46 622
648 923
935 829
460 497
916 766
273 917
330 558
762 306
237 383
23 628
684 877
183 66
703 666
489 359
66 651
982 459
950 321
889 1
321 662
737 536
598 865
897 22
322 774
373 590
643 287
564 873
845 680
75 220
780 234
5 397
930 748
120 526
694 688
756 904
682 163
155 318
678 422
723 357
148 40
965 595
799 698
594 131
795 614
157 845
702 283
312 580
746 929
337 165
658 725
477 983
953 176
75 102
789 700
592 837
744 706
420 414
669 614
194 577
471 177
865 118
918 564
969 450
391 161
916 681
265 759
711 371
940 293
714 679
385 774
474 307
988 904
402 71
669 852
652 351
894 337
673 999
36 797
547 242
687 437
137 729
809 955
116 849
315 551
139 9
279 471
567 563
444 382
191 38
728 302
730 433
772 134
33 352
428 125
140 555
443 467
164 164
995 885
107 186
587 803
962 231
916 441
710 27
392 354
992 111
806 716
820 990
590 128
957 957
58 984
211 658
83 544
934 628
641 638
833 774
2 648
178 336
548 26
750 778
665 444
977 645
122 736
254 567
445 278
731 906
954 935
468 18
698 334
430 855
896 126
674 271
169 662
221 452
449 980
483 43
917 373
362 994
891 223
905 467
835 119
203 168
478 133
43 194
49 676
646 922
295 966
476 803
665 461
166 163
740 138
693 11
17 856
787 818
994 586
699 725
817 263
29 956
617 655
209 221
255 15
423 720
379 757
536 560
117 881
156 94
920 158
790 912
105 555
297 827
999 330
399 261
668 516
836 107
546 967
506 246
193 416
437 405
32 712
907 35
924 686
936 613
962 322
435 308
953 455
756 722
556 307
513 964
650 80
112 591
294 476
336 488
749 364
54 717
320 880
446 769
445 226
682 138
775 145
791 284
718 17
748 138
262 622
349 239
415 541
55 995
868 531
75 757
68 11
562 892
651 804
521 228
587 571
965 109
517 914
350 750
240 536
436 410
605 771
359 559
311 281
449 660
780 212
708 51
635 926
102 595
30 994
890 106
164 960
654 33
935 78
308 280
389 658
207 485
299 134
343 684
336 701
614 912
818 616
222 831
763 998
371 910
673 355
761 356
687 154
628 472
529 144
429 467
308 384
923 599
278 154
912 193
80 545
680 146
711 825
942 954
630 889
681 818
37 252
211 923
266 609
430 297
74 568
214 531
334 628
947 402
192 448
142 675
650 924
832 485
884 811
574 144
209 499
188 411
422 398
469 222
908 65
651 770
8 334
62 421
477 474
899 839
128 721
3 622
762 213
295 555
278 739
370 658
28 680
930 401
959 572
705 209
491 663
234 955
18 647
932 380
824 125
881 528
29 152
245 367
915 264
807 429
955 285
208 423
173 205
619 471
916 486
348 171
280 896
425 952
63 210
2 146
253 154
219 180
472 613
115 11
200 218
972 403
631 958
166 938
651 670
183 938
864 412
656 645
9 442
850 898
779 292
592 887
458 535
933 552
918 168
541 556
946 281
792 668
215 141
74 694
145 8
789 741
622 26
915 178
29 542
63 406
394 608
700 236
968 815
221 332
529 943
53 619
847 340
265 815
277 73
370 417
514 244
864 980
525 201
224 842
680 875
991 818
634 751
814 593
496 794
938 485
911 916
343 801
76 654
115 365
988 254
733 622
641 281
110 837
745 792
244 296
440 261
671 294
763 486
298 721
487 528
371 431
386 566
295 344
724 769
171 605
222 780
148 263
616 522
525 945
447 276
317 922
730 598
450 518
787 696
729 361
868 838
486 432
998 336
342 556
175 787
47 116
823 976
332 758
208 51
2 436
993 547
191 8
850 84
390 129
298 151
292 594
332 366
493 477
514 345
694 398
386 973
548 840
868 593
996 921
699 414
771 237
43 397
966 263
218 508
523 370
374 187
283 396
506 441
999 701
842 284
81 978
325 496
690 92
969 470
943 578
227 886
44 824
4 498
746 834
673 24
946 371
591 855
162 244
272 247
485 442
585 875
314 638
912 51
537 794
705 213
889 109
97 446
229 742
344 39
643 215
573 613
606 486
428 704
782 945
108 35
670 632
312 618
25 223
115 581
529 885
23 59
812 405
688 4
412 300
563 417
525 120
395 914
587 909
135 851
457 117
675 67
360 64
216 347
703 688
284 128
816 885
749 933
330 460
297 313
586 663
190 142
231 608
199 961
475 250
813 479
45 636
799 593
40 279
733 726
599 215
974 791
510 450
159 773
848 25
326 4
790 656
230 652
702 855
667 747
290 627
701 110
996 700
773 846
331 549
486 104
926 133
947 422
677 294
43 127
809 676
396 948
502 691
884 444
708 366
217 88
459 405
11 123
592 556
477 792
554 901
122 163
74 18
238 469
479 544
483 958
216 849
851 397
115 575
441 203
984 383
167 937
773 237
509 351
764 258
565 447
569 403
891 494
979 777
777 594
82 696
219 798
483 639
285 544
737 590
156 694
754 524
333 301
172 741
289 966
997 417
963 144
689 560
270 171
648 76
5 648
275 162
696 412
778 283
605 633
241 560
326 322
993 515
882 787
614 218
4 771
698 961
27 924
811 261
345 599
568 92
211 438
22 499
743 735
716 30
977 55
868 718
526 452
93 687
58 65
835 125
794 260
259 809
21 666
985 251
639 442
127 406
655 521
960 627
605 575
448 979
115 884
612 17
930 275
932 306
47 648
237 519
73 727
62 409
843 878
693 643
975 491
210 44
354 415
860 298
834 252
421 235
29 865
447 605
924 818
942 536
887 505
438 371
364 169
295 378
271 948
655 264
335 786
472 878
131 497
561 310
638 440
714 212
430 505
665 849
763 974
399 903
873 123
144 462
470 731
483 859
811 615
715 189
480 175
665 893
729 661
643 375
854 884
64 816
642 777
843 858
956 640
788 831
787 444
222 101
108 684
374 983
765 868
168 930
610 492
348 978
528 689
304 830
831 106
828 387
443 811
80 425
794 309
625 226
71 351
692 742
133 567
24 528
426 201
70 160
595 384
474 253
614 19
583 75
782 683
982 336
724 865
323 531
750 602
928 566
525 846
668 441
105 629
954 532
276 33
71 916
231 472
233 536
735 285
252 860
730 914
309 34
1 952
913 475
976 851
833 252
222 520
650 906
564 860
381 59
857 554
755 878
864 908
921 415
287 938
888 137
940 147
771 177
485 163
655 796
577 833
242 677
693 782
813 812
185 347
836 169
835 852
311 509
61 2
20 763
516 417
61 451
244 964
745 215
362 308
739 605
151 628
655 544
997 70
381 651
148 927
707 214
106 182
725 240
145 649
967 661
126 896
662 795
375 487
260 949
328 60
185 398
895 402
238 439
594 62
644 967
589 322
925 868
285 72
853 52
481 923
249 386
770 781
168 600
63 16
767 675
146 165
331 175
57 392
820 700
729 312
562 672
858 358
205 156
746 921
44 290
669 125
506 220
625 937
245 509
478 363
118 31
438 918
701 555
430 694
98 311
824 361
38 47
882 86
111 149
504 695
609 971
325 853
518 848
966 776
912 350
443 302
531 545
363 993
173 926
583 423
105 327
932 366
874 909
319 709
342 637
762 527
208 599
116 340
493 618
877 73
563 966
716 16
452 537
863 195
493 671
742 776
898 20
329 32
986 903
796 608
586 908
85 497
230 433
335 296
31 908
677 942
699 224
941 719
297 892
706 6
640 484
972 265
192 578
14 136
657 216
422 173
168 788
278 839
152 813
397 304
294 721
57 664
645 521
207 53
115 991
661 686
144 854
493 933
596 522
618 383
664 882
185 502
935 973
17 683
859 423
352 850
565 293
229 177
695 959
395 364
652 685
459 4
490 580
232 371
89 938
895 15
259 673
232 32
867 82
374 503
101 937
991 662
924 563
308 823
960 204
287 369
294 660
716 56
922 821
761 556
803 81
843 456
707 244
605 313
615 172
322 197
546 581
738 578
661 646
873 191
70 918
696 173
511 633
382 447
543 330
682 994
311 244
880 22
975 130
584 515
264 388
490 916
360 331
183 926
447 774
96 48
853 768
992 478
119 219
273 201
569 932
341 672
14 289
278 148
475 722
54 310
251 426
422 978
788 364
559 818
724 493
365 849
638 179
66 42
604 34
518 838
688 190
259 307
509 638
557 201
531 283
901 782
815 664
873 171
462 955
292 733
844 417
986 580
233 3
313 353
402 978
711 152
702 910
709 745
431 792
248 600
72 227
136 811
965 662
123 430
205 747
442 984
910 581
718 262
747 597
776 275
275 881
307 36
338 248
425 540
674 792
360 20
211 802
899 202
934 460
206 850
868 643
344 470
493 955
686 808
157 473
590 557
970 283
838 565
402 269
344 993
321 327
882 542
184 108
891 186
393 584
810 58
281 41
792 179
402 560
278 617
650 459
825 757
928 557
280 630
747 855
132 286
590 388
973 659
850 788
840 376
412 486
634 844
159 57
217 556
465 862
445 662
905 544
953 710
157 33
139 403
918 143
428 301
501 351
653 292
158 991
221 41
612 353
141 965
211 215
694 150
35 470
157 139
856 937
455 913
409 449
760 761
2 48
376 972
475 37
926 616
922 222
613 718
658 90
125 844
176 250
856 902
201 29
71 120
533 958
453 907
591 232
285 729
863 54
67 226
420 535
977 58
394 664
195 718
229 711
214 888
816 40
554 315
887 331
930 687
900 452
621 264
322 48
511 820
725 28
116 864
769 994
70 622
375 770
414 552
773 307
536 812
987 905
965 697
984 673
399 154
151 962
920 939
536 701
452 131
716 958
749 798
930 487
955 386
61 282
360 566
957 517
848 347
125 259
300 558
281 183
534 399
580 335
630 63
442 825
223 562
535 875
480 683
244 773
96 798
352 622
905 238
211 722
240 910
907 449
155 685
988 619
238 18
922 413
96 608
438 958
610 368
812 837
25 525
35 509
424 46
852 119
907 230
294 201
821 233
311 763
155 272
894 21
128 177
666 836
121 127
977 509
385 456
69 851
334 544
728 379
738 791
5 429
163 793
229 286
462 997
483 565
834 335
320 399
402 599
521 450
496 17
617 859
163 231
58 451
703 161
484 620
628 999
268 772
686 188
298 902
108 641
137 728
807 168
692 277
860 677
843 614
824 559
419 617
916 78
369 794
275 307
298 264
148 187
374 49
252 372
369 423
416 132
488 335
886 262
742 854
685 313
821 276
833 277
157 299
382 821
618 377
725 345
367 585
295 819
524 750
816 946
984 752
362 192
119 184
858 194
553 921
525 617
896 437
294 166
952 376
94 233
146 807
506 348
721 212
536 891
141 233
736 643
16 612
735 587
154 530
735 272
466 853
555 228
518 811
410 207
378 663
637 897
908 594
281 666
56 295
943 445
551 752
809 290
617 193
247 793
441 307
929 855
827 405
891 73
386 133
585 179
391 286
48 926
106 450
66 237
204 338
288 212
571 321
300 49
999 967
301 234
557 689
66 680
563 276
538 811
651 787
772 881
660 799
430 373
149 364
590 904
776 526
896 612
974 825
156 994
432 597
822 791
59 282
249 699
185 572
781 331
724 390
783 912
177 18
848 353
791 147
223 295
136 237
439 637
719 828
358 944
105 246
230 681
606 691
290 539
942 332
168 495
610 95
936 599
12 448
716 487
878 935
354 888
487 792
467 65
100 3
115 353
925 342
809 588
713 802
725 788
887 717
673 167
191 709
369 110
474 490
813 244
119 663
65 561
572 933
865 126
618 821
311 932
813 636
962 72
233 259
113 182
154 41
781 810
478 223
759 628
626 186
79 207
854 495
243 897
288 841
36 127
272 949
236 388
450 899
152 216
659 988
699 506
117 352
297 303
538 219
411 588
960 427
962 584
661 14
348 800
413 738
651 878
295 613
681 896
567 93
994 481
863 242
290 988
748 698
431 495
461 563
793 964
345 431
46 999
849 548
780 479
984 123
994 245
630 278
745 323
108 661
895 409
517 560
425 169
893 220
414 598
567 289
103 275
274 245
115 773
566 930
632 728
963 865
13 745
631 465
301 987
361 923
325 245
187 567
795 68
929 943
234 449
21 206
863 242
206 684
437 596
630 45
983 580
449 412
357 886
278 903
308 550
100 178
472 264
970 187
417 491
945 185
35 419
350 582
168 794
799 913
241 887
115 165
821 330
450 435
910 9
29 98
157 176
940 33
252 651
192 617
94 93
492 631
458 865
949 511
47 656
385 79
471 909
180 410
856 243
455 101
465 875
984 470
576 972
192 362
421 956
965 30
627 674
127 566
835 960
353 699
234 704
96 573
438 502
824 492
796 137
878 538
979 315
576 243
437 345
677 810
45 812
583 431
983 120
269 396
889 59
668 961
759 771
360 814
59 152
613 467
822 361
479 996
498 275
807 138
683 524
937 116
29 536
521 94
84 717
655 376
446 282
330 517
735 645
718 680
506 297
153 464
245 145
974 779
466 298
284 138
89 493
175 308
817 531
881 141
451 652
90 777
255 759
206 619
315 481
217 266
71 342
102 176
408 593
760 201
601 75
309 317
2 784
576 511
810 842
194 297
463 464
518 402
41 272
654 461
517 807
60 141
637 315
387 319
714 258
606 447
500 584
436 582
455 342
821 631
529 142
466 857
121 717
928 310
686 913
51 952
264 78
854 989
465 917
781 362
342 714
112 968
397 384
247 170
377 621
154 824
86 755
219 351
37 320
564 874
100 102
402 166
713 380
99 989
391 242
547 391
581 696
911 600
996 355
59 217
369 513
244 193
628 962
920 150
873 34
264 220
821 636
766 512
519 741
45 918
8 174
762 305
568 310
826 434
188 74
378 571
146 776
426 704
983 113
817 551
137 446
517 928
602 232
236 437
590 458
542 752
16 901
993 288
267 36
318 216
532 760
244 326
992 305
770 232
8 148
542 936
86 696
716 900
250 919
597 203
842 335
449 122
166 653
785 219
79 33
744 410
840 651
549 927
682 671
476 601
297 513
440 548
123 53
181 284
870 445
444 325
951 789
515 755
31 420
316 761
633 209
331 288
742 227
606 842
493 473
964 146
369 931
339 236
816 613
784 212
443 892
172 284
558 679
275 354
530 823
95 930
205 108
494 561
409 517
186 978
737 574
985 117
840 627
20 852
342 248
405 729
376 294
705 751
26 677
720 380
65 988
712 215
109 824
67 50
51 510
602 332
650 524
379 459
620 798
472 379
786 74
571 754
215 135
345 250
280 29
992 594
789 441
258 564
876 437
529 36
747 363
197 757
354 269
43 859
478 626
130 942
508 439
492 716
736 660
692 794
898 683
391 110
577 975
594 918
329 217
329 423
717 437
777 535
363 447
523 577
209 350
263 918
3 391
338 659
56 291
962 804
422 799
625 2
593 973
617 127
154 379
716 543
763 397
407 306
680 972
881 635
829 228
691 94
333 743
783 500
925 431
813 599
851 762
46 808
276 417
227 505
592 372
882 133
563 142
350 215
567 598
303 211
19 817
103 258
374 523
227 642
971 327
320 953
771 92
822 192
926 702
209 784
707 763
836 845
33 501
330 634
455 921
796 272
492 21
308 985
491 988
698 587
327 120
740 69
482 764
490 330
663 567
337 884
593 547
172 653
735 167
918 73
579 322
283 594
345 592
17 748
688 194
890 595
102 494
342 402
891 973
304 975
368 823
858 612
328 746
164 988
327 31
151 52
101 78
776 934
406 952
701 721
944 872
98 905
354 415
358 751
32 446
614 611
888 436
483 284
380 507
304 298
610 313
466 322
869 679
260 835
822 4
801 180
793 508
35 850
647 100
498 926
935 764
145 140
754 647
653 75
189 712
725 54
784 24
75 200
603 473
182 235
251 931
444 559
809 606
368 283
310 532
118 732
88 461
996 459
147 918
524 926
691 40
634 551
807 909
227 639
97 291
123 336
796 317
800 449
51 439
873 5
239 657
367 99
255 331
875 577
787 439
615 673
660 568
48 311
380 98
911 24
39 10
133 573
786 952
772 557
701 285
143 274
696 136
901 382
833 642
257 323
815 795
56 382
735 618
168 900
342 994
176 140
29 381
719 724
901 592
214 799
983 792
337 539
687 752
185 424
16 843
270 741
862 708
454 660
692 96
934 361
183 951
667 885
523 109
310 842
231 58
172 661
269 332
859 473
859 79
877 922
375 945
86 467
127 466
446 44
419 42
907 614
744 729
628 765
718 654
863 329
261 511
877 176
590 612
908 619
409 244
655 368
957 108
452 816
217 284
814 647
547 499
368 591
170 33
630 281
466 514
99 347
871 974
622 608
519 719
797 957
594 55
697 26
767 5
869 234
783 965
600 149
51 582
774 811
405 20
562 855
344 395
181 242
86 774
271 231
109 869
779 713
390 677
725 427
346 328
731 253
840 402
302 681
254 128
404 526
304 923
436 796
858 622
700 273
650 713
800 151
852 701
920 940
841 133
181 437
316 543
861 208
501 288
858 403
942 894
778 561
64 822
587 992
386 979
645 646
536 376
791 756
627 432
755 349
138 768
384 71
439 305
713 178
75 619
401 256
364 14
839 989
576 946
370 190
887 377
494 224
576 789
780 996
641 370
61 808
336 855
104 32
522 92
31 883
557 463
898 956
698 506
914 609
259 344
179 391
866 158
62 992
650 663
152 417
429 48
807 462
230 134
753 762
436 254
214 976
276 839
333 66
454 107
279 286
850 501
428 189
551 870
158 268
180 442
41 940
569 491
40 481
861 855
923 619
795 772
801 847
935 121
356 664
883 76
739 627
546 411
498 571
348 194
408 44
119 172
707 559
742 542
657 951
209 543
653 136
379 173
177 563
656 345
980 845
293 83
133 642
147 753
4 538
586 866
59 209
240 840
929 610
864 505
233 614
712 781
819 660
897 685
404 748
762 102
803 612
366 237
181 677
688 413
510 964
804 60
411 639
46 81
866 238
416 565
191 200
982 977
407 512
170 287
374 983
134 47
127 821
958 916
550 344
910 177
40 555
463 587
922 456
484 425
225 570
46 669
344 788
780 483
898 397
619 66
802 117
365 904
893 774
764 738
576 813
10 122
639 14
654 75
207 416
551 776
29 940
617 415
408 991
756 563
170 253
807 697
918 797
276 160
692 919
449 494
307 159
504 160
414 195
481 260
404 971
421 208
214 818
829 32
264 143
442 944
392 333
890 438
308 105
964 949
479 100
952 113
288 550
980 134
735 775
55 90
958 377
304 541
268 683
393 314
995 950
847 264
149 194
132 508
955 677
479 406
626 205
96 636
309 631
273 471
503 566
886 635
353 413
611 890
107 13
34 874
196 265
363 82
215 465
535 483
752 411
741 114
370 83
229 376
873 780
413 174
474 736
790 27
521 306
789 993
884 978
542 144
767 521
421 644
35 673
15 352
278 549
864 230
433 51
629 834
801 593
241 962
227 285
449 214
248 327
202 359
245 532
553 677
201 77
281 355
338 971
332 647
918 978
948 249
395 598
848 749
173 823
159 439
824 306
418 405
150 774
746 330
413 176
618 380
487 365
188 391
77 45
714 246
627 619
693 136
524 106
810 527
864 62
318 308
647 995
591 807
300 355
555 63
333 256
362 906
831 28
878 972
929 323
246 328
91 98
359 281
717 248
151 295
542 286
229 491
865 108
648 65
441 795
107 138
205 914
150 511
962 594
794 755
499 281
617 159
584 239
633 475
887 321
271 601
433 33
421 70
678 35
360 329
907 650
675 385
962 521
375 507
346 283
195 928
335 838
446 26
157 122
173 425
766 577
349 761
463 291
482 43
394 457
264 24
575 799
257 210
430 733
670 689
285 252
941 975
835 358
270 794
548 905
505 19
898 757
133 443
579 287
127 741
745 13
478 497
731 408
804 450
99 497
427 981
716 36
89 563
969 575
722 737
707 738
571 228
546 811
653 23
608 260
686 733
436 800
249 361
591 30
794 294
810 171
393 10
325 146
433 82
362 323
486 798
798 518
530 285
454 123
453 753
236 668
369 504
679 362
869 385
264 219
608 158
626 644
235 954
994 246
310 338
259 237
62 92
539 401
297 765
856 622
903 894
282 285
523 847
775 921
521 536
680 737
782 694
876 823
942 721
766 268
226 50
671 869
251 41
131 735
284 840
828 939
468 152
122 908
577 158
54 313
593 118
143 753
692 774
945 420
604 766
734 4
116 538
824 682
641 491
266 724
57 319
754 122
929 154
837 446
103 669
92 64
824 837
485 712
523 60
51 790
415 965
330 366
969 845
877 750
198 751
334 436
678 583
71 20
315 654
62 665
250 553
291 379
662 715
2 761
362 817
911 334
545 446
536 384
449 496
864 321
156 795
775 917
591 138
774 477
566 492
70 54
726 834
412 297
269 427
899 241
413 72
567 487
798 202
629 963
955 466
93 417
262 93
463 632
257 528
940 980
611 225
843 117
990 608
38 394
17 433
601 243
357 149
568 48
466 273
646 260
133 289
596 768
346 188
561 613
739 24
604 5
704 202
265 752
575 913
353 128
566 231
533 133
405 18
352 158
173 356
189 103
367 268
457 895
923 443
853 173
993 777
126 528
313 735
62 691
377 739
212 331
662 475
346 270
557 124
344 25
290 501
131 681
256 931
90 589
6 324
683 109
280 84
838 779
229 663
325 366
166 887
683 549
89 377
290 862
168 669
316 147
320 815
488 549
682 435
843 476
140 448
608 927
995 870
569 3
731 712
898 417
259 401
385 238
959 193
637 980
3 674
156 774
258 360
414 241
38 360
505 866
856 350
547 520
940 256
314 629
156 389
362 566
528 366
915 66
697 369
90 980
930 534
682 409
687 725
573 770
733 611
785 31
849 416
427 161
742 307
196 890
446 506
619 745
882 866
680 933
97 87
119 246
759 911
893 671
648 659
22 516
766 393
194 540
440 330
428 113
212 747
309 643
605 851
88 932
236 689
281 736
890 113
537 721
658 787
63 384
881 774
356 155
842 300
734 667
266 933
412 590
675 550
306 262
295 392
770 909
889 710
706 870
7 562
49 927
728 159
289 218
736 410
230 136
384 855
225 137
43 436
383 895
382 226
389 918
991 265
724 770
138 179
626 358
605 43
6 745
433 936
679 788
481 437
160 132
131 587
579 215
263 528
335 417
956 517
334 12
436 414
131 278
134 721
643 413
614 886
535 300
52 574
203 471
919 520
292 65
197 556
302 250
393 307
241 41
473 749
343 487
371 553
50 984
567 435
670 233
978 22
798 140
427 602
711 638
644 660
631 555
139 149
228 832
284 439
466 200
851 928
458 120
940 127
193 825
921 864
567 797
33 419
760 800
255 35
155 688
854 272
514 169
481 252
635 984
997 917
479 833
525 518
998 532
24 428
756 118
699 616
735 22
12 740
280 633
150 527
206 342
38 819
364 915
147 307
589 432
817 947
485 571
296 622
783 241
380 552
897 652
639 997
458 495
233 555
441 339
97 679
420 168
624 296
265 314
655 298
222 294
266 567
773 820
779 9
286 338
601 249
262 447
201 162
950 12
180 54
757 418
176 412
640 666
126 21
628 906
180 514
718 374
263 669
600 204
492 766
726 114
546 193
455 814
198 522
926 927
216 351
244 277
746 566
244 225
882 55
316 956
57 141
52 434
984 506
64 748
916 630
125 755
389 871
882 350
362 840
520 968
705 869
16 189
972 387
362 265
702 257
670 118
128 439
266 978
803 154
224 79
83 378
974 643
414 814
165 725
855 544
852 126
187 792
107 966
33 829
281 117
64 563
42 243
945 302
986 715
139 685
238 146
305 397
465 406
425 233
78 434
813 266
156 371
38 83
529 775
34 16
521 700
514 809
557 48
811 890
716 462
605 311
927 121
718 400
915 308
85 779
121 404
821 229
543 868
727 415
794 807
691 728
929 344
26 542
508 410
469 258
385 712
814 61
457 629
737 708
644 570
893 576
808 578
420 100
840 550
443 784
214 482
922 346
11 278
584 572
943 152
648 182
149 207
847 257
377 878
865 495
505 65
264 96
540 24
567 939
267 761
141 896
118 947
904 565
999 775
935 680
662 375
826 970
330 577
53 250
287 765
908 382
946 315
533 38
330 73
83 848
547 290
493 275
460 370
585 226
635 858
555 327
889 353
559 442
202 193
956 599
876 166
290 907
361 459
274 154
155 833
620 704
593 425
933 902
938 730
23 342
426 573
147 227
329 24
713 803
770 149
811 166
455 392
941 667
243 374
677 217
929 138
801 210
79 45
742 419
602 799
60 120
759 744
33 467
341 36
906 418
775 174
627 703
282 172
842 276
29 287
483 342
395 272
871 165
641 428
795 706
640 859
494 941
640 359
738 369
287 947
606 862
330 496
855 770
142 876
145 481
393 737
663 66
930 519
9 258
954 541
254 812
973 533
853 50
144 587
526 586
762 62
852 40
784 893
789 443
84 606
189 329
655 198
903 395
96 857
763 69
886 569
973 102
15 763
343 442
182 875
397 306
827 412
698 844
984 772
904 480
871 599
877 487
569 906
67 314
867 982
716 323
978 165
677 845
351 604
282 471
986 630
197 356
818 732
285 434
111 915
548 979
558 866
390 59
774 279
847 336
546 323
990 882
592 828
853 130
344 938
68 820
598 27
156 526
637 684
632 493
822 278
271 171
852 915
437 199
135 431
971 527
36 305
457 700
823 10
579 559
468 697
866 60
845 865
522 410
615 135
197 218
881 202
124 934
89 13
531 792
860 877
733 460
312 266
41 462
854 119
743 930
818 481
484 185
181 968
760 61
591 157
134 775
512 959
654 19
481 625
501 944
314 358
890 652
930 704
680 875
99 162
800 296
467 761
640 692
399 879
446 936
249 579
577 271
91 273
366 57
247 712
469 170
346 114
643 855
740 458
432 973
973 124
508 285
707 916
481 383
158 380
223 5
167 738
634 517
62 381
318 227
794 863
47 301
952 965
899 846
384 650
244 518
10 169
29 849
485 401
350 525
89 350
141 32
486 614
984 191
355 683
736 131
999 162
852 676
741 597
3 515
377 504
103 254
792 87
27 260
935 904
212 906
986 492
834 670
544 242
333 187
248 26
156 693
952 157
938 909
692 486
827 495
755 243
939 694
233 330
416 956
955 763
829 269
105 260
197 255
919 824
932 78
282 377
51 843
528 830
637 236
212 600
710 627
971 237
969 721
89 20
517 55
395 910
11 840
45 634
994 628
402 663
17 88
850 490
171 55
202 999
321 494
83 972
285 33
99 879
659 483
638 166
630 510
103 180
354 105
268 329
811 443
566 7
654 522
259 11
785 170
234 599
33 855
618 759
593 490
587 227
534 985
249 970
110 529
573 258
206 107
956 723
883 559
204 457
19 540
356 612
271 57
963 924
815 930
160 487
601 72
83 498
287 164
128 732
133 321
269 794
403 887
115 178
680 36
907 914
795 753
945 712
201 321
992 652
2 990
70 541
908 405
874 489
787 553
850 166
748 665
52 42
465 930
244 712
802 732
198 384
47 481
246 926
211 923
56 118
903 144
616 705
734 117
752 509
732 140
402 903
172 130
709 696
547 132
680 96
567 875
971 262
963 554
390 342
533 894
356 42
78 980
254 217
67 915
696 564
932 258
674 273
529 641
734 984
16 209
576 250
974 273
540 324
474 120
204 396
759 629
412 731
451 693
737 719
688 389
525 575
15 672
430 905
599 150
513 419
312 453
612 651
611 116
866 888
938 780
352 324
998 564
795 95
390 716
312 98
380 426
822 334
753 370
754 916
766 353
21 983
256 827
413 284
394 663
507 835
623 483
10 378
826 505
261 90
244 87
199 907
620 283
66 482
907 601
788 128
396 438
779 770
555 123
227 866
920 190
438 155
309 87
504 910
572 25
961 5
510 216
77 161
329 65
681 577
117 807
259 129
377 72
426 752
33 334
966 80
333 651
323 193
465 579
94 275
604 471
218 819
547 23
18 696
687 671
101 693
564 738
615 61
334 438
122 618
304 845
561 230
571 68
713 293
952 968
680 972
290 13
967 957
363 209
686 346
479 399
506 746
327 483
668 925
818 888
929 721
332 473
103 909
743 403
860 413
53 227
656 497
231 109
943 621
590 139
126 987
365 229
395 124
99 394
290 928
700 192
404 868
636 521
989 424
773 219
792 801
124 541
888 189
268 188
292 85
86 225
53 171
284 2
609 33
708 883
792 39
251 26
450 514
848 271
359 998
916 73
342 841
935 849
690 725
25 585
919 165
984 487
62 864
512 205
170 861
438 151
490 481
507 921
531 22
231 972
402 754
640 442
879 646
898 849
421 485
464 514
265 480
706 345
876 224
215 115
278 261
729 389
71 887
712 66
255 963
434 134
947 542
45 158
497 697
57 262
319 448
772 804
293 617
902 212
713 759
297 751
384 749
338 821
84 381
995 960
855 541
277 288
811 260
63 650
186 909
392 483
442 937
653 594
746 392
830 934
849 216
291 493
114 735
714 658
153 862
442 608
593 970
283 649
193 738
1 480
800 456
857 353
648 669
883 956
552 118
382 810
994 146
258 818
536 615
353 690
986 622
354 730
963 179
929 338
132 190
63 257
131 84
231 580
923 488
732 884
599 598
181 250
778 41
338 962
302 856
397 38
699 882
998 509
510 621
371 16
104 271
629 74
95 293
362 723
589 736
481 675
348 891
515 847
669 602
409 652
768 767
304 750
294 400
702 918
709 794
186 124
925 364
753 933
804 771
199 398
680 761
513 500
758 218
548 562
649 58
742 828
123 301
454 309
770 569
164 755
528 678
642 520
649 436
769 69
892 651
324 925
307 292
710 375
359 208
986 321
701 310
261 459
159 909
823 738
763 605
968 700
68 790
371 324
913 536
701 698
35 846
590 722
397 234
561 457
245 831
299 442
221 527
631 670
703 564
963 500
286 242
213 838
20 731
164 663
718 599
957 50
166 973
336 936
859 640
142 717
866 210
154 277
936 676
937 397
891 21
481 966
109 678
39 33
318 499
330 98
779 825
596 419
374 626
982 213
615 666
980 406
234 446
74 996
641 204
951 94
147 220
118 467
947 168
625 598
590 78
29 300
917 770
869 589
194 431
155 891
526 70
592 226
433 89
216 709
241 630
86 560
296 889
641 637
492 212
341 34
373 957
603 275
254 448
69 124
184 566
148 410
160 904
749 487
117 605
60 352
751 213
942 181
725 2
103 101
263 517
867 870
843 997
49 103
576 227
931 479
757 858
616 587
660 621
19 856
85 158
372 455
424 710
769 99
845 805
346 221
771 979
734 632
320 599
182 329
535 898
952 962
366 811
45 40
721 706
710 554
432 896
199 458
583 597
311 435
577 986
932 473
711 421
924 414
485 987
364 684
866 201
760 552
271 260
576 757
630 829
195 697
173 31
863 337
499 254
544 542
773 126
113 686
774 572
674 894
362 893
558 817
972 405
449 72
848 16
942 817
618 550
531 335
966 808
849 763
791 9
44 149
584 176
158 56
44 62
234 650
664 596
957 412
505 851
38 714
448 137
963 705
988 967
253 404
148 190
220 586
381 161
934 765
579 111
436 709
934 800
296 757
80 382
560 430
661 57
499 287
871 9
715 396
860 313
563 203
746 611
488 425
493 853
844 909
398 231
848 334
718 715
290 921
69 541
523 936
879 755
797 96
756 17
406 868
901 127
326 878
256 182
296 223
90 547
355 486
890 54
571 606
556 405
118 509
434 4
941 705
425 616
889 981
121 966
302 797
311 446
129 325
42 386
881 540
957 15
265 27
212 534
160 948
502 488
600 70
627 30
547 929
677 341
465 362
209 67
413 562
287 927
127 152
208 504
933 373
399 303
553 430
191 304
550 729
17 894
136 845
326 456
651 85
671 416
549 265
113 685
124 790
296 689
165 640
513 874
576 11
134 985
39 358
58 52
685 160
929 756
699 165
857 541
279 570
515 934
83 195
184 683
262 40
856 980
763 293
595 841
589 340
699 829
345 643
116 412
55 557
427 265
990 440
102 68
239 794
665 465
939 879
174 251
821 962
785 16
832 989
188 956
32 287
529 930
452 56
79 343
370 13
581 896
63 672
210 465
687 866
616 180
113 285
360 375
683 936
30 361
159 796
404 737
218 285
840 443
784 244
268 362
471 828
246 200
12 418
503 985
890 518
330 566
138 392
396 121
631 290
869 566
590 313
847 940
895 428
738 785
112 489
337 860
597 891
386 945
760 595
783 236
857 371
998 241
755 206
169 359
672 313
407 7
162 949
52 951
617 253
508 989
81 512
825 655
371 856
805 198
166 959
561 465
471 481
2 68
28 79
15 285
843 812
71 59
683 240
477 483
850 4
333 873
147 466
748 407
333 544
748 302
700 207
202 100
530 104
515 639
930 955
627 24
63 908
982 672
509 311
411 777
16 72
946 549
989 726
380 251
172 627
96 339
264 536
826 905
724 20
742 328
44 296
890 925
961 879
656 103
849 509
943 65
540 343
40 556
505 263
901 911
216 148
861 209
830 536
268 178
554 50
708 13
849 906
22 490
68 697
114 611
835 46
901 544
432 109
584 882
329 214
449 476
553 47
413 592
641 512
822 975
757 890
105 22
74 35
789 698
284 183
295 298
407 736
538 431
721 368
34 806
333 800
552 861
982 779
442 825
326 871
252 730
824 606
142 626
782 965
101 114
112 951
914 139
125 684
183 637
232 614
211 764
386 648
261 665
19 562
238 404
523 445
843 286
751 438
867 613
465 518
519 9
35 41
878 358
644 328
84 220
57 449
409 951
545 260
496 31
454 864
390 542
410 804
901 86
337 705
781 518
8 117
106 252
164 527
866 140
