6000 5500
237 180
824 563
294 617
819 374
798 2
50 685
416 972
280 755
203 340
734 495
185 788
154 761
597 861
353 452
704 827
506 268
825 448
749 664
422 919
642 775
811 125
124 34
887 837
353 276
756 433
83 708
619 635
134 24
802 759
822 709
545 182
933 449
57 499
772 194
102 642
161 841
908 117
638 962
940 120
859 95
875 964
835 491
908 986
461 55
952 192
376 24
309 244
773 436
458 366
899 255
618 546
731 632
385 444
754 476
240 468
925 723
202 631
227 858
522 176
426 292
237 255
944 650
313 959
118 202
269 251
192 201
470 319
716 769
968 34
126 267
171 589
295 216
132 771
318 912
924 109
265 410
244 748
773 227
916 249
769 549
327 416
679 973
809 920
164 513
30 408
809 6
686 50
361 737
602 653
423 593
655 783
53 430
592 600
45 735
685 398
909 313
593 60
745 33
996 116
728 436
553 606
35 103
438 255
558 604
254 904
403 621
54 409
191 455
973 33
160 139
610 197
294 109
995 428
271 617
440 429
721 150
766 87
940 920
141 129
301 662
876 780
447 801
817 11
192 626
958 538
745 411
353 68
766 912
767 678
648 46
516 329
415 574
7 10
985 147
993 901
66 92
794 330
193 321
510 786
690 668
542 11
394 480
458 383
250 920
531 847
960 688
989 777
778 217
334 974
547 537
86 846
67 56
611 216
223 939
920 573
91 893
656 517
872 320
865 556
588 267
769 844
993 368
796 220
639 624
585 569
135 262
686 571
442 258
308 22
946 299
102 744
678 869
116 637
793 317
641 381
913 835
61 260
218 738
685 855
364 352
888 401
394 341
962 850
40 778
112 995
464 604
316 199
951 786
816 743
631 423
759 624
314 485
320 442
98 1
259 722
451 309
235 398
19 739
918 23
47 142
73 778
266 208
443 958
989 144
638 728
96 426
961 787
458 471
119 893
102 429
419 592
361 933
888 679
89 448
117 218
487 20
189 320
70 180
481 714
622 850
716 403
699 720
274 746
690 345
356 202
334 584
831 633
314 108
291 484
617 206
283 442
604 415
957 813
476 72
813 38
525 721
74 696
960 950
232 615
940 208
277 734
91 818
720 111
815 501
586 48
291 563
623 147
845 767
966 816
582 310
521 428
621 243
803 92
768 131
535 550
840 982
591 489
624 787
285 373
728 35
550 788
161 918
94 574
137 569
664 712
316 879
713 55
717 956
554 459
313 352
239 413
479 518
313 167
769 108
127 115
793 853
50 312
151 915
893 784
60 371
917 164
808 749
331 337
603 598
637 52
536 254
156 895
126 718
874 639
42 82
178 346
759 440
205 238
582 639
819 614
36 602
523 334
99 193
956 700
327 824
752 688
22 345
717 224
701 847
59 809
411 670
367 257
739 632
596 348
695 457
986 141
331 173
871 861
550 837
992 337
799 80
814 763
661 936
863 239
974 515
932 981
351 556
245 377
457 40
587 61
801 959
332 464
860 727
481 633
377 236
270 467
868 530
631 791
282 863
43 555
247 639
605 583
972 437
921 844
296 816
38 730
274 211
145 344
160 721
188 46
656 987
77 249
538 665
559 733
743 295
906 514
316 811
771 900
819 212
31 319
403 781
676 802
208 417
907 835
805 559
797 830
433 486
671 858
472 154
923 616
583 707
290 62
743 106
475 918
637 939
607 788
22 39
802 279
856 24
799 40
705 288
232 140
9 495
692 490
958 976
200 455
337 99
438 641
937 838
117 667
978 217
930 80
850 321
102 443
10 605
968 938
905 465
819 213
854 404
552 550
310 635
926 951
563 941
253 247
539 145
245 285
328 377
356 853
861 267
740 702
85 707
129 569
660 86
380 323
808 351
711 357
541 171
460 354
451 911
622 518
890 52
767 836
813 793
312 167
710 549
791 789
510 3
955 71
401 874
996 824
844 544
532 408
35 527
469 465
449 183
462 727
3 413
61 102
31 799
809 782
183 761
625 225
475 312
702 173
196 334
416 715
4 813
267 401
766 961
714 558
309 328
290 54
439 718
260 10
411 188
782 372
934 600
136 488
751 566
85 908
541 339
554 891
653 290
766 330
866 679
718 515
830 837
782 117
808 281
321 797
900 441
399 16
430 730
138 732
728 140
52 587
988 401
78 495
72 164
25 548
115 622
853 994
971 890
20 548
332 834
796 96
266 446
81 218
390 643
366 36
479 942
147 992
250 557
80 7
174 186
93 534
618 618
360 528
24 579
117 171
767 779
264 727
575 216
321 237
323 408
34 91
90 515
558 424
818 180
455 209
788 942
826 177
582 703
998 805
279 851
433 375
115 818
380 256
772 521
949 443
43 388
44 754
594 169
423 342
378 477
402 382
726 365
611 198
552 36
539 956
719 487
614 435
600 984
644 765
50 975
59 639
291 806
856 906
634 259
959 875
237 585
920 986
790 887
707 279
910 869
687 653
940 653
753 98
400 796
51 502
143 222
449 444
676 22
490 54
748 255
197 92
441 360
510 606
939 174
262 166
226 591
550 751
961 735
910 807
684 933
570 692
49 795
800 31
322 478
897 840
541 828
142 823
440 611
111 33
934 968
455 440
105 902
15 283
104 411
192 786
31 206
379 81
215 175
235 824
906 753
418 706
622 767
262 813
607 890
597 712
785 272
459 747
522 24
459 51
997 37
706 969
449 38
14 261
316 906
119 768
114 928
85 314
611 813
156 444
99 38
275 547
223 615
765 344
405 72
595 2
161 391
298 164
548 6
248 883
93 275
639 443
720 518
2 564
649 309
844 662
908 771
1 100
80 698
593 356
11 638
251 176
963 997
580 226
626 972
864 71
931 816
380 999
362 302
299 385
961 963
852 549
699 868
458 270
363 280
178 326
849 410
735 7
244 106
674 578
36 788
323 960
332 821
568 337
644 442
365 54
349 992
694 25
948 433
724 146
116 340
467 531
272 16
402 859
852 699
275 714
52 437
55 372
588 850
918 395
94 510
853 250
443 168
698 78
441 659
41 75
425 601
357 810
180 499
30 519
7 704
239 859
459 854
226 431
271 254
342 812
671 826
753 156
503 155
453 761
830 209
20 128
298 346
325 634
157 884
553 293
249 408
53 967
343 905
552 247
836 891
217 282
843 530
368 300
672 335
763 350
632 603
77 520
703 880
870 91
445 27
648 89
498 314
30 894
573 46
628 75
251 263
862 170
941 919
305 303
327 445
958 442
402 858
23 176
679 123
51 81
571 489
129 892
35 58
204 880
744 165
596 605
735 202
878 769
854 148
195 480
351 118
283 417
380 590
844 444
158 266
146 431
912 79
681 639
998 97
872 230
178 86
704 602
420 289
357 155
998 303
778 696
571 271
688 957
611 104
728 462
18 742
396 638
395 823
731 966
47 695
569 992
511 271
464 599
492 324
227 336
449 31
95 703
440 302
258 971
825 144
167 844
280 82
289 285
846 637
905 856
731 916
607 74
657 703
979 642
214 77
806 537
302 425
758 310
780 784
615 120
942 80
993 106
978 463
119 499
427 995
632 673
87 938
892 979
553 936
257 241
85 424
145 598
864 310
597 600
389 347
942 171
984 175
721 573
105 467
244 993
737 556
638 486
875 49
217 323
175 520
926 427
216 183
945 548
400 957
531 965
744 691
61 923
617 108
483 29
337 24
135 560
30 971
696 718
765 664
389 475
718 191
81 396
606 5
951 546
595 143
535 649
928 109
4 326
542 625
950 308
854 923
807 591
97 352
166 424
725 995
590 845
932 296
532 582
689 380
865 163
858 319
102 593
158 528
665 380
303 108
276 551
641 845
182 744
617 384
732 435
663 672
344 295
73 287
93 153
579 59
323 703
493 343
310 516
165 715
6 711
267 853
907 264
334 921
391 294
369 638
589 44
603 41
187 434
302 230
540 667
535 143
155 482
935 227
636 896
730 816
471 582
631 72
312 893
314 451
771 516
348 423
242 387
32 303
496 608
846 835
362 849
509 567
316 216
737 499
167 245
85 273
390 199
538 359
552 379
95 948
257 410
673 464
711 609
765 428
320 905
728 437
775 537
685 215
731 897
834 779
314 676
533 401
259 910
100 532
786 186
162 414
87 717
53 673
977 52
277 906
925 449
827 296
947 3
437 261
858 207
885 318
52 540
392 93
838 435
278 130
646 702
866 832
248 45
748 118
669 506
311 727
457 366
227 708
148 567
819 454
495 536
535 872
232 86
686 897
468 543
221 110
599 284
484 114
350 905
66 251
377 826
562 683
443 441
205 411
870 447
851 188
100 173
319 337
997 521
408 948
263 117
616 357
613 533
722 273
451 102
854 765
84 638
790 666
568 513
95 233
25 837
951 847
433 615
245 769
258 854
398 900
339 186
638 9
865 293
678 432
17 765
868 511
269 38
431 560
174 433
995 390
368 870
645 406
716 74
464 158
222 326
700 130
810 347
617 123
720 515
360 42
471 62
994 960
679 946
67 196
901 110
409 446
944 314
498 504
740 796
909 227
640 10
731 86
111 501
815 664
344 764
959 531
798 843
679 416
935 719
874 351
391 452
872 159
274 411
282 29
199 415
659 539
161 431
758 66
432 341
415 243
507 412
396 529
454 163
685 626
246 433
767 266
369 700
580 87
989 917
449 948
105 944
149 71
353 846
71 357
466 104
998 6
754 489
84 912
540 217
936 594
53 316
162 10
573 236
101 121
169 758
506 383
596 293
177 695
152 388
667 610
863 651
162 843
733 254
569 832
999 299
286 408
586 960
739 261
955 470
958 131
237 714
885 891
283 558
781 371
806 149
655 879
199 963
559 185
852 99
707 588
268 643
316 559
61 918
618 642
761 384
766 562
168 962
831 790
740 377
727 129
923 245
367 151
948 440
763 378
457 287
44 581
405 715
477 857
629 560
393 351
268 491
484 993
526 7
711 595
473 65
673 428
15 392
457 655
404 302
44 506
228 892
165 722
227 321
288 878
157 635
482 530
881 23
416 423
977 362
159 98
200 651
339 747
662 832
337 268
857 516
872 911
83 306
28 669
457 599
528 965
427 87
295 996
473 936
934 6
942 813
22 115
625 759
672 5
868 69
921 28
880 379
686 489
19 598
886 102
36 251
638 709
260 171
898 324
884 638
254 517
718 543
51 947
952 700
696 703
97 668
826 122
216 458
361 445
330 995
363 896
957 735
687 613
471 181
742 522
777 854
11 797
927 128
651 274
758 320
821 251
989 905
965 927
636 304
894 546
617 452
715 149
310 789
42 276
659 262
94 678
373 63
131 288
805 192
536 528
431 346
838 178
976 270
973 92
320 894
311 858
722 139
789 50
98 419
433 770
356 844
243 105
172 397
292 224
279 193
650 543
736 617
145 28
378 918
181 684
550 837
338 879
288 160
413 585
139 987
330 539
187 114
946 720
688 651
864 555
113 975
629 514
196 702
889 704
575 623
397 896
707 695
91 546
406 586
85 499
570 29
653 989
735 627
647 59
422 578
205 796
511 191
240 878
778 373
190 447
729 951
673 162
703 122
386 638
277 218
832 778
459 1
562 913
470 834
261 876
603 224
441 172
131 430
830 795
927 322
65 630
113 681
723 26
452 191
235 687
242 226
565 7
696 323
953 506
621 138
486 654
68 683
613 904
960 221
482 910
794 997
710 622
870 378
185 652
244 700
840 610
522 358
643 580
92 778
421 14
976 787
262 678
453 595
76 412
45 775
503 40
71 768
102 790
490 598
922 432
517 403
412 704
646 231
361 217
361 132
992 96
173 732
39 616
298 873
955 878
248 705
115 240
419 696
553 238
527 694
440 940
656 31
176 357
419 239
379 251
52 179
683 452
570 485
371 935
199 989
685 793
679 681
126 675
823 231
372 255
114 717
822 487
57 619
966 421
786 537
500 509
518 386
629 208
453 66
17 424
172 606
239 306
957 200
770 53
934 147
244 594
968 841
531 263
515 773
293 540
38 275
578 994
753 652
474 626
866 540
395 54
278 610
371 492
717 923
404 239
835 584
396 908
41 438
197 710
626 500
669 738
434 212
246 793
542 396
917 657
899 909
820 425
833 574
337 140
869 985
17 819
471 109
678 309
23 528
64 526
299 92
830 396
276 258
240 377
180 660
952 391
317 868
988 314
225 60
154 589
369 985
20 460
948 916
168 964
140 508
642 602
994 693
452 837
207 464
872 571
343 651
988 401
584 462
610 62
281 525
36 660
758 725
961 704
464 452
620 42
869 470
421 862
463 80
887 738
882 435
911 954
14 159
840 351
994 884
972 978
669 380
749 701
728 804
464 819
369 591
624 377
325 667
276 304
750 1
104 400
526 806
143 438
314 36
859 452
219 273
419 291
515 573
977 212
151 885
548 802
205 216
682 679
990 604
882 795
67 584
132 935
535 540
772 754
645 783
996 980
991 948
63 490
77 535
855 226
181 603
217 275
949 803
432 927
742 994
840 541
425 70
876 90
174 617
497 764
326 430
412 675
503 845
789 145
396 811
911 960
42 6
200 64
850 942
189 109
501 103
798 66
86 609
67 6
779 917
609 744
527 259
60 549
570 926
796 352
994 269
918 45
267 191
630 304
289 619
687 321
943 581
812 952
294 407
735 760
243 420
225 393
747 148
41 19
366 448
915 399
82 327
930 745
985 133
725 129
859 74
117 418
393 225
833 99
925 522
139 15
844 164
958 129
202 467
186 234
981 645
243 9
370 299
433 940
1 83
263 994
811 668
257 801
720 409
605 320
301 745
58 262
716 893
164 61
248 779
501 796
864 889
708 177
447 889
58 217
59 462
592 593
920 309
865 354
287 717
705 440
186 191
812 363
15 579
181 450
673 517
63 155
152 707
697 951
269 313
965 322
685 436
822 379
546 622
247 974
667 402
779 85
904 391
947 921
355 645
154 69
137 937
202 187
373 82
780 721
908 390
873 890
972 78
419 88
643 527
699 779
321 599
913 373
611 458
177 689
32 132
1 695
954 499
957 497
360 938
194 957
312 877
193 223
373 988
491 390
650 505
876 853
3 570
592 100
337 9
289 49
25 293
718 6
506 869
391 766
852 390
41 366
872 125
349 107
869 390
113 604
51 850
794 599
595 935
458 300
280 357
311 342
651 693
792 536
98 994
469 591
24 204
486 460
560 82
679 56
111 166
222 73
529 182
183 669
803 675
452 954
52 71
401 208
914 781
874 678
969 329
269 311
540 873
883 354
769 684
865 354
842 233
1 425
369 920
796 514
210 436
977 960
126 156
117 617
223 152
969 393
26 12
200 919
91 191
259 471
131 716
748 296
35 59
851 915
975 181
797 15
553 609
199 159
310 654
449 520
114 426
736 705
281 88
209 550
26 178
79 589
868 506
519 549
935 325
71 439
18 430
602 851
657 700
438 393
734 256
454 463
863 3
434 877
623 330
990 378
753 280
285 551
89 477
370 205
586 232
494 188
156 547
661 333
715 546
341 356
398 159
920 237
851 105
262 78
975 467
546 385
327 844
150 85
654 154
806 574
947 335
189 621
850 17
909 75
249 636
352 610
917 127
156 932
947 546
53 153
500 673
592 765
461 335
762 980
33 352
632 616
303 697
817 146
595 587
589 547
642 140
704 313
308 474
957 61
629 458
751 50
387 507
258 482
435 651
140 389
121 425
334 834
793 614
610 55
261 352
329 278
933 92
154 600
381 481
339 989
78 985
914 464
703 702
77 269
441 719
141 216
241 780
751 708
781 219
382 601
361 957
534 394
90 828
6 361
922 118
166 945
953 542
261 689
424 175
881 719
280 263
59 642
66 240
44 174
800 390
566 834
399 719
405 370
39 965
907 271
833 374
471 268
608 524
806 456
575 886
295 173
366 239
788 689
697 686
295 336
744 34
469 211
797 626
423 137
988 200
564 776
693 733
34 292
700 722
251 524
209 253
37 753
945 195
354 780
278 902
39 192
598 33
816 248
200 77
882 912
742 859
734 782
688 156
333 499
304 309
836 640
229 763
303 812
322 142
736 911
362 290
629 891
259 622
573 638
157 769
966 185
854 703
170 460
97 454
675 250
690 292
127 313
971 22
13 236
610 111
841 184
938 186
322 174
123 265
788 21
283 709
873 884
912 45
375 681
495 256
713 359
228 419
7 127
165 334
682 634
24 723
454 232
872 886
728 255
637 996
992 514
414 78
339 101
27 617
893 450
641 355
408 175
472 183
708 316
852 44
835 964
701 968
951 169
60 641
942 780
396 524
467 407
93 938
71 232
551 482
865 905
172 648
774 34
276 968
482 871
715 506
386 58
934 162
454 976
521 720
15 701
249 169
822 275
24 153
480 644
255 892
889 292
149 48
735 92
244 795
624 185
919 541
968 805
283 720
874 463
469 268
204 405
506 49
932 541
62 418
61 101
767 391
735 476
713 511
444 471
575 20
534 29
170 582
564 677
866 469
133 250
538 260
309 373
54 502
984 63
760 621
717 774
113 22
726 419
643 728
498 243
676 659
95 269
606 114
724 317
328 576
316 719
263 40
569 492
195 708
159 402
219 586
118 62
510 518
911 371
485 102
802 690
985 110
474 351
149 912
107 457
995 963
969 541
355 976
795 160
667 330
555 805
534 462
655 315
213 293
906 818
92 782
21 130
125 54
910 269
449 944
52 522
199 265
500 641
575 370
972 643
892 870
165 278
231 636
558 565
64 104
929 500
741 985
835 944
29 351
877 414
257 500
577 692
140 403
665 562
576 310
660 84
555 934
894 682
7 740
677 297
415 420
485 94
40 238
350 505
969 308
77 870
330 242
805 341
420 291
802 176
222 218
668 26
149 144
279 969
399 777
984 942
613 503
51 145
210 470
656 83
720 503
203 438
84 198
3 460
254 582
223 144
74 398
269 194
130 526
76 66
563 886
788 522
128 928
346 345
262 334
57 88
176 170
162 787
248 524
573 246
11 424
852 335
356 310
797 775
225 834
940 763
806 332
430 792
803 57
944 394
525 624
217 200
939 891
518 249
482 621
928 921
423 414
873 409
302 713
442 271
85 919
594 786
879 231
458 889
312 820
290 674
511 676
854 238
724 72
960 882
134 277
614 782
491 89
46 203
414 888
409 558
329 818
36 805
274 423
302 899
902 336
542 446
374 153
964 89
136 422
385 452
814 897
475 517
535 150
38 440
151 943
795 304
311 339
362 857
581 663
652 390
865 622
919 816
497 268
138 900
531 971
920 374
277 721
385 296
693 628
965 888
446 202
628 799
704 80
386 180
467 900
253 721
791 143
548 615
17 582
149 977
141 670
881 510
193 792
552 107
915 80
100 846
922 94
620 99
3 53
966 544
32 650
615 225
192 502
935 934
143 868
184 638
62 524
86 477
275 777
207 352
681 910
550 689
756 659
462 334
813 726
102 819
443 363
435 26
548 494
207 256
824 708
600 166
587 263
459 130
402 673
163 369
7 69
835 231
31 983
862 80
69 938
388 34
995 903
715 88
50 396
753 179
654 775
707 117
653 803
650 301
449 429
689 89
81 100
611 96
644 12
940 697
113 292
648 863
942 452
656 198
208 827
346 903
202 239
516 706
969 787
374 982
836 825
959 139
674 185
698 744
36 316
40 813
387 20
562 438
915 795
638 733
721 781
432 189
517 906
110 412
591 770
8 198
676 738
159 95
849 193
484 477
67 866
218 556
833 184
984 571
685 718
483 689
317 733
619 73
26 494
630 805
967 169
564 798
737 770
324 920
839 684
370 797
385 831
721 829
872 476
690 717
111 596
608 85
965 349
778 497
25 71
200 73
382 447
397 181
300 622
294 455
15 392
968 455
112 808
257 22
795 960
429 134
247 9
52 374
369 975
294 540
670 217
639 361
698 522
579 607
422 821
244 690
137 457
133 222
419 614
118 358
991 465
81 333
655 216
632 316
888 11
724 50
591 49
735 822
132 688
275 854
251 523
353 471
933 556
229 688
563 705
337 377
567 795
943 813
786 725
738 206
311 879
965 428
469 344
382 995
564 725
520 403
639 72
355 91
67 944
817 507
464 257
459 37
575 803
83 214
276 276
896 9
63 86
187 564
555 230
375 931
697 422
691 134
396 844
314 934
593 115
365 931
712 196
871 628
660 702
505 807
736 243
577 456
546 208
915 859
506 199
219 915
191 904
792 109
547 195
964 39
794 27
487 796
175 106
179 316
355 73
55 868
142 77
116 642
680 503
705 417
754 355
388 190
323 876
650 258
712 132
835 309
509 274
568 389
620 4
435 694
53 475
695 71
489 436
529 679
3 787
106 672
441 380
850 561
321 504
767 118
552 367
262 861
390 322
52 975
387 710
99 459
138 768
645 800
164 376
931 34
127 50
784 997
725 213
902 669
687 373
947 576
432 73
919 91
560 756
378 35
523 899
750 262
996 30
991 766
697 849
116 734
296 966
195 366
691 260
492 420
930 220
323 812
60 856
999 337
654 386
427 258
561 736
671 255
481 217
315 878
87 202
780 978
843 557
5 315
716 599
833 89
457 942
447 758
331 355
77 501
74 925
357 858
98 244
743 700
175 953
479 505
422 247
221 637
376 55
100 659
355 389
870 341
868 488
211 641
198 521
540 824
373 652
546 721
579 69
291 763
561 592
641 39
753 206
15 815
990 62
586 4
354 482
913 553
675 985
234 756
28 593
881 517
730 56
409 549
485 375
225 147
83 505
485 138
683 402
84 891
538 946
661 234
807 261
230 626
832 364
651 416
375 501
353 192
814 880
255 196
679 305
594 885
899 133
957 877
907 76
978 678
517 970
68 782
676 125
514 65
934 747
618 409
76 568
639 396
119 75
556 166
783 889
8 268
958 104
95 859
746 627
168 740
483 991
733 233
53 265
928 787
483 536
474 981
954 555
896 595
147 378
508 994
228 379
189 891
691 844
68 959
410 835
199 792
654 541
654 128
326 514
126 698
999 46
511 781
837 131
991 983
722 688
242 974
304 907
982 102
793 690
986 541
670 883
546 671
537 551
8 213
297 117
393 482
400 949
420 943
775 489
647 690
662 885
151 721
618 639
675 456
379 548
747 273
280 565
284 388
969 692
886 392
528 321
762 377
407 292
429 422
32 501
655 322
15 514
405 70
8 144
998 372
680 221
325 265
812 106
22 836
288 30
58 775
933 351
872 468
337 838
610 828
492 930
148 680
721 559
880 334
738 340
101 278
122 269
605 850
451 403
320 483
152 981
717 444
506 518
891 603
989 710
366 934
761 458
280 342
618 86
640 559
328 616
934 920
137 750
302 919
511 963
167 691
382 725
178 405
701 823
682 534
15 72
857 201
223 508
656 275
17 386
560 379
47 676
74 498
455 348
713 570
178 690
431 631
738 671
217 50
580 289
985 717
676 122
891 238
735 303
356 335
302 907
544 48
839 302
690 251
679 836
884 384
85 995
434 689
118 78
24 488
185 854
418 395
162 591
577 755
851 179
93 616
457 587
681 506
23 47
76 175
374 865
84 817
538 895
969 277
303 262
254 597
982 455
173 894
658 241
310 806
660 139
624 570
417 294
233 477
950 751
892 241
925 876
805 979
802 392
648 129
549 357
291 771
512 974
206 859
640 339
783 485
370 682
400 850
994 195
728 49
605 480
706 202
415 895
268 137
181 213
782 439
947 280
896 700
915 804
386 497
504 711
248 619
218 205
825 23
777 242
449 271
668 826
592 995
751 471
824 229
2 250
810 325
915 718
716 253
868 816
117 874
514 787
184 552
896 237
356 936
652 296
886 304
279 707
372 371
499 965
279 484
667 930
453 712
178 548
202 57
282 340
341 32
199 93
866 797
397 908
342 939
103 174
827 536
607 525
428 910
517 857
198 779
207 365
282 548
370 909
216 793
822 160
436 364
288 169
966 630
399 838
168 792
1 987
933 472
131 400
70 460
194 798
388 784
169 16
569 796
700 324
735 549
923 651
320 671
125 122
345 536
28 472
491 787
927 927
728 293
548 675
981 637
682 582
109 428
733 477
653 871
280 569
65 463
538 662
257 25
945 819
355 915
199 177
681 163
297 523
439 77
302 539
241 833
897 732
132 733
516 337
487 193
605 783
699 305
322 242
805 469
278 382
515 191
679 414
621 226
536 705
564 410
582 885
544 635
416 185
786 450
398 585
504 705
508 797
997 387
794 44
62 353
223 133
975 402
579 929
797 900
615 452
606 243
417 102
322 225
61 265
188 485
976 419
860 348
36 501
301 739
35 893
603 31
723 446
216 116
172 778
451 875
198 971
488 463
968 536
616 173
311 425
938 118
962 632
976 131
433 321
360 185
943 847
385 132
146 898
347 161
89 629
721 594
829 419
794 555
160 145
977 188
133 384
836 848
891 141
435 638
812 150
968 882
787 647
294 894
621 959
763 73
543 346
568 248
692 881
633 948
287 934
735 996
238 742
570 447
358 881
122 957
827 260
703 654
874 472
712 474
558 163
766 967
358 51
211 151
858 510
69 144
298 16
353 142
516 389
385 129
400 965
799 517
273 715
676 944
631 360
286 811
959 436
532 971
901 642
323 401
847 350
57 235
493 252
589 515
794 257
912 296
748 825
462 418
699 692
53 3
679 833
916 176
810 159
566 646
407 579
470 516
637 760
67 261
940 398
289 4
528 910
282 454
227 54
656 97
603 931
293 485
882 131
975 43
352 5
20 402
429 413
947 836
710 524
685 595
148 476
440 968
91 556
507 407
101 403
262 660
849 829
460 407
638 255
523 870
307 642
498 650
342 731
282 615
781 339
249 428
402 265
212 524
339 225
868 844
147 618
60 642
978 466
524 152
150 435
71 918
739 396
774 872
873 631
154 351
682 558
309 148
468 761
921 998
421 579
290 145
686 460
931 866
996 817
541 672
870 409
29 885
436 22
387 471
25 999
600 150
947 42
37 174
358 712
970 931
629 243
585 766
416 923
487 295
197 807
732 509
555 477
995 728
820 687
453 260
255 14
862 760
292 965
949 523
799 157
94 39
779 882
764 165
769 785
76 666
137 889
60 940
122 874
843 660
40 763
628 45
259 706
310 443
69 238
899 699
507 865
589 448
749 998
349 177
184 630
203 131
740 693
715 934
348 366
812 508
519 305
531 35
844 294
72 491
16 972
400 421
730 752
104 505
568 559
609 685
646 548
678 324
483 684
351 838
362 376
638 753
713 162
263 421
180 612
611 931
396 332
87 989
187 32
159 646
57 423
579 71
325 246
74 77
236 113
111 94
862 996
415 867
392 725
265 799
385 351
170 629
34 523
958 431
184 995
297 939
457 10
581 254
816 551
378 297
11 177
801 87
216 594
48 385
792 969
79 693
984 82
88 734
111 677
383 279
351 424
596 643
318 153
544 742
580 289
229 115
435 556
198 62
444 990
746 84
222 97
214 417
788 311
570 193
57 738
881 703
369 356
765 433
867 433
348 790
109 587
324 175
425 378
298 471
5 376
895 74
567 649
924 922
771 431
639 390
495 704
268 258
335 374
415 361
121 538
179 810
701 524
989 995
77 812
358 620
219 243
126 688
607 154
922 534
309 932
553 358
680 960
753 220
145 17
80 933
313 252
162 706
519 756
560 340
247 791
952 401
783 222
396 602
334 896
885 53
484 819
313 247
186 525
574 622
790 163
808 337
353 5
393 500
904 636
207 65
172 461
122 668
500 154
519 849
173 358
85 299
933 160
232 424
349 949
456 721
89 287
941 5
261 614
651 16
499 750
546 635
693 435
337 149
925 250
483 78
183 420
327 771
54 635
705 629
605 471
921 674
546 716
582 637
465 891
705 88
323 954
464 100
517 958
189 186
821 953
153 9
410 982
95 17
824 347
285 315
204 759
217 260
27 480
649 262
80 74
374 472
744 21
966 410
67 935
885 271
647 786
729 467
956 481
413 17
543 786
143 238
192 22
631 114
771 231
257 584
580 553
823 429
897 808
543 820
888 22
732 362
807 21
376 778
338 434
766 916
281 409
929 651
970 827
174 736
226 670
625 341
404 565
611 923
374 943
264 261
842 370
423 74
202 874
950 336
795 817
616 602
524 423
431 302
545 658
688 983
308 6
586 539
536 508
728 470
600 58
514 155
963 509
272 865
522 202
522 774
924 267
920 606
36 373
423 225
477 994
262 6
682 696
995 557
688 224
993 16
666 525
131 775
974 109
711 312
366 600
81 178
821 796
160 7
761 710
138 916
602 575
955 20
283 221
650 504
735 836
603 417
824 106
163 369
414 726
224 347
574 708
657 838
248 971
878 711
515 396
658 87
511 778
958 313
694 299
168 420
513 35
901 590
723 987
871 187
920 687
815 470
870 901
213 424
232 265
754 183
697 701
588 754
179 144
344 610
921 352
191 574
496 186
945 511
448 334
599 460
826 658
413 35
659 664
507 274
131 923
140 263
711 889
329 402
959 700
66 291
435 405
450 946
932 386
689 924
311 240
730 943
995 103
868 60
675 968
530 831
285 778
677 909
707 863
557 133
183 270
311 408
572 624
815 516
219 809
726 635
9 378
986 763
166 682
206 910
792 496
62 204
794 766
626 283
430 959
591 729
319 952
892 985
343 345
649 414
972 931
231 88
885 120
676 595
70 565
942 172
806 876
229 856
483 832
379 835
397 125
962 906
29 437
881 680
992 393
153 30
843 650
99 445
199 565
484 194
415 860
210 450
572 693
687 44
328 289
394 795
171 56
305 734
734 313
56 90
894 986
638 910
221 216
782 55
887 712
92 823
780 416
572 164
126 191
291 359
315 277
233 289
205 618
537 761
933 191
293 916
689 82
488 703
871 591
259 209
5 348
376 54
933 914
488 350
905 111
999 865
993 930
529 987
858 147
479 488
43 568
523 384
529 381
919 211
773 543
690 490
893 861
341 900
808 17
790 972
159 165
749 686
373 842
815 183
370 925
181 41
926 622
803 152
459 212
353 738
371 904
657 448
351 156
684 553
443 827
754 857
163 77
360 595
133 139
90 49
788 842
188 563
974 84
556 892
380 835
190 210
60 515
38 724
632 961
390 942
731 333
772 915
745 275
125 784
263 323
935 965
375 831
432 548
45 712
939 166
511 434
528 580
46 654
888 743
286 887
762 750
200 524
513 436
658 799
841 461
401 175
209 714
290 443
48 644
734 152
819 519
633 622
37 381
314 658
165 936
468 625
602 847
203 269
220 18
558 389
677 292
398 401
633 92
205 520
282 472
680 789
659 345
669 176
811 712
504 645
398 840
971 741
119 620
685 365
809 491
877 589
768 947
718 368
929 947
709 730
496 6
344 187
528 858
970 653
980 286
486 71
640 581
674 448
184 514
792 808
613 866
180 671
719 979
733 802
624 277
566 377
94 459
233 426
78 782
520 607
40 256
959 265
217 116
806 39
144 276
476 401
285 456
65 830
40 14
308 327
474 921
377 940
884 788
327 529
638 203
431 701
189 502
110 685
651 43
389 919
728 775
892 882
395 649
554 588
251 438
604 910
78 815
489 676
24 885
32 92
502 501
350 27
138 432
973 318
601 176
81 376
796 323
196 262
193 919
702 875
537 869
110 409
404 539
547 445
786 486
634 419
369 292
92 929
956 47
888 738
851 203
87 539
540 805
163 704
902 46
553 758
939 760
82 41
293 336
694 252
356 674
108 559
283 444
652 86
388 939
656 447
761 305
472 553
161 228
878 195
393 265
952 329
912 151
815 152
51 603
327 555
602 949
257 527
679 608
650 593
954 863
399 948
47 497
598 360
7 990
253 271
149 921
72 213
658 986
531 940
207 683
703 323
567 749
533 830
250 946
144 230
539 987
972 644
817 577
906 118
378 107
995 610
891 785
854 865
22 851
464 451
165 135
13 400
235 233
457 513
209 532
758 753
374 480
547 879
44 59
353 971
315 823
742 123
320 106
599 628
601 134
149 142
210 181
459 105
134 798
875 380
110 832
293 629
530 629
269 595
709 164
253 659
842 409
985 604
326 667
547 947
620 125
12 217
512 668
223 878
39 166
935 116
824 378
56 916
514 428
878 268
930 232
967 179
24 928
146 954
917 661
742 855
810 398
482 296
450 371
819 826
215 992
995 980
203 999
661 641
705 721
982 913
313 380
292 495
180 801
853 571
880 938
635 223
808 271
649 953
439 44
826 659
70 920
989 734
429 782
841 317
452 650
20 453
449 749
588 921
703 302
31 623
316 492
647 693
391 841
804 120
851 879
144 601
232 410
714 904
946 933
735 501
884 22
296 374
555 744
630 735
905 358
469 980
19 410
682 863
519 691
349 134
626 981
467 78
830 495
263 198
849 296
226 247
912 742
149 108
816 850
952 209
482 651
8 729
571 201
427 983
300 521
715 52
181 914
899 612
391 247
680 319
518 125
539 64
361 755
323 785
788 645
83 244
542 976
529 543
67 502
651 650
763 269
80 274
193 855
758 360
77 898
728 50
565 660
242 198
193 326
738 444
712 596
522 664
412 292
598 528
677 88
345 386
535 255
376 874
347 98
56 238
918 352
980 261
516 554
349 666
12 364
404 417
748 260
694 637
845 903
419 251
60 461
738 862
820 328
291 179
979 526
590 257
550 25
537 791
380 734
24 727
623 228
153 542
696 5
827 964
577 112
304 185
532 633
391 482
316 748
26 883
278 613
402 361
269 422
653 608
733 373
861 74
202 510
23 395
148 61
772 781
874 245
412 555
120 772
580 685
49 941
6 916
326 631
781 223
40 155
352 324
870 916
783 643
19 411
9 118
504 608
825 265
68 89
953 576
602 421
830 98
942 573
163 630
979 223
96 824
895 575
509 568
397 958
446 219
721 231
237 923
377 947
730 276
517 116
652 634
484 274
665 193
700 155
758 959
311 525
66 19
101 412
442 138
62 822
653 388
227 98
197 378
851 997
871 369
128 825
68 363
436 973
313 602
419 173
902 391
782 137
105 901
439 85
805 596
899 347
177 757
442 144
810 300
143 624
5 967
463 474
634 570
20 103
677 212
311 720
234 581
28 981
176 502
510 633
497 82
824 592
404 532
210 319
291 29
428 767
734 643
944 919
399 550
112 773
766 572
486 137
21 642
976 230
550 956
390 663
929 959
893 154
546 273
99 407
443 979
196 488
841 987
719 453
672 580
61 659
186 992
884 694
729 906
811 282
986 578
745 964
701 219
527 879
154 745
54 226
468 394
726 150
455 456
895 702
535 520
266 10
277 306
474 860
884 589
293 574
119 964
921 986
99 326
819 444
501 329
897 344
292 405
969 46
241 852
863 375
613 596
248 985
773 849
926 686
401 41
425 625
268 637
785 302
704 442
464 160
148 232
307 28
813 807
262 973
439 373
927 669
252 858
594 544
723 292
810 576
622 889
295 303
480 408
360 938
879 675
36 439
194 356
824 209
259 566
772 306
499 165
245 697
481 163
328 642
506 238
749 118
732 997
944 434
895 717
303 275
393 573
163 785
164 673
278 673
803 85
524 380
958 351
6 414
327 435
56 8
446 912
522 15
134 245
724 980
86 126
128 650
224 481
892 949
170 145
925 680
704 127
332 521
192 949
634 779
678 412
747 81
154 313
190 230
489 19
640 585
789 714
115 717
707 211
685 374
310 771
357 561
958 776
421 212
641 276
285 445
393 769
65 656
614 887
982 685
31 192
94 971
800 46
867 701
831 245
231 596
154 888
308 962
64 942
552 333
499 571
786 211
234 114
86 573
614 65
982 558
329 440
420 593
257 651
239 710
77 929
855 159
980 877
678 848
483 219
884 691
384 140
448 982
65 906
924 112
713 714
93 524
234 194
649 36
197 822
498 257
322 618
765 236
528 890
508 92
580 391
11 374
317 49
786 511
928 593
235 16
209 416
237 82
942 292
581 157
370 557
133 294
847 904
958 108
754 751
829 786
916 787
896 151
686 381
928 154
686 58
753 707
508 265
933 35
299 272
155 21
88 211
363 823
745 740
520 879
615 379
478 995
713 563
380 899
528 708
759 249
967 92
481 388
305 938
810 956
46 771
999 867
350 949
514 450
387 500
758 545
68 994
683 211
914 267
98 813
962 537
117 859
318 122
192 432
552 887
810 580
193 513
736 360
446 897
209 671
366 469
425 789
981 800
446 164
313 649
226 497
130 787
700 377
107 357
247 375
954 369
437 76
110 799
874 364
292 30
692 280
910 790
252 577
788 715
685 747
653 819
424 469
308 446
141 925
845 376
178 991
383 414
513 271
73 796
331 1
586 34
804 383
137 179
137 366
164 248
571 38
931 603
331 716
424 903
954 279
725 860
240 533
684 109
569 562
67 259
186 235
229 34
519 700
387 796
947 710
478 25
561 103
729 583
992 273
980 878
73 408
327 130
131 398
573 849
669 136
41 887
647 462
729 132
56 151
131 39
905 204
972 226
97 508
757 454
732 689
189 581
422 453
135 356
189 69
578 107
554 510
424 138
155 674
623 945
630 794
762 780
994 338
134 673
405 229
246 691
952 439
172 123
321 642
506 806
831 499
296 736
28 639
762 329
960 702
355 203
466 259
404 468
38 272
317 768
690 945
693 514
774 818
382 582
736 238
744 133
335 254
719 398
764 559
564 197
116 234
377 85
35 692
821 299
14 827
814 601
714 738
790 18
281 942
817 383
291 794
704 365
807 160
510 95
816 448
682 891
934 553
470 139
797 474
829 955
668 816
546 830
900 837
136 596
360 307
502 262
849 560
209 665
571 244
212 626
878 263
449 630
687 410
158 354
321 72
843 389
161 641
451 232
900 677
996 209
118 891
130 504
88 969
791 626
234 538
953 573
234 139
828 907
575 685
745 442
696 324
290 105
252 895
513 731
347 26
867 409
839 658
114 499
832 425
888 244
147 131
392 868
718 82
316 691
933 498
817 664
480 524
926 40
425 19
73 876
993 124
329 553
817 148
97 880
89 110
765 753
780 71
729 492
596 728
37 825
789 407
980 635
670 702
266 827
659 163
157 548
761 6
995 142
350 723
843 889
208 657
640 357
499 95
836 952
63 840
211 942
476 443
974 191
699 227
317 692
66 588
192 871
611 122
220 170
75 652
431 366
507 661
607 916
30 438
988 695
505 179
345 631
464 669
108 830
629 553
726 597
289 802
501 909
55 204
829 140
194 611
490 858
456 560
383 728
559 388
217 365
800 982
838 622
121 593
459 244
898 777
895 304
861 752
857 756
143 812
353 571
922 675
409 412
23 32
239 457
359 436
989 186
869 102
93 358
705 69
778 349
895 310
57 488
646 245
871 319
158 63
493 459
268 23
837 182
374 119
998 593
895 551
954 553
124 881
259 644
489 546
545 475
553 989
817 74
566 794
416 655
160 849
118 719
446 969
802 766
726 546
455 468
804 66
182 974
682 117
257 226
109 438
930 311
56 384
870 116
57 614
26 367
270 808
183 506
965 370
944 870
525 811
354 572
775 254
529 790
117 750
970 690
40 909
910 224
527 441
512 329
629 497
90 789
776 331
655 276
959 213
792 50
201 904
152 463
767 468
169 567
734 803
141 148
302 608
872 337
18 407
156 328
457 342
629 67
852 594
744 504
174 799
746 486
483 402
65 806
470 358
396 682
608 800
853 32
360 482
316 449
765 993
638 22
82 48
454 469
604 82
714 284
653 12
939 233
217 601
992 838
488 970
413 411
177 367
433 330
254 114
268 69
567 523
161 909
235 401
502 987
297 422
713 560
718 61
415 636
777 224
130 583
874 843
320 706
572 213
687 260
148 567
430 711
269 605
318 161
314 185
883 387
367 857
472 937
449 888
667 251
852 947
973 555
125 718
868 992
313 465
220 903
374 504
890 117
777 56
114 903
500 80
840 455
582 298
955 732
921 217
147 471
563 589
427 291
619 272
246 767
793 711
929 265
988 615
808 89
900 57
101 392
238 155
248 487
984 390
844 711
413 898
255 160
451 901
550 771
709 281
592 826
147 326
171 969
695 528
683 497
33 850
937 409
964 387
571 77
813 503
41 24
263 584
465 907
844 471
420 107
69 690
345 53
559 293
532 418
733 883
518 443
569 422
31 155
351 558
922 147
579 409
474 270
17 157
180 357
858 775
33 304
62 110
287 210
302 814
227 844
340 303
317 989
213 66
88 22
906 100
747 376
199 77
392 620
243 509
460 14
395 204
128 491
49 52
179 864
592 566
344 458
294 718
662 338
764 573
151 656
805 794
875 874
488 677
263 756
216 117
321 735
83 404
746 501
573 885
61 364
778 449
157 392
514 320
719 396
680 933
641 770
801 12
863 15
516 814
401 774
705 421
914 684
151 821
451 240
141 931
365 443
466 328
1 390
293 243
816 608
467 526
77 774
341 842
24 265
673 261
473 360
987 340
688 274
554 47
575 643
401 472
791 615
196 714
231 962
472 799
19 355
770 11
647 797
405 789
953 435
721 491
217 384
544 473
890 438
996 341
936 781
596 136
785 431
920 378
4 624
281 366
921 849
300 555
328 636
106 109
740 835
29 251
746 336
599 248
771 159
454 564
378 349
505 488
954 514
368 495
304 732
753 549
400 746
715 835
548 342
225 341
277 643
5 615
572 931
579 609
557 743
736 573
926 574
420 35
732 146
770 279
180 770
967 394
370 362
1 841
860 860
393 365
18 153
80 942
941 112
189 857
779 789
328 653
288 225
781 799
873 190
908 388
863 585
121 51
276 448
910 235
534 339
140 693
838 741
888 88
176 804
718 986
909 980
874 257
864 936
47 185
17 572
926 161
886 402
405 99
422 67
916 956
267 147
462 124
45 581
567 466
484 644
33 735
188 552
395 510
471 951
195 653
332 675
855 948
434 932
699 975
751 616
639 924
653 479
315 202
745 278
902 927
330 596
481 288
534 255
763 763
867 746
816 118
665 650
317 114
587 481
615 339
419 644
851 661
772 526
460 469
879 786
774 826
83 284
563 266
574 106
244 990
938 489
916 2
413 189
901 771
963 607
173 337
239 878
711 954
722 990
104 983
524 526
938 770
77 17
252 828
723 119
917 429
209 213
491 929
581 89
809 266
495 275
98 246
874 683
513 638
680 206
900 563
270 62
827 408
502 243
416 585
359 348
447 918
237 590
390 923
744 964
470 820
807 899
736 166
18 126
405 954
830 534
617 500
122 338
972 946
646 423
184 682
152 835
986 504
225 978
508 205
567 647
424 604
961 602
171 581
161 308
734 749
340 613
881 193
248 363
745 410
951 126
742 949
611 599
69 148
29 74
675 534
990 685
317 532
420 241
615 564
380 385
94 902
355 83
92 810
184 641
201 952
294 533
110 934
407 99
633 939
107 205
553 105
807 198
489 962
74 310
53 773
691 577
925 259
80 95
737 307
356 586
462 538
824 671
946 966
861 814
508 866
429 522
959 680
240 365
546 974
598 816
771 1
822 820
816 177
905 538
893 719
633 75
926 237
475 579
414 864
69 862
940 703
429 441
807 108
266 34
223 661
457 80
988 102
529 369
809 546
382 704
683 972
893 228
830 303
532 912
376 618
435 380
751 640
965 990
323 57
757 255
324 382
295 192
725 483
32 879
241 875
317 290
526 394
430 267
239 735
205 605
132 459
481 564
758 168
288 502
761 852
279 934
799 202
266 887
894 918
653 653
331 52
131 687
267 423
689 637
227 406
587 322
502 902
711 873
491 550
494 950
623 933
594 35
482 199
329 477
792 963
294 555
778 33
36 671
271 284
498 920
298 299
532 170
934 148
167 747
711 239
409 84
771 500
293 800
642 79
158 214
364 975
390 516
409 577
223 638
516 904
918 561
508 224
150 402
580 686
387 570
24 32
75 832
861 140
965 941
263 524
59 301
60 292
932 331
95 841
720 736
658 148
186 1
935 310
613 359
399 315
68 559
824 480
490 496
88 658
175 781
317 268
209 664
77 639
454 710
596 804
280 729
179 436
277 907
243 855
59 496
16 360
787 268
968 246
871 574
868 84
33 99
955 36
291 290
395 943
499 611
742 447
850 967
375 258
790 430
277 474
360 886
642 303
826 420
590 652
753 677
862 397
244 981
369 932
736 868
934 228
733 565
806 478
851 794
914 774
475 382
274 69
961 100
672 259
135 246
317 943
806 219
940 289
394 611
467 921
492 27
696 363
743 648
733 266
677 486
211 166
296 699
101 903
932 180
609 798
874 539
330 182
497 535
290 517
161 400
725 58
699 493
546 75
444 266
312 683
698 674
225 328
872 746
749 215
684 644
722 189
699 107
646 203
875 171
371 484
158 399
277 199
364 540
390 958
900 466
410 80
652 191
875 292
145 166
895 459
847 651
115 433
508 477
567 70
331 525
294 887
523 643
42 858
47 76
977 50
345 138
269 399
771 259
592 368
194 410
782 10
881 154
633 728
740 535
269 879
255 907
184 633
168 155
381 958
107 950
18 494
933 945
927 222
445 394
137 83
408 9
708 726
8 268
364 164
275 54
260 544
805 388
704 246
611 327
172 885
42 703
385 207
571 588
827 796
883 226
823 413
679 788
701 664
62 980
571 986
336 391
617 993
74 566
423 836
924 484
341 12
638 975
271 66
799 138
17 812
735 280
416 342
419 200
522 470
762 37
252 21
151 344
522 262
194 530
239 961
667 806
368 579
224 259
512 595
92 999
120 795
782 929
581 562
970 28
464 953
204 82
985 446
953 565
63 825
720 913
162 222
838 978
941 85
191 603
938 493
91 312
823 258
44 52
560 36
534 527
485 972
852 514
936 152
140 776
76 964
817 37
345 486
758 511
359 54
727 196
684 680
624 606
731 333
289 941
520 967
460 778
265 93
64 889
308 983
409 805
857 272
895 107
126 363
361 470
584 994
460 237
231 538
596 806
213 811
411 97
465 625
124 913
900 235
311 351
915 855
456 786
930 910
782 673
948 665
754 394
155 33
113 743
385 448
67 626
47 234
641 667
469 663
158 247
790 546
352 206
154 920
900 359
180 318
821 852
239 291
71 223
890 268
142 63
856 239
966 769
328 364
385 915
395 826
465 863
673 448
941 891
379 493
174 612
147 443
432 830
228 72
688 75
127 247
291 644
290 445
796 138
325 983
914 846
333 526
554 952
116 340
193 273
484 75
902 646
318 155
727 48
810 623
564 419
951 310
539 903
571 391
443 388
409 834
986 755
780 898
848 116
121 969
890 875
382 285
156 539
706 571
716 580
963 847
884 400
700 118
741 111
154 233
365 89
808 703
811 290
7 274
342 393
446 786
474 382
370 571
467 16
773 75
301 736
157 242
439 897
35 647
77 881
703 458
311 503
959 191
583 418
149 877
463 538
359 641
8 399
393 742
580 166
675 110
268 785
812 742
257 265
462 713
34 982
235 820
607 6
180 337
50 659
34 213
930 241
855 649
20 572
650 757
644 265
338 487
185 440
319 906
996 971
410 652
475 535
93 475
848 959
336 805
781 5
567 89
914 397
344 856
962 459
629 775
73 10
748 287
125 57
549 738
408 817
412 876
654 564
440 335
257 24
450 877
566 248
829 759
752 404
449 68
851 343
305 15
283 855
561 362
846 578
151 91
943 317
382 46
747 893
628 426
124 368
255 965
2 185
640 471
885 850
949 581
765 93
569 403
88 501
451 854
136 57
982 452
476 91
704 978
293 350
718 881
560 205
40 420
964 515
527 512
358 624
907 149
992 473
441 18
399 850
258 544
957 954
976 200
899 124
568 533
408 536
917 485
88 857
990 58
823 478
347 395
947 480
854 571
989 210
213 332
841 881
476 183
33 554
953 854
905 838
710 232
535 543
99 17
134 449
511 782
966 920
589 405
4 445
974 25
676 759
311 156
214 757
742 219
754 239
957 4
586 966
526 741
664 41
595 258
973 615
941 539
160 638
463 362
80 906
755 906
346 93
116 620
466 203
910 641
986 924
196 621
186 342
191 947
444 59
95 456
204 712
689 242
724 261
251 31
879 635
46 351
944 89
780 13
708 550
350 288
517 55
752 4
156 165
777 197
242 48
465 698
943 452
750 161
188 340
670 43
973 448
879 348
928 403
134 424
155 369
680 812
943 931
845 252
805 745
608 343
529 907
825 381
288 392
794 280
477 564
693 601
844 674
486 890
777 181
18 977
568 580
422 499
126 213
62 840
752 669
511 150
305 840
50 493
73 841
721 922
532 891
352 794
324 386
726 918
404 62
634 850
347 300
625 242
93 238
490 317
734 917
350 85
322 443
762 14
140 531
245 871
187 119
192 752
643 995
799 27
529 362
297 500
21 115
588 260
294 139
738 507
265 557
11 513
4 627
102 834
452 289
675 881
537 37
712 343
24 558
246 636
311 102
461 55
736 685
985 705
486 979
255 655
796 42
327 737
368 151
92 405
574 886
871 353
900 148
580 845
973 371
602 697
669 459
132 449
762 708
828 521
23 668
608 916
781 645
640 467
133 104
499 96
391 540
267 537
749 607
976 782
408 683
367 902
130 209
793 820
537 227
530 399
682 891
610 86
38 458
209 688
860 64
748 680
54 299
739 210
490 281
327 634
205 500
352 53
800 52
990 142
89 958
330 686
469 899
668 846
783 430
115 461
712 750
932 240
650 326
609 254
446 502
761 263
180 816
482 137
526 694
566 979
857 108
327 32
441 855
578 468
193 98
370 700
360 955
472 642
354 61
783 886
811 233
387 230
421 296
123 975
693 942
649 683
611 557
515 121
277 63
62 30
82 491
507 956
624 615
327 619
980 476
612 748
857 867
463 592
737 32
501 157
73 49
601 443
637 315
307 710
557 501
244 841
846 38
515 165
270 677
679 774
815 46
506 60
183 968
710 295
783 287
103 148
530 247
363 617
325 523
299 545
308 851
422 848
295 545
887 309
360 714
962 911
523 327
497 717
68 164
711 422
330 819
643 434
157 744
837 697
931 527
884 95
654 969
765 133
115 493
763 715
32 11
132 895
279 49
288 796
499 304
311 521
250 285
191 120
3 408
479 290
735 287
547 395
363 32
960 391
466 817
933 574
607 501
717 242
772 36
888 26
32 171
642 64
774 605
166 663
396 531
718 586
140 273
549 12
342 968
79 134
493 133
51 444
809 469
144 172
168 334
171 859
794 585
197 170
163 491
104 373
398 595
824 765
88 538
996 105
720 143
456 891
368 456
695 244
605 129
810 15
256 482
447 751
277 336
898 887
948 877
913 928
400 569
926 353
314 33
579 713
418 963
409 80
566 739
163 418
610 991
182 592
357 923
24 364
907 359
541 445
27 709
570 260
420 373
570 650
993 801
771 56
511 337
79 406
680 809
804 392
166 87
477 15
283 166
122 748
604 320
31 832
115 831
591 870
777 965
330 552
805 937
65 784
961 477
796 586
418 908
861 723
937 970
787 100
211 414
230 729
862 614
263 568
471 956
86 89
619 719
124 573
331 700
461 262
470 587
182 592
336 544
818 475
827 45
97 278
975 510
547 581
888 512
357 159
954 762
340 893
121 865
658 454
587 369
138 506
654 403
27 931
72 673
71 961
224 482
605 871
323 809
912 199
616 309
454 147
775 500
934 120
988 147
922 492
264 478
506 716
198 577
999 428
582 699
346 297
951 571
243 556
799 550
32 584
334 656
92 738
744 212
726 547
761 44
194 372
333 390
910 155
51 21
741 60
263 282
637 220
300 208
110 564
800 794
879 880
379 201
725 618
540 643
261 970
988 723
979 589
811 4
611 360
933 898
478 844
369 18
907 796
120 165
161 824
131 786
643 277
651 571
735 649
718 726
890 972
968 93
538 323
854 493
642 409
847 840
820 894
833 705
659 49
485 694
229 559
264 220
371 795
928 187
556 215
479 946
277 80
249 973
817 25
550 947
175 394
996 676
175 914
97 532
827 252
101 443
494 806
637 982
361 713
808 777
901 931
790 159
227 537
325 55
838 46
539 610
69 315
204 63
952 138
736 323
434 409
935 414
716 626
477 428
271 187
919 418
864 53
240 599
813 141
663 413
691 668
733 578
314 422
547 401
400 82
992 491
270 567
348 438
731 264
636 835
786 892
490 778
230 190
17 477
604 850
52 499
506 312
904 850
74 990
917 435
986 361
870 910
356 755
158 920
88 893
752 676
937 178
136 639
18 531
185 474
892 944
350 874
649 335
208 922
657 926
981 579
49 475
79 642
169 152
949 433
830 191
883 314
696 546
491 241
387 557
528 890
971 590
705 224
120 403
706 273
294 824
607 130
549 976
244 991
673 557
389 593
754 350
991 560
683 5
199 381
122 374
588 552
448 191
506 588
352 393
980 252
588 263
461 278
857 367
17 988
416 996
202 582
523 475
562 29
226 399
385 294
339 21
773 88
61 899
77 911
995 143
157 691
380 679
958 174
103 523
776 561
393 582
484 697
820 160
190 713
71 979
326 842
910 464
310 627
327 867
446 230
781 648
745 818
448 419
185 664
932 54
51 661
26 915
491 648
626 752
883 671
539 723
109 662
374 780
812 954
269 806
598 759
746 200
581 871
794 113
980 95
473 208
256 49
995 961
638 574
733 165
380 457
111 142
497 373
681 17
16 651
848 109
518 865
319 69
170 72
977 391
279 529
394 582
333 147
559 651
230 79
894 657
462 966
481 581
88 844
678 811
124 601
674 579
199 23
723 363
408 857
980 756
255 856
698 449
393 803
280 8
962 474
575 124
71 756
570 616
862 350
469 900
60 817
166 737
150 967
926 316
320 143
320 732
172 933
873 77
437 395
698 836
136 929
962 562
971 112
686 635
20 387
925 775
474 267
525 968
874 467
964 495
606 77
805 234
316 173
889 563
688 214
112 503
201 325
266 735
123 203
828 512
782 720
790 854
155 359
387 697
128 834
432 627
267 328
191 352
978 721
565 829
345 740
620 339
367 389
2 14
295 633
104 42
992 454
947 659
51 944
974 222
419 82
420 314
52 812
776 151
822 358
803 105
197 549
259 255
816 876
360 475
284 476
724 151
192 462
307 45
422 80
582 452
493 322
143 842
914 262
146 332
994 834
245 192
524 329
976 526
987 322
992 300
339 556
844 272
662 580
737 543
257 627
65 753
