7500 3000
29 44
272 793
624 805
619 683
282 314
583 339
739 543
526 355
736 364
498 525
676 575
379 981
792 708
316 869
520 25
856 553
298 521
410 759
640 682
848 596
287 884
248 648
220 267
71 949
496 838
342 756
637 310
201 653
645 565
99 965
2 92
83 181
821 589
240 562
13 227
899 329
968 826
269 637
131 764
53 131
685 837
643 951
307 232
756 337
274 731
232 772
537 193
904 369
19 54
554 535
891 645
771 361
683 275
921 614
972 349
316 86
494 997
827 419
129 474
437 802
221 687
606 67
535 478
149 461
597 647
623 314
541 28
112 2
567 379
276 133
726 958
219 698
736 992
497 927
925 429
468 677
690 568
268 86
98 204
746 418
171 225
950 203
445 761
543 428
663 318
46 504
843 957
800 11
224 963
617 385
232 405
692 338
712 602
273 537
126 472
546 324
96 990
13 541
181 636
58 560
351 411
67 98
980 129
396 259
944 723
103 292
939 821
675 655
870 49
162 885
524 874
503 901
625 715
450 628
303 20
812 43
632 172
706 428
855 565
829 165
450 781
661 556
941 955
794 538
862 330
274 327
695 49
637 11
964 499
855 286
727 420
203 224
993 586
961 657
607 583
225 365
233 365
898 204
67 525
640 416
834 957
724 446
904 576
601 645
311 324
194 441
793 294
41 220
636 148
461 831
447 673
336 467
412 490
971 28
871 330
284 33
272 487
37 591
785 654
695 403
123 889
50 927
153 153
899 456
288 518
901 159
590 239
179 755
570 815
818 811
691 717
925 863
146 443
974 85
560 936
749 93
286 485
934 820
438 909
913 744
814 715
846 295
806 315
158 972
803 636
914 631
497 455
178 280
82 222
887 429
826 232
568 703
598 996
561 610
802 664
130 505
451 601
624 441
8 687
491 983
373 790
710 574
267 532
866 978
425 731
435 433
168 778
740 604
822 406
332 232
408 293
580 172
767 575
936 35
606 420
176 756
887 504
285 255
962 593
693 282
842 979
330 288
437 123
296 221
897 311
332 517
254 167
288 730
334 751
137 54
414 456
285 551
958 783
294 477
599 345
974 431
697 400
142 847
892 122
979 764
118 646
34 325
829 946
108 169
504 99
361 246
986 23
665 760
178 704
886 506
305 721
452 781
221 527
480 133
901 431
939 203
126 481
961 980
969 679
483 493
216 706
145 339
510 791
942 532
297 312
842 983
574 496
221 979
587 444
782 767
312 74
518 813
963 283
872 340
161 310
36 753
840 309
662 38
975 683
563 714
625 962
645 332
36 695
489 465
541 497
671 621
267 812
344 942
53 998
291 733
555 321
181 386
162 864
326 407
950 460
242 342
55 322
810 825
559 266
569 623
128 296
434 8
868 190
236 142
714 799
458 3
929 571
663 4
383 348
20 907
539 200
199 126
507 610
516 123
438 372
203 275
718 688
585 476
914 139
362 287
800 913
682 481
247 67
356 352
328 868
259 111
331 166
715 757
928 440
633 891
845 739
274 30
655 179
839 79
60 959
618 821
980 766
137 688
183 596
600 95
859 55
522 968
528 237
752 547
60 525
398 744
175 868
159 158
619 398
706 754
417 433
480 914
176 464
100 957
948 975
758 118
778 956
200 554
220 331
299 256
38 725
710 876
524 182
643 489
172 679
542 581
152 754
888 609
878 499
605 497
184 643
920 93
546 914
244 408
112 229
776 858
233 447
242 734
166 131
672 142
533 408
87 718
111 162
647 396
376 196
913 625
894 759
68 645
231 820
117 787
421 145
135 989
56 704
49 73
117 288
105 329
851 927
880 209
705 800
740 542
782 65
960 316
135 792
174 600
197 188
246 680
314 302
366 232
162 330
387 234
804 696
779 384
767 965
735 314
606 709
81 111
126 5
776 485
735 295
104 407
724 997
734 310
647 937
56 773
667 702
752 81
419 979
63 420
436 412
948 712
655 138
83 871
941 471
732 334
120 940
295 99
242 313
353 984
575 281
617 118
884 566
366 493
650 339
927 127
495 564
687 357
816 602
697 896
427 737
270 495
465 875
699 868
378 955
556 712
662 141
437 277
39 265
279 532
766 258
58 983
148 22
97 134
608 228
743 767
806 71
238 687
707 483
444 563
849 440
229 294
879 41
270 753
822 981
153 842
473 602
496 123
157 685
660 665
398 259
861 482
520 748
134 647
760 203
951 496
572 315
944 554
797 153
977 621
265 894
258 153
194 976
341 529
387 882
107 2
155 63
590 265
243 496
183 122
107 876
912 285
103 378
506 907
100 207
692 571
305 404
207 825
571 271
792 692
456 997
732 201
454 86
203 337
345 131
645 258
501 36
538 67
498 850
575 225
215 529
904 132
660 264
110 34
740 498
257 94
998 875
853 861
439 436
195 600
306 136
929 802
923 427
697 479
745 763
234 544
927 507
796 141
558 438
491 199
810 253
907 691
149 985
597 519
338 533
975 672
575 593
1 212
342 259
813 159
207 385
671 980
864 475
834 631
564 596
478 177
266 815
470 620
175 688
893 114
980 944
173 32
210 482
198 574
108 143
875 699
659 477
679 663
767 218
345 520
497 121
734 535
89 807
686 424
941 535
146 697
454 892
98 158
853 694
163 21
469 944
34 960
370 246
290 507
229 714
936 922
50 646
249 675
86 671
656 102
693 675
280 722
138 161
443 351
922 133
590 245
576 538
241 738
759 254
48 786
270 709
688 628
542 409
174 595
766 327
529 350
59 403
26 803
771 143
661 422
482 452
674 152
702 588
514 744
835 337
326 579
353 424
889 622
506 15
436 103
631 445
490 838
779 481
939 277
793 901
396 668
979 544
201 350
701 910
420 706
175 964
345 453
86 867
895 348
650 169
575 227
328 146
345 11
508 68
177 341
212 53
277 60
317 340
846 750
74 524
411 593
286 637
295 861
27 307
663 808
425 923
875 749
459 813
306 295
221 50
135 225
922 52
596 850
161 49
268 544
788 796
360 778
532 485
982 890
252 243
987 207
475 414
482 592
811 63
929 926
238 491
573 103
681 555
816 86
161 229
717 883
316 886
661 217
634 810
590 216
844 868
176 325
596 764
612 62
292 328
797 267
201 451
720 234
247 578
290 210
657 977
305 143
785 274
143 738
747 737
126 454
12 502
723 629
393 967
456 360
232 791
770 514
553 989
41 248
876 871
428 213
591 262
869 520
461 626
932 514
986 243
394 649
707 520
718 988
322 531
452 727
936 19
660 365
192 701
730 944
414 917
3 994
469 564
891 811
882 120
234 689
261 967
909 573
438 271
886 89
627 680
735 282
374 204
411 280
206 876
807 116
268 763
901 835
628 249
845 169
453 687
162 361
650 637
355 147
685 402
797 403
340 370
795 886
243 247
553 772
603 25
679 583
472 846
637 959
715 386
920 878
745 953
711 437
388 982
278 412
376 697
736 887
736 824
503 126
173 979
709 905
567 786
129 351
665 188
523 485
939 429
529 545
235 181
510 293
73 778
721 549
418 484
257 813
609 938
133 810
11 535
525 355
737 311
400 626
855 70
535 774
565 20
304 24
313 862
200 708
584 143
592 609
613 67
319 578
790 651
865 778
371 35
630 809
217 232
187 764
505 428
328 314
973 621
955 443
623 268
147 973
398 251
764 846
536 257
538 382
949 727
77 913
737 180
879 176
799 911
229 322
970 391
390 619
939 895
725 850
323 681
887 458
164 197
879 612
910 582
625 577
292 129
353 730
564 190
123 411
845 371
862 277
120 581
590 645
571 981
798 675
656 855
227 355
63 270
108 573
406 317
62 523
691 575
306 468
848 770
575 94
229 822
28 843
719 663
793 530
965 588
579 661
824 270
999 402
903 24
427 546
537 229
572 446
278 505
740 763
3 966
567 756
780 863
936 806
556 66
193 586
658 850
658 192
259 460
876 414
977 928
134 769
440 154
661 283
809 643
211 757
750 184
210 511
686 459
453 483
178 127
527 371
605 724
390 865
705 298
545 472
112 97
542 674
338 322
717 192
246 418
464 525
581 868
709 914
300 957
385 988
742 939
196 406
208 94
447 557
142 404
518 280
861 899
791 224
913 723
64 919
224 948
470 83
611 906
811 631
131 289
126 602
142 675
37 555
911 291
982 596
904 860
116 63
80 157
290 421
806 404
985 665
297 458
335 912
430 918
138 567
172 378
998 155
530 510
606 130
410 138
754 700
843 220
259 201
680 858
444 17
736 102
464 364
357 913
10 831
781 248
751 175
429 268
341 495
185 87
360 698
557 818
568 180
1 327
290 639
632 955
459 85
417 373
676 246
644 457
938 74
814 515
348 445
414 558
283 320
129 88
438 192
628 313
357 374
800 266
818 882
303 872
605 835
451 741
616 430
866 161
967 877
856 483
625 315
497 927
759 506
684 326
76 741
769 811
570 237
455 502
13 870
159 787
508 439
200 370
975 766
809 386
607 341
592 174
116 741
90 403
233 571
147 270
819 606
514 765
821 115
2 274
22 570
705 113
762 339
509 596
509 241
31 339
759 358
561 698
290 312
934 413
412 824
246 997
570 597
834 33
836 742
467 934
358 707
914 269
783 249
225 152
257 349
494 690
312 472
963 275
116 196
414 634
624 518
374 985
236 254
557 669
953 394
310 406
293 407
536 661
418 503
684 406
288 532
533 327
412 159
112 876
387 943
990 543
967 975
478 865
778 136
988 600
319 139
896 198
64 46
781 853
890 847
616 348
522 562
539 49
785 359
121 365
74 486
150 856
583 761
546 29
780 190
292 697
83 865
885 188
5 762
598 844
254 95
737 167
240 450
187 549
328 464
978 819
899 928
94 71
541 136
331 689
357 627
165 719
172 213
539 173
789 663
134 742
408 760
664 294
553 534
103 669
969 67
113 64
17 221
340 555
691 64
849 418
967 288
135 212
393 732
442 498
311 472
972 602
785 809
370 360
357 695
821 848
156 512
490 939
940 788
316 112
86 869
746 964
406 277
668 764
46 106
240 10
673 483
44 817
597 609
913 992
933 431
902 191
723 575
973 255
11 601
482 934
534 265
881 397
321 14
907 291
926 117
959 922
532 544
344 812
19 380
227 142
71 640
830 467
577 716
7 441
361 856
310 879
38 847
897 559
577 768
62 749
647 522
796 174
891 94
980 777
31 121
97 390
312 119
276 604
416 171
435 941
524 818
461 430
190 390
72 987
661 437
479 516
665 730
707 815
469 946
230 254
634 612
593 684
462 777
240 913
440 718
627 638
318 119
570 46
353 793
43 64
635 367
334 434
268 230
361 789
701 627
95 341
149 336
809 964
96 122
666 723
504 388
23 939
239 707
806 369
701 720
973 83
798 43
801 295
194 393
317 900
268 130
528 90
57 196
57 707
708 421
209 841
829 602
328 782
806 329
566 566
205 360
88 679
437 613
550 61
300 421
653 565
419 295
310 993
808 999
175 747
673 135
407 395
887 786
856 23
604 175
703 935
226 837
471 573
556 441
126 744
54 472
629 44
219 69
126 596
922 933
422 332
4 604
956 949
961 499
973 743
330 644
557 1
429 955
828 769
575 997
453 847
210 135
289 932
223 632
681 70
623 979
144 942
319 14
271 464
513 405
279 8
251 440
543 86
81 211
864 333
710 107
846 591
74 745
115 511
307 162
443 19
745 192
643 338
614 611
103 185
70 486
900 24
589 732
264 162
298 851
522 955
293 467
905 521
11 142
662 767
850 242
339 330
663 558
551 889
991 999
658 761
61 280
388 285
581 155
135 169
956 527
140 875
258 73
845 844
125 48
293 366
250 228
611 134
533 718
502 259
704 730
396 780
169 885
820 543
113 720
126 706
656 342
675 511
450 163
752 472
898 977
398 860
930 574
379 330
83 656
610 581
190 341
677 576
461 521
973 838
617 593
205 526
79 999
461 931
759 749
940 182
304 425
477 579
280 63
981 604
683 243
874 967
883 843
281 301
927 203
64 407
805 105
645 945
131 814
328 51
464 370
878 623
903 182
96 124
822 264
384 598
947 461
533 235
439 62
989 169
960 79
524 457
732 372
323 608
306 262
639 453
507 85
848 389
223 107
885 295
897 299
926 464
976 13
654 563
189 578
527 767
145 364
450 814
412 63
832 186
517 223
165 969
877 458
607 694
962 458
469 737
200 137
230 599
132 227
613 601
823 375
5 163
463 736
584 301
354 952
722 354
549 287
153 872
561 322
28 157
657 924
94 389
605 619
842 536
532 285
120 764
245 679
90 902
785 80
488 521
153 350
784 969
364 118
306 872
949 747
823 241
961 960
387 675
420 592
157 753
885 230
130 937
277 163
442 313
808 193
165 118
396 262
942 775
390 540
407 742
963 798
790 536
461 17
199 489
999 381
375 389
16 66
971 331
107 462
838 586
794 365
646 86
786 289
20 666
582 432
204 865
667 794
696 309
394 657
524 148
150 356
818 892
855 756
486 167
383 353
197 785
849 978
807 314
173 667
719 126
144 258
971 904
662 741
601 812
880 778
910 990
874 415
238 523
160 33
899 333
755 221
71 171
448 883
493 738
261 89
462 406
80 356
62 155
230 878
117 302
741 834
26 378
698 707
438 776
259 234
498 829
396 322
230 322
159 824
286 21
981 582
898 704
676 317
757 925
153 321
757 961
372 509
547 534
76 205
966 415
636 450
436 483
931 757
329 887
67 493
807 354
267 301
78 334
396 739
210 574
102 235
347 1
680 543
357 169
332 11
574 416
224 5
255 93
298 822
337 929
423 28
245 137
779 955
994 690
602 279
170 926
998 373
897 185
134 689
492 481
512 793
659 492
677 165
291 397
327 340
586 127
823 266
604 986
949 778
966 727
392 319
62 539
682 235
955 944
809 486
819 494
648 864
998 461
881 916
935 496
768 21
173 44
375 962
125 588
250 302
945 47
447 543
293 160
714 538
790 236
815 533
644 721
858 140
796 449
835 120
273 338
454 533
625 821
473 746
796 635
457 163
268 188
646 232
912 262
245 804
629 539
67 635
853 925
457 880
650 986
964 56
823 535
597 162
791 333
649 277
395 329
860 760
316 53
943 884
239 265
458 824
749 712
454 798
231 418
687 621
443 908
466 883
425 887
804 78
252 853
229 834
586 569
473 301
336 880
533 772
722 739
430 778
570 161
357 829
1 747
735 855
384 66
974 191
488 988
417 163
463 247
458 759
467 77
143 965
121 393
34 990
587 351
363 859
409 178
955 825
711 168
428 680
568 998
100 715
675 294
787 267
656 377
722 341
512 439
62 57
67 858
66 897
975 452
812 16
157 798
492 805
703 795
330 88
91 914
49 498
473 549
781 602
365 266
410 397
163 879
457 967
669 948
10 178
275 517
423 996
477 285
284 654
510 592
639 153
449 26
539 519
827 726
390 417
523 873
505 807
426 113
746 951
528 529
442 266
676 109
736 722
779 98
209 848
227 700
228 394
124 465
807 373
126 286
514 735
546 354
581 269
563 987
251 105
576 797
78 511
234 273
487 258
72 682
141 136
1 543
370 491
424 536
786 992
360 434
653 357
303 877
208 340
951 522
912 457
132 135
936 878
421 294
18 347
843 147
452 716
96 611
575 108
538 991
205 923
744 335
662 529
74 825
36 456
8 365
231 19
816 738
660 935
834 319
64 465
763 102
431 277
196 720
989 438
551 643
361 133
817 263
58 21
562 115
75 523
639 601
360 686
939 38
460 978
694 489
637 158
416 18
513 776
89 63
806 961
826 447
107 847
625 714
569 208
149 745
229 66
355 74
54 352
184 494
25 165
478 614
304 573
525 947
37 910
204 722
681 608
180 783
439 116
77 79
443 597
625 667
216 512
534 740
965 844
295 35
552 270
634 242
1 600
202 510
882 160
800 808
810 32
793 912
238 293
863 297
532 29
122 719
713 780
280 966
84 543
226 27
146 287
107 121
845 257
975 169
832 763
893 42
96 666
154 746
449 193
12 309
365 919
97 321
964 862
185 245
407 432
648 701
93 546
793 565
302 472
251 901
953 89
558 527
558 856
998 441
341 673
511 924
480 854
272 570
162 628
544 559
250 896
213 888
634 839
667 544
494 796
821 48
244 674
724 141
214 425
708 742
272 490
734 804
101 746
149 313
593 260
375 247
585 555
948 814
163 386
679 795
142 174
411 33
310 242
100 272
600 172
997 366
858 499
193 617
379 472
323 774
317 444
981 389
358 909
116 472
588 314
288 468
146 566
685 898
829 353
231 876
247 356
315 531
630 841
687 867
606 663
731 941
106 906
886 885
327 41
603 180
598 433
876 878
88 698
211 920
34 180
887 461
169 758
508 289
983 130
692 323
772 830
692 729
54 619
623 552
830 151
981 399
123 637
149 256
480 278
581 973
671 651
826 155
584 319
190 786
230 163
22 119
9 982
940 876
996 277
464 441
875 621
279 426
611 668
999 252
677 837
948 342
786 838
301 864
948 610
434 358
504 94
4 723
571 479
607 66
50 563
128 113
230 634
13 740
722 612
401 511
769 941
982 360
300 886
823 674
826 171
220 990
592 150
731 720
501 539
686 112
295 572
182 818
692 968
419 486
881 566
870 119
11 295
419 803
43 208
357 106
216 758
130 268
133 258
566 241
835 837
462 779
270 741
205 309
497 374
631 118
506 7
87 23
951 487
857 707
796 977
252 658
339 283
818 613
933 160
497 848
735 518
478 83
334 204
226 745
907 794
571 923
101 191
574 517
403 989
613 47
996 351
944 851
805 76
714 261
508 43
956 25
484 392
988 801
574 176
309 438
515 595
234 177
916 351
407 1
66 886
139 935
257 295
545 278
749 330
140 102
76 985
152 736
110 159
167 433
94 648
127 396
28 797
219 165
76 46
722 371
112 437
136 954
752 767
2 501
513 746
99 445
714 576
818 810
543 239
712 351
962 690
430 806
517 699
424 74
809 745
294 226
985 204
575 670
843 204
750 610
794 286
733 15
392 839
396 165
435 490
694 882
357 49
868 805
112 676
140 609
660 490
813 260
811 311
627 582
441 459
305 34
555 907
823 712
158 567
462 767
725 712
558 519
372 726
105 923
939 714
106 760
792 849
244 163
907 633
75 445
368 795
245 789
237 591
106 867
571 130
633 195
282 984
782 256
359 179
512 16
165 19
624 358
903 252
335 410
855 459
152 687
427 475
164 290
606 589
729 217
809 413
278 131
327 341
877 725
97 526
288 985
359 275
929 151
373 603
171 743
441 738
283 685
558 582
916 847
962 75
378 832
294 532
542 693
575 336
41 343
88 523
501 294
829 753
366 77
614 294
543 298
252 680
942 360
567 663
495 36
857 711
937 330
325 838
299 217
821 769
167 272
595 7
869 419
872 560
91 510
604 726
46 372
402 525
608 428
560 417
919 305
837 621
484 418
790 267
366 381
205 366
347 582
894 585
480 275
732 36
183 938
86 566
803 604
856 849
899 500
62 54
683 859
544 563
503 889
402 483
754 622
912 818
900 139
787 513
99 541
386 118
950 718
911 648
868 520
1 629
459 585
955 983
653 445
301 440
606 790
746 118
52 987
285 603
377 501
957 760
181 727
944 266
533 141
660 932
78 667
269 906
591 510
725 734
842 503
227 721
422 378
163 594
840 563
103 164
240 106
296 44
522 18
350 3
931 544
952 280
653 162
558 681
243 895
252 472
650 663
33 562
863 372
767 810
621 139
626 706
917 985
484 605
630 252
352 157
620 302
729 398
705 186
301 883
422 868
140 563
938 113
281 832
22 817
722 483
690 375
441 206
834 472
203 357
743 745
364 918
112 648
432 779
307 349
229 701
123 913
850 781
177 458
374 897
369 692
503 136
893 810
4 486
343 517
153 81
211 892
655 624
137 86
510 693
391 462
627 201
913 677
108 210
513 995
451 446
734 819
269 13
292 395
184 389
484 964
111 946
836 155
133 49
462 420
776 591
945 199
999 922
444 704
678 57
983 510
15 638
178 625
96 636
779 704
35 148
261 653
989 130
968 33
363 668
372 456
811 160
373 433
472 326
199 898
613 592
397 167
736 939
847 979
94 344
841 673
384 573
863 26
205 523
400 794
412 627
272 749
698 435
42 726
974 764
680 49
914 411
197 559
417 558
419 284
685 62
616 501
257 953
973 416
328 226
171 588
595 552
921 507
411 925
625 616
136 708
586 427
252 863
852 519
149 827
390 385
981 90
840 572
91 428
277 244
341 234
182 873
97 38
201 288
692 509
62 316
419 138
149 162
547 5
913 587
22 627
236 223
512 874
356 618
918 723
79 317
726 81
163 39
465 193
313 282
469 447
740 386
587 898
340 437
334 991
341 524
840 127
483 937
114 652
560 85
18 704
8 291
692 389
711 441
983 630
978 584
888 467
818 259
368 214
75 31
503 151
85 10
654 412
465 694
436 165
918 463
996 618
79 613
867 663
537 911
352 877
46 144
972 893
96 468
243 32
881 202
829 671
479 487
977 692
146 837
459 74
460 214
183 556
630 703
767 112
384 752
477 949
493 765
824 170
995 233
338 175
762 332
496 355
724 753
762 191
902 609
760 587
449 416
854 993
311 626
69 492
761 503
271 232
4 238
333 48
120 824
108 123
576 741
352 660
594 768
226 613
684 241
236 839
417 686
265 537
929 697
57 740
45 731
631 779
762 684
887 286
327 552
699 87
758 150
77 119
205 593
740 458
856 126
148 492
849 793
940 235
662 669
975 453
950 862
751 583
9 360
973 872
502 439
830 709
479 664
205 288
329 906
436 39
246 487
298 358
720 877
277 980
299 289
395 284
878 815
812 593
319 218
863 16
665 497
769 698
581 112
372 563
443 840
692 21
745 617
57 739
248 651
655 459
905 760
121 690
226 220
282 328
256 115
169 626
564 380
122 823
852 245
391 760
83 902
115 581
263 791
861 255
903 488
90 898
927 866
196 389
149 973
335 465
983 896
277 519
277 968
145 662
1 180
560 548
948 621
19 271
850 209
796 372
553 351
127 447
726 213
452 665
689 740
458 463
13 825
880 271
394 944
891 228
354 554
222 12
514 560
564 347
467 895
305 745
241 190
107 220
401 233
107 934
305 11
715 826
831 431
865 625
649 878
177 101
134 659
203 807
447 726
659 924
357 657
675 654
727 950
242 162
758 253
832 929
70 569
636 395
187 1
267 509
93 632
619 583
626 693
87 225
503 88
517 571
573 411
33 50
15 714
147 918
580 582
261 604
966 53
594 930
557 900
55 15
12 384
492 769
556 894
976 460
195 597
119 533
779 203
913 526
187 47
911 210
416 620
589 505
497 453
739 840
723 885
984 949
475 659
559 214
522 246
276 337
451 980
981 953
752 114
436 225
13 601
171 698
273 395
92 810
637 109
357 891
275 772
715 748
585 746
168 959
528 848
967 291
466 800
566 885
220 898
216 721
635 303
891 395
291 325
34 735
28 175
624 457
699 240
340 40
630 496
103 397
235 887
794 729
773 601
831 567
765 703
859 563
113 646
432 869
149 689
721 308
184 946
994 372
162 284
986 543
216 921
582 414
937 156
142 771
733 800
435 352
134 82
243 724
990 399
876 855
62 217
207 700
514 33
209 755
939 678
335 434
166 807
851 464
411 303
522 790
464 623
658 487
414 383
371 278
845 753
980 73
939 688
586 272
531 77
692 390
404 537
333 412
262 484
576 673
27 391
241 397
376 335
386 89
388 557
754 911
20 171
367 608
764 401
428 136
37 180
952 43
64 872
988 835
687 402
128 41
203 913
28 402
606 929
139 787
846 126
905 187
941 397
742 409
953 386
806 730
44 264
9 896
749 882
994 501
27 782
898 863
101 85
754 89
404 657
251 816
376 695
683 248
299 868
364 565
206 288
183 397
927 568
818 668
787 537
715 957
902 841
845 400
625 229
274 952
77 651
578 196
87 168
17 125
702 127
129 441
465 44
649 179
15 19
668 516
780 291
430 505
477 612
769 361
984 89
314 988
652 175
358 837
669 902
53 310
657 92
293 546
739 633
796 204
385 337
646 93
540 59
944 421
251 263
628 422
587 607
915 523
43 789
721 96
22 866
122 463
564 148
337 912
354 374
604 477
207 958
463 923
412 713
791 990
489 856
263 15
885 776
3 803
129 79
553 138
497 567
475 229
909 510
472 836
759 596
566 708
575 762
240 599
254 212
473 389
547 837
705 47
861 222
886 6
781 323
879 606
894 658
800 282
153 346
386 505
103 609
210 627
203 352
315 540
609 212
189 18
676 331
448 906
321 258
42 812
31 86
508 111
627 641
859 879
289 672
276 206
109 324
571 725
385 382
836 357
375 270
64 632
551 437
51 725
301 668
459 197
589 559
67 1
417 187
335 301
440 464
840 951
275 48
113 370
265 809
635 831
524 767
291 25
532 197
621 257
676 604
368 459
906 241
625 307
163 950
701 136
527 417
379 582
67 943
439 754
349 590
541 810
428 949
556 324
607 802
839 267
182 519
350 909
407 326
730 134
474 431
669 346
122 48
646 347
28 253
2 676
353 654
657 804
305 381
889 329
9 976
980 575
222 205
835 342
710 215
798 24
506 334
325 285
909 83
503 57
951 863
655 678
69 809
832 10
504 54
53 917
468 792
283 465
737 255
186 792
835 613
876 245
254 402
31 549
443 995
381 824
598 154
742 419
581 310
797 727
864 742
72 704
175 173
631 390
701 114
444 369
806 179
262 694
152 390
572 426
209 444
794 277
783 833
199 435
461 27
967 271
702 923
509 179
499 550
251 277
325 650
777 567
251 471
899 552
782 681
949 907
947 314
545 667
86 114
65 743
382 990
137 448
879 349
408 263
13 510
296 259
148 19
479 136
863 30
214 115
628 367
767 224
925 757
555 293
720 341
277 415
63 154
437 915
266 604
239 492
396 536
961 707
910 535
21 726
953 452
884 593
865 692
795 421
485 166
765 665
713 217
685 708
5 867
304 646
568 717
826 201
576 460
742 971
782 883
818 120
299 522
3 553
422 65
776 249
12 706
194 895
815 7
518 246
328 271
730 215
36 247
633 964
21 504
432 197
382 89
331 350
851 769
764 436
783 71
726 974
686 487
537 275
309 906
867 614
652 284
496 461
438 536
235 186
380 508
621 63
267 382
141 683
168 570
823 107
390 141
905 682
55 34
315 716
859 769
575 724
476 81
980 353
440 65
298 968
660 445
496 60
959 63
519 356
24 84
837 283
280 654
488 99
751 359
698 465
356 478
767 566
26 436
399 92
582 480
418 410
565 319
276 2
121 462
996 831
610 784
999 961
984 714
522 427
597 733
750 651
857 808
948 933
414 407
195 856
334 938
120 335
26 401
618 935
315 301
713 824
439 187
242 345
970 411
601 300
195 696
338 194
189 67
626 472
239 686
754 515
47 562
7 641
616 606
35 113
282 871
934 812
515 978
188 291
760 700
548 680
149 948
495 120
530 390
896 870
266 836
261 213
242 115
755 470
628 780
349 595
805 508
144 20
285 199
543 131
90 314
16 161
881 168
778 881
993 115
495 161
994 667
275 411
483 84
793 299
888 990
171 425
710 861
864 820
932 834
232 282
504 251
42 789
492 359
147 811
782 605
59 421
836 328
299 553
196 27
249 497
406 85
809 646
701 268
996 694
810 873
15 204
260 480
458 517
322 883
17 658
440 426
269 164
624 577
138 154
389 264
372 529
30 106
596 665
716 772
264 23
694 387
761 282
922 604
823 38
687 430
177 938
877 487
440 775
693 605
718 228
224 141
374 203
648 48
944 211
530 379
906 394
937 652
570 263
453 459
907 231
232 617
854 360
760 492
775 108
51 318
231 999
462 551
158 174
911 400
813 411
329 933
955 573
160 603
491 414
593 9
652 985
191 856
696 230
776 397
605 822
335 158
894 812
607 655
443 449
188 529
860 465
251 986
868 492
871 512
845 831
131 640
281 79
526 421
998 540
198 467
767 29
955 109
894 483
915 311
110 70
27 704
955 384
121 41
468 96
439 216
918 706
55 899
696 535
754 425
450 606
187 113
218 815
707 318
410 743
143 888
753 523
281 424
197 459
641 911
606 459
692 839
478 411
423 476
490 169
907 716
519 574
435 198
106 573
40 986
818 712
859 506
125 757
31 230
628 498
923 762
802 703
886 278
568 386
924 902
913 445
543 299
504 119
238 797
437 106
607 933
798 674
512 524
261 424
853 468
715 839
623 455
626 229
363 360
299 379
819 642
590 627
742 739
914 541
768 699
879 677
564 643
532 726
393 320
402 275
592 305
413 377
768 766
536 495
485 36
241 815
414 580
735 462
762 693
313 764
892 533
622 481
615 277
649 290
198 607
246 558
196 995
325 67
494 782
634 641
506 142
528 970
737 622
888 199
626 76
30 277
191 463
1 659
641 467
491 147
281 723
905 815
744 571
516 461
574 322
877 793
798 200
920 26
268 848
25 538
241 364
920 592
738 460
631 473
843 984
957 143
801 877
908 466
447 843
135 74
817 322
963 426
442 94
176 341
330 828
293 405
499 796
278 844
421 181
720 429
913 407
796 784
52 934
273 773
785 662
924 213
513 5
426 238
126 124
294 220
199 915
8 390
21 211
379 80
599 890
37 960
775 716
96 942
833 454
10 654
770 105
628 716
762 953
509 719
195 976
530 494
204 167
211 939
186 704
241 638
964 408
324 665
994 353
101 64
409 28
324 891
157 132
181 670
49 735
786 240
899 736
829 65
615 800
742 895
987 129
594 201
418 171
191 937
32 440
920 443
822 524
926 92
481 463
913 686
193 831
469 346
882 696
786 842
472 893
245 281
820 751
288 52
913 605
552 396
816 698
28 934
35 188
471 912
45 962
922 499
397 666
184 689
513 268
502 83
744 850
32 698
261 425
302 739
403 726
856 447
701 771
300 431
594 376
797 343
873 608
817 781
291 594
315 769
678 384
280 633
932 354
163 665
934 146
425 985
489 919
193 878
276 765
176 406
456 802
180 157
802 657
542 979
916 913
629 315
857 971
241 473
632 844
990 194
298 941
69 321
71 4
813 12
747 425
29 291
354 752
790 1
195 17
699 317
173 227
829 685
955 970
778 287
207 729
456 931
689 400
567 203
182 636
483 776
631 804
905 59
21 523
809 301
503 235
190 827
653 669
823 196
65 415
331 391
3 268
220 87
949 776
581 240
427 682
553 101
912 406
509 168
100 124
406 958
54 430
168 77
825 286
664 804
602 37
940 496
299 653
565 726
718 852
855 306
28 64
389 149
962 316
275 202
449 613
289 865
365 665
75 107
770 530
474 860
465 976
41 133
179 645
425 431
762 823
459 892
908 260
287 288
677 282
223 488
392 638
786 852
963 439
816 383
538 749
186 546
442 226
166 738
30 240
243 424
578 193
776 655
654 68
16 756
655 297
665 18
70 228
64 284
841 795
577 778
445 814
52 679
268 624
576 142
948 602
901 836
173 239
586 619
402 387
292 877
512 318
483 857
33 271
3 304
72 859
530 949
273 798
230 343
24 571
406 37
184 675
355 780
948 517
221 531
315 857
765 721
983 258
673 603
359 870
414 479
923 719
172 57
790 748
646 230
288 809
68 422
138 313
677 611
955 638
372 874
828 836
29 4
285 934
894 817
575 593
774 988
718 220
831 139
75 857
124 628
400 693
183 990
402 523
74 282
633 7
546 124
260 13
396 924
266 358
808 554
184 152
57 719
651 671
895 690
589 365
959 528
484 489
991 877
546 373
559 834
544 423
514 393
887 434
814 956
984 464
315 623
426 171
520 160
52 243
275 514
456 671
353 325
893 64
521 627
711 71
126 492
987 418
44 215
123 469
563 915
365 573
116 452
480 481
117 475
323 637
899 425
454 28
713 741
417 719
624 538
34 805
864 787
318 492
68 513
381 934
276 113
265 400
723 419
901 298
906 198
302 218
863 85
128 772
224 827
570 272
494 728
863 829
481 248
963 791
587 145
843 206
306 713
750 961
623 491
583 35
368 674
554 616
392 285
792 607
999 741
678 439
306 301
821 347
630 986
269 898
283 826
865 628
275 115
572 521
893 457
94 464
509 767
999 920
863 834
873 102
816 227
696 156
147 901
60 946
53 20
508 158
457 686
971 197
771 279
251 287
48 562
289 929
104 456
278 781
128 636
686 354
316 856
16 460
125 807
831 784
253 272
292 883
649 542
608 686
671 81
212 534
36 113
528 246
552 628
960 502
225 361
870 680
431 645
252 596
297 980
475 805
739 299
168 367
681 161
13 3
897 335
608 533
61 764
681 936
167 859
345 439
578 44
676 907
568 647
639 767
694 808
789 425
507 574
240 615
460 450
404 418
160 40
484 854
568 642
912 650
527 143
923 912
509 235
201 772
584 527
8 774
231 83
659 85
804 200
717 388
870 408
944 236
273 59
565 522
184 664
392 819
257 20
322 559
358 173
634 378
353 735
16 253
549 678
599 401
310 871
371 562
716 979
341 360
849 731
330 566
493 825
377 264
641 894
68 672
767 900
360 324
933 528
955 376
215 462
307 861
475 954
923 464
837 145
116 345
297 525
716 757
644 622
818 68
976 854
428 143
528 355
690 365
702 904
490 943
613 877
894 643
979 996
951 361
825 49
731 814
418 225
233 109
103 531
240 342
416 578
702 658
651 154
897 525
871 539
227 414
198 868
753 30
368 265
470 595
257 948
7 16
554 563
213 306
229 824
132 168
975 248
184 410
806 842
683 635
837 502
951 665
871 940
715 280
71 401
643 244
776 551
979 551
806 405
622 55
898 661
929 468
237 916
127 906
187 596
654 410
191 848
642 856
158 603
827 534
863 450
194 683
958 997
237 365
857 820
385 643
927 823
51 341
449 419
728 78
106 870
962 52
491 453
485 68
88 222
228 636
404 474
351 633
105 614
292 260
17 625
701 479
324 546
353 367
724 784
984 913
591 617
731 618
294 449
207 895
5 92
196 228
289 854
742 206
271 390
808 778
72 606
326 612
109 127
811 223
929 183
209 45
521 58
592 956
503 881
214 839
437 886
607 368
319 797
654 431
806 477
8 725
78 911
894 37
691 189
43 242
819 569
887 253
811 807
130 401
869 680
698 370
102 940
586 232
942 648
636 267
981 407
496 674
873 225
324 667
176 817
429 774
696 24
270 121
293 268
925 946
767 873
766 433
342 891
774 941
815 49
207 729
804 632
250 834
795 134
517 1
360 34
606 186
826 611
623 20
438 423
891 580
951 602
7 160
723 479
400 889
45 305
187 6
9 609
885 843
861 572
17 615
235 452
849 801
392 360
274 468
85 637
422 33
216 862
637 600
367 469
896 118
938 447
128 813
161 993
507 882
432 513
883 925
927 56
534 638
794 540
796 138
753 807
588 205
832 777
283 593
427 527
108 313
174 637
306 718
75 706
722 746
558 795
65 421
871 19
869 372
254 377
448 302
962 753
455 764
910 799
890 131
648 200
683 139
588 499
175 620
488 721
295 214
911 324
224 586
138 118
82 741
867 900
407 655
763 882
718 651
873 761
342 544
115 258
16 478
787 886
333 320
16 877
251 933
728 65
11 826
303 893
336 104
842 797
392 738
657 803
270 487
718 448
55 692
286 759
993 144
765 439
319 410
835 562
99 401
699 969
140 157
283 749
47 483
460 894
260 895
82 939
42 811
567 264
401 413
601 3
660 458
913 838
867 65
180 63
299 758
256 768
425 100
56 41
495 144
369 404
18 994
560 887
522 925
497 579
463 387
879 871
770 202
904 514
893 714
379 707
629 405
804 53
129 91
252 615
806 942
585 342
906 606
699 548
375 164
917 997
306 931
607 233
442 307
667 852
710 954
127 967
187 300
694 201
92 6
448 433
69 828
199 504
436 340
434 121
866 700
212 355
672 76
478 712
918 80
946 44
384 192
510 492
93 184
784 945
795 727
431 953
394 868
163 308
782 285
758 742
920 667
850 58
386 618
534 805
987 933
694 725
549 107
412 642
227 457
633 825
425 678
461 584
567 857
580 822
767 670
93 327
198 708
756 669
701 648
538 960
327 803
372 476
818 290
821 950
244 853
547 467
421 17
140 467
907 24
74 858
953 212
499 557
965 517
638 787
445 822
497 765
134 584
72 148
979 968
600 600
844 281
515 642
862 657
864 874
703 557
442 330
94 714
617 779
723 419
1 401
424 563
769 292
718 866
636 542
756 942
408 310
523 98
596 500
594 974
704 507
47 762
586 218
197 668
531 407
668 949
305 650
718 827
312 593
175 408
746 227
34 258
199 743
441 338
272 335
190 301
330 281
143 671
436 877
753 334
466 469
639 211
253 568
793 507
454 743
786 220
356 955
333 935
585 396
502 430
984 410
263 13
373 792
846 847
835 126
50 874
332 194
261 995
972 439
191 13
949 849
386 915
109 857
946 526
793 268
410 61
115 130
642 539
301 659
746 616
336 667
44 901
465 826
610 109
196 536
721 106
635 941
344 998
949 301
711 519
534 844
146 482
194 781
19 775
547 521
988 705
719 678
391 664
808 289
913 236
345 537
39 366
515 329
60 963
888 139
790 792
969 47
449 244
592 1
15 69
183 307
945 458
877 605
818 606
224 846
813 730
235 32
544 633
166 43
581 957
998 899
389 147
947 340
388 360
415 742
78 834
617 881
639 606
457 672
176 558
702 307
731 734
167 362
376 498
882 387
816 239
373 842
272 799
969 824
328 601
138 603
976 479
765 244
524 63
251 759
405 226
443 750
430 400
603 72
316 654
888 561
23 842
258 995
822 702
630 29
275 335
633 49
512 61
238 152
685 597
303 862
73 497
969 792
142 782
132 792
971 935
483 234
571 185
96 364
545 115
50 321
736 227
176 490
629 224
529 886
767 804
309 653
197 495
26 873
540 54
992 273
529 409
623 755
662 957
814 123
178 573
243 430
973 800
937 794
526 132
614 51
293 466
382 409
260 156
321 506
42 256
385 567
710 565
370 731
253 800
26 995
380 998
930 964
561 437
310 489
899 579
528 59
717 272
888 41
509 92
672 89
80 846
633 801
69 464
946 954
62 183
263 918
681 711
241 265
63 590
139 335
86 908
902 434
70 494
936 412
932 255
924 287
200 748
510 644
252 164
726 340
780 870
895 378
995 764
776 303
19 251
951 89
868 2
295 166
884 545
941 363
637 789
687 482
838 455
623 10
938 53
637 65
907 155
106 358
374 504
384 446
872 378
414 553
445 371
87 87
801 498
15 599
73 922
815 183
29 549
643 34
533 878
180 174
817 140
451 84
141 626
356 876
205 184
389 205
866 451
32 577
354 49
16 141
35 959
670 533
732 827
989 211
863 695
721 120
862 29
9 680
600 814
126 246
87 34
927 598
823 642
727 341
46 673
487 484
155 131
17 121
135 545
655 807
419 129
597 429
852 72
547 380
472 551
358 712
652 243
877 976
910 904
836 586
582 364
788 746
637 992
907 102
533 58
402 742
576 653
41 109
472 820
553 59
492 236
625 779
11 499
339 893
156 204
811 896
608 143
744 973
454 475
527 191
486 702
270 504
872 906
450 654
928 486
274 180
436 991
411 208
228 528
945 187
791 651
238 58
223 615
860 979
138 62
760 508
398 349
535 54
196 751
715 252
725 146
309 859
944 63
479 124
727 414
376 844
522 894
465 582
15 45
629 408
687 55
378 141
417 736
137 708
891 712
672 486
384 485
733 511
830 134
916 691
730 317
415 295
441 677
172 123
543 649
415 223
50 416
353 183
669 815
173 774
142 488
889 94
320 419
988 389
644 939
307 28
891 846
723 617
297 474
560 760
460 994
226 401
768 121
204 23
790 140
984 521
658 882
373 175
280 110
840 288
388 801
764 309
27 301
642 171
894 423
391 180
170 360
394 323
430 114
495 143
105 878
458 76
720 912
165 810
833 828
67 440
479 292
463 185
574 60
950 502
846 620
764 140
901 874
423 457
555 484
110 12
834 702
339 32
800 857
313 807
309 415
440 359
796 853
529 13
517 45
377 369
750 826
48 365
805 219
44 882
254 556
472 669
295 73
253 924
279 8
16 652
845 851
163 706
488 185
581 46
846 840
902 855
637 976
875 95
758 187
400 804
29 918
227 879
536 3
619 66
365 178
325 367
767 355
582 305
113 865
440 731
216 511
784 230
264 558
37 128
846 204
352 496
551 68
885 291
70 149
128 799
111 471
785 553
236 602
508 446
187 725
441 51
477 595
641 641
791 553
402 361
953 584
122 124
517 965
104 194
939 385
745 96
342 185
74 459
304 122
590 934
917 748
564 753
375 826
454 536
843 280
739 484
610 339
83 408
207 279
642 520
691 818
487 748
152 275
923 7
169 195
306 51
684 341
367 775
251 593
533 581
719 647
634 753
332 549
415 364
801 686
201 108
129 601
94 526
807 178
912 310
147 263
979 785
837 473
785 990
656 667
374 291
411 412
103 813
835 455
231 153
693 812
641 840
718 672
747 182
923 980
779 117
763 997
268 45
183 474
214 945
285 832
290 860
581 788
301 930
868 65
232 172
993 170
120 979
746 253
645 86
879 989
668 360
60 843
836 617
196 517
562 372
978 758
28 46
205 52
605 928
413 178
825 610
841 517
551 385
147 451
533 671
770 534
73 181
84 876
79 491
188 683
808 622
863 997
14 213
848 355
29 361
668 591
85 286
3 123
297 180
145 330
313 720
452 219
404 626
641 554
355 661
183 967
467 54
120 453
337 879
511 658
859 822
756 4
87 556
377 328
13 154
495 675
382 476
653 766
394 71
552 915
631 352
887 131
512 626
565 866
585 386
291 395
608 782
472 547
541 371
248 192
356 295
584 927
899 460
58 550
436 6
691 718
216 822
251 998
138 567
734 783
262 665
601 15
115 37
738 430
951 107
612 629
19 889
664 125
286 7
895 494
550 648
920 372
342 519
812 876
994 94
45 126
822 728
576 184
259 796
986 504
475 802
55 682
178 705
705 221
362 780
410 449
432 188
585 607
626 21
5 451
74 343
607 563
652 123
207 554
313 58
754 43
137 678
188 710
715 599
39 801
665 603
676 317
469 297
774 858
460 992
385 965
242 888
967 838
205 733
357 773
65 505
598 703
82 158
207 616
10 642
938 258
128 986
512 557
178 782
920 575
333 312
115 706
75 985
552 816
170 257
246 723
866 527
520 746
388 265
75 150
289 854
30 262
789 472
627 859
109 620
726 800
807 961
117 756
673 175
842 972
839 295
728 822
359 559
368 776
186 370
379 464
740 462
831 566
254 867
831 755
117 617
223 470
772 770
179 817
845 7
973 525
277 106
19 866
694 7
5 361
697 352
268 679
706 546
870 551
275 311
486 100
222 946
3 950
889 309
801 291
682 236
918 879
341 849
97 320
8 595
473 647
657 921
449 7
871 722
798 431
542 826
237 84
244 696
412 959
808 918
39 534
185 40
418 806
49 448
360 39
537 76
589 598
155 401
257 176
790 926
867 87
61 739
407 456
36 146
227 895
610 168
271 562
470 249
635 978
71 141
542 49
671 81
503 141
96 554
959 215
573 965
69 740
19 319
584 176
233 953
897 73
922 922
780 138
830 523
693 710
565 132
110 875
750 14
820 343
431 780
723 26
114 107
964 483
284 302
746 957
646 515
645 776
125 595
325 501
320 909
484 190
51 123
459 375
930 200
438 676
374 771
467 591
931 485
470 763
654 741
272 457
285 144
317 267
930 300
991 476
178 68
570 521
4 777
913 541
765 850
77 145
704 593
820 164
998 203
542 411
557 21
714 335
175 605
459 675
589 569
692 128
3 420
924 902
730 130
358 646
281 879
732 361
181 756
544 907
913 809
210 240
160 973
123 418
643 271
616 226
853 915
871 751
760 923
97 143
899 621
223 742
778 813
235 163
632 255
273 578
820 918
760 898
677 641
819 638
715 263
151 501
708 359
635 540
205 757
157 101
328 867
958 271
839 893
227 150
955 775
518 464
255 742
909 295
815 702
121 91
836 578
521 549
71 748
750 446
61 866
686 217
159 206
655 866
307 520
430 759
730 913
387 229
433 128
85 568
130 615
906 565
125 402
588 756
902 877
332 894
22 65
654 219
247 849
218 365
47 783
904 587
948 16
927 826
296 262
457 313
172 773
280 229
874 720
817 463
532 148
963 96
551 356
800 767
29 241
668 110
770 489
86 186
413 781
860 305
379 54
530 109
729 457
979 529
987 507
968 72
642 51
268 331
756 817
19 376
445 415
177 718
966 29
11 386
506 504
219 808
823 665
317 367
951 714
905 94
745 418
280 248
485 341
40 899
493 868
224 452
838 991
900 735
343 291
904 288
126 708
964 588
760 336
644 392
875 783
100 787
19 726
848 841
717 775
60 387
480 752
481 344
388 71
629 449
375 211
28 233
561 991
937 138
827 375
117 773
584 159
929 557
564 37
233 690
256 685
138 97
955 285
259 555
62 560
453 418
392 482
754 272
893 54
717 221
613 804
758 329
801 949
148 590
613 547
184 180
43 912
532 281
124 849
538 293
161 492
598 808
109 587
120 848
401 961
873 793
529 792
373 17
639 533
857 164
765 578
902 705
870 224
442 502
475 678
384 838
767 314
319 333
110 723
282 749
565 150
875 839
538 336
104 231
608 480
320 264
857 442
296 692
564 560
467 729
787 125
638 14
658 208
712 215
268 918
27 727
509 282
840 402
193 399
570 959
172 956
853 580
479 541
539 273
97 550
806 38
515 910
946 54
944 230
426 585
897 735
304 627
188 45
621 3
813 666
998 24
476 918
65 731
467 405
468 210
439 88
271 2
710 301
551 998
992 396
902 59
851 541
999 830
319 704
651 286
265 340
538 446
877 640
797 757
164 536
219 581
542 563
675 155
642 786
783 773
820 339
35 781
170 925
992 411
818 770
125 523
469 384
739 574
889 647
47 499
454 843
361 354
861 947
226 61
649 156
694 788
806 86
897 734
950 362
947 743
728 147
146 807
770 382
925 901
937 905
993 136
458 767
387 496
457 174
251 246
696 613
239 398
556 244
502 835
608 465
674 529
331 687
466 908
995 25
441 525
198 355
239 753
849 654
315 287
34 521
754 170
626 127
786 704
24 366
426 267
956 415
45 64
548 203
149 580
94 299
770 616
236 932
97 460
26 970
308 397
737 206
611 14
59 513
878 598
574 374
228 189
949 67
503 133
674 816
780 24
638 446
627 6
428 354
817 302
574 311
688 368
451 128
508 339
356 236
598 463
150 270
948 121
61 367
626 353
43 27
869 598
678 251
930 699
354 637
104 512
820 52
98 953
318 761
6 871
981 630
558 451
485 106
96 844
202 746
856 280
866 805
819 135
602 484
843 253
366 341
660 266
37 210
361 371
275 417
943 634
790 75
137 997
513 41
119 797
353 778
702 937
321 377
217 352
756 425
783 427
960 870
134 684
623 617
53 285
142 638
173 540
623 479
173 272
986 739
611 316
673 878
732 985
940 636
918 548
100 697
772 574
420 75
331 577
874 821
493 824
403 879
413 525
347 386
190 28
512 59
990 917
859 5
880 915
567 450
93 685
371 440
239 238
775 79
785 113
603 251
47 43
148 597
189 509
782 91
643 13
529 354
694 427
323 953
88 898
174 390
387 954
865 341
805 306
373 5
344 895
934 538
82 320
654 892
641 599
912 580
748 758
101 655
49 861
93 919
815 862
199 784
143 687
462 633
622 76
463 882
566 849
554 350
679 464
248 359
108 734
421 979
883 357
902 751
331 948
689 744
572 411
949 451
781 907
208 452
330 349
746 994
193 409
426 293
129 531
14 438
929 556
633 848
529 623
306 252
506 870
462 962
539 880
443 165
594 62
444 876
309 281
759 714
301 119
35 887
988 477
685 394
648 736
948 703
515 610
538 832
60 326
765 863
807 151
129 907
347 609
46 235
370 585
388 248
137 290
431 644
888 668
443 500
919 861
761 945
774 409
728 239
963 386
904 905
556 182
409 777
55 168
827 339
609 203
882 251
232 215
658 592
566 954
100 971
548 444
782 772
517 566
340 156
20 666
472 12
495 265
798 19
99 189
24 897
525 49
370 498
818 610
168 241
965 659
3 142
844 874
9 515
625 30
201 988
865 880
456 393
472 50
652 425
39 225
643 591
679 230
519 784
132 476
27 896
447 957
183 73
977 828
75 338
426 578
464 153
289 439
812 632
893 76
969 292
293 847
951 362
724 885
994 432
101 467
122 555
56 791
704 477
388 34
868 603
749 873
811 976
49 955
576 691
535 224
689 213
803 993
943 923
215 317
479 613
816 771
403 182
571 351
434 819
987 780
773 262
2 219
468 498
939 691
623 853
217 350
469 748
49 206
38 219
118 254
303 178
594 240
453 338
425 324
340 992
891 143
602 281
964 451
642 926
922 527
641 787
250 403
131 349
903 508
734 74
318 362
123 252
600 898
290 361
181 463
209 236
395 986
122 931
204 683
465 511
528 564
130 360
277 363
613 928
420 935
512 769
532 930
315 924
103 36
533 289
86 594
794 493
469 504
702 199
232 309
832 941
357 939
579 395
77 763
935 243
539 389
365 359
748 8
253 499
248 824
909 711
875 981
809 927
643 289
511 912
333 338
718 90
883 807
298 2
654 71
26 12
537 792
991 472
996 184
559 998
320 860
641 176
884 48
897 799
623 879
553 344
834 585
818 88
202 632
290 65
979 388
652 852
866 118
48 153
674 289
332 694
670 278
916 303
427 391
779 176
608 327
6 30
984 545
829 270
252 275
19 14
111 382
339 476
935 967
341 914
448 561
909 72
447 715
513 841
885 983
865 415
909 744
79 155
915 655
401 889
974 844
308 561
979 273
175 626
532 672
626 839
788 963
585 867
76 370
509 824
797 264
869 953
635 397
520 230
713 289
953 974
850 898
645 929
430 902
872 610
634 530
572 878
65 759
899 439
100 984
883 546
8 409
36 733
449 612
579 703
10 9
810 520
919 221
289 467
624 38
217 550
975 341
64 383
924 109
786 806
459 542
766 306
776 74
221 560
45 965
809 489
130 943
451 427
403 907
359 862
440 977
438 259
633 156
648 288
287 23
10 153
758 307
392 60
845 91
568 71
393 82
670 140
423 813
186 10
554 634
82 337
210 273
513 131
743 375
355 575
566 662
18 284
725 907
956 398
886 281
565 446
543 450
150 812
309 238
594 921
371 535
579 962
249 805
812 160
158 232
794 57
449 536
397 197
562 682
27 92
676 396
947 447
791 251
677 9
108 248
266 497
423 912
890 1
661 932
579 61
919 383
277 166
164 470
811 725
945 971
850 42
882 573
72 470
303 412
327 328
969 809
500 480
558 737
446 935
56 532
26 811
912 500
917 756
461 78
932 464
779 93
50 196
737 902
38 197
269 979
998 766
954 307
363 470
444 933
236 139
619 406
277 532
173 801
857 498
568 400
629 591
987 19
93 343
615 587
942 771
648 622
533 785
227 717
871 648
64 773
721 851
443 840
361 629
568 760
418 453
292 584
203 721
942 862
807 365
60 245
218 201
537 754
179 83
404 127
614 678
426 658
813 32
917 492
508 205
472 382
169 723
472 787
287 168
899 990
809 279
929 890
194 108
539 993
900 393
578 476
336 463
138 379
344 274
898 290
359 622
895 383
440 536
669 334
16 881
443 741
136 196
841 677
150 229
8 119
898 787
501 99
724 281
791 494
918 52
245 83
112 382
302 242
875 589
100 549
242 668
192 479
779 273
864 996
231 179
11 324
964 607
650 662
605 352
955 304
47 949
365 903
698 985
16 146
282 971
479 609
593 222
921 419
167 667
621 153
261 319
936 358
97 34
444 73
935 854
436 65
503 100
250 981
401 359
969 877
753 274
974 769
332 224
38 581
744 860
630 363
197 83
194 491
349 872
356 936
665 308
312 748
755 481
619 715
685 289
743 719
472 305
414 630
670 185
135 762
226 415
828 187
46 302
346 973
109 530
439 384
190 955
806 130
491 789
484 896
55 396
937 235
287 909
141 403
223 263
647 956
612 920
280 477
105 305
972 474
107 468
779 112
403 633
572 146
332 221
124 783
953 80
294 256
205 80
140 400
218 36
967 636
711 981
243 606
214 912
695 181
934 42
132 556
477 121
791 279
681 925
80 848
187 800
420 426
880 402
54 57
757 868
794 174
282 807
542 468
24 910
785 634
692 107
963 390
418 488
923 622
338 514
260 800
221 943
462 6
870 110
118 910
641 374
638 384
909 981
492 976
509 979
539 72
825 793
41 220
560 200
829 101
600 31
205 697
653 866
576 743
201 510
80 405
545 291
605 855
527 802
388 580
204 706
112 456
579 55
365 41
283 473
220 737
187 235
913 243
20 882
974 433
148 65
421 934
877 242
832 589
822 672
566 560
586 322
579 761
150 268
369 981
469 659
345 939
592 598
701 288
670 173
458 491
3 32
84 865
299 102
376 979
214 503
721 536
96 648
885 538
899 464
283 379
384 695
213 901
151 11
792 137
980 125
821 531
650 204
691 287
20 291
698 545
889 465
109 758
68 158
9 685
494 167
519 686
32 864
748 187
259 239
35 92
610 386
449 164
513 788
503 999
601 841
532 469
562 576
136 298
739 37
915 938
901 483
505 70
418 415
943 498
746 355
582 381
600 728
205 853
343 14
2 638
163 829
100 964
155 934
122 693
785 80
978 984
953 964
641 49
41 28
697 105
287 737
870 161
844 981
446 153
664 630
197 946
448 763
860 17
278 196
686 105
587 658
276 901
670 662
460 484
955 69
370 468
368 30
495 523
543 634
262 360
822 177
167 829
973 551
138 557
52 1
795 23
670 625
852 171
950 129
419 801
247 415
445 835
837 251
982 765
150 159
940 569
980 681
301 239
637 164
373 37
910 688
780 464
58 506
956 706
811 41
696 342
23 182
345 791
201 639
671 437
451 460
83 490
391 905
221 58
241 147
345 68
623 180
42 448
982 359
844 467
660 81
969 80
878 60
826 519
590 678
232 842
337 790
459 247
2 331
136 860
877 647
211 844
852 474
91 353
60 804
283 805
796 308
585 815
342 611
657 467
777 218
114 453
814 74
695 819
101 852
398 969
87 794
94 367
93 437
207 431
86 228
554 575
110 650
541 866
441 289
405 74
94 983
849 253
284 558
536 567
15 435
969 785
121 824
532 748
827 764
903 971
788 895
152 645
143 201
658 174
334 765
300 792
169 778
91 395
13 333
824 312
606 456
552 192
919 507
499 234
785 378
14 757
818 770
1 406
353 721
357 186
173 585
32 805
902 442
341 161
184 721
193 581
170 223
891 497
753 904
456 45
284 39
679 960
965 518
203 361
342 113
451 442
716 982
103 896
656 840
94 11
94 38
977 414
355 881
50 474
513 662
168 39
776 253
457 477
828 550
269 818
837 76
135 457
543 960
926 129
746 248
125 483
566 174
970 695
177 749
136 962
395 365
663 362
530 997
228 727
787 525
166 368
816 422
884 469
904 41
972 760
499 391
801 303
273 771
38 358
311 456
952 535
807 667
35 445
983 11
839 118
115 20
405 852
794 419
617 90
629 618
106 882
394 316
641 421
921 463
807 476
227 6
298 555
114 706
166 458
150 866
906 350
421 552
397 813
809 455
365 396
695 806
77 614
29 314
238 749
119 375
936 454
518 845
939 17
137 568
306 360
526 416
839 835
809 68
8 980
350 815
378 695
962 163
418 615
418 258
496 404
563 79
778 720
731 12
580 349
836 322
62 7
5 456
354 717
363 272
763 610
419 60
358 448
549 638
500 888
616 9
185 444
283 951
910 933
298 218
848 94
902 660
371 331
931 759
359 709
353 153
346 578
7 636
555 128
940 838
211 249
236 66
881 539
400 869
370 239
315 907
889 674
564 330
830 46
829 479
665 338
698 771
770 716
746 940
517 126
383 754
152 301
441 575
950 944
511 365
199 917
222 882
828 578
215 156
210 767
565 578
956 658
251 134
789 560
820 406
112 258
731 871
163 877
428 569
470 99
627 625
342 978
801 143
355 465
742 325
279 393
953 537
796 708
299 909
194 887
807 419
543 99
150 300
52 592
345 841
67 106
24 604
630 757
394 63
872 471
222 378
270 321
714 965
912 507
519 80
996 458
981 364
231 889
555 734
539 935
736 864
218 645
272 190
466 69
862 199
320 263
859 291
112 714
455 179
108 200
77 900
674 423
324 534
849 296
955 415
576 414
666 101
208 538
583 82
439 318
488 435
649 280
35 659
267 160
355 903
327 349
829 824
12 654
681 202
133 379
184 826
906 47
989 46
179 489
576 295
553 930
935 921
380 315
710 593
949 992
342 235
321 897
269 574
634 34
609 180
982 385
677 906
864 54
241 874
691 764
825 305
599 589
920 9
304 161
974 923
405 53
481 524
382 152
180 859
905 476
385 21
683 692
511 955
835 749
374 544
958 650
132 551
241 829
55 70
814 181
709 983
480 158
58 674
187 566
762 582
718 819
988 796
603 870
143 277
286 814
396 980
980 460
217 419
151 550
604 403
122 319
593 852
286 486
672 609
324 829
520 875
900 4
954 394
915 125
992 340
677 958
23 57
987 687
785 78
153 628
649 530
645 517
417 933
373 14
433 432
858 486
334 128
370 882
271 766
41 626
842 131
953 56
174 513
124 109
418 317
438 404
18 988
286 165
51 467
568 302
55 928
207 258
373 402
260 660
545 165
399 847
234 712
202 794
794 124
101 690
974 773
65 706
729 783
134 704
362 984
878 68
308 210
34 296
468 71
890 26
377 413
50 604
758 291
69 911
447 86
567 415
328 69
177 683
172 134
523 300
989 153
929 575
796 442
242 434
245 697
922 577
713 602
350 789
390 656
844 811
312 496
331 182
543 968
151 609
155 979
280 717
493 542
426 192
497 110
110 324
445 247
374 303
593 522
808 812
282 864
6 197
314 622
699 927
725 587
487 758
164 607
304 941
235 390
715 525
929 32
94 262
365 248
395 594
949 288
292 118
918 714
357 56
19 665
811 313
467 450
411 457
684 504
769 982
278 957
364 929
903 203
402 14
427 990
707 884
390 492
461 469
380 482
241 154
931 541
307 413
626 833
369 794
15 391
530 808
589 442
873 191
717 580
251 733
839 711
474 240
241 37
885 72
162 976
636 215
686 348
812 283
897 986
473 241
266 666
173 733
300 793
290 209
686 498
656 664
20 369
897 38
413 313
871 447
685 458
80 171
342 734
284 855
826 910
529 527
280 61
373 301
752 811
442 289
817 513
944 419
529 677
918 954
664 124
189 33
187 176
994 540
397 843
95 882
578 458
536 844
468 496
925 310
113 696
964 922
856 859
575 522
499 733
807 436
437 163
953 870
958 646
29 107
46 878
946 190
15 225
305 880
527 229
796 927
222 812
87 580
899 912
323 655
732 407
350 891
680 387
646 858
848 41
41 984
78 790
831 754
421 893
641 285
962 416
701 422
666 229
123 462
751 157
480 777
64 586
295 838
582 568
798 860
574 113
133 22
210 490
707 874
514 195
990 502
566 81
999 328
858 274
656 260
577 943
941 470
231 186
263 390
237 30
583 623
543 129
148 790
382 610
271 799
454 826
247 329
169 82
123 53
230 856
178 452
734 937
450 654
326 41
783 802
501 415
127 158
508 120
163 503
216 61
65 494
300 98
710 472
944 144
738 285
225 784
915 633
112 301
929 903
115 608
895 464
329 602
483 787
727 724
36 963
840 900
894 372
964 81
573 679
910 48
429 177
502 622
2 142
289 134
427 444
296 28
688 231
722 762
710 998
428 133
350 876
724 115
512 422
279 256
175 18
702 298
796 641
900 415
612 638
572 510
537 167
573 741
832 216
643 844
865 100
294 901
106 196
616 608
764 340
696 458
830 344
276 327
647 818
676 625
79 374
564 900
710 600
715 911
527 202
185 255
142 39
549 836
546 486
653 827
587 245
257 982
34 743
213 258
781 611
158 77
806 21
404 673
408 236
976 283
794 233
100 4
619 214
894 550
463 410
348 514
427 224
961 769
110 646
370 809
949 609
119 241
52 678
354 712
889 527
23 393
229 64
288 155
153 388
388 80
526 197
713 402
496 871
545 269
808 209
502 821
788 950
157 819
43 37
190 117
345 574
494 773
254 906
332 862
356 525
475 751
477 111
348 624
470 847
834 666
594 186
631 388
457 130
786 230
195 956
850 649
306 477
848 489
886 830
8 651
224 11
579 293
194 90
78 229
525 907
445 510
186 423
221 460
872 259
804 52
797 81
414 751
400 574
236 790
957 295
141 652
510 812
937 887
160 392
88 99
660 620
839 65
47 658
867 758
350 954
537 664
750 738
36 629
928 812
23 325
373 170
785 563
380 344
730 407
889 597
1 105
47 727
193 192
21 341
33 627
847 232
543 85
790 232
778 555
805 569
59 688
28 236
722 534
149 237
844 929
459 822
884 542
304 192
674 675
392 700
319 852
539 8
508 905
261 5
451 594
755 974
740 950
664 729
493 738
63 596
399 114
254 704
33 445
546 377
584 214
913 117
537 662
300 81
259 68
264 934
518 537
654 733
422 895
844 409
969 359
805 73
678 593
858 518
743 864
379 316
108 915
864 765
686 678
934 605
286 933
859 613
205 740
718 975
81 648
901 557
683 373
421 223
752 517
91 212
817 227
336 809
857 40
532 221
126 246
152 101
177 31
622 286
950 559
567 83
866 142
724 669
102 341
5 117
278 416
348 58
395 411
264 73
365 795
876 468
71 443
442 495
185 544
435 412
820 633
640 989
179 342
456 973
42 2
633 735
685 684
778 127
963 200
581 337
381 304
923 900
932 403
481 806
204 540
221 158
422 825
925 377
491 844
517 188
779 924
80 86
876 900
118 877
74 895
525 466
356 784
646 480
660 938
74 573
38 275
726 977
141 912
809 861
628 662
437 844
933 399
14 171
294 566
882 166
447 579
409 328
274 238
603 663
997 303
257 138
605 781
475 909
555 707
336 664
239 230
172 783
500 203
485 737
287 155
839 73
206 600
837 978
711 977
808 641
316 764
62 891
236 630
743 41
823 854
741 529
178 639
544 44
668 300
606 929
857 332
924 696
256 570
36 191
608 144
222 730
106 251
244 897
176 606
983 714
744 714
736 534
172 389
461 179
267 731
928 224
108 689
340 568
395 57
851 719
135 431
782 865
184 222
268 756
675 708
536 80
867 834
973 762
414 344
240 857
450 449
818 335
358 487
88 786
762 965
419 418
161 117
715 605
901 361
122 817
929 668
223 107
463 507
228 418
94 657
673 14
747 603
799 441
980 632
24 322
998 395
861 84
116 34
237 563
540 466
698 451
250 28
6 21
957 567
387 962
135 302
496 921
53 528
936 893
906 909
760 118
114 72
494 64
302 810
752 56
535 945
340 733
123 196
150 78
353 637
493 501
415 381
125 290
126 96
435 907
929 843
432 557
753 709
310 448
437 543
244 464
169 482
520 803
198 648
473 873
722 349
395 721
736 913
662 369
864 923
445 815
434 589
732 545
121 220
59 898
356 30
187 952
989 563
276 669
467 413
946 735
228 185
436 331
300 559
388 137
90 526
332 329
207 120
327 403
990 162
242 483
380 921
313 319
85 806
741 764
666 922
88 792
183 680
971 989
414 130
669 500
414 799
670 465
288 628
103 529
935 209
495 481
419 945
461 255
740 891
209 766
82 360
538 360
729 245
805 48
523 533
915 311
857 500
946 429
289 297
308 431
254 622
599 699
934 31
644 852
395 230
847 134
54 236
627 766
511 202
322 404
815 377
378 29
53 326
399 544
401 92
382 989
1 863
28 221
405 984
948 20
947 165
305 24
755 888
79 7
821 492
870 368
654 452
571 391
636 86
532 967
819 66
248 753
121 627
124 588
440 954
854 802
546 522
547 857
857 346
167 613
970 715
319 695
353 568
117 976
593 701
835 342
51 686
15 959
918 166
119 403
237 561
253 796
11 741
284 980
516 665
677 742
255 953
915 982
821 210
961 703
535 585
647 483
664 375
913 490
821 778
72 675
106 466
980 862
954 639
842 876
395 300
321 600
716 668
97 860
550 155
771 943
521 285
871 546
184 757
91 329
328 646
342 515
693 446
198 413
596 545
538 65
771 74
502 74
596 401
157 857
736 838
511 369
878 767
300 128
994 778
658 124
368 380
982 513
793 346
780 243
210 970
30 778
403 880
980 485
137 683
218 361
835 282
776 929
403 441
161 119
107 266
762 275
215 120
384 317
187 667
430 645
962 525
326 873
700 824
542 567
27 449
456 372
615 565
508 288
696 730
510 106
351 54
510 364
285 848
272 148
280 22
413 861
346 654
228 493
98 867
615 84
418 78
34 346
398 19
446 958
634 544
901 125
851 403
488 66
499 937
365 799
873 752
916 633
66 749
668 592
110 240
230 711
541 126
349 642
972 146
300 751
9 728
142 624
250 28
387 515
241 262
158 672
746 382
708 333
478 83
465 915
283 525
889 249
289 291
175 182
123 68
453 459
146 844
989 335
402 815
223 981
845 485
528 33
790 901
6 383
711 320
352 492
98 331
519 889
349 406
59 552
709 790
10 231
775 611
770 510
961 313
200 973
406 634
968 131
177 551
531 511
705 342
711 108
768 472
291 191
963 577
239 892
277 311
299 246
43 883
95 209
583 503
645 377
741 698
696 844
448 495
531 484
538 239
87 82
792 98
244 595
997 524
95 848
722 335
202 303
775 376
603 84
115 503
114 531
697 750
674 770
362 48
777 339
186 1
829 318
809 708
717 923
496 669
528 831
656 357
348 740
679 13
409 26
803 771
434 201
577 43
560 402
990 607
841 242
551 515
616 451
396 536
826 517
239 500
619 263
213 145
426 100
36 37
120 447
313 924
338 779
26 482
750 281
744 769
931 932
90 152
311 73
152 67
882 395
916 532
905 770
586 101
924 688
402 815
894 663
70 202
610 943
50 787
409 179
241 160
589 518
778 72
906 72
99 457
83 832
888 599
352 348
345 764
20 516
678 324
805 11
33 333
137 279
525 451
908 184
570 365
680 759
838 115
837 356
890 878
776 487
972 764
491 521
174 510
221 394
347 972
990 415
365 885
206 152
284 397
557 76
125 140
9 437
785 809
366 289
256 965
180 921
402 941
849 202
125 470
72 580
545 140
355 301
61 439
155 387
445 324
557 432
915 983
689 81
342 598
382 719
724 314
574 148
486 143
695 210
63 66
112 831
950 68
543 787
359 509
248 102
956 63
499 354
56 574
695 415
647 174
588 188
495 863
170 641
376 448
24 231
492 906
948 363
199 316
314 961
120 481
670 320
760 746
375 692
120 348
728 929
997 611
825 80
821 342
231 526
576 959
647 995
410 894
716 612
282 336
654 712
842 373
310 322
488 392
463 739
149 972
847 567
714 383
338 382
620 22
736 669
483 722
725 377
176 63
475 780
815 602
809 618
975 200
722 549
447 556
740 593
759 250
84 52
925 585
142 460
42 722
570 66
634 577
204 876
728 548
819 340
798 762
139 36
448 254
503 241
559 263
555 309
40 566
618 353
798 630
749 21
143 252
417 504
651 162
220 433
422 645
755 78
111 77
928 303
181 871
258 338
917 365
890 616
473 196
329 200
513 42
538 687
307 890
424 424
490 192
365 274
276 574
362 240
297 276
385 493
381 344
584 42
9 281
424 272
612 334
216 303
170 920
105 729
189 541
258 527
182 184
963 202
924 246
874 832
553 232
931 965
78 149
286 761
910 773
