7000 6000
803 397
497 955
399 719
280 866
140 52
414 477
105 986
238 942
563 143
789 348
478 321
550 193
321 473
257 235
841 953
670 135
785 816
258 7
115 441
182 883
959 563
598 984
511 137
128 133
592 192
537 347
286 624
698 983
989 285
834 430
703 374
57 537
599 651
333 497
590 853
850 195
705 921
358 482
92 110
564 86
491 301
515 276
402 596
575 574
300 447
332 147
861 629
756 157
801 792
415 127
253 467
175 526
260 482
527 698
443 258
223 635
79 846
427 890
630 658
236 339
216 52
769 838
95 384
845 693
848 680
510 999
859 675
181 59
293 345
637 34
561 527
881 611
778 59
755 618
484 603
464 238
381 611
331 462
427 526
757 110
29 554
148 860
172 847
558 616
996 113
253 506
269 196
581 297
580 420
931 154
99 577
141 732
506 249
330 463
55 234
835 689
311 106
895 237
564 852
696 924
877 453
179 531
325 386
534 482
327 25
361 70
407 870
767 844
463 924
992 779
702 174
39 926
812 669
309 140
576 453
53 587
783 698
623 714
86 393
61 842
683 295
859 688
660 656
866 317
257 139
409 323
623 792
118 328
341 367
843 240
802 195
512 363
570 788
568 830
471 223
737 406
505 506
703 301
512 586
248 90
922 589
212 800
765 166
794 531
853 686
51 669
354 26
301 424
218 528
196 517
13 13
921 564
239 943
277 679
241 457
554 316
528 848
906 913
265 696
267 287
941 955
348 689
719 821
589 838
188 104
989 669
183 721
261 89
288 272
258 40
823 399
862 922
396 505
675 741
433 630
672 430
984 287
598 109
573 540
37 605
320 826
423 360
673 835
653 965
696 439
305 869
72 303
497 267
396 439
989 604
618 267
476 123
619 621
436 392
495 427
211 284
729 307
171 363
392 315
289 528
616 997
13 119
11 251
743 183
700 967
615 183
583 135
234 304
999 768
289 683
885 47
331 803
889 625
132 738
30 460
784 945
961 574
189 967
48 821
873 870
268 724
693 665
831 184
512 857
676 854
213 603
54 144
812 981
120 167
925 738
818 154
665 906
220 612
200 440
377 180
700 407
121 923
358 374
556 977
444 344
261 27
276 679
205 845
314 893
339 663
99 565
89 196
223 117
503 688
866 91
272 673
684 298
720 601
467 253
872 521
169 842
415 69
445 487
361 937
328 537
993 397
319 326
360 803
745 227
694 75
314 76
899 214
296 726
769 249
604 501
707 826
984 38
119 384
442 439
905 305
276 205
375 212
438 235
566 709
645 125
460 585
669 117
264 539
498 226
318 19
99 614
545 441
399 732
668 78
764 62
300 44
515 57
502 181
161 815
875 788
909 401
841 86
756 561
482 20
698 55
189 594
440 438
615 876
181 692
615 428
931 239
602 468
14 547
20 398
770 617
322 148
602 567
774 601
547 1
893 907
572 66
212 711
170 71
106 546
293 959
130 282
909 505
329 28
370 532
189 213
202 601
708 119
112 315
647 518
466 588
783 829
658 756
20 951
700 649
447 673
29 497
716 478
537 885
102 965
34 274
459 874
490 224
727 581
704 393
345 704
889 525
107 400
90 229
717 169
459 754
308 705
517 661
845 441
375 377
983 446
532 710
989 632
541 565
684 320
66 934
931 989
942 960
836 252
636 401
765 484
243 20
185 433
257 326
941 297
846 222
86 504
58 492
749 227
149 276
694 430
848 497
545 38
423 725
185 965
416 565
771 978
661 506
188 838
499 72
228 32
93 436
552 718
738 902
990 575
322 209
785 422
43 758
814 364
353 482
172 157
672 841
119 397
88 622
794 779
547 329
309 485
505 682
147 540
757 716
742 371
8 529
456 886
831 756
299 182
521 518
838 107
595 30
200 880
420 723
385 907
790 53
122 612
706 148
596 29
361 333
88 738
448 162
217 849
369 691
548 234
212 27
463 668
689 439
999 195
477 846
327 543
884 262
306 282
575 928
894 591
188 983
511 517
882 529
789 209
565 606
847 708
492 462
158 781
905 816
773 487
667 54
905 975
351 938
448 371
89 585
89 816
379 500
850 6
955 52
554 931
538 357
22 85
970 574
51 173
546 626
686 403
638 695
655 199
984 143
357 463
406 64
561 137
837 770
667 286
662 754
902 999
591 968
904 457
839 577
556 580
476 786
356 129
420 448
357 77
686 868
933 520
398 655
245 216
506 385
166 930
582 598
375 10
173 451
634 596
857 248
551 770
826 23
956 414
895 630
401 805
796 416
695 369
84 984
788 924
404 112
280 630
256 713
999 393
202 261
772 539
644 166
159 468
942 493
441 808
23 135
383 109
278 297
37 753
577 415
63 956
244 500
818 909
466 8
672 753
24 315
642 658
756 527
576 759
61 333
867 935
259 320
694 772
663 968
675 160
469 771
956 472
763 501
631 155
506 671
80 770
909 248
35 200
938 965
896 43
978 575
475 480
203 850
661 811
708 896
902 594
203 672
574 318
549 5
78 912
464 436
957 985
220 156
211 710
211 398
329 575
540 635
511 34
994 288
787 621
284 154
844 74
497 630
99 411
405 527
864 663
514 715
853 772
756 451
60 336
422 97
657 827
875 433
480 157
596 708
107 336
762 985
484 186
385 587
46 783
25 505
657 599
126 972
836 209
881 23
415 617
795 412
37 601
579 805
110 938
396 206
761 18
655 867
886 667
981 61
537 880
751 762
605 779
435 167
729 249
494 296
229 673
464 210
376 506
223 234
492 772
522 193
405 434
575 91
209 375
171 829
146 65
760 474
691 315
497 624
34 45
508 604
438 30
963 643
430 555
489 879
349 463
919 673
74 753
458 282
746 498
791 604
95 771
292 608
765 58
170 506
119 90
361 404
574 631
853 357
228 416
612 32
699 800
437 37
446 798
900 141
511 412
327 147
567 808
860 991
336 147
892 889
834 204
38 914
389 35
390 593
807 969
401 345
322 788
842 104
581 526
45 144
272 211
620 752
848 398
237 454
961 480
715 431
76 42
407 102
916 519
990 484
780 866
467 785
759 274
224 676
971 493
450 362
980 586
787 779
363 705
192 397
687 894
22 219
10 443
276 555
398 450
421 344
21 832
425 554
885 313
955 397
434 723
967 984
22 939
663 491
761 766
731 461
720 509
199 250
108 669
708 520
206 67
45 460
759 846
574 848
50 561
821 649
749 543
103 164
950 538
854 989
724 644
423 214
380 168
859 980
692 809
843 221
455 402
590 813
278 8
123 467
991 946
199 628
366 442
123 303
133 946
428 56
960 738
423 760
73 666
936 480
393 524
879 920
9 647
601 621
966 843
432 994
510 523
692 948
197 999
443 497
830 390
452 605
298 341
722 680
162 436
235 27
186 143
753 276
112 934
79 608
729 96
678 740
140 773
454 679
418 165
782 177
271 757
518 827
501 508
20 92
889 11
848 362
706 979
377 224
846 882
60 919
896 978
12 814
672 767
797 229
76 633
91 609
252 196
963 382
753 227
147 589
48 969
816 398
951 829
596 261
845 432
22 6
551 155
216 694
199 973
36 604
340 746
653 985
891 505
257 525
392 788
931 954
748 52
892 593
822 377
970 747
427 422
530 624
428 178
445 882
950 312
53 959
232 755
793 436
299 733
207 371
634 431
579 516
466 867
92 258
663 194
608 813
247 193
477 948
102 123
786 651
449 67
599 545
349 390
138 567
161 27
716 543
385 906
680 567
497 256
789 913
256 601
386 114
101 145
524 140
914 668
456 189
865 476
618 881
973 742
819 912
541 322
169 849
307 392
816 457
80 615
190 934
682 879
769 145
800 358
412 401
823 940
928 762
25 794
257 768
505 413
77 80
655 76
124 792
684 940
791 258
471 637
836 301
116 373
3 330
286 180
386 52
978 884
403 617
256 803
4 221
52 63
516 689
637 230
800 851
879 801
725 927
818 145
820 639
84 29
862 823
273 673
830 275
220 910
877 68
71 360
15 538
853 27
565 372
286 891
424 818
667 686
13 116
980 552
342 212
167 598
614 578
207 548
485 21
717 952
419 282
395 507
668 214
983 235
398 601
479 548
163 892
718 972
701 614
287 676
344 2
53 816
326 509
679 629
967 881
443 525
962 526
918 250
145 79
577 254
360 946
968 669
903 163
811 653
258 660
232 265
863 849
791 280
800 764
764 289
58 367
150 880
58 609
965 544
488 857
750 541
142 797
264 597
599 747
152 416
893 534
816 818
864 903
357 955
957 835
325 659
934 451
97 127
332 501
744 820
682 652
553 594
908 364
88 609
492 655
242 33
46 989
307 735
613 869
887 194
675 874
321 484
601 685
295 648
693 397
451 802
704 161
877 988
614 395
456 642
893 868
296 887
905 594
90 956
982 983
521 917
40 577
526 156
232 85
431 862
750 705
857 901
336 651
625 333
779 740
351 437
747 913
789 98
969 805
327 860
518 830
599 397
345 91
12 561
624 346
709 644
509 403
865 121
698 642
563 64
878 636
426 455
925 668
692 261
433 828
93 668
50 171
122 132
738 283
125 296
649 215
489 563
702 605
391 312
756 414
771 338
301 334
552 883
956 92
454 265
142 899
292 88
707 522
95 272
636 911
996 834
514 343
265 695
584 988
520 778
67 814
684 96
894 726
528 485
508 338
821 512
386 453
687 298
383 716
817 668
749 636
708 77
389 923
560 40
396 455
896 158
465 803
331 402
974 546
964 434
447 512
950 914
736 872
255 226
392 360
444 795
299 660
20 709
231 651
652 49
418 758
667 271
652 585
785 601
426 304
939 968
159 169
500 466
85 978
266 658
706 278
4 719
729 735
405 368
798 889
688 898
235 149
435 528
136 786
761 238
638 926
916 900
965 268
49 62
877 662
759 404
622 266
941 188
722 701
405 628
341 934
523 144
695 799
902 448
299 506
250 275
617 271
306 482
194 90
838 658
980 575
989 37
757 406
964 11
456 792
812 144
347 99
474 881
722 667
638 492
893 822
18 547
895 606
11 954
564 357
188 268
212 877
161 181
649 840
2 383
757 352
32 10
271 517
968 592
402 127
995 803
635 140
802 289
810 469
739 421
604 588
247 500
510 724
142 476
380 881
846 655
757 801
608 473
212 408
375 999
397 733
735 826
510 631
132 472
987 112
238 417
644 864
100 198
96 675
871 177
747 963
952 321
314 513
782 863
741 27
640 773
357 623
832 274
771 764
717 233
836 470
399 672
407 999
967 136
458 940
77 540
305 773
427 918
825 716
715 496
746 395
706 802
877 758
117 720
874 694
261 573
88 725
915 131
936 935
792 672
627 441
350 483
714 685
301 467
718 844
119 759
317 198
569 589
432 874
697 564
928 285
757 598
192 886
693 563
787 142
274 968
964 352
561 329
664 131
493 1
442 132
924 943
714 505
602 808
189 319
281 858
394 16
327 346
16 314
347 329
923 125
837 897
954 890
215 600
852 112
419 178
962 784
615 308
782 478
97 992
832 550
219 54
605 599
556 279
441 544
870 282
656 873
21 442
93 348
722 457
989 906
112 116
708 866
128 473
823 387
465 464
784 594
765 703
462 623
239 5
964 258
934 42
628 549
172 349
239 729
534 992
889 78
491 818
234 644
503 256
189 236
602 176
370 230
766 41
966 654
541 830
148 435
854 422
544 233
389 453
610 347
370 960
782 957
263 837
777 450
497 808
766 513
850 66
248 798
461 150
697 665
458 546
276 807
631 24
729 21
218 973
528 533
673 951
848 352
897 940
71 986
257 298
37 551
976 53
515 953
421 630
104 115
498 467
456 534
432 727
429 164
885 397
284 768
71 397
414 201
835 199
857 646
889 243
777 414
979 957
521 569
131 399
860 833
113 478
666 218
574 563
593 435
577 966
479 258
465 118
813 618
163 169
671 273
842 429
638 661
903 862
514 132
388 853
248 708
344 980
575 848
772 122
63 967
874 316
429 215
485 422
30 758
70 85
173 518
807 485
545 951
813 208
112 850
295 5
310 533
445 338
218 558
674 751
369 982
612 914
661 559
722 699
260 783
258 485
638 988
988 790
787 535
511 84
825 677
592 178
691 395
514 943
66 886
956 386
113 245
900 507
826 585
209 278
809 462
978 887
44 636
606 665
553 99
394 99
636 578
331 588
34 978
808 295
382 604
965 136
180 640
104 556
890 477
3 528
265 381
824 980
143 103
897 249
888 980
617 139
175 815
931 768
495 967
595 5
711 784
779 836
902 580
409 697
993 467
341 130
667 778
9 640
927 455
120 191
524 114
265 716
905 259
478 894
490 275
486 57
215 436
658 839
940 835
559 289
235 178
739 326
612 490
846 773
632 207
707 67
52 342
413 566
415 1
568 211
630 904
116 835
217 385
814 916
637 851
430 126
40 609
247 170
357 39
623 700
565 851
642 187
448 912
454 218
82 17
101 996
414 782
979 940
589 480
134 433
88 443
633 520
501 108
586 957
984 65
540 368
152 315
91 610
517 771
733 796
121 345
449 748
517 347
161 202
986 956
261 294
752 798
652 87
235 163
898 920
599 19
46 125
431 353
333 423
768 136
85 630
226 992
797 254
456 847
541 291
783 778
106 620
26 165
108 456
732 714
663 394
885 200
640 439
897 223
220 634
754 378
797 243
909 260
12 262
138 30
598 849
27 959
208 551
160 374
804 990
415 653
427 113
334 885
396 380
177 971
36 695
980 265
490 669
374 480
770 192
631 678
15 952
703 285
943 578
243 890
521 4
558 843
24 23
150 503
887 997
804 25
175 476
156 601
484 330
874 373
418 865
336 188
152 688
658 180
509 17
159 318
516 986
679 118
794 669
282 539
163 310
684 794
724 247
148 202
104 843
313 563
292 809
71 506
114 192
7 670
666 468
113 734
211 98
884 707
181 723
347 545
429 564
7 823
266 896
498 586
962 183
760 719
445 167
490 12
237 377
513 428
255 621
275 789
647 414
865 53
166 261
145 977
40 253
567 106
684 197
612 224
24 712
372 582
338 703
247 242
189 823
218 950
339 199
840 433
666 20
24 260
491 534
486 62
116 848
928 237
279 382
973 84
410 926
729 998
773 297
500 928
851 856
699 193
902 639
668 20
278 688
359 245
143 260
352 969
521 919
80 454
269 701
639 685
476 56
269 943
712 31
126 905
339 521
809 338
7 742
463 240
555 241
710 424
466 95
482 562
819 800
121 604
534 149
5 2
924 312
193 936
184 230
385 760
793 886
770 420
241 952
440 284
905 494
530 22
362 49
324 202
148 655
393 348
696 160
774 324
869 317
133 116
958 508
380 922
298 651
577 950
401 230
91 892
100 414
762 482
503 540
477 552
324 331
880 410
301 496
654 261
198 452
455 449
382 857
462 849
40 141
677 789
865 973
218 823
750 718
954 208
83 380
892 59
448 681
236 121
621 936
598 168
322 861
347 533
638 587
377 292
80 980
454 984
77 206
487 34
526 897
870 497
49 713
300 319
794 368
611 747
901 176
505 641
48 370
679 13
128 659
631 888
547 499
193 294
92 361
263 479
134 980
658 952
341 989
395 7
542 506
169 546
852 629
88 420
905 316
685 670
525 38
893 784
252 719
753 685
765 105
278 973
63 567
764 393
773 310
398 916
495 156
250 810
283 144
285 443
181 349
106 487
7 531
513 494
171 44
608 221
69 584
367 316
180 51
170 88
386 440
561 564
763 115
887 94
165 128
142 543
275 199
680 455
343 847
195 953
377 569
575 349
906 410
668 309
96 257
961 851
863 75
525 343
523 580
467 806
567 126
10 557
364 987
441 206
793 868
360 902
414 706
218 401
316 740
900 574
813 281
416 564
52 786
641 959
610 12
440 341
50 114
594 682
410 788
128 627
78 373
868 385
876 529
657 185
492 236
719 32
726 105
170 54
723 618
579 247
976 468
795 738
19 905
239 667
223 409
262 770
283 387
432 6
424 683
544 96
863 765
7 284
819 147
140 393
87 738
499 332
25 277
466 967
318 672
632 493
1 89
157 714
20 736
305 76
746 538
190 226
287 456
521 843
172 592
742 524
59 234
822 258
287 379
623 811
248 836
127 329
981 268
731 488
966 957
920 394
480 980
23 328
585 215
949 83
765 569
475 975
54 606
516 848
460 169
356 426
297 294
899 192
773 498
584 344
852 597
133 273
760 509
321 302
883 409
763 611
861 550
235 378
424 739
979 590
850 415
228 724
576 329
928 303
856 130
817 466
428 367
252 702
852 808
599 545
172 775
528 283
36 169
892 95
274 388
163 200
782 621
721 989
124 43
575 848
682 938
369 106
552 41
433 62
873 818
675 422
403 603
616 77
888 51
372 418
954 836
93 997
379 903
77 681
358 188
268 412
490 583
485 514
873 727
294 562
566 559
812 302
93 769
898 738
860 828
471 803
76 462
912 241
658 389
903 625
689 190
326 41
513 397
603 845
769 275
782 386
582 182
427 735
474 309
933 917
695 276
966 815
878 366
712 212
376 918
612 525
641 635
719 611
798 732
466 45
441 242
372 409
415 57
335 740
86 892
934 283
502 326
488 69
6 356
205 972
211 149
618 521
293 102
971 860
71 943
728 726
156 935
591 133
383 437
246 217
369 231
753 513
547 958
762 945
671 328
324 769
57 893
97 435
429 943
714 565
612 255
520 634
862 323
27 283
366 531
966 131
849 674
249 607
151 831
62 348
195 289
919 794
888 937
358 808
144 324
836 767
132 469
698 510
780 489
295 60
743 463
977 648
654 731
535 969
521 555
437 455
964 228
899 829
660 228
488 613
630 303
596 272
787 990
183 943
386 678
806 346
893 103
2 630
17 722
298 31
122 145
707 382
431 939
618 9
564 950
981 211
670 153
906 906
468 898
698 761
429 301
162 90
896 786
684 389
106 657
106 458
823 83
708 159
90 244
18 134
794 183
222 639
602 871
566 256
564 81
924 593
941 748
826 514
870 622
518 668
419 360
386 902
936 639
371 261
422 710
437 582
160 630
81 106
541 102
237 385
100 786
329 215
195 111
221 344
24 887
281 627
306 424
556 381
428 979
497 525
383 378
20 606
750 643
215 540
183 784
956 16
445 110
895 275
649 545
65 749
639 710
409 305
899 910
707 458
421 581
703 589
198 328
397 846
784 349
306 156
867 331
576 174
583 882
429 483
143 65
131 227
232 578
563 420
997 356
485 912
350 726
263 153
915 671
520 195
799 523
810 693
524 111
488 575
638 770
679 383
255 39
21 816
591 455
532 729
248 297
766 132
141 914
86 779
82 941
726 400
885 771
960 529
592 291
376 948
859 943
829 542
154 912
722 179
61 176
451 809
504 909
122 154
681 903
777 45
364 198
907 260
365 749
544 992
886 270
943 542
496 756
519 745
668 273
569 653
864 819
387 767
189 232
876 66
505 621
331 673
864 579
575 581
90 219
588 68
397 895
990 103
145 724
108 550
382 744
863 6
192 129
483 812
477 534
840 723
205 386
235 501
324 932
123 237
574 24
856 214
952 636
760 285
875 312
103 732
62 379
806 270
195 92
536 540
361 332
270 25
388 459
425 584
227 726
963 5
725 93
846 284
184 444
244 257
501 922
698 58
156 565
422 323
482 693
575 10
953 749
824 427
590 345
375 798
747 254
289 443
264 685
434 58
937 189
759 295
183 893
946 565
388 378
184 722
550 445
122 59
366 67
831 287
241 4
87 953
687 390
143 803
323 876
680 543
481 596
949 643
561 282
242 415
174 562
759 399
145 960
923 541
493 94
113 704
73 890
170 173
833 745
789 194
739 309
73 256
541 691
287 613
705 62
45 734
73 850
23 65
594 577
348 653
896 648
244 298
985 322
560 494
205 43
639 324
862 587
467 508
766 512
328 234
224 679
281 703
671 287
825 927
767 535
384 506
199 60
297 757
6 146
126 663
197 859
749 6
150 6
343 252
592 247
502 865
56 10
582 694
91 755
864 897
508 919
695 100
974 261
797 335
131 777
283 576
377 609
176 554
66 611
9 520
589 812
672 726
478 184
139 954
323 655
346 752
239 841
220 942
264 917
627 329
108 838
124 765
740 557
506 933
830 495
509 693
70 541
100 886
117 403
742 170
138 323
85 906
46 920
78 197
635 77
367 827
550 746
445 567
104 911
670 980
88 325
163 309
522 808
26 577
87 827
664 897
659 143
223 895
918 470
765 232
303 869
119 344
436 451
944 97
773 620
567 393
994 26
756 249
582 148
500 960
80 950
778 251
720 673
552 271
339 291
327 192
357 992
644 920
627 314
840 329
727 290
606 835
76 819
938 881
262 345
951 250
585 968
148 130
164 451
22 535
780 104
210 706
299 316
158 392
88 771
991 187
698 999
174 191
125 888
793 658
432 712
217 426
289 786
780 37
959 641
282 117
607 360
467 834
142 758
833 580
64 282
109 255
440 301
480 853
257 839
939 643
455 781
678 914
424 945
74 195
836 86
558 451
642 845
81 576
569 904
885 233
563 526
880 623
196 978
66 996
357 315
193 208
926 693
512 603
261 398
124 416
499 517
309 556
826 103
64 442
18 11
531 821
761 145
921 327
707 246
241 273
730 613
16 669
2 401
212 828
855 836
862 230
410 259
106 20
428 425
595 203
545 307
207 633
375 965
499 263
434 669
951 988
649 632
153 576
685 647
647 935
776 295
896 939
452 714
313 550
750 634
609 930
282 249
31 522
138 142
204 897
699 460
994 912
378 880
384 101
467 55
959 477
948 451
202 359
309 328
299 787
158 508
413 933
403 370
104 943
842 204
683 78
573 609
361 47
707 309
300 207
131 85
350 21
874 327
559 153
704 819
262 332
154 690
49 808
358 630
213 245
344 543
959 726
751 497
114 304
296 523
80 289
338 895
329 941
512 755
926 274
504 956
902 646
183 975
268 132
791 411
672 106
335 157
903 653
20 359
702 679
265 605
687 56
530 293
322 132
587 963
195 893
328 746
696 481
571 141
218 768
222 995
889 621
216 555
661 946
237 728
658 416
245 725
566 750
856 329
154 742
517 775
693 700
563 584
667 728
532 55
879 989
217 510
362 230
973 718
372 638
760 148
262 96
581 818
440 269
743 908
608 623
626 402
799 759
845 803
102 155
731 805
269 73
372 544
967 817
664 88
22 141
503 600
369 969
20 146
298 654
645 995
856 86
959 819
905 783
260 959
898 280
143 941
937 32
626 195
264 4
55 532
131 213
672 194
909 129
613 485
292 296
749 327
476 219
828 851
169 838
417 271
666 866
674 800
493 451
549 837
108 929
130 245
65 333
539 753
163 644
301 970
166 233
8 759
856 839
552 370
677 252
922 780
531 355
288 449
725 656
826 638
898 36
372 979
954 535
901 846
670 271
52 37
264 171
343 503
541 76
193 681
931 496
968 528
784 632
716 921
287 792
299 483
962 40
447 572
3 658
517 760
859 433
410 676
723 774
668 346
317 800
163 186
195 447
66 869
760 494
210 901
625 501
623 94
98 446
160 737
675 948
243 147
682 59
177 698
11 272
310 727
576 573
568 887
822 483
952 761
123 268
853 890
590 726
838 853
528 274
807 431
543 796
967 475
710 132
114 385
132 104
556 478
15 310
337 945
508 380
463 556
703 489
336 296
794 968
657 258
93 295
336 878
209 227
34 842
19 670
592 927
158 781
658 63
67 656
588 793
560 918
974 628
510 726
589 679
990 670
487 180
398 455
942 671
657 996
271 231
333 920
667 758
851 605
196 902
544 311
373 749
743 98
117 372
85 757
648 841
902 440
133 817
231 764
873 951
607 516
868 503
712 313
898 241
363 943
141 211
164 428
745 303
490 887
134 217
512 584
52 437
395 950
378 109
908 333
886 878
123 160
247 943
691 949
695 780
962 489
850 606
2 410
403 813
925 45
331 830
198 838
568 669
244 787
139 247
623 855
993 907
730 442
601 429
441 892
119 452
139 762
130 548
523 388
337 776
782 492
854 382
306 40
172 328
831 637
937 640
36 770
373 260
351 516
404 589
759 526
448 874
860 618
39 98
730 164
340 464
664 132
241 784
784 799
488 706
357 94
894 951
56 759
420 188
417 287
105 538
920 119
395 831
736 232
373 567
294 987
26 134
201 686
468 820
536 296
688 905
232 686
818 601
172 709
443 734
855 307
309 700
954 638
913 436
604 435
391 293
890 554
335 177
315 633
466 860
369 902
643 908
656 256
6 914
204 863
273 921
614 715
430 767
641 731
292 718
149 315
762 448
124 453
216 56
484 605
944 688
272 70
304 674
932 821
390 151
272 22
492 505
3 126
194 125
519 218
981 467
99 647
265 494
465 290
886 182
135 118
438 312
377 83
600 97
707 96
126 378
630 246
237 815
951 421
385 388
488 438
556 892
917 108
479 45
971 566
536 321
491 690
244 564
722 633
432 401
102 548
831 48
847 427
382 727
573 518
150 775
687 982
373 621
389 15
843 279
501 202
166 186
816 825
894 707
91 286
801 6
703 354
10 557
960 353
203 505
54 844
56 375
653 872
271 551
624 420
320 754
635 743
711 391
557 769
277 466
417 192
110 622
727 724
774 582
821 135
623 259
511 340
23 69
937 721
231 975
664 713
481 225
773 50
520 115
629 319
352 128
321 133
922 261
955 68
751 658
306 239
42 926
17 730
737 622
563 346
89 90
264 683
670 465
713 845
921 244
534 933
598 725
331 279
36 851
815 539
914 968
662 2
923 875
927 931
572 425
309 729
254 564
780 689
119 389
508 186
392 494
951 977
684 707
40 263
214 316
887 216
198 891
627 982
462 601
764 740
608 334
54 400
199 725
664 808
918 845
437 823
273 846
310 946
399 790
671 343
143 503
970 327
865 668
940 887
439 183
444 748
384 28
147 145
477 202
148 423
945 15
858 238
424 669
918 71
296 573
524 989
448 373
730 987
74 739
208 695
887 501
839 649
552 479
582 904
125 148
108 671
331 310
388 477
87 588
560 49
806 542
66 942
522 297
808 98
438 894
986 685
944 578
520 724
157 847
779 263
546 111
662 741
432 25
740 173
430 839
851 399
295 308
105 743
633 692
414 739
352 176
232 678
81 556
781 287
977 763
720 536
736 122
909 426
398 777
449 213
118 390
792 588
604 477
138 329
574 916
902 399
264 808
627 972
396 346
612 95
726 216
883 300
384 975
797 325
826 459
928 964
24 412
55 783
577 668
329 692
592 382
841 299
890 18
513 740
30 390
867 55
936 672
735 199
779 874
195 248
433 472
595 288
634 297
493 300
700 365
335 808
234 791
835 976
35 832
633 977
982 448
799 902
409 302
525 333
250 359
76 607
997 831
951 65
726 663
521 707
370 804
684 107
843 646
165 752
625 409
84 283
559 83
808 640
113 193
702 697
288 605
697 757
679 780
243 16
391 229
516 782
223 910
274 993
960 230
226 14
554 649
950 302
149 527
922 222
962 71
831 657
194 683
30 469
931 832
505 483
875 114
424 599
337 601
580 281
708 226
777 733
482 652
988 87
161 259
423 952
927 360
160 239
738 14
648 75
18 334
514 815
213 904
955 526
873 346
513 745
206 329
906 525
216 447
198 586
482 365
451 54
255 616
38 675
449 511
657 756
415 996
621 795
938 502
677 148
542 483
635 432
980 672
302 999
32 300
269 549
4 715
823 1
560 74
706 369
402 808
648 980
201 604
213 521
92 114
559 965
195 879
304 124
394 788
571 95
542 466
746 205
306 448
446 712
797 946
240 453
196 123
605 538
758 440
493 13
811 538
3 131
360 193
917 399
192 473
20 790
594 897
950 756
27 917
362 440
43 127
159 101
253 25
21 394
150 11
523 832
662 757
349 690
752 703
170 503
409 197
505 747
24 297
247 299
810 637
484 16
807 932
527 421
136 731
582 88
133 431
944 23
801 569
372 277
39 740
440 990
478 400
929 665
111 90
351 991
778 239
499 101
765 979
490 607
159 193
134 157
289 535
438 116
560 751
930 693
993 539
873 886
754 360
990 76
816 460
732 302
698 134
720 424
793 799
793 420
902 615
968 149
248 723
614 564
922 198
973 510
430 70
326 785
468 191
640 290
38 349
183 721
69 168
289 755
835 804
206 314
46 116
435 492
880 224
915 360
895 171
424 98
425 997
307 52
104 241
709 249
279 476
441 188
661 403
442 619
772 254
497 673
730 932
253 624
448 982
594 256
873 430
144 447
599 94
877 335
552 695
36 746
689 648
48 873
400 531
17 283
171 30
194 925
274 80
455 996
442 942
721 593
162 537
24 928
37 453
986 704
591 336
413 147
873 366
588 979
460 12
952 477
720 525
97 690
488 306
865 138
461 567
250 118
310 928
667 178
848 364
704 964
32 696
375 640
737 280
107 165
97 246
778 668
15 988
94 706
778 770
438 158
631 890
106 341
397 515
587 717
372 498
969 467
65 221
781 891
842 53
357 486
289 688
396 23
411 525
616 876
184 888
725 180
998 88
654 236
949 472
451 260
616 34
193 172
735 84
195 401
575 679
5 44
870 702
845 77
430 400
418 120
929 395
93 133
718 874
363 880
213 413
538 274
234 668
980 647
582 71
662 324
77 758
776 702
738 592
277 771
213 100
931 39
41 148
666 768
550 707
943 963
982 658
304 336
564 312
335 660
863 196
311 662
588 909
568 557
199 617
858 848
542 38
311 201
491 387
554 427
51 158
257 358
422 117
196 850
690 175
590 976
928 716
264 921
567 623
917 186
447 131
798 906
536 814
692 412
363 240
560 734
994 366
286 253
153 194
501 474
325 997
645 493
716 990
736 358
755 47
175 738
974 156
267 4
324 542
109 490
418 127
429 923
508 997
861 672
841 785
16 799
833 405
957 16
528 790
688 900
577 436
793 207
89 26
27 993
588 175
76 311
313 216
522 208
276 415
240 990
163 695
791 794
495 665
560 446
268 180
242 170
428 207
525 16
805 369
84 540
238 54
313 607
600 418
636 881
426 143
80 352
519 581
81 776
253 791
477 94
85 379
598 670
101 753
375 199
604 326
773 726
336 176
546 719
858 677
263 671
957 576
677 469
231 854
313 91
42 365
295 809
991 24
241 347
495 124
128 475
622 900
274 609
271 142
454 86
886 523
998 366
114 696
936 118
244 477
110 191
996 85
404 211
38 117
206 29
223 137
232 997
207 514
990 672
366 581
873 245
576 552
656 998
920 169
836 117
654 158
925 459
782 951
340 643
797 840
360 565
891 133
94 723
228 734
191 638
241 679
496 115
797 153
370 417
763 480
652 584
91 564
618 951
169 391
719 954
842 148
27 246
511 699
656 884
543 155
191 327
444 65
831 842
589 100
556 300
146 508
574 140
945 35
281 721
198 183
252 269
95 180
416 126
953 682
654 987
746 829
953 775
409 217
612 639
361 10
791 561
813 500
264 558
830 454
486 924
390 662
609 519
375 72
52 272
961 432
275 684
299 883
113 815
88 825
123 813
539 554
280 924
975 929
226 957
290 553
16 861
863 858
689 776
301 642
653 738
447 156
34 13
57 251
790 864
928 276
644 889
725 51
448 442
162 442
965 185
707 713
426 408
187 842
883 465
884 139
695 851
821 233
90 264
850 991
546 763
487 207
98 678
991 30
796 580
165 855
967 260
409 231
230 738
616 949
621 986
793 71
649 876
769 732
903 963
558 856
975 996
648 512
176 486
146 37
458 258
309 632
849 366
413 170
481 424
676 286
520 944
477 248
996 901
432 919
28 872
25 692
901 872
824 87
181 461
910 902
406 456
469 396
858 282
521 263
117 344
665 861
789 487
434 122
44 586
389 491
502 200
735 17
608 321
975 749
538 725
328 440
918 487
723 760
554 751
885 645
262 385
85 652
202 374
860 599
268 929
129 874
151 177
755 706
322 644
458 627
717 32
910 490
325 150
65 430
895 11
380 224
97 539
882 493
362 723
767 1
363 580
189 768
786 117
393 227
359 626
959 403
477 946
922 210
83 472
680 756
196 959
730 144
899 693
26 985
597 818
731 175
856 535
629 91
134 276
155 732
147 87
665 331
453 144
421 60
311 949
542 159
21 651
991 460
864 49
590 464
3 433
911 940
393 186
985 350
205 853
210 625
433 493
420 406
630 292
491 11
682 837
324 240
530 238
448 185
632 346
610 487
668 179
468 122
690 623
496 491
716 814
151 62
251 371
692 260
356 209
106 555
177 343
199 10
937 792
743 64
19 668
404 463
284 300
622 169
31 649
252 376
533 201
103 696
317 329
677 916
26 882
843 694
871 656
146 48
87 199
175 213
506 996
87 165
456 133
680 286
27 553
143 146
970 640
841 289
13 891
698 411
940 308
586 318
108 658
996 415
532 567
292 15
864 367
601 983
315 489
103 551
656 875
558 797
886 931
872 307
895 975
865 804
897 99
516 916
518 809
890 572
535 114
470 933
749 645
136 818
677 72
962 848
466 806
915 746
280 209
771 397
675 256
137 341
282 407
100 971
876 291
674 278
313 789
355 954
602 990
332 518
244 201
107 585
333 461
448 615
41 862
334 315
569 505
377 886
837 163
247 821
952 741
106 348
160 518
81 459
155 776
427 449
301 782
941 537
146 22
375 420
398 566
820 399
494 380
780 401
472 869
61 713
932 409
474 763
865 776
128 749
946 295
31 66
438 452
238 443
472 552
133 797
169 772
504 765
182 523
255 91
873 752
216 142
476 736
771 731
731 690
470 830
84 445
173 802
195 887
345 107
260 718
12 604
325 40
47 805
43 17
174 487
766 357
516 390
25 964
382 531
162 971
778 571
558 126
307 388
814 172
512 303
229 634
929 252
623 839
98 741
868 623
206 582
365 165
405 961
442 122
325 281
539 831
525 937
825 551
594 638
869 999
197 184
644 806
520 693
492 173
162 328
598 72
70 118
780 250
125 352
744 772
575 778
870 229
689 100
160 800
511 870
701 767
7 613
831 621
114 813
470 454
938 763
145 979
316 518
497 62
553 178
691 752
116 505
506 721
826 318
52 566
30 660
159 365
988 894
270 246
141 771
948 847
548 536
678 22
636 377
781 357
111 769
580 359
696 342
567 186
104 924
578 730
127 294
501 797
280 319
959 12
508 421
535 171
488 354
31 3
183 644
45 237
851 810
467 735
270 983
57 663
193 313
131 703
784 845
922 388
374 654
323 53
447 189
565 250
625 347
478 572
296 805
453 892
40 971
396 786
854 447
953 151
483 683
998 183
520 288
464 700
298 340
228 912
659 381
13 409
70 454
305 328
84 669
925 458
984 220
646 210
839 824
877 838
531 41
32 43
786 267
269 758
112 900
568 510
127 716
982 476
773 166
704 618
514 260
265 85
865 21
407 870
516 446
924 524
338 233
726 667
642 561
206 438
431 624
10 155
651 952
521 351
793 944
318 50
145 654
904 349
63 290
463 458
832 732
953 608
669 842
956 640
948 741
757 473
883 592
593 887
74 490
471 498
418 570
106 570
596 20
627 615
132 496
328 414
51 193
742 169
184 750
979 397
563 79
53 401
342 296
135 41
47 280
146 208
296 943
767 358
948 835
783 275
124 85
525 570
794 297
45 46
27 780
701 807
90 163
70 868
984 116
863 988
826 930
443 368
439 730
303 589
140 847
431 341
827 968
940 511
300 12
901 42
816 865
54 192
290 138
53 270
376 223
767 202
199 463
888 409
220 326
56 760
922 604
954 983
837 990
950 804
808 275
296 265
470 771
625 426
846 800
676 918
865 652
587 444
273 609
790 997
823 427
841 539
449 124
224 33
451 174
215 639
307 821
646 713
745 311
727 173
358 999
316 220
68 893
191 301
553 881
316 326
268 58
733 108
860 835
431 506
723 905
298 757
836 673
467 536
649 86
912 837
954 695
621 168
863 721
970 24
921 11
236 165
426 552
134 557
770 495
120 902
368 249
283 972
430 275
655 825
827 630
304 405
692 765
604 706
12 768
410 305
546 454
746 227
663 358
191 686
856 847
534 628
761 634
771 828
872 464
157 256
257 504
33 964
663 112
935 419
284 148
542 281
252 432
591 267
904 505
535 90
920 57
313 321
830 324
666 581
769 529
9 815
146 3
574 587
119 480
878 667
90 686
79 479
449 523
714 469
727 839
695 465
115 363
939 20
245 314
411 556
625 41
203 106
125 994
216 887
543 975
38 828
86 900
21 846
223 849
6 374
295 191
402 283
523 421
16 473
611 870
8 357
852 498
146 881
663 25
693 804
24 220
344 694
982 308
563 283
712 456
787 866
214 77
288 784
882 319
225 518
998 142
431 843
93 511
546 508
96 51
582 494
680 327
783 217
511 689
130 113
226 109
641 22
716 127
717 434
48 553
903 902
497 765
519 86
905 86
631 788
499 426
992 121
516 637
138 178
694 387
253 968
544 372
144 565
763 207
680 36
818 237
752 515
458 542
687 644
276 354
889 378
215 874
118 877
871 328
906 470
428 513
215 268
381 922
972 487
330 965
189 861
865 346
163 495
611 933
251 243
255 496
264 45
965 430
618 698
362 942
704 495
91 12
577 895
595 619
245 719
259 947
312 495
933 585
615 411
250 310
408 204
943 163
835 649
548 7
405 864
209 590
25 300
123 710
679 974
153 873
215 514
263 98
707 44
909 467
886 807
675 232
583 575
994 857
536 557
215 116
382 637
56 239
222 519
485 198
629 216
756 218
677 666
479 719
523 442
717 825
154 209
329 781
228 601
514 644
570 927
163 997
523 286
107 184
316 313
45 163
818 965
336 735
234 967
730 665
819 475
879 798
935 15
528 956
965 734
797 935
755 597
325 495
290 815
414 839
656 552
465 476
414 675
989 197
339 5
420 795
674 574
989 369
506 58
761 834
976 223
208 213
59 97
211 145
45 149
120 728
595 573
841 704
558 856
486 119
271 905
804 748
228 876
963 522
842 386
134 682
836 495
445 638
19 489
553 552
717 757
354 76
978 590
337 884
598 125
458 740
37 935
879 225
324 175
785 813
538 270
782 999
767 802
572 965
695 148
557 976
704 181
613 993
985 372
13 592
401 142
653 141
371 471
442 688
97 743
443 344
214 909
658 30
360 493
900 150
161 123
575 228
397 493
26 990
926 552
526 761
267 473
374 264
758 429
909 207
315 312
221 177
722 72
175 736
555 922
299 59
784 548
814 138
876 608
332 398
130 72
96 172
648 891
967 601
825 767
756 499
550 540
820 638
950 525
322 952
790 359
16 43
401 989
111 174
455 727
808 206
153 363
566 290
696 889
741 127
174 973
510 723
240 765
660 737
33 407
789 809
620 213
951 579
326 565
39 594
28 256
815 87
388 108
989 167
988 814
677 780
565 207
588 436
153 794
971 307
443 669
471 145
988 781
990 268
537 883
900 924
610 533
681 904
561 282
382 984
563 947
616 781
954 957
117 163
900 811
875 871
565 809
331 376
920 443
289 887
265 300
674 916
738 154
379 481
539 283
234 300
734 362
939 685
542 52
181 900
262 263
700 668
72 553
719 744
546 398
386 9
111 363
462 73
855 609
206 144
120 739
946 55
483 986
927 129
333 836
657 804
269 840
990 369
566 914
313 365
721 848
725 626
186 945
901 335
642 645
920 976
701 972
663 578
694 824
10 689
771 833
906 925
605 363
514 727
227 146
778 716
160 862
772 268
612 255
798 973
297 149
647 632
662 902
355 139
399 403
828 209
174 662
612 982
366 46
554 587
310 577
892 966
701 205
243 849
950 912
581 591
703 579
330 772
363 660
184 504
944 263
454 891
119 769
599 174
175 318
946 826
503 133
324 401
562 250
4 639
265 33
355 202
593 544
217 626
705 17
535 893
737 411
243 961
81 305
611 458
453 525
279 277
457 802
181 651
132 229
672 695
931 686
296 215
4 697
463 414
902 310
590 586
709 378
760 88
525 279
546 491
194 594
907 979
796 19
504 542
814 209
447 84
265 146
631 644
416 966
339 369
427 326
274 709
190 598
506 940
569 858
786 741
353 510
462 767
550 638
330 617
44 354
419 216
454 919
128 845
560 542
254 811
352 108
506 224
66 942
71 553
603 156
994 604
347 958
45 505
841 669
152 711
156 915
490 729
767 721
212 906
238 68
496 318
162 715
60 780
332 802
845 951
261 704
300 862
736 24
659 373
850 719
211 99
593 908
89 594
911 86
862 329
108 831
293 21
594 631
739 573
592 775
676 200
534 277
541 923
295 926
339 357
385 829
117 298
907 93
322 488
359 575
919 671
742 393
922 520
538 592
132 859
240 430
290 135
228 552
521 992
853 518
152 487
231 532
786 649
460 433
807 877
119 349
646 64
679 766
209 853
296 608
207 898
110 482
813 180
95 770
658 135
357 127
435 731
237 436
900 829
329 419
500 793
920 399
867 26
514 208
511 94
405 207
809 396
685 961
788 217
946 521
387 877
898 317
850 766
917 872
539 502
530 109
673 204
650 446
957 284
457 408
709 655
607 641
916 896
814 673
546 631
664 301
504 318
416 338
196 997
672 309
626 375
532 879
741 468
179 677
897 213
602 601
357 368
457 108
724 529
957 278
984 374
46 554
301 654
840 622
246 443
242 285
96 444
354 920
15 714
912 964
254 560
461 752
243 790
134 608
900 620
923 24
137 220
226 941
741 516
231 568
70 474
404 549
330 464
274 299
651 845
609 885
940 550
932 952
612 563
292 840
653 450
898 259
432 375
659 137
356 778
550 733
987 205
375 843
358 816
272 201
395 644
11 375
410 557
329 904
16 704
594 845
949 856
532 536
875 62
964 2
930 763
754 99
633 221
157 870
71 883
874 35
324 875
520 663
76 366
824 652
458 191
222 71
586 487
334 765
989 903
354 847
839 294
614 463
963 759
658 855
46 979
753 519
286 705
374 464
694 943
78 452
124 993
471 874
524 954
409 123
691 88
653 326
257 633
633 450
691 313
582 69
832 34
651 846
318 579
784 951
379 259
919 983
798 392
298 467
540 247
160 595
384 443
688 34
372 998
91 662
560 405
126 358
518 21
892 464
465 756
797 143
85 620
29 507
755 132
200 332
204 457
82 233
29 219
359 588
418 806
356 352
81 85
856 669
596 394
278 231
806 32
948 820
866 571
306 627
759 122
862 290
341 246
470 408
105 775
941 407
584 86
85 175
339 89
948 368
753 189
307 978
665 801
378 10
81 40
164 884
183 537
78 57
596 795
604 156
21 727
41 841
234 23
532 608
898 955
641 922
807 842
24 955
223 529
39 882
845 259
278 117
156 139
791 820
702 88
752 524
487 896
486 658
522 810
428 662
306 638
110 40
187 4
806 9
200 61
770 721
56 154
199 924
590 284
360 860
462 420
102 218
80 838
639 311
807 902
480 314
571 442
943 165
169 94
87 731
633 819
290 46
811 262
196 895
688 897
755 140
281 666
88 217
646 902
395 578
181 927
716 901
64 202
719 266
492 680
183 373
580 491
624 607
353 114
581 31
212 370
609 533
138 877
27 831
632 832
649 235
882 875
853 129
182 76
86 725
481 616
600 952
338 658
685 523
866 347
304 186
597 386
613 195
472 620
287 411
483 960
306 180
705 392
208 66
406 773
490 166
363 692
485 78
137 740
827 493
959 232
743 292
946 109
566 979
438 721
478 929
20 597
111 985
106 147
748 850
403 13
508 987
939 330
313 908
275 219
213 795
54 615
166 106
210 117
439 50
659 336
30 524
866 151
145 494
226 386
506 741
548 291
529 864
408 939
747 516
781 708
98 727
472 777
375 40
353 766
72 725
413 540
180 821
225 538
162 761
904 600
167 548
884 44
552 654
187 608
825 421
374 829
357 464
755 416
68 204
121 969
478 848
489 300
855 946
313 34
698 434
543 435
489 882
295 215
212 735
441 618
158 485
38 740
721 638
947 212
745 164
344 287
42 233
787 587
591 688
357 182
412 610
959 506
369 258
850 404
388 892
959 468
42 10
66 265
298 793
231 103
209 836
677 326
530 761
445 677
984 456
269 98
730 970
940 118
879 5
474 5
681 658
534 361
19 33
347 931
243 150
908 835
845 724
794 396
310 90
557 773
335 609
504 144
19 540
6 860
828 213
870 378
32 495
128 763
136 388
991 626
431 928
937 198
548 734
378 243
797 176
908 999
971 949
499 531
723 253
254 929
115 167
414 654
655 543
637 388
872 153
500 625
204 958
419 785
717 829
363 805
363 262
196 579
102 656
224 553
205 881
318 954
314 953
406 133
987 100
256 371
784 716
904 419
572 576
7 484
499 836
15 558
481 190
409 946
765 66
559 369
307 490
174 372
972 443
949 250
962 137
237 761
670 239
121 407
478 253
708 53
850 397
84 865
740 490
235 898
111 949
139 166
173 948
115 377
138 57
888 704
856 948
569 259
527 513
461 986
222 393
405 218
347 41
86 997
905 540
105 385
86 345
697 510
982 596
188 451
352 432
688 14
161 862
51 887
10 737
755 781
226 710
673 327
638 161
637 124
751 564
724 494
401 115
420 408
177 892
781 213
796 803
346 307
867 680
483 512
643 603
45 792
311 169
373 497
884 622
823 451
181 71
702 418
874 157
373 995
873 477
522 974
214 347
818 602
214 394
981 233
122 655
280 115
255 460
440 513
559 880
665 433
354 637
627 49
733 173
113 398
403 832
3 80
138 382
379 946
552 29
692 309
504 774
942 905
446 918
178 390
579 90
944 235
215 459
683 639
176 166
694 59
241 708
44 281
42 788
204 374
271 474
100 429
524 565
745 253
817 23
925 508
289 209
804 860
913 141
868 357
324 319
370 379
174 532
753 694
9 163
410 255
100 87
758 946
311 290
272 763
619 691
902 947
61 46
840 558
125 593
623 784
517 573
244 907
111 781
438 886
823 749
891 650
614 524
934 840
678 719
989 486
188 195
510 92
230 719
647 462
121 210
923 18
340 288
180 857
969 772
850 847
647 359
566 687
43 642
154 767
970 471
138 232
890 306
710 13
882 361
471 922
209 574
334 888
725 380
779 963
361 567
429 376
469 660
657 241
750 74
825 513
940 989
926 703
164 126
796 385
418 782
135 860
7 257
492 573
818 916
540 22
455 897
20 675
251 259
103 961
355 748
961 214
418 565
25 638
828 615
442 782
416 869
471 997
357 906
130 396
524 728
958 666
211 763
706 378
906 795
173 805
559 517
505 610
189 108
262 739
33 877
382 610
244 163
111 209
57 166
291 104
612 341
168 674
968 914
43 10
468 932
299 454
118 94
840 618
225 264
603 304
719 336
806 857
175 597
499 982
321 442
247 862
627 184
575 524
728 676
421 282
249 304
949 347
444 516
856 462
720 431
840 451
466 513
128 714
282 446
748 32
996 948
347 292
142 425
96 202
78 296
994 395
86 665
730 285
141 115
76 33
731 567
351 915
729 975
851 850
53 988
331 480
581 11
248 282
378 592
910 334
692 409
276 246
382 426
422 914
626 896
103 208
266 584
589 387
452 703
591 530
605 929
638 528
338 328
667 988
799 464
705 888
922 276
292 119
67 611
482 161
210 155
507 85
2 617
200 340
920 151
834 596
686 487
313 88
279 383
883 397
609 994
644 340
220 433
965 259
483 184
773 820
240 179
170 156
82 913
433 250
82 371
779 618
884 945
122 329
744 481
482 844
286 19
91 266
459 433
288 37
591 946
211 369
517 687
63 197
965 664
909 760
803 819
843 181
794 910
888 632
645 820
289 172
413 342
502 886
419 593
692 235
84 672
107 97
72 510
323 209
702 218
113 555
333 858
759 745
740 936
718 612
665 925
899 5
842 526
559 486
920 351
173 622
504 934
310 208
241 693
853 579
158 910
21 27
470 649
964 268
282 876
930 241
762 996
127 694
357 960
417 322
911 20
512 448
446 105
805 497
570 148
787 796
788 118
686 29
518 545
413 485
679 800
894 127
948 533
996 10
358 475
889 114
925 207
972 897
41 108
35 515
458 919
682 867
213 174
952 751
288 283
447 105
277 36
395 381
424 465
538 135
863 526
937 247
904 69
922 963
324 929
390 946
780 280
766 702
787 101
729 687
269 585
582 842
914 345
410 635
870 201
898 786
617 716
96 932
341 895
90 205
210 494
146 269
691 57
370 327
732 260
664 192
438 666
157 882
936 669
821 428
738 501
74 255
223 449
161 309
759 11
631 91
547 495
369 460
170 847
998 33
584 451
755 465
670 449
183 959
138 38
746 487
360 738
567 499
15 74
260 334
705 357
468 639
971 289
226 602
564 963
889 840
956 231
936 218
348 631
657 469
452 452
706 530
876 90
200 664
12 913
947 481
820 608
960 443
64 437
644 107
725 859
84 592
159 257
922 697
494 842
773 9
616 374
328 789
778 584
379 159
195 644
941 336
858 880
959 748
777 318
785 671
693 952
289 174
870 963
879 283
205 922
143 701
42 919
764 795
794 510
749 653
76 969
808 47
442 332
271 626
222 227
301 757
593 327
513 477
574 785
25 394
301 38
162 366
828 689
29 648
276 355
980 948
533 454
682 517
147 223
645 245
766 691
210 913
378 501
594 508
468 191
623 870
336 455
952 921
859 895
142 256
316 307
642 951
130 826
789 870
34 876
503 859
838 888
146 39
699 25
292 990
431 824
171 90
967 32
241 684
101 309
212 744
354 982
766 273
519 438
803 796
818 655
335 743
361 397
345 53
15 108
496 631
512 724
527 703
310 313
966 77
239 39
117 575
335 146
32 580
957 228
407 824
785 65
556 702
764 71
363 649
96 816
986 551
277 342
793 192
83 113
219 291
681 382
357 610
165 522
580 473
284 65
533 375
193 113
796 672
113 341
254 773
601 153
744 531
747 703
465 64
596 402
115 508
880 468
507 114
294 723
298 238
744 481
790 770
524 112
21 814
848 287
647 887
12 499
615 349
5 176
449 179
331 161
773 922
720 460
197 88
837 745
605 45
722 77
896 837
448 365
311 533
272 516
543 338
120 569
709 916
466 354
407 295
694 690
433 646
480 480
188 730
410 126
615 359
261 607
727 861
660 306
624 526
37 469
350 45
214 947
569 432
224 56
675 5
146 817
427 987
89 988
780 687
346 421
880 210
624 486
776 189
706 950
601 844
102 709
628 10
31 208
406 154
874 827
947 198
871 803
118 935
795 418
649 640
373 288
154 792
241 951
64 580
867 539
339 543
273 649
962 8
266 605
4 756
698 902
538 855
450 732
7 344
245 671
16 160
10 163
444 569
731 387
204 229
246 8
892 743
199 807
578 313
414 273
197 443
57 815
455 234
193 707
78 943
578 583
849 803
76 128
729 91
489 756
14 466
18 731
405 515
250 822
240 847
925 161
869 881
455 543
131 795
867 548
89 946
705 370
401 572
195 989
484 614
628 894
570 996
630 843
470 306
921 50
855 587
869 888
664 959
963 585
999 891
586 151
852 412
411 94
419 842
547 293
679 794
659 28
795 112
357 26
372 953
595 820
334 576
302 959
525 456
731 59
624 456
790 240
264 620
24 374
219 58
840 14
328 4
264 383
417 585
633 683
36 185
888 232
96 511
619 62
124 846
417 429
34 634
246 152
681 848
632 296
762 746
535 721
77 732
485 689
907 785
166 564
60 87
544 469
436 324
670 695
373 685
709 464
281 993
29 420
381 164
306 854
211 932
427 111
655 270
196 471
738 293
493 767
12 53
11 928
964 498
656 265
326 483
108 234
921 396
702 769
521 454
340 290
901 908
398 267
916 673
625 473
904 552
517 19
260 286
898 279
522 233
370 753
263 29
446 451
570 47
695 246
542 885
556 359
330 190
12 853
733 22
619 981
282 194
477 10
362 496
847 919
150 215
672 806
234 670
608 562
189 29
871 831
471 166
397 891
773 401
320 473
84 742
488 44
26 503
405 773
537 4
412 632
53 278
290 76
429 941
4 907
71 531
650 245
156 857
998 899
544 764
168 740
468 999
321 87
247 558
338 220
643 854
287 617
141 139
776 902
736 412
29 468
676 597
220 934
208 432
696 234
564 57
747 760
806 40
454 254
20 880
662 439
712 257
204 971
22 198
68 15
626 91
632 585
20 724
514 609
510 954
482 292
835 95
610 724
595 655
324 69
737 119
199 767
305 660
700 459
535 822
920 280
140 597
312 821
70 941
161 548
69 103
447 21
632 877
703 714
695 663
586 878
306 906
452 396
569 568
89 810
981 401
504 128
212 565
205 93
587 94
240 695
385 329
649 907
321 441
990 512
585 360
383 628
841 432
313 157
230 171
328 91
70 498
154 647
998 44
202 12
673 518
575 961
968 955
100 205
630 651
747 864
327 74
854 166
657 691
946 939
590 895
802 865
321 422
124 508
711 266
888 810
370 345
526 186
293 762
199 529
967 228
118 290
743 941
346 520
601 916
510 761
485 383
439 646
810 402
182 217
329 851
184 678
377 122
685 428
570 15
370 909
554 658
294 992
726 829
486 365
867 71
540 379
945 19
855 633
331 149
992 152
657 223
984 57
787 394
215 354
350 335
319 379
365 438
987 634
910 241
834 197
738 611
156 787
340 430
95 434
835 253
866 862
689 113
2 565
673 667
712 546
756 418
778 409
667 524
551 346
735 639
176 345
777 321
689 420
840 70
382 969
270 59
989 241
423 38
237 845
279 194
671 637
958 529
350 454
941 369
329 240
642 46
167 906
83 894
470 992
819 840
17 129
972 135
595 839
832 555
999 471
881 724
950 270
293 467
546 44
825 284
718 672
87 447
617 245
533 581
689 801
704 472
247 726
288 553
941 378
705 996
101 3
840 271
383 978
654 672
74 594
378 691
404 658
460 745
184 686
474 499
352 165
423 245
99 450
217 128
19 924
836 684
275 129
365 166
774 608
705 674
861 499
82 938
355 632
559 792
922 914
137 506
523 479
579 494
810 743
472 29
972 842
131 672
537 521
150 886
989 337
660 195
687 206
956 107
83 853
119 912
397 258
349 949
385 298
868 464
384 811
608 374
563 415
977 901
682 185
7 754
41 312
256 243
895 286
456 587
446 346
402 695
608 739
544 481
88 178
418 996
781 881
417 995
335 861
250 318
514 63
315 295
432 882
537 713
218 59
136 588
828 893
60 861
975 736
857 399
879 279
306 22
667 904
886 41
616 294
342 136
11 117
267 222
53 188
593 285
291 199
129 701
928 528
60 741
461 21
112 845
517 91
763 755
718 771
540 402
318 33
929 31
782 284
245 248
436 33
150 37
912 890
296 665
205 948
397 898
216 960
164 558
395 288
261 665
77 856
805 284
638 449
620 46
996 940
596 561
426 779
650 691
478 63
328 409
507 926
878 601
20 20
631 420
482 308
335 116
588 83
339 565
14 136
957 697
35 756
29 822
295 619
281 149
141 2
861 239
141 739
131 164
189 979
421 408
863 393
651 671
642 14
800 978
65 635
679 269
442 857
959 400
673 856
757 549
548 956
387 459
847 81
333 958
793 714
733 709
779 608
215 438
763 618
531 942
902 19
816 357
541 463
548 643
773 732
246 54
454 954
496 616
10 596
645 2
305 470
314 634
47 460
55 909
63 199
615 80
811 699
235 585
428 208
219 472
223 30
440 968
305 464
207 964
933 432
189 15
616 709
624 796
918 400
793 750
500 82
202 696
613 712
798 415
562 568
627 216
52 369
389 949
116 771
948 507
668 779
950 649
439 951
502 479
975 139
757 687
722 265
458 248
867 354
953 736
945 809
616 647
852 283
701 446
5 812
201 443
751 581
416 282
802 540
419 172
844 462
280 224
304 112
481 466
601 395
983 320
773 662
538 110
538 858
888 435
812 826
878 10
40 885
815 75
264 745
298 116
471 559
881 376
552 348
903 275
339 574
863 351
902 438
977 488
494 787
470 970
927 455
849 285
406 459
818 617
664 763
928 443
998 358
806 429
414 16
460 975
438 154
620 540
962 670
189 451
406 522
344 551
789 205
970 910
22 637
134 139
806 525
700 617
211 352
59 325
920 432
42 606
287 32
145 630
570 171
821 61
309 754
274 182
269 118
866 483
704 236
740 607
365 896
543 955
544 887
719 506
254 933
748 779
68 628
791 990
154 934
933 488
567 100
802 739
740 311
347 492
613 774
457 561
101 949
842 846
347 324
83 101
69 599
774 885
686 290
399 174
449 434
698 180
640 62
915 319
360 800
952 159
382 653
578 592
435 54
800 740
808 172
575 464
501 453
885 582
307 699
798 484
793 607
62 356
423 412
667 123
108 615
905 387
849 242
293 58
678 537
399 614
254 94
754 846
70 593
50 757
214 90
34 143
627 892
571 823
754 874
806 403
414 980
686 854
706 563
636 801
989 658
185 116
320 449
245 6
545 168
120 395
562 956
950 990
265 434
735 768
362 553
980 74
432 307
768 291
985 1
898 223
54 843
670 177
773 542
79 893
942 459
945 277
60 859
360 134
977 702
140 807
340 92
264 43
587 730
236 658
260 841
757 167
165 950
335 584
267 864
55 926
217 263
214 342
928 349
169 138
155 678
24 429
733 694
767 526
894 833
547 660
35 491
394 239
102 67
790 367
221 25
290 737
923 290
949 451
60 521
867 259
876 64
124 898
384 336
903 774
572 174
300 835
250 32
90 346
915 811
777 417
303 511
999 909
470 546
817 50
714 828
604 78
987 188
961 443
879 766
639 856
342 212
498 984
641 135
512 118
196 662
971 78
833 741
871 888
534 593
321 162
182 350
382 48
881 340
237 576
855 218
954 50
930 786
656 693
831 231
140 236
790 654
73 836
551 764
253 449
164 203
183 533
529 499
865 350
764 128
136 217
98 726
435 672
268 60
185 174
819 589
913 990
609 836
403 912
88 291
303 90
107 941
369 434
500 160
262 682
23 500
158 380
188 829
975 6
834 978
299 843
64 695
10 661
894 517
729 868
817 459
112 869
146 544
530 394
695 70
242 457
20 813
53 566
712 13
749 876
63 788
123 414
900 857
576 932
438 162
959 192
962 578
405 950
370 260
565 618
746 941
74 85
823 795
785 404
789 360
918 306
413 180
16 92
325 546
426 749
951 990
490 527
293 27
170 794
600 341
906 201
360 695
340 76
894 331
266 990
160 487
751 960
544 892
819 59
502 149
485 142
754 771
337 973
577 482
946 170
156 375
56 947
683 406
690 249
742 641
885 611
932 449
835 559
569 377
215 117
152 654
53 117
815 238
687 478
742 120
514 462
592 748
210 132
488 743
645 48
218 101
16 661
423 799
502 533
298 687
232 497
618 617
196 753
661 962
759 800
770 821
75 789
303 982
505 57
890 757
278 39
613 17
228 362
594 917
974 478
801 139
815 428
546 975
507 144
109 254
988 742
417 891
10 553
684 243
371 728
329 924
443 816
721 780
809 385
336 674
212 230
360 678
836 617
132 396
366 368
74 984
694 435
78 139
736 723
978 381
221 797
469 801
968 157
748 778
646 113
850 320
670 846
845 869
956 477
480 209
133 570
926 492
719 405
785 286
866 108
741 92
790 737
190 421
577 4
241 596
978 973
701 945
627 161
262 587
88 928
354 451
212 734
346 667
999 665
723 507
877 815
110 166
167 238
198 713
899 837
876 431
222 260
734 220
189 37
962 719
464 70
349 547
398 817
832 845
728 79
466 414
807 294
364 381
542 11
264 799
849 119
449 485
861 553
736 376
278 385
168 893
570 102
997 839
350 463
396 715
882 289
300 198
885 868
750 648
57 319
356 205
751 883
553 231
161 846
536 204
621 393
774 700
609 161
1 426
50 272
922 739
975 1
598 263
123 829
24 800
395 433
345 428
469 530
353 893
320 548
168 492
327 38
708 997
322 616
170 820
117 989
721 234
650 972
308 924
182 873
864 297
694 930
309 192
276 266
349 368
721 126
389 109
424 155
558 509
178 14
677 606
261 788
740 409
724 410
583 563
380 125
192 805
894 561
58 651
516 542
738 218
122 879
622 749
440 494
282 727
850 216
201 505
863 339
950 976
36 479
502 37
670 610
477 332
665 966
229 555
610 774
845 271
377 588
420 519
854 1
292 288
833 52
551 261
755 612
924 602
560 641
623 740
364 688
255 668
617 382
402 595
994 706
510 216
450 898
328 297
372 98
77 927
246 132
169 215
710 740
117 762
758 30
397 733
827 711
365 187
473 482
828 747
102 139
565 724
135 152
965 649
17 767
169 816
770 916
780 138
960 66
268 642
393 969
25 883
885 256
617 239
521 101
598 14
873 984
278 595
386 562
877 482
966 663
446 894
271 482
880 22
306 51
30 810
953 778
818 424
461 375
226 710
880 477
126 638
926 958
10 199
962 992
459 801
917 807
223 949
159 396
286 999
37 445
340 202
819 447
629 331
533 316
458 670
155 996
394 176
18 909
251 125
732 583
790 781
258 507
301 792
47 149
819 75
852 685
944 275
235 637
554 351
501 901
680 873
517 391
319 347
430 674
85 938
775 320
643 32
235 743
154 487
56 397
181 461
397 791
78 101
435 854
45 696
966 807
466 208
212 837
331 97
373 979
137 727
39 925
982 218
363 56
604 553
352 718
42 70
601 504
860 155
741 563
863 299
306 793
222 140
241 978
443 683
596 731
837 105
443 578
277 978
212 555
603 54
949 625
512 989
370 899
663 212
798 453
345 61
893 402
490 614
567 307
613 853
112 113
477 319
683 256
549 763
698 14
107 862
435 335
691 376
484 886
193 324
445 411
270 491
457 683
287 13
987 208
290 439
145 227
888 189
299 471
86 670
187 432
963 646
968 257
696 49
369 756
795 54
905 872
756 122
825 346
617 420
548 387
123 352
541 531
796 890
504 133
469 191
508 149
570 303
958 195
964 819
281 537
522 232
680 430
689 804
436 571
596 601
837 468
296 313
405 287
154 569
185 398
105 210
538 359
82 751
680 806
767 270
31 820
912 310
735 831
203 3
127 48
569 961
176 684
902 777
5 496
224 239
519 348
397 52
973 842
741 183
607 614
620 172
651 420
481 462
560 64
104 896
527 965
654 958
528 425
687 438
300 976
573 912
323 678
476 135
989 675
937 785
100 671
989 824
29 6
576 682
618 191
310 442
249 480
229 822
989 594
18 564
946 914
911 101
568 988
877 234
779 12
816 836
916 469
352 557
265 406
191 312
381 696
279 164
667 750
39 897
791 316
862 680
372 520
421 982
117 880
665 611
253 246
920 618
700 649
981 157
93 862
704 618
541 45
356 226
38 503
397 229
154 377
42 815
822 156
265 265
718 563
158 559
579 410
856 32
246 827
707 48
245 779
775 127
16 310
681 277
709 701
695 819
442 186
721 241
756 47
844 372
790 639
519 231
478 81
739 27
885 565
158 274
914 296
569 173
704 798
458 768
73 348
650 596
651 628
953 261
176 388
583 931
31 73
692 252
580 259
388 566
564 239
641 391
173 991
354 781
304 650
405 964
854 782
633 593
242 505
469 897
279 575
768 495
461 808
242 730
263 546
52 769
444 539
545 823
849 428
319 883
235 218
272 507
518 750
220 802
804 469
829 162
188 873
503 260
