7500 7500
629 27
207 496
216 210
314 219
785 611
335 402
189 562
35 529
776 29
961 9
354 24
917 372
180 931
901 152
992 995
764 81
94 584
615 179
845 638
253 153
983 368
88 748
108 463
747 916
878 729
807 388
48 490
378 185
413 549
161 848
393 988
68 540
318 462
115 369
176 801
676 991
923 279
117 72
705 365
939 127
379 621
340 559
507 421
729 290
661 18
823 532
211 19
678 25
36 299
644 178
694 779
274 575
508 635
825 198
812 156
894 929
988 886
724 226
491 893
262 707
851 492
279 5
548 870
615 453
841 643
899 312
998 433
542 504
539 779
230 560
209 919
280 90
212 227
374 397
557 881
38 804
694 428
212 975
879 996
822 432
492 559
301 12
769 545
276 824
48 566
190 926
65 424
94 572
101 469
299 837
316 757
35 361
976 202
189 323
663 520
733 222
236 11
855 325
855 58
919 29
867 302
725 557
345 406
573 970
77 457
594 834
356 148
707 100
243 818
11 177
390 982
147 326
369 647
700 25
845 254
692 19
191 870
447 885
566 710
828 613
588 44
767 29
320 380
485 398
780 690
807 8
618 851
261 9
644 85
155 691
744 232
975 414
847 751
435 921
86 728
811 481
444 99
704 512
311 306
295 793
853 817
592 342
408 103
984 347
816 318
136 97
931 336
530 671
353 53
456 383
431 286
976 443
639 814
64 962
741 926
920 106
981 94
129 826
591 346
697 567
946 576
94 891
409 142
786 644
881 81
878 331
184 414
532 528
634 144
450 39
282 925
223 220
726 626
104 666
129 397
272 156
819 218
33 981
754 388
950 88
612 168
462 936
746 709
411 300
206 615
511 882
315 465
405 455
859 807
184 512
855 382
668 526
416 400
737 333
125 703
468 910
535 716
876 849
354 544
737 546
131 967
153 540
721 974
707 891
60 13
672 529
767 207
804 244
500 398
689 827
637 411
118 717
199 93
77 416
494 84
19 679
285 655
114 178
652 361
524 219
937 126
782 372
126 239
846 7
962 687
439 612
527 932
18 73
574 809
214 506
142 102
504 198
497 20
222 686
592 251
374 531
547 338
922 978
769 137
10 425
286 146
273 913
601 809
598 532
659 178
596 840
86 842
826 585
913 194
20 624
89 476
502 630
633 41
775 626
651 501
47 656
437 651
38 883
507 599
769 797
575 99
740 563
991 517
733 681
715 550
47 920
35 268
577 177
935 963
160 109
262 930
899 324
731 355
782 898
995 1
171 834
657 922
15 706
711 935
777 833
83 293
991 435
255 110
333 875
388 354
875 411
326 992
975 383
941 551
154 566
910 854
282 98
342 508
964 998
321 231
208 486
727 835
157 220
683 578
540 263
34 778
522 66
273 741
34 420
228 966
418 219
127 752
984 366
814 960
309 665
559 137
570 966
458 350
377 189
73 71
448 949
583 952
984 40
11 538
685 443
166 796
741 467
433 872
826 801
467 97
595 757
16 833
501 179
859 969
670 553
391 434
202 326
927 600
910 82
921 550
168 772
528 649
169 593
28 697
777 284
857 58
700 315
420 751
595 614
37 613
827 827
194 139
327 974
716 465
665 755
834 757
693 13
19 447
50 851
232 256
768 407
9 908
374 632
70 815
982 632
161 633
317 284
186 266
635 568
538 511
931 433
961 773
99 575
471 871
561 222
569 99
181 152
773 874
724 59
356 10
48 128
602 143
659 224
797 470
542 248
348 733
843 869
577 295
551 665
966 641
454 286
135 339
939 42
774 375
51 406
354 78
445 934
772 290
980 29
758 86
671 593
683 317
6 306
450 385
311 647
590 218
968 655
58 980
544 855
797 305
55 30
18 505
679 165
349 573
846 688
566 160
611 867
538 425
550 841
32 797
962 610
521 969
730 769
197 935
459 925
575 886
423 454
911 163
291 403
684 480
918 950
187 897
5 97
869 191
21 552
82 856
870 621
813 933
146 972
494 507
930 314
711 115
855 370
873 83
66 453
852 359
238 915
95 344
541 694
373 379
707 815
625 900
669 996
92 473
972 625
990 540
661 668
768 687
557 748
462 413
731 991
889 211
985 29
895 462
811 528
529 926
318 462
383 920
984 222
2 174
89 143
253 150
738 333
266 876
833 112
394 221
888 424
330 562
801 233
209 788
238 499
588 636
592 321
157 588
881 771
530 544
363 120
961 515
177 241
813 661
250 762
432 962
500 124
268 82
664 132
513 1
380 757
123 454
310 286
701 777
31 45
262 158
342 890
442 757
534 610
882 560
240 200
790 301
353 738
287 649
405 222
749 475
902 341
534 252
433 141
421 832
568 477
380 112
771 161
798 513
781 288
987 106
899 738
462 87
304 436
885 337
844 646
448 457
306 953
790 327
865 494
565 529
168 823
981 576
495 726
317 47
195 604
459 854
847 594
54 732
112 7
463 421
656 780
718 793
336 892
116 490
468 144
642 50
705 440
735 957
299 623
325 390
824 494
726 56
709 571
645 424
745 104
893 181
119 837
441 398
784 949
336 901
288 579
72 8
317 721
327 815
353 148
213 528
221 48
112 608
590 956
584 594
546 211
618 269
373 295
718 313
171 743
235 423
667 557
766 380
829 297
945 488
780 481
694 659
256 521
20 526
875 59
194 738
806 497
870 757
383 960
264 9
565 491
609 86
139 378
4 568
114 10
739 512
888 148
994 884
396 497
254 239
79 190
488 226
465 493
135 567
635 133
605 929
528 3
50 376
213 584
758 119
408 857
499 793
976 39
761 163
463 104
385 320
490 187
241 845
784 439
860 961
14 715
78 120
101 381
842 540
334 561
871 203
748 488
838 183
829 484
171 330
842 435
920 322
528 326
51 667
588 963
857 440
524 131
877 646
32 995
28 805
890 553
922 5
530 174
244 117
550 349
431 358
783 378
53 272
529 548
939 127
845 589
134 680
504 879
111 486
682 967
739 904
474 875
296 940
999 183
54 73
432 444
269 493
875 148
305 96
119 17
800 316
277 410
262 858
938 425
873 252
334 169
721 890
243 487
742 308
769 804
858 402
509 456
780 240
457 160
934 881
891 706
552 344
313 900
314 749
447 446
820 640
357 320
933 653
43 622
92 809
21 533
867 614
678 146
162 20
660 249
638 808
380 286
78 649
851 331
3 59
621 94
715 237
73 692
148 788
838 892
253 809
238 778
321 15
243 316
373 190
731 46
363 527
228 82
933 861
909 198
828 789
923 413
987 706
671 619
158 782
846 675
915 688
816 8
116 101
326 100
563 451
108 819
103 678
789 345
497 551
654 962
173 125
476 65
275 460
871 227
670 562
429 365
926 140
802 889
247 469
430 660
41 646
601 748
861 338
504 378
226 241
839 676
496 538
175 571
574 496
36 196
349 79
403 602
233 506
316 148
177 163
70 540
605 464
27 912
900 405
85 853
69 789
376 702
482 832
566 345
714 319
461 854
954 488
17 803
804 236
306 889
373 64
352 323
717 259
344 598
395 31
204 960
392 361
326 186
452 693
91 69
922 331
815 179
116 895
814 327
596 554
888 28
298 802
674 40
18 530
202 299
688 595
489 730
518 869
313 195
274 427
441 694
506 479
655 705
667 86
771 585
712 855
317 617
431 481
834 752
244 926
146 622
492 468
342 722
945 433
821 384
250 945
906 515
738 402
476 486
646 837
616 369
797 416
69 968
971 804
368 931
751 940
585 136
495 214
510 969
522 263
960 452
159 439
725 67
785 837
280 334
672 336
395 585
135 541
170 764
284 320
669 640
549 134
179 95
83 536
830 99
809 231
299 103
215 312
987 131
362 732
249 876
787 166
611 408
335 397
238 928
882 977
681 42
843 714
392 42
983 97
370 175
625 999
183 815
228 986
288 17
527 372
739 194
253 38
767 195
794 395
61 217
965 808
887 864
6 615
796 736
651 230
920 21
323 277
526 616
509 953
286 994
109 237
384 40
102 406
32 29
737 329
92 713
527 492
611 902
902 122
122 763
855 311
888 930
553 981
41 65
266 77
568 977
616 968
955 60
976 996
770 286
509 690
726 674
413 351
389 968
828 312
773 634
827 532
545 366
185 716
56 103
482 642
401 757
119 922
658 515
57 115
888 155
854 951
924 733
648 333
642 989
695 685
705 943
403 603
932 961
38 122
311 732
492 191
70 228
569 487
48 137
533 139
662 329
394 256
225 522
919 758
114 671
727 136
611 843
72 815
669 622
889 322
633 179
558 969
4 444
621 905
258 964
620 815
313 307
203 934
800 330
367 141
405 402
260 73
244 878
832 904
463 980
597 321
891 278
461 591
565 821
911 158
184 514
186 53
518 914
995 248
96 464
389 124
691 79
617 376
261 383
301 512
519 373
175 836
813 259
799 516
279 293
839 924
452 316
632 398
827 855
187 628
67 96
275 683
654 396
466 99
742 114
503 895
812 754
833 157
272 838
649 788
636 693
64 653
298 216
658 155
830 237
134 607
629 328
769 67
484 630
657 528
868 730
36 412
326 462
426 298
544 114
793 207
356 158
749 856
806 372
577 189
656 755
455 162
111 554
757 240
151 840
208 785
803 885
865 656
649 177
570 90
263 631
618 301
517 839
537 308
97 742
20 867
632 432
923 41
113 521
904 119
328 657
778 888
693 396
324 757
727 871
600 687
336 891
718 954
196 522
927 506
476 921
147 285
112 938
734 856
575 908
931 841
575 53
363 612
398 536
853 132
410 352
218 99
846 395
662 979
26 236
932 44
542 342
549 370
134 34
259 551
899 857
276 224
900 300
273 663
323 76
730 188
469 713
845 913
362 206
456 422
13 228
379 542
909 860
279 808
450 478
539 753
52 244
932 203
29 610
843 916
402 704
598 124
458 929
489 448
262 276
427 846
457 161
748 516
90 699
104 341
941 343
283 287
54 147
733 366
719 970
181 643
504 437
961 197
838 498
613 684
679 620
635 19
640 203
923 171
454 291
705 487
617 568
903 153
934 365
646 645
891 657
472 23
206 235
296 368
840 402
605 842
870 970
55 90
950 514
927 178
377 806
549 263
523 764
100 533
154 6
816 834
589 481
874 969
360 826
899 17
70 472
436 726
829 860
801 317
385 176
712 412
492 353
482 65
93 789
577 19
633 428
41 712
316 714
862 113
450 403
34 917
166 147
568 563
109 719
146 525
766 650
619 583
354 218
894 165
527 386
909 374
182 432
67 230
530 982
27 840
333 934
281 482
299 959
700 483
452 636
378 503
517 98
205 114
556 706
849 108
847 321
435 693
239 513
303 48
104 316
792 994
797 670
838 835
157 719
544 863
723 694
618 657
376 988
939 16
749 427
473 838
606 778
70 296
743 859
992 508
779 268
692 502
967 88
155 195
898 595
487 405
957 936
858 3
413 33
636 366
77 987
504 417
999 789
777 545
901 286
66 506
372 823
668 967
202 917
946 557
467 873
424 437
107 405
139 327
798 777
48 239
516 462
750 233
793 296
494 603
89 778
825 656
568 409
188 219
819 740
608 505
357 424
926 654
736 82
400 136
52 724
636 347
804 456
525 23
199 829
688 488
251 266
381 965
781 273
904 313
980 858
250 755
222 736
889 996
662 366
799 871
852 395
256 397
71 993
952 157
618 85
954 214
8 938
287 462
152 171
155 166
109 940
673 464
971 479
179 859
231 734
682 647
687 616
417 160
638 712
806 853
39 790
343 401
52 470
901 835
859 989
91 487
243 67
177 960
451 294
271 42
646 683
875 852
151 465
615 546
223 209
675 58
510 36
698 393
411 847
160 844
213 519
174 154
112 293
985 492
374 806
908 463
499 307
576 827
72 173
984 26
346 831
517 108
142 825
651 223
136 383
815 139
371 44
530 504
923 872
834 45
391 881
185 690
504 965
103 760
482 757
702 47
762 973
907 337
444 570
453 773
846 131
664 109
469 395
193 575
624 979
748 14
113 469
687 455
538 750
635 420
967 377
1 876
86 20
648 424
985 818
143 650
560 918
93 455
211 70
107 542
805 211
997 766
900 121
849 295
782 699
519 294
952 731
911 780
473 771
504 72
138 14
32 548
948 927
39 309
60 720
549 881
865 361
659 195
909 68
790 812
700 579
376 422
908 275
951 108
265 948
688 724
512 6
815 215
718 338
616 98
551 237
714 807
975 921
784 429
117 77
277 758
339 684
348 729
156 368
720 994
779 315
499 601
976 387
309 887
678 322
343 351
721 363
327 783
726 150
647 399
628 400
178 49
788 70
974 879
664 369
443 802
757 907
90 134
840 412
198 672
981 665
27 415
962 667
951 702
386 309
747 503
424 882
618 59
514 968
620 442
101 933
260 357
478 155
210 181
295 884
842 543
673 950
761 613
506 136
498 185
794 682
509 985
735 22
129 120
537 826
367 705
462 474
970 323
200 15
531 897
270 587
237 208
222 174
380 367
760 763
721 204
347 346
641 687
428 164
59 331
246 713
584 541
203 416
535 320
536 467
548 895
625 220
930 808
133 327
143 149
517 953
593 126
245 425
971 487
56 480
545 383
747 308
651 568
200 381
890 797
184 664
591 168
830 16
489 570
621 272
309 343
316 705
707 558
76 126
76 564
135 223
5 124
950 758
40 874
79 522
891 555
348 27
442 570
951 363
429 377
682 246
757 111
864 349
641 344
97 74
689 295
941 258
90 549
71 115
697 112
803 391
8 464
280 725
667 992
568 123
601 360
119 364
100 744
535 416
798 270
305 902
838 108
474 563
771 9
524 760
541 690
544 33
76 308
67 497
770 374
367 3
839 259
949 900
456 526
2 156
717 975
277 586
98 596
576 662
504 849
690 246
387 249
292 631
558 138
729 176
319 178
593 490
409 938
839 916
682 194
685 480
874 166
758 174
156 920
912 801
528 731
971 275
667 543
164 907
476 347
565 935
981 695
83 175
751 186
541 468
816 403
59 176
63 417
664 567
510 10
249 770
646 298
457 490
564 323
934 852
962 508
614 376
874 748
553 999
631 523
811 846
927 451
89 951
360 942
905 686
781 440
168 575
979 596
193 298
512 468
862 933
106 406
914 539
898 840
88 204
687 257
990 434
317 146
137 419
631 238
815 690
733 715
940 697
252 295
187 554
811 813
980 112
255 466
338 59
23 614
955 698
374 713
808 661
589 340
789 442
840 646
175 104
263 34
75 655
968 159
230 828
672 450
495 427
535 491
88 88
9 52
973 604
712 70
993 476
130 164
296 187
771 279
991 953
827 823
553 170
604 327
665 478
318 265
169 519
151 222
936 931
854 629
177 21
259 623
22 842
515 326
581 10
476 914
403 122
382 190
236 127
59 895
443 896
411 139
514 989
766 229
574 377
613 395
540 961
605 48
172 526
47 678
324 70
881 597
164 899
235 816
861 726
261 285
99 584
536 507
772 978
880 256
992 674
60 165
587 941
921 940
542 913
4 624
212 556
646 574
798 515
79 889
220 961
601 476
946 812
440 37
799 947
205 400
348 239
773 638
804 970
558 462
909 178
668 747
729 568
506 161
475 241
521 218
970 172
734 206
684 145
657 793
950 860
59 401
279 593
95 158
403 970
280 359
726 817
934 740
284 716
362 917
168 14
874 737
422 711
836 420
397 940
101 527
359 429
119 958
705 412
654 233
522 68
253 670
753 250
893 856
296 183
209 968
429 252
198 847
333 376
883 398
747 415
893 293
494 884
967 909
225 342
119 248
268 890
106 202
569 896
94 124
194 718
834 608
188 392
125 682
164 399
756 134
863 494
362 96
223 801
408 564
825 111
802 984
430 464
462 254
164 350
750 635
399 584
338 437
233 621
404 443
906 239
778 690
555 629
922 592
171 723
550 820
411 137
479 511
993 134
326 383
649 957
698 313
146 327
841 752
880 918
388 135
155 814
776 99
255 974
944 735
211 407
866 716
12 435
32 378
19 705
791 410
761 126
656 271
3 564
772 763
348 293
153 643
170 357
781 766
381 987
269 38
54 750
797 561
80 638
794 544
719 172
782 848
901 308
664 392
179 59
42 684
242 7
905 644
445 523
55 272
461 679
25 635
181 830
8 12
373 64
593 202
882 301
818 620
705 534
58 999
927 196
86 750
612 584
948 45
33 778
923 687
717 670
153 83
480 972
42 596
896 797
937 369
967 602
582 558
345 206
331 606
238 713
709 599
32 291
159 268
856 645
479 899
447 828
715 622
112 370
122 400
95 674
828 211
610 381
243 831
408 239
926 310
733 390
933 786
724 752
203 132
270 23
49 311
174 105
212 915
336 850
770 462
925 386
246 403
713 210
902 743
875 944
175 122
729 203
266 612
813 699
688 857
844 300
427 186
691 652
513 223
591 79
325 921
666 509
626 741
97 495
93 793
200 307
939 910
939 602
248 661
471 820
282 773
431 827
329 753
715 790
988 817
984 749
255 984
615 101
225 525
993 204
960 720
152 648
900 333
23 48
675 538
978 401
883 455
523 712
103 409
190 453
659 316
267 662
713 420
623 615
692 297
798 919
936 302
989 429
70 877
907 984
839 152
917 321
115 764
268 406
655 445
13 649
673 198
451 401
102 813
461 517
357 796
968 267
233 24
779 899
497 519
601 840
950 808
643 745
646 258
62 106
910 39
222 348
645 95
901 571
967 901
545 783
525 397
361 978
224 703
513 513
127 86
513 799
265 87
629 267
940 472
225 402
99 669
310 912
563 748
210 269
85 106
374 433
30 16
242 548
966 724
554 129
711 593
940 64
869 570
825 498
780 359
931 280
97 827
507 833
294 899
810 493
973 950
405 975
560 138
248 483
477 171
718 769
965 871
475 384
981 818
363 538
144 923
188 429
924 403
987 548
32 919
972 649
738 143
957 940
172 481
866 409
139 188
484 124
768 607
990 637
389 930
937 755
303 122
739 22
46 195
470 23
944 884
555 525
115 264
609 236
277 928
324 906
390 784
194 95
632 596
944 219
39 933
524 890
360 158
770 517
400 609
347 17
124 503
134 452
441 637
292 779
243 593
66 120
735 944
342 176
513 133
890 479
744 382
541 517
215 927
593 915
548 724
89 940
623 933
669 388
591 905
292 24
784 741
602 122
932 599
250 567
689 413
577 51
151 568
6 938
57 17
24 796
42 399
274 526
724 657
772 341
84 249
978 899
507 4
412 110
516 76
543 602
473 97
999 313
238 229
581 540
105 842
573 587
498 906
845 578
235 328
814 70
324 777
729 685
751 853
639 368
733 403
208 382
51 62
313 364
926 800
433 335
289 490
631 930
746 332
435 860
434 71
144 327
127 455
47 790
13 435
427 775
495 492
494 87
412 182
379 521
563 334
237 567
422 97
160 493
214 573
892 532
450 911
731 558
254 604
593 307
943 585
76 767
667 824
732 228
400 235
203 494
542 664
337 166
407 240
473 694
613 24
570 325
456 28
887 354
77 940
989 385
376 482
973 852
24 316
17 447
562 652
573 166
780 100
459 46
229 460
46 68
718 664
665 563
828 992
924 541
869 272
53 575
764 949
915 443
656 130
650 361
441 475
549 488
227 376
57 279
827 295
709 558
976 598
559 322
860 680
691 279
322 935
593 538
506 453
204 20
456 166
880 806
609 194
304 160
381 58
635 205
854 403
915 292
428 264
718 731
251 972
683 743
429 780
597 477
794 147
406 666
587 481
914 985
549 705
208 486
771 810
549 18
540 363
243 792
908 336
411 64
114 103
477 676
924 598
964 7
60 175
244 268
908 99
9 130
915 447
827 88
312 312
105 67
855 407
614 420
230 415
346 756
689 571
81 827
708 913
647 861
160 358
799 571
356 477
615 624
801 675
942 13
533 122
51 859
918 587
272 977
137 503
663 232
742 234
189 261
449 234
770 94
683 969
272 937
226 893
407 950
486 640
316 239
66 944
131 871
131 239
495 45
738 909
737 995
576 662
437 438
995 736
546 510
357 919
992 522
84 933
55 66
428 130
44 99
951 841
448 107
983 935
154 464
810 455
289 594
915 187
217 886
71 96
676 257
642 502
459 277
732 512
960 108
71 761
179 408
770 974
572 962
224 785
705 604
139 723
212 229
206 648
146 428
951 248
928 151
672 792
982 503
57 833
325 201
678 389
301 601
881 856
783 416
105 996
769 859
731 62
601 381
875 415
132 55
766 568
246 823
666 781
551 335
636 455
250 891
142 715
408 681
234 278
503 672
255 549
512 752
586 681
452 780
211 653
506 51
534 752
567 277
592 242
341 870
493 991
193 871
474 977
945 386
682 74
584 886
299 268
335 715
35 99
297 549
83 27
320 926
244 616
632 550
209 763
79 504
906 206
412 77
644 102
334 958
711 630
934 548
299 588
213 207
734 717
365 966
101 793
207 994
798 227
936 307
288 724
606 668
319 480
272 527
354 386
338 763
329 697
438 382
233 64
32 571
359 664
971 73
738 745
750 531
891 617
265 478
994 361
575 195
79 890
817 715
177 308
757 335
253 753
944 958
494 158
371 578
668 385
953 749
178 942
285 641
702 601
81 250
700 489
384 361
278 473
615 416
31 639
814 906
117 41
167 679
257 217
929 233
83 366
55 508
440 546
472 393
131 851
751 169
230 559
899 691
170 773
280 757
524 643
788 671
573 518
335 407
240 650
371 358
236 970
603 113
675 562
126 760
458 862
307 828
666 978
697 192
350 391
365 731
614 504
93 783
57 425
864 674
869 880
232 518
866 543
272 451
177 231
617 37
631 345
682 627
531 696
120 430
641 274
525 448
777 372
908 468
105 373
948 106
459 926
575 796
925 536
757 481
734 564
617 77
656 273
929 318
560 896
16 149
482 93
40 566
273 90
78 807
349 498
604 342
6 60
973 713
940 948
706 846
782 487
646 472
730 342
517 500
446 493
234 911
253 397
3 380
317 112
915 709
442 476
662 613
437 227
238 913
296 953
407 753
129 289
503 124
26 613
481 242
113 546
755 715
431 252
410 191
959 747
71 206
164 12
338 404
780 348
163 359
404 110
407 774
140 279
900 985
114 619
336 754
543 433
735 277
667 887
691 623
624 568
606 461
168 949
716 602
715 167
199 323
724 16
126 631
819 631
170 513
952 210
302 210
52 84
986 182
218 792
10 67
590 689
269 357
188 71
512 923
570 316
107 171
31 174
338 956
721 615
816 46
248 455
976 119
441 340
655 616
106 30
724 621
18 777
452 390
211 639
603 287
833 909
393 446
555 550
7 446
230 891
112 881
199 222
867 117
824 76
89 316
968 204
129 797
393 738
402 847
113 398
957 953
102 29
18 385
760 507
4 684
435 871
397 641
40 378
296 644
387 312
894 59
437 832
296 675
834 614
617 255
674 521
995 439
554 264
932 368
615 445
488 749
22 894
421 348
223 129
147 103
24 679
212 623
273 147
551 957
350 952
556 772
711 434
6 575
232 629
389 922
357 655
506 764
955 812
518 618
748 436
460 533
820 751
987 656
338 455
139 380
883 172
891 144
440 400
612 968
947 160
581 646
284 286
798 799
601 132
479 241
549 14
219 491
528 459
494 307
520 363
445 273
799 396
626 567
479 162
328 989
651 279
139 155
729 229
317 974
256 245
201 117
986 215
698 37
84 308
615 682
505 298
490 605
80 377
667 530
330 307
652 313
537 380
551 479
664 59
113 250
945 70
227 982
416 665
915 674
989 450
824 171
343 779
236 529
164 72
670 202
896 674
878 294
754 422
822 233
991 377
839 872
549 393
858 630
817 217
901 786
235 300
124 843
437 477
99 302
277 743
712 560
4 461
549 909
333 282
818 704
631 160
971 665
144 467
588 128
901 856
737 82
894 705
738 779
623 457
651 38
857 716
564 675
800 896
716 188
382 808
186 291
676 360
325 365
348 747
117 705
248 420
914 165
674 604
655 11
748 114
2 181
542 256
291 220
615 924
902 207
732 339
254 254
562 361
859 610
423 69
273 800
282 692
610 955
271 134
677 928
450 557
320 18
695 350
838 915
672 25
43 253
728 679
101 303
579 730
186 251
672 928
816 688
427 20
517 182
283 332
973 148
93 865
597 743
638 145
750 62
202 259
748 125
45 953
112 637
897 275
780 896
60 236
719 788
626 666
838 267
455 886
779 884
339 69
789 511
474 646
777 690
505 245
926 969
391 892
209 585
735 254
752 660
256 872
346 310
147 916
773 633
346 304
745 837
745 383
887 260
966 276
537 668
649 263
541 652
896 507
654 565
923 373
855 560
159 350
154 288
919 600
593 855
14 148
80 829
170 407
994 215
879 73
288 506
88 938
708 225
313 512
25 763
52 444
334 908
37 511
466 524
875 572
840 729
341 571
413 370
49 162
575 442
969 676
657 988
33 516
206 42
432 36
80 172
472 737
207 169
444 352
101 868
159 662
513 291
2 225
542 377
428 818
296 460
368 271
762 784
333 963
245 378
700 497
891 169
697 937
303 409
392 717
109 54
335 211
863 64
951 104
136 6
824 144
207 270
536 686
920 297
84 250
590 898
794 601
410 240
872 956
270 50
268 92
127 833
901 489
356 615
158 371
203 832
364 796
772 802
326 599
199 643
242 744
223 587
391 310
425 944
474 710
162 350
152 342
34 968
959 678
985 464
585 336
179 569
479 722
592 593
106 178
887 199
588 880
572 624
803 177
916 50
349 331
543 981
702 736
250 99
100 594
243 228
453 357
709 857
262 153
886 493
807 323
958 909
408 828
425 135
406 557
274 648
976 512
922 571
857 607
305 91
498 609
208 648
673 737
715 106
23 634
818 22
655 994
830 543
870 914
606 258
85 413
993 477
771 532
316 479
728 691
899 435
939 378
829 431
778 19
992 581
323 905
595 366
660 493
60 29
504 58
199 967
293 944
792 821
608 492
447 276
715 141
408 682
242 491
136 894
112 195
387 573
409 377
125 554
406 588
769 879
877 316
281 837
272 765
920 686
146 882
545 914
704 664
573 936
407 425
831 912
794 298
961 841
537 890
881 644
214 971
256 27
176 724
35 996
49 688
115 575
484 226
322 612
257 712
255 593
839 43
599 184
75 2
843 482
145 105
84 694
230 96
563 617
802 714
638 163
536 945
610 680
447 530
295 615
507 126
190 396
696 595
239 805
604 430
893 387
437 249
744 636
775 506
854 292
467 384
288 916
667 489
887 69
218 780
972 246
273 217
125 777
235 735
978 41
301 333
909 540
636 493
996 106
450 38
588 389
113 915
444 415
931 432
72 749
548 42
268 354
457 293
152 833
537 75
788 1
959 232
263 39
726 133
222 652
704 601
135 520
639 334
427 105
681 988
488 412
708 566
726 772
565 31
279 52
622 479
714 528
261 847
564 424
624 879
944 418
832 487
832 447
534 239
576 742
485 301
768 551
669 208
488 722
473 432
609 314
875 668
425 283
897 357
553 171
251 662
382 61
555 272
148 319
966 931
46 512
308 770
960 120
503 908
410 682
724 720
363 780
541 569
132 465
685 547
975 312
795 81
270 871
714 528
704 817
389 90
277 143
228 712
183 405
786 139
133 412
919 169
751 780
390 459
574 537
103 586
598 443
116 640
653 978
343 827
444 938
290 348
971 595
479 177
906 110
836 914
864 711
749 173
916 37
295 51
779 103
452 697
610 898
106 46
495 262
244 821
766 134
286 585
461 415
988 456
448 736
519 307
296 922
603 749
667 851
475 259
788 846
329 729
284 769
702 849
721 638
182 666
89 826
841 276
972 461
782 874
636 816
805 855
270 5
934 328
585 983
53 576
737 187
515 609
416 347
130 314
394 227
741 756
598 976
439 440
652 435
766 181
172 886
126 499
683 127
341 181
865 659
870 272
450 345
336 715
226 528
732 618
700 386
63 457
695 905
912 536
402 973
485 658
220 671
966 724
47 57
229 784
976 236
665 615
505 600
495 75
831 557
262 278
487 497
853 111
231 334
85 337
12 438
808 826
228 262
401 760
699 594
743 891
797 470
265 626
527 575
891 643
429 990
427 65
560 111
33 297
493 750
179 87
309 550
410 174
792 563
883 617
721 27
264 545
51 535
841 89
80 448
472 100
608 247
846 80
765 60
405 105
259 68
885 208
673 707
455 173
204 157
830 189
612 14
96 7
210 958
376 434
235 255
9 477
756 967
222 118
48 300
874 202
350 401
364 595
520 197
562 779
53 583
688 319
119 544
482 564
684 838
149 195
884 408
484 744
327 784
949 539
133 251
58 249
463 214
212 531
442 39
558 453
773 116
809 472
672 273
370 344
262 586
788 279
662 532
141 67
184 479
661 621
600 755
764 360
379 602
462 422
233 441
783 117
401 56
740 456
848 130
740 652
871 129
728 982
601 97
510 10
208 129
914 968
764 654
964 763
80 194
770 183
949 867
433 436
566 185
720 652
638 381
328 88
914 342
430 816
160 654
858 62
665 294
321 731
81 833
575 724
873 590
986 412
37 949
453 147
839 439
191 670
410 897
212 310
351 977
576 485
105 10
597 440
558 925
151 931
967 304
421 313
574 148
387 918
281 977
430 798
115 552
633 910
252 697
559 295
268 399
586 215
928 30
664 861
729 891
985 441
183 328
916 449
581 629
213 874
705 986
41 427
995 466
342 834
297 374
846 787
734 157
335 469
259 140
918 202
459 165
470 925
955 407
7 390
981 722
218 334
817 523
274 792
216 958
296 139
653 410
806 464
11 674
810 931
333 626
695 869
75 501
811 699
959 203
974 119
211 848
772 552
768 150
210 798
37 875
332 716
34 433
613 233
7 964
643 828
454 427
810 661
111 610
414 779
789 535
574 506
805 192
758 275
706 471
353 809
939 349
170 970
858 386
497 769
199 940
865 478
930 377
906 599
355 626
921 273
911 210
822 900
284 266
392 332
706 846
501 302
933 951
423 213
482 153
470 436
202 479
77 537
675 202
95 629
563 300
259 352
501 241
905 776
65 464
388 628
696 215
437 730
838 62
367 148
730 688
111 540
112 1
571 346
351 938
416 327
547 234
850 275
546 912
858 483
207 762
532 595
471 940
610 372
557 856
211 433
850 491
465 980
30 174
246 916
302 690
79 99
86 773
724 472
881 887
736 215
981 346
654 924
326 561
537 75
297 293
429 751
98 329
401 738
673 912
342 643
854 77
360 339
443 97
214 609
775 533
355 132
628 728
10 690
220 899
546 738
412 481
379 38
105 427
997 249
465 759
429 39
873 388
224 116
459 289
873 536
671 492
778 256
266 206
704 432
805 733
620 67
167 516
354 49
466 120
23 328
197 609
379 362
123 167
181 968
160 967
61 382
369 369
851 391
986 898
290 440
454 851
756 710
122 29
41 776
557 647
871 919
13 588
886 622
426 567
393 159
864 733
591 219
478 102
611 580
72 543
872 847
25 502
66 107
153 683
464 358
894 561
535 707
135 193
793 214
471 271
242 109
384 231
557 294
93 352
140 589
423 25
264 498
428 647
87 427
977 89
821 604
612 667
585 960
924 485
892 850
645 171
132 830
893 949
608 66
162 644
678 982
435 594
194 799
170 345
740 962
824 280
699 536
896 687
311 901
188 364
395 224
675 403
843 105
81 624
548 755
326 804
435 804
609 597
9 791
515 665
131 960
401 47
440 675
667 603
276 79
814 930
868 735
293 268
690 984
180 466
289 857
491 251
922 618
193 658
212 161
11 846
17 548
168 323
483 39
371 442
690 738
33 565
209 716
464 186
686 43
821 615
535 282
102 285
986 157
535 224
24 793
305 700
891 520
900 405
566 795
475 192
332 438
502 914
523 208
378 7
206 433
890 574
492 181
714 507
180 953
580 549
931 308
121 952
518 999
698 783
329 395
656 578
837 759
448 849
127 752
272 255
391 663
224 320
684 214
208 670
259 83
19 294
15 207
424 657
853 934
917 656
314 232
869 933
845 19
226 676
892 815
618 55
468 25
677 227
909 451
468 306
342 607
121 65
341 407
141 298
474 230
685 27
20 741
900 405
382 378
100 206
544 501
656 779
556 651
574 107
370 683
691 240
548 389
919 551
209 468
805 502
464 98
562 946
904 180
121 147
9 750
868 671
529 174
834 378
980 267
739 60
79 25
754 635
982 892
97 709
115 88
727 325
522 980
746 474
36 23
684 522
977 751
925 924
218 598
388 742
41 148
200 609
163 774
321 149
16 744
85 718
791 782
704 252
350 6
594 344
582 312
630 709
569 771
490 810
896 870
78 146
348 741
833 613
59 471
117 129
604 774
578 189
862 292
780 871
143 630
156 945
808 875
711 115
224 684
150 80
399 226
684 976
250 172
588 519
401 782
3 892
220 370
409 589
572 42
937 851
515 802
369 239
551 731
798 385
876 660
546 52
946 478
608 776
974 843
470 174
353 270
309 325
349 754
92 359
240 331
746 447
655 991
741 660
187 353
287 847
186 421
638 825
632 871
739 551
333 906
388 632
977 776
567 225
452 39
264 95
827 823
583 206
964 109
576 670
552 11
750 574
283 175
324 15
16 500
92 516
452 688
533 850
28 708
815 958
615 595
197 446
602 105
39 666
960 602
488 247
594 578
368 158
538 809
475 805
684 516
862 131
748 314
511 812
531 558
94 540
290 454
281 462
138 206
101 775
567 125
291 680
315 511
174 24
824 631
415 755
162 743
725 641
169 386
504 590
883 38
291 355
896 261
129 962
74 457
441 43
642 191
909 207
294 224
770 289
81 310
807 867
834 18
363 499
215 707
200 231
989 449
76 462
436 137
432 914
526 915
422 480
375 26
341 728
205 381
8 446
760 86
373 70
718 465
197 842
420 415
90 676
89 787
734 282
148 732
40 863
878 917
880 587
505 683
238 934
144 441
751 331
373 186
583 935
385 292
781 645
369 183
511 468
61 739
557 920
114 846
43 741
414 469
120 620
136 282
694 903
592 391
502 65
972 545
335 455
516 44
929 908
920 145
264 442
254 138
770 909
473 228
984 499
216 741
814 271
671 179
650 180
122 968
700 205
262 29
950 116
733 201
217 581
185 686
655 278
874 758
322 275
951 874
780 573
165 57
793 763
807 352
494 847
16 407
434 315
563 845
986 114
473 216
378 864
822 535
532 425
82 869
562 66
180 822
512 381
421 664
646 596
264 710
443 843
231 15
571 225
805 940
254 44
895 608
661 170
998 224
738 352
252 110
560 882
250 966
288 173
318 455
137 314
163 974
112 198
206 761
630 392
251 294
668 645
393 338
177 62
25 508
42 681
873 340
271 106
287 503
373 417
455 488
81 272
803 355
266 508
916 560
301 667
117 112
974 422
474 362
609 759
694 514
366 186
803 35
233 198
414 671
701 139
343 412
207 821
802 349
379 249
222 327
657 376
255 577
301 917
491 826
955 529
656 481
625 477
869 661
327 978
826 407
895 439
887 361
519 238
874 827
381 302
345 906
142 814
859 320
986 25
741 753
795 286
732 301
832 615
515 165
134 54
75 611
526 950
754 60
502 495
184 241
980 71
752 219
719 157
986 672
779 993
304 47
276 251
204 865
125 544
410 892
695 352
380 852
87 92
3 705
417 754
421 322
104 844
102 242
995 585
439 512
902 60
977 318
839 832
511 799
537 573
630 919
167 992
609 852
686 459
644 681
561 940
205 728
26 19
119 820
944 484
991 648
42 772
232 309
496 755
228 288
37 730
869 461
781 524
776 692
762 318
573 300
902 483
412 720
406 576
610 786
816 769
868 865
674 422
901 210
81 992
445 513
722 174
663 365
523 530
520 70
149 881
95 635
275 404
496 218
109 872
144 285
270 55
916 857
138 103
397 659
417 348
229 196
986 660
952 404
18 771
550 886
421 913
347 702
695 507
987 416
353 152
556 737
977 648
281 344
103 323
521 228
257 565
116 851
840 267
399 136
184 898
640 988
726 487
64 139
730 814
543 637
964 989
637 757
464 171
691 955
622 253
837 798
329 169
276 934
109 313
555 859
827 926
601 384
871 460
78 7
882 810
834 5
912 614
552 702
416 496
369 78
915 642
959 422
312 425
823 370
761 233
288 889
658 241
310 925
989 101
222 702
95 994
468 792
636 428
555 205
593 4
221 715
393 582
186 756
783 592
757 454
638 912
51 97
969 626
386 339
306 68
947 352
199 375
46 486
807 657
655 369
854 365
771 227
558 246
678 336
174 742
446 742
129 605
819 841
155 281
254 810
173 978
221 437
520 175
576 276
919 92
54 836
257 122
237 86
793 25
438 280
808 22
727 178
122 951
894 466
95 686
984 223
860 563
372 148
820 785
425 529
183 684
340 460
620 854
476 660
594 363
202 614
994 825
637 124
307 711
738 617
789 560
575 836
530 465
188 240
369 750
236 801
624 980
144 968
935 753
755 890
11 168
740 330
106 430
45 768
574 323
458 474
887 377
122 121
6 62
947 356
249 245
176 283
158 276
998 193
519 983
239 464
384 457
60 232
382 72
475 483
36 710
796 45
550 160
457 218
304 926
128 299
979 325
445 90
328 932
503 803
143 676
154 647
94 175
632 405
57 899
972 868
340 495
732 433
8 593
76 697
607 235
548 185
405 568
106 911
489 867
134 742
174 431
726 714
908 34
775 512
874 24
611 596
513 773
9 244
3 136
680 702
541 114
479 899
470 149
524 747
849 280
707 310
604 248
543 817
740 294
491 562
941 84
235 423
262 78
720 504
894 258
113 401
451 172
740 593
198 639
211 795
84 543
280 663
400 241
867 401
175 629
261 346
283 168
6 227
469 770
100 806
967 45
309 695
421 568
762 181
451 755
408 94
96 645
257 939
694 884
670 390
201 897
605 440
676 227
614 561
667 235
858 333
25 908
472 669
224 488
713 511
174 117
245 718
870 821
459 543
180 694
606 9
868 422
175 591
379 518
176 739
374 800
384 76
974 42
510 961
905 713
601 596
728 22
232 619
449 46
582 413
78 964
92 616
1 865
620 293
27 148
178 299
955 237
175 522
805 542
860 749
506 829
38 833
631 826
355 474
168 53
550 563
344 272
163 562
567 99
990 913
662 89
227 366
678 556
481 501
463 601
395 246
937 81
340 48
134 122
463 383
58 623
840 773
530 302
149 623
423 137
242 250
671 499
59 750
503 800
387 972
160 365
761 633
45 616
133 843
603 443
34 780
187 782
956 989
728 698
881 716
750 111
539 673
205 930
401 35
690 87
448 720
34 359
903 48
514 892
202 211
757 712
662 887
643 831
249 521
241 268
528 890
218 435
215 958
267 264
630 959
775 341
620 752
810 627
188 527
979 27
253 685
953 240
409 91
627 318
737 191
964 26
561 487
907 939
310 963
716 445
229 913
450 907
293 673
707 813
525 731
665 151
24 956
22 905
201 394
181 445
346 473
106 96
958 604
416 907
384 805
156 537
595 770
624 364
329 761
48 118
252 563
48 580
228 614
627 24
696 736
612 408
679 577
534 731
622 5
75 333
138 547
441 824
804 516
943 905
807 684
892 951
855 287
47 252
65 816
72 244
614 313
755 688
835 70
638 546
28 906
606 472
234 944
556 93
597 713
779 728
810 600
385 750
705 608
613 488
798 928
707 862
442 518
411 139
830 800
183 149
64 201
827 445
301 655
923 703
683 134
72 577
871 826
205 960
442 799
294 464
229 236
792 621
427 54
122 59
713 449
59 752
443 680
685 253
806 403
312 49
605 63
408 821
150 924
769 880
904 512
99 518
650 667
60 506
150 169
467 753
619 788
314 352
48 279
723 358
382 793
474 836
210 907
248 313
177 65
783 723
954 787
791 93
662 514
576 146
24 924
290 93
506 615
427 141
220 601
462 694
181 557
113 831
200 316
75 302
647 97
784 575
354 384
962 923
232 765
758 862
368 171
583 994
80 629
632 315
773 615
106 658
38 115
579 232
755 932
669 701
70 80
187 546
430 968
903 947
829 820
620 507
760 24
481 142
299 399
477 152
254 260
777 961
121 43
372 988
186 245
903 72
734 567
987 310
743 982
7 839
56 56
625 604
290 783
139 944
506 117
993 912
198 462
204 873
491 804
73 8
83 680
330 865
916 731
544 668
933 27
160 587
402 918
452 982
4 312
800 860
146 995
548 144
967 931
369 509
500 116
927 800
674 44
544 263
563 147
398 991
397 518
518 382
272 170
701 484
686 830
383 96
640 198
877 377
449 438
650 118
275 701
980 785
128 214
834 945
241 835
382 55
194 8
793 573
398 835
921 603
432 99
907 765
362 193
304 960
808 698
1 88
736 561
841 967
84 378
370 898
725 252
599 819
859 215
101 280
27 186
681 797
819 415
352 991
373 261
948 910
601 485
466 779
374 797
61 160
847 719
204 550
740 647
449 688
87 310
408 161
876 40
74 175
150 843
479 501
202 996
666 315
615 349
180 715
576 570
544 909
403 127
149 169
210 417
836 646
396 2
242 395
894 928
716 710
462 899
588 692
513 104
607 293
566 155
413 333
255 185
885 435
591 547
39 863
51 57
165 199
923 47
855 639
464 181
478 191
976 535
128 801
82 844
274 571
827 463
321 972
949 285
462 143
665 987
453 926
236 981
776 32
704 457
209 235
968 162
760 637
426 163
431 873
207 342
406 375
852 435
601 44
985 299
991 753
406 131
704 519
174 709
99 974
671 548
781 163
844 922
385 590
594 851
669 499
987 558
14 557
722 24
890 476
8 163
529 606
744 153
532 980
740 613
929 568
378 84
445 898
205 17
445 549
88 475
120 738
951 134
919 454
688 876
727 563
245 205
209 394
223 461
74 343
148 802
957 866
304 527
467 29
474 517
216 615
646 308
975 149
933 734
868 716
720 134
207 807
22 635
182 744
972 802
332 355
427 419
744 929
827 265
246 324
149 314
628 47
401 946
231 721
368 477
780 390
737 137
470 98
182 412
657 721
719 125
728 611
172 773
3 829
967 37
755 641
148 143
338 105
267 741
18 752
220 286
436 4
309 547
864 486
346 814
86 145
382 862
728 968
268 501
158 851
159 984
631 618
25 507
3 465
202 11
226 856
438 193
143 883
954 104
740 259
197 310
559 212
806 862
780 317
109 831
223 405
356 321
2 347
761 4
930 401
396 629
345 972
939 801
354 225
886 457
949 230
377 937
55 458
768 888
76 507
801 425
564 514
446 810
111 316
672 33
720 962
598 567
351 412
416 355
277 473
710 31
800 173
779 651
631 474
699 99
23 124
828 687
526 541
622 62
563 401
206 358
909 834
612 518
525 11
193 975
369 351
785 632
118 216
453 419
504 731
222 37
818 953
192 462
996 852
112 263
757 106
797 12
397 125
764 753
92 598
122 94
341 328
45 327
609 771
340 664
444 798
234 119
60 581
201 495
976 869
979 28
592 604
149 125
525 652
942 856
884 380
267 26
768 310
494 828
644 503
473 889
683 496
916 35
179 289
916 766
670 161
400 860
451 262
371 750
647 210
616 403
60 501
209 851
796 848
489 731
784 985
662 558
608 583
729 210
408 635
707 696
95 699
805 719
265 141
998 622
704 322
511 119
355 815
269 616
550 439
954 37
647 61
551 904
783 277
85 28
912 570
208 100
128 194
9 347
667 219
804 286
918 379
93 850
336 922
310 995
481 604
116 705
541 587
19 501
175 723
255 350
904 751
690 725
413 329
474 139
35 828
919 709
950 757
471 102
910 535
762 904
948 707
305 414
456 489
884 936
551 153
805 71
768 203
832 618
400 479
475 175
284 339
130 735
468 109
958 342
368 636
366 739
695 626
974 487
20 81
257 374
668 611
402 575
71 662
667 231
856 391
376 114
143 837
91 650
164 99
900 750
819 581
662 837
511 69
404 488
732 297
943 980
650 833
853 119
747 78
37 137
324 394
771 614
877 991
602 840
767 491
315 192
592 819
403 392
508 545
445 782
197 356
591 319
566 196
808 267
773 880
50 275
363 95
715 493
260 778
467 629
198 873
283 481
780 683
666 540
701 60
528 656
618 666
636 47
124 564
583 51
876 341
621 803
842 908
912 161
416 291
140 854
829 30
946 486
780 216
114 832
987 823
256 596
596 266
94 958
917 629
136 820
398 218
157 976
371 319
704 666
350 314
541 324
398 643
611 430
196 552
292 307
105 291
205 696
5 896
867 756
882 792
59 45
153 641
123 133
95 158
703 647
473 248
388 754
787 329
505 771
303 944
847 737
84 998
309 614
822 866
634 466
235 255
680 363
630 909
193 687
997 25
947 424
299 564
592 968
81 884
792 418
35 75
392 181
469 143
591 771
107 417
810 299
244 19
22 332
924 488
431 121
486 825
686 14
271 959
559 489
11 677
569 509
859 485
933 49
806 762
712 271
902 84
709 942
275 939
303 770
614 293
799 848
873 394
97 527
408 102
974 810
755 129
664 68
765 775
405 13
560 533
161 597
198 119
783 154
828 384
812 244
490 911
583 360
779 704
757 485
713 505
956 240
591 895
928 996
648 745
538 140
385 644
690 643
322 246
208 606
970 466
837 651
923 903
390 430
920 325
529 967
792 58
236 786
883 110
109 138
865 924
619 266
622 455
436 804
763 17
215 28
915 351
688 897
520 839
7 380
873 183
460 562
181 679
808 45
236 656
48 351
962 356
870 803
190 892
977 849
252 663
822 927
434 282
858 951
602 504
87 769
965 616
352 167
362 358
781 312
704 546
515 828
799 362
668 237
922 738
223 317
348 717
717 875
770 622
455 425
716 468
334 68
262 24
617 391
177 213
146 37
355 533
125 96
482 478
963 35
407 766
768 856
324 764
441 603
222 18
186 211
160 793
178 489
313 969
757 881
260 568
715 502
911 160
478 232
964 313
522 28
583 86
460 624
829 55
835 986
517 218
676 39
676 412
250 943
99 729
640 550
376 221
806 543
373 14
359 529
163 923
149 311
790 966
969 923
332 208
591 381
483 121
253 916
881 641
982 868
293 652
865 112
811 717
632 580
304 255
92 624
3 153
774 845
623 628
895 291
81 40
270 130
248 525
166 135
651 290
120 851
62 656
701 169
472 320
480 297
225 99
270 436
703 887
318 664
376 248
667 424
908 847
968 748
702 774
247 617
202 301
309 978
846 671
735 499
771 295
742 106
613 499
47 704
392 203
360 214
661 423
773 804
895 716
342 962
517 337
664 997
904 313
174 724
87 94
404 363
451 475
706 568
725 76
955 805
739 906
412 357
393 730
799 225
224 501
910 886
873 648
954 850
2 673
74 389
646 520
640 808
415 228
770 864
703 91
603 24
756 652
140 788
231 812
755 661
34 859
633 326
258 618
607 377
686 374
854 317
713 417
206 704
886 548
567 823
237 727
11 683
833 4
42 720
101 69
901 584
424 437
773 180
991 952
298 630
98 878
550 331
942 558
418 137
848 20
103 843
897 680
908 637
139 868
967 314
303 921
34 719
475 420
39 630
553 757
112 783
296 386
993 170
231 580
229 363
312 251
377 817
917 81
20 759
597 691
199 260
317 727
755 111
629 10
106 303
244 912
453 982
197 25
447 827
584 472
478 350
997 23
126 673
710 629
352 112
867 938
12 882
431 346
705 167
108 559
959 550
423 16
409 8
844 929
108 240
199 682
384 354
645 598
681 940
374 617
829 459
802 707
643 346
214 288
881 245
511 871
378 159
946 797
779 231
435 955
342 728
281 547
427 790
719 652
831 5
486 326
249 369
784 259
886 616
995 870
89 162
416 806
995 63
266 113
798 248
232 326
74 263
830 557
573 342
636 330
19 561
885 423
831 89
573 441
245 660
230 190
228 377
289 806
81 778
844 558
912 714
962 550
181 261
428 576
293 85
139 9
787 427
250 69
990 123
450 111
893 159
337 938
589 768
587 407
358 90
963 844
484 464
882 544
975 106
498 884
187 866
3 435
92 345
298 675
409 744
753 284
698 499
226 354
478 787
497 317
918 716
880 459
203 23
321 377
494 227
673 4
607 706
117 489
37 264
411 606
295 435
103 326
987 653
681 490
848 651
269 956
102 886
925 556
493 571
286 832
189 64
454 270
282 363
964 304
262 231
512 323
844 735
691 615
388 803
202 893
735 758
884 459
411 420
922 248
493 159
911 912
908 826
706 59
303 757
579 276
758 360
891 190
487 476
997 268
432 673
765 197
725 862
362 697
158 829
736 87
22 103
888 403
929 472
227 117
17 766
289 86
793 25
507 105
797 71
893 270
249 438
13 236
780 607
846 249
353 663
210 720
435 451
178 152
548 798
342 921
960 385
695 59
151 550
420 963
502 212
37 593
530 133
510 34
686 901
233 156
807 601
365 962
811 435
104 572
448 265
718 12
162 409
104 909
692 599
854 744
937 340
509 800
113 557
601 387
270 532
333 707
305 455
784 716
596 179
150 930
97 93
280 622
258 842
755 436
913 189
629 337
49 315
92 207
604 560
439 516
945 39
416 943
172 506
959 687
618 501
109 172
871 658
681 702
495 393
623 170
819 696
546 424
336 684
171 897
418 998
798 487
153 726
172 533
557 177
844 567
880 634
146 576
512 547
144 503
346 890
54 576
422 7
223 653
990 482
214 971
942 83
937 730
333 344
197 333
748 262
505 704
797 228
208 569
9 92
881 608
727 719
531 806
636 990
759 879
3 78
456 338
158 479
41 684
768 929
369 249
778 49
746 803
385 413
121 202
14 583
721 744
851 714
444 704
905 198
497 246
163 85
753 784
682 534
393 50
728 686
87 627
768 571
23 305
524 765
585 679
11 550
5 396
285 822
217 614
289 168
727 240
898 375
354 744
537 796
964 798
601 71
838 665
898 26
970 95
723 729
747 268
999 483
650 541
765 482
797 7
293 477
864 467
7 689
190 251
92 870
512 709
19 646
828 195
563 612
318 812
992 688
572 748
120 928
474 746
968 414
832 41
199 705
90 969
221 275
548 120
71 710
2 217
912 654
767 979
833 365
865 706
269 388
386 487
438 124
9 265
268 466
518 679
143 275
354 800
218 370
348 191
880 953
735 369
969 683
382 488
74 908
496 832
499 262
807 66
442 169
53 340
824 527
72 376
704 889
712 430
886 759
714 572
327 135
636 507
746 235
497 599
503 348
37 143
796 733
323 690
417 976
266 257
953 117
518 420
419 836
560 726
641 218
974 22
161 465
455 234
211 577
738 634
859 339
226 270
524 709
224 658
278 265
970 41
169 471
824 247
166 790
857 61
185 384
93 868
550 4
595 58
889 782
142 851
651 235
875 700
430 443
137 933
720 621
735 884
575 325
373 873
341 832
549 912
482 903
504 983
136 877
689 206
746 874
696 574
483 152
694 712
697 462
359 506
463 671
65 402
108 502
847 712
637 344
672 558
946 655
411 900
880 549
103 939
364 512
305 65
334 205
31 635
345 746
736 213
604 231
753 497
722 849
685 420
232 789
215 846
380 160
259 360
996 86
400 843
350 929
869 241
862 421
25 370
71 994
122 655
423 568
902 23
76 415
282 705
12 594
998 812
712 214
981 861
8 155
669 191
970 852
402 432
291 226
731 78
304 324
504 570
407 857
346 375
187 824
12 596
681 535
58 139
140 674
66 830
863 220
119 786
579 595
182 351
881 364
622 181
279 85
215 452
604 665
612 312
217 657
365 417
512 186
456 799
881 546
589 984
252 998
715 35
199 925
432 992
125 658
629 74
402 415
101 567
457 811
29 136
808 400
710 481
591 210
470 360
528 893
15 923
131 102
667 754
504 28
683 549
63 525
817 871
311 510
687 741
86 683
804 946
133 250
746 86
407 205
661 668
595 390
603 23
572 319
468 467
548 212
718 796
720 821
823 29
201 775
384 224
25 261
9 527
138 353
46 594
653 243
442 910
795 753
479 722
401 396
679 553
498 496
134 804
150 99
283 470
921 464
185 582
358 444
642 379
171 75
332 47
322 411
797 892
277 680
667 2
959 713
138 137
843 269
202 17
667 179
447 241
729 409
946 680
470 96
223 801
958 735
39 432
27 899
223 300
825 861
263 556
975 140
551 331
661 329
664 434
58 235
329 827
257 928
19 656
490 978
140 818
749 621
538 939
800 816
327 612
803 185
198 711
481 348
977 582
229 73
295 737
597 530
795 816
744 811
144 413
476 268
511 844
902 719
90 126
468 840
172 654
776 145
891 737
862 977
907 481
558 248
920 105
607 91
550 673
67 413
40 782
262 935
763 569
314 744
874 866
724 288
746 553
161 452
884 466
895 435
595 409
480 349
111 510
964 795
811 860
991 164
960 584
716 795
36 579
752 268
476 139
297 946
435 410
837 454
603 763
404 753
897 630
485 215
133 46
709 18
357 882
438 2
616 74
45 481
259 434
3 776
21 54
19 558
733 13
428 932
139 131
393 235
978 713
166 502
412 164
330 710
302 829
723 702
490 950
299 161
669 272
689 733
424 270
441 436
734 199
634 268
241 162
182 949
460 829
564 801
394 457
348 795
496 273
27 694
407 510
114 207
812 475
343 988
282 901
775 398
610 404
826 758
535 854
779 529
562 7
32 324
327 310
447 864
363 985
785 21
103 66
681 491
508 27
402 816
574 92
208 281
789 803
776 277
410 748
47 105
597 82
603 423
407 230
182 461
848 255
705 725
437 866
375 424
264 884
361 527
662 652
88 475
185 794
177 522
455 405
848 281
369 868
728 908
840 72
201 99
167 277
483 145
503 168
832 761
648 449
892 302
842 497
756 978
259 569
710 745
347 737
217 508
2 565
55 381
410 681
758 860
131 853
825 391
422 604
514 833
970 381
607 377
570 164
768 373
990 233
30 656
980 461
953 880
421 770
612 387
195 49
815 735
858 764
893 530
546 378
961 540
827 402
834 688
167 551
857 356
432 147
701 707
567 879
415 89
383 458
657 38
777 20
244 395
230 925
501 423
66 445
324 338
555 61
856 779
849 280
279 290
778 228
461 725
902 644
957 847
70 643
415 355
672 768
733 912
969 6
694 203
635 861
955 406
668 852
578 219
10 235
444 220
154 84
170 506
560 176
409 808
189 802
404 952
61 121
940 270
741 733
974 371
720 453
683 258
794 668
522 19
555 435
463 142
407 200
161 344
13 337
736 564
306 132
889 652
302 795
296 639
330 331
867 523
894 922
881 738
354 772
38 937
47 817
368 156
965 266
682 24
607 962
437 196
179 787
778 715
437 889
807 466
37 970
720 182
974 895
823 287
181 818
486 59
442 809
997 307
329 749
635 547
480 518
742 758
191 735
119 498
317 654
147 158
120 872
419 621
291 602
886 577
435 522
476 638
561 266
306 192
847 758
824 145
189 380
251 54
245 85
308 110
554 913
928 29
85 389
400 383
242 644
100 757
816 477
488 772
632 408
526 330
571 66
32 286
863 106
239 34
585 946
593 139
973 139
555 618
466 665
870 173
971 373
463 522
584 11
923 38
10 816
12 957
266 17
401 121
965 913
518 973
637 798
35 280
213 121
646 456
202 420
23 386
856 974
173 455
856 330
666 372
862 18
217 561
169 886
448 245
861 934
624 255
773 628
583 321
130 320
513 298
639 676
527 994
75 946
342 794
608 397
674 762
869 981
267 774
976 181
926 523
787 756
672 166
659 441
275 950
773 746
855 557
434 326
673 205
643 110
191 794
545 785
753 499
955 629
979 310
619 190
698 284
496 214
647 939
619 370
68 126
383 866
84 700
933 394
583 657
702 183
551 606
567 709
310 879
681 98
755 369
902 584
34 423
144 322
761 161
398 383
336 884
53 137
424 255
280 714
580 983
361 629
426 326
208 269
587 55
499 639
921 688
170 420
641 867
926 540
940 492
700 762
431 168
845 478
694 901
241 484
250 203
703 985
293 85
740 576
449 490
376 75
47 341
990 794
18 838
633 838
624 152
672 833
313 237
600 314
177 504
740 225
601 30
628 337
592 486
628 869
102 648
343 884
777 517
896 42
790 918
167 676
344 761
241 291
666 551
942 220
231 42
881 434
245 15
650 469
860 853
102 446
511 511
633 801
230 414
382 711
972 11
422 288
795 988
375 135
232 661
399 960
322 84
722 793
633 645
976 36
72 639
428 285
185 555
617 665
278 517
732 185
562 888
35 514
534 104
406 507
481 257
834 822
537 56
743 90
700 696
161 922
986 377
750 838
963 438
977 419
445 995
125 46
788 490
665 706
209 268
980 370
826 7
876 758
148 266
446 642
469 996
356 900
714 83
520 755
493 281
734 350
446 565
15 786
608 956
202 959
237 70
921 440
358 794
568 1
457 47
437 661
987 604
41 613
552 645
171 290
537 235
518 286
595 28
209 766
627 522
799 479
357 431
147 259
565 312
203 747
673 245
4 660
916 418
442 744
454 196
783 584
139 159
254 741
244 836
230 858
514 563
917 995
370 695
876 86
95 654
775 656
430 242
619 38
311 338
875 363
733 118
438 153
302 1
532 368
573 286
261 264
429 160
865 490
708 556
533 452
849 23
199 648
548 874
9 778
607 918
114 265
443 196
60 527
209 529
887 153
115 213
426 241
484 257
832 606
139 609
582 580
431 139
745 114
729 147
445 908
667 502
837 955
507 361
634 807
975 832
432 483
982 225
591 652
671 396
875 500
785 64
305 815
912 355
673 751
937 687
142 278
556 141
67 213
242 160
374 118
273 170
383 893
300 922
194 931
198 558
146 442
754 805
602 815
2 238
597 894
169 717
239 856
379 334
833 357
931 128
315 502
299 523
711 42
455 554
325 785
844 782
651 150
880 236
993 416
670 77
258 774
523 555
429 827
417 378
358 915
449 380
662 612
221 488
24 215
715 970
295 782
504 437
970 740
980 178
780 328
59 857
899 85
318 716
943 205
745 981
510 869
688 295
542 369
233 445
741 799
5 638
348 883
679 150
1 992
594 410
255 300
894 926
117 92
788 395
699 154
749 944
512 686
264 800
772 506
868 174
977 138
224 960
699 771
89 606
694 850
451 848
937 515
913 267
694 748
58 983
234 901
372 98
299 554
203 264
612 737
819 798
571 430
179 745
242 88
587 380
8 995
276 727
89 875
837 126
426 22
885 588
6 564
586 392
889 151
639 634
342 525
553 274
529 548
544 956
654 865
21 623
788 831
691 582
43 922
696 164
151 48
19 899
71 231
353 339
264 324
645 97
742 421
700 141
640 146
791 581
852 421
861 777
414 838
30 220
888 364
469 707
535 104
844 428
892 475
710 512
652 478
922 135
983 250
850 49
772 896
48 425
541 186
262 519
830 852
167 933
103 647
214 402
58 301
809 251
890 695
590 713
702 935
297 472
402 765
75 772
906 342
516 668
540 155
449 422
785 891
551 900
781 991
634 971
762 257
652 95
589 76
795 900
55 357
477 915
157 894
145 459
831 752
94 788
266 379
750 345
96 230
360 331
699 685
186 7
195 13
959 326
53 319
807 189
267 134
665 506
670 496
346 289
477 792
200 239
116 657
988 589
71 646
168 473
697 861
289 128
473 68
326 898
743 181
84 917
685 502
280 12
478 80
911 401
78 75
436 96
117 53
807 825
622 234
476 805
13 349
83 13
859 438
464 844
241 748
45 413
175 50
522 13
568 90
880 668
313 686
589 772
317 679
316 236
871 631
398 611
345 484
354 824
633 211
742 610
747 24
317 299
290 246
386 790
656 742
656 194
169 235
374 160
13 50
465 319
868 601
960 557
700 522
381 52
214 782
496 969
327 78
668 943
465 556
566 691
75 920
282 717
898 627
766 75
247 803
779 87
24 414
845 941
207 984
735 751
666 537
238 380
64 32
13 693
488 327
177 919
101 868
329 557
383 242
82 561
173 587
547 989
347 749
104 299
38 984
380 659
963 176
623 929
659 853
285 35
107 374
650 332
480 841
301 304
818 966
61 891
477 79
14 365
267 330
635 128
763 408
691 367
890 326
224 378
169 913
444 736
128 209
952 817
15 768
824 830
278 236
431 995
774 763
969 929
886 570
400 136
768 546
242 479
566 554
922 686
948 258
160 851
821 436
766 342
696 916
325 850
317 52
442 81
149 946
576 101
796 527
510 116
278 918
867 732
921 813
388 455
613 805
943 934
652 16
155 790
313 338
775 247
688 747
238 522
877 640
584 409
793 318
107 996
94 912
655 207
619 91
414 306
654 312
904 391
238 785
760 664
519 453
423 54
778 815
692 258
839 29
942 194
628 12
278 957
793 125
354 109
740 144
23 727
56 980
997 333
5 912
841 382
993 923
200 294
788 827
184 130
567 672
820 199
38 121
431 357
178 143
502 315
498 144
758 763
538 984
429 143
878 362
518 838
140 75
412 752
845 377
868 191
182 217
796 972
287 27
669 295
122 995
263 87
227 394
169 260
367 411
443 201
134 798
838 25
560 991
94 598
437 140
461 829
543 742
616 310
540 916
517 780
833 55
627 547
388 56
898 55
747 582
472 2
428 170
731 647
750 978
942 742
827 312
769 777
710 931
871 256
601 618
423 798
311 332
832 57
749 307
382 726
925 113
7 595
159 87
462 228
908 373
83 708
598 59
797 665
53 341
35 71
914 991
891 880
528 318
406 922
364 322
719 749
597 887
674 571
619 954
730 441
809 639
718 28
992 968
236 789
933 275
565 216
477 584
102 724
718 413
155 784
559 98
786 21
935 753
418 77
138 808
602 711
727 182
580 216
927 455
477 930
888 302
261 296
495 475
276 455
440 860
531 292
11 130
573 326
432 922
986 568
564 716
894 98
535 873
495 755
9 882
449 494
682 656
562 550
610 149
179 867
358 25
76 329
952 57
228 313
158 259
211 885
270 236
628 297
565 898
169 916
452 552
42 383
486 6
938 876
406 978
684 1
234 523
905 173
669 625
194 602
956 179
485 870
450 47
500 72
43 579
469 5
321 590
736 850
436 845
706 80
969 811
472 278
472 270
881 53
579 475
895 959
856 503
295 614
555 837
571 819
476 398
4 873
993 304
490 160
261 931
799 358
125 284
403 954
270 928
894 967
371 76
946 9
852 642
703 550
161 471
742 368
577 162
418 832
519 72
213 488
407 910
568 315
916 885
934 25
347 46
650 225
376 367
619 997
194 488
222 745
577 763
351 997
91 702
808 188
274 130
469 621
80 642
609 462
470 882
393 132
339 94
455 926
227 133
936 373
532 366
105 313
511 952
954 944
479 994
357 577
289 399
376 982
440 391
199 608
557 39
172 287
333 93
135 447
305 157
542 497
377 895
373 449
703 549
592 799
872 129
232 339
243 913
502 827
944 645
905 990
902 730
584 297
636 820
989 504
563 382
591 270
835 673
500 559
239 533
331 236
631 984
994 776
603 845
892 522
163 922
207 881
287 760
313 818
189 368
780 183
237 359
752 449
168 626
830 300
557 57
445 556
764 174
69 506
329 270
379 623
756 65
77 428
382 860
892 985
73 960
709 377
91 995
217 601
545 802
559 489
288 847
335 162
858 498
288 460
109 699
117 81
926 60
907 773
381 901
734 153
903 991
705 720
659 324
914 956
251 730
391 111
765 727
586 208
808 100
774 766
573 471
874 558
291 28
575 233
978 321
336 212
976 586
91 258
299 282
467 410
29 329
471 746
882 626
202 796
115 688
223 758
407 578
880 241
313 754
272 855
603 874
380 593
81 593
576 639
805 251
539 253
299 94
258 421
132 911
570 980
721 932
75 810
380 17
54 822
543 557
691 30
176 876
159 396
15 350
918 38
794 130
997 364
101 144
453 194
203 747
20 319
269 583
507 470
222 987
480 604
667 328
509 374
893 519
456 649
543 14
672 613
855 658
632 636
528 944
826 504
719 260
697 138
546 897
44 528
593 19
127 382
855 131
778 736
571 751
974 621
948 705
462 417
17 750
250 265
291 866
527 95
676 586
142 25
560 799
354 111
605 516
952 683
735 936
887 52
344 390
996 130
907 689
154 633
410 165
777 214
329 352
559 630
117 431
758 819
653 549
366 843
75 247
669 846
115 753
671 43
66 403
752 901
420 2
785 290
439 989
124 807
929 636
396 544
763 894
211 35
144 73
265 109
354 735
937 153
916 848
763 880
13 302
369 338
943 589
833 474
743 314
393 876
647 803
39 448
270 212
340 407
838 798
984 310
267 917
10 276
158 6
1 270
68 530
560 223
118 408
488 524
402 833
525 323
411 552
651 259
678 921
658 913
852 258
354 62
514 126
167 955
636 959
143 590
997 906
255 983
10 374
407 160
452 949
223 409
739 629
868 79
961 532
566 733
633 870
751 570
661 910
243 111
514 86
307 927
71 621
234 638
109 775
309 416
316 410
821 206
444 665
581 61
67 265
879 867
390 217
993 187
750 82
734 582
27 81
225 421
280 463
24 554
916 441
100 673
353 717
916 560
400 785
412 33
874 813
280 643
977 934
248 110
259 819
43 844
652 37
125 482
596 489
154 559
246 325
151 45
146 98
957 290
116 546
658 698
1 824
42 377
968 444
576 484
13 188
655 234
531 194
643 835
965 718
663 698
593 322
106 157
587 295
763 442
901 551
802 725
741 365
820 250
225 889
90 789
61 209
522 930
499 867
825 409
611 743
378 997
732 716
408 998
229 634
265 859
208 347
48 714
777 81
425 542
404 763
231 144
156 242
398 678
503 326
925 741
288 82
842 111
215 482
425 358
416 431
267 11
412 235
568 602
316 948
164 684
40 394
606 732
54 185
698 631
293 140
737 913
901 304
835 658
156 125
165 121
447 111
151 123
309 553
220 35
336 767
247 316
495 808
918 88
835 20
799 965
177 175
859 409
598 147
406 40
557 47
438 245
349 468
102 773
246 121
794 97
483 885
350 54
28 673
484 859
922 139
512 542
160 608
468 1
103 743
362 724
480 193
134 840
714 893
746 67
29 588
369 34
67 377
158 479
285 737
136 586
734 963
229 80
912 525
489 381
42 250
90 167
601 602
841 358
586 904
126 857
493 545
974 374
385 89
711 173
404 146
796 338
679 499
165 359
106 882
575 291
587 162
487 412
152 811
433 342
776 121
536 49
481 611
672 923
518 853
298 836
212 92
955 769
933 469
833 538
483 117
37 402
375 150
942 524
482 904
593 776
185 156
748 773
501 440
767 287
678 610
196 666
618 51
807 476
109 854
738 564
192 935
389 758
396 172
419 14
137 273
81 232
418 675
246 626
234 559
568 216
332 816
847 450
44 173
699 465
74 521
12 573
109 289
740 691
481 600
283 972
967 587
788 966
264 515
221 345
479 4
629 381
966 587
163 644
126 600
449 249
355 998
949 427
103 619
586 682
929 899
664 78
121 568
86 3
659 82
898 33
887 822
718 96
365 618
65 19
972 16
512 561
306 506
205 518
316 164
695 596
259 281
168 361
312 125
682 298
8 207
756 910
227 366
672 691
907 322
434 162
470 741
211 854
531 896
417 304
799 902
427 233
213 600
400 655
610 776
642 450
398 649
767 631
329 136
283 109
491 655
538 791
112 70
251 359
792 131
580 544
635 967
493 60
852 992
575 144
153 589
339 300
55 482
121 327
856 552
708 176
843 144
339 363
473 667
381 619
120 952
487 152
348 571
286 497
846 999
26 739
549 249
154 75
960 599
973 739
450 918
375 754
376 1
414 685
749 452
430 35
646 642
536 125
831 330
266 936
616 254
576 397
948 19
682 188
72 599
180 914
733 343
227 574
899 799
944 293
752 832
208 123
566 21
923 643
814 659
516 192
392 325
461 127
815 817
196 573
729 998
832 941
787 339
300 67
100 299
894 189
58 335
657 577
983 914
970 484
345 305
391 112
120 805
49 494
994 846
505 891
518 591
506 360
326 460
