7000 2000
375 71
490 119
406 833
461 550
116 23
965 483
463 26
787 610
965 417
581 217
558 53
71 96
256 839
694 276
369 88
538 248
911 631
797 55
98 41
690 516
206 161
231 298
805 304
552 465
237 802
927 285
413 519
117 418
715 439
29 384
29 337
344 280
37 838
172 536
256 379
733 833
561 397
190 606
39 705
180 49
983 904
520 534
605 707
690 917
758 109
198 736
922 301
6 801
651 842
351 672
323 681
874 316
263 404
568 534
249 112
634 509
474 511
501 336
763 954
364 770
828 671
501 771
881 420
287 974
724 276
494 679
259 861
844 156
942 214
804 709
947 354
846 803
80 594
648 406
419 789
364 823
936 296
113 126
621 245
30 385
150 158
830 636
573 155
561 265
377 811
446 599
150 247
672 136
917 415
777 417
280 419
658 133
730 581
164 363
915 882
386 89
458 336
643 476
645 612
893 817
314 827
233 897
996 333
789 941
745 809
395 895
841 558
610 454
737 48
779 656
654 48
405 236
643 143
327 690
852 510
312 523
865 169
199 326
218 561
150 106
967 808
375 933
590 854
255 257
890 17
200 505
897 994
87 757
775 999
126 156
497 21
318 164
144 43
773 494
701 489
235 168
143 2
657 311
4 414
953 608
207 570
60 318
746 332
337 278
845 373
762 967
116 62
470 203
800 95
904 420
800 54
658 555
622 745
759 956
724 61
736 920
107 616
390 234
298 732
650 548
503 499
416 892
941 675
479 662
420 821
117 433
596 914
717 384
235 913
827 609
227 792
277 971
7 784
145 882
428 846
520 767
916 632
457 164
261 282
157 54
706 888
111 296
695 92
388 665
489 171
303 347
258 128
767 74
630 862
811 485
431 505
687 525
163 737
822 723
967 837
577 13
659 653
446 642
66 539
567 445
567 99
550 455
221 813
990 331
309 249
964 780
966 275
463 703
964 359
139 830
669 220
65 20
120 579
362 155
863 546
962 216
455 795
529 974
855 290
735 198
77 668
27 702
558 581
145 351
555 177
561 336
338 849
968 588
795 223
670 325
198 685
2 841
702 172
155 253
497 996
658 207
598 890
385 601
15 537
329 926
932 499
954 587
732 593
560 467
19 218
781 144
712 973
142 98
636 704
17 298
718 894
239 984
102 968
140 973
939 965
369 567
708 445
102 756
183 111
637 3
208 80
3 874
77 936
851 363
883 170
617 892
646 726
333 308
827 440
579 63
623 596
75 858
356 847
127 628
21 961
794 391
226 499
740 684
656 632
117 787
486 543
871 409
825 908
988 170
356 761
388 584
309 427
538 13
640 146
970 365
192 180
649 380
407 48
210 662
597 734
793 958
505 233
197 147
601 561
590 542
505 560
943 523
474 379
975 846
590 845
674 970
804 709
922 550
848 215
680 430
619 25
560 92
751 739
717 585
384 55
47 374
702 550
78 222
116 48
146 461
266 758
706 934
385 461
641 236
366 231
36 895
832 158
695 96
337 526
820 640
86 793
295 593
159 317
134 159
974 255
460 28
755 414
335 226
182 827
259 146
964 286
342 133
359 21
36 512
278 685
331 621
795 503
346 151
403 378
187 589
515 431
894 523
675 359
199 358
246 54
820 446
118 131
212 725
289 841
573 12
178 813
553 520
671 474
585 93
442 194
965 936
379 935
978 566
500 975
496 110
181 16
87 533
610 775
934 50
217 808
228 312
383 130
410 619
731 963
407 893
406 211
379 184
411 837
175 926
932 940
958 588
512 890
684 129
321 439
195 976
31 767
212 109
878 307
278 249
114 267
960 21
327 643
468 231
746 804
859 155
936 324
168 798
471 774
394 291
731 544
408 804
865 717
758 9
706 78
636 472
752 950
662 936
470 476
623 539
110 931
75 72
949 597
346 392
648 696
25 571
133 379
587 245
657 447
71 686
144 227
880 377
122 952
287 981
112 372
718 799
454 661
880 667
797 732
825 786
236 679
396 339
587 239
46 660
669 648
814 453
210 336
525 256
97 819
292 343
794 285
611 314
568 309
418 760
766 18
147 516
884 218
462 930
74 148
787 367
495 872
394 262
587 675
842 693
594 697
803 234
254 267
380 624
954 375
478 599
423 601
977 582
710 249
617 14
228 154
548 97
447 579
762 16
902 506
932 411
119 307
223 668
505 939
450 515
409 230
486 643
848 20
330 505
898 223
345 728
54 281
422 792
314 189
614 298
991 363
722 920
500 82
363 583
899 244
187 581
666 188
859 566
229 754
932 629
488 502
979 798
425 710
273 237
469 153
756 129
154 894
228 139
492 955
535 690
497 700
545 225
43 860
73 291
466 864
422 121
459 207
854 387
544 845
773 417
301 684
77 291
456 841
31 612
249 123
392 467
800 243
658 606
769 213
960 329
533 521
708 638
278 861
473 564
599 495
887 489
566 567
486 44
219 962
455 446
304 26
671 154
192 614
340 410
565 929
740 86
814 141
440 45
119 155
919 381
400 554
437 489
839 246
660 74
149 924
55 707
362 820
909 968
724 389
765 735
619 639
214 896
633 988
756 801
690 509
216 142
247 235
229 796
27 186
590 626
267 48
321 229
93 641
969 152
977 413
729 572
637 155
367 678
328 375
692 693
701 973
112 662
138 462
761 669
486 214
664 484
171 846
280 180
655 108
52 377
334 726
851 299
673 511
919 705
597 544
405 148
253 56
839 970
391 768
752 262
972 370
867 847
162 491
474 106
946 85
393 626
584 186
798 57
515 106
709 887
265 694
506 238
663 314
330 777
708 239
333 743
414 927
80 947
820 44
463 390
458 433
783 958
40 609
720 412
953 504
409 121
643 770
538 900
897 502
104 175
990 317
62 36
202 109
193 953
539 259
930 409
742 954
549 868
507 6
452 826
419 993
723 847
266 710
400 762
499 604
919 471
467 702
322 646
807 30
19 362
431 496
470 482
661 351
735 261
395 997
424 866
62 603
925 70
728 240
625 627
800 749
602 696
420 184
576 43
431 957
651 253
979 583
991 200
994 381
339 757
76 314
569 444
504 322
143 539
682 368
148 467
672 273
172 545
100 599
577 195
531 72
963 994
857 402
774 26
396 74
179 11
924 513
23 175
403 845
481 217
205 62
560 774
96 684
231 517
318 221
368 354
162 555
491 586
502 202
729 353
141 206
823 892
819 769
300 653
961 484
768 39
752 371
900 933
955 360
1 479
355 207
711 366
841 235
534 942
440 229
424 637
96 395
736 516
146 5
612 274
688 573
512 380
969 511
389 653
554 617
575 167
248 105
449 817
719 549
693 246
870 852
643 324
514 878
590 58
148 462
268 489
181 903
334 634
792 725
190 995
948 358
251 158
728 445
996 311
196 294
427 617
910 55
557 269
96 451
25 265
866 675
36 263
448 324
811 429
626 117
148 613
6 28
903 224
146 339
830 996
228 669
696 773
690 665
580 530
37 864
967 619
185 713
815 852
487 738
866 601
904 100
157 314
851 144
313 977
44 731
787 792
715 605
633 31
372 729
939 162
358 139
74 543
22 340
461 339
292 260
692 109
265 799
681 187
242 807
315 468
654 3
267 135
862 902
952 530
70 744
29 66
108 463
109 671
338 24
835 702
719 723
932 19
748 429
485 423
360 686
841 59
787 708
134 237
409 12
536 721
737 386
591 353
961 794
957 964
493 763
931 355
321 145
58 795
829 727
899 57
725 579
363 794
691 583
546 374
874 916
129 81
196 841
933 254
711 526
596 850
231 697
194 908
502 396
797 231
121 481
781 747
246 503
155 648
512 673
143 673
393 885
891 644
619 702
919 362
417 597
865 190
642 781
155 303
283 289
802 475
197 273
856 840
905 23
336 191
230 116
675 850
609 729
523 917
5 15
539 514
224 812
607 328
161 51
506 617
152 262
546 435
350 516
195 284
895 912
127 794
79 608
876 19
606 344
808 47
927 261
225 164
502 119
596 763
919 208
844 73
31 117
697 86
746 764
994 651
288 128
254 438
209 210
63 589
540 699
751 228
461 855
846 365
41 966
188 658
310 727
959 737
476 153
830 160
805 151
488 814
13 444
223 626
37 594
369 334
546 505
959 919
202 536
19 59
626 499
141 563
722 822
233 447
397 924
737 592
679 501
66 877
720 380
193 692
300 938
278 535
316 805
51 771
312 81
748 271
588 790
109 132
567 39
199 940
161 38
222 611
235 529
951 126
860 882
32 19
548 513
431 194
958 6
822 873
347 48
287 348
237 156
427 516
773 366
968 568
139 485
383 153
180 200
175 121
235 987
115 63
590 429
832 551
707 701
43 553
540 670
938 959
982 785
310 50
885 866
143 377
968 754
190 309
588 60
144 616
790 872
402 624
351 257
354 139
488 341
890 988
844 238
567 168
20 674
288 745
145 752
963 258
287 466
581 877
149 280
356 57
963 181
664 403
227 119
645 387
241 200
975 156
413 776
968 982
870 756
745 749
326 864
679 545
231 433
189 349
179 7
135 153
321 533
702 943
382 310
80 398
960 64
410 270
229 455
85 158
850 325
832 706
772 541
867 662
845 911
868 371
245 163
145 306
605 298
141 330
282 169
819 473
300 953
101 921
696 297
201 934
1 249
181 597
897 241
109 759
927 406
624 986
512 233
694 292
367 526
99 127
863 380
486 423
753 8
947 492
946 712
184 97
44 280
751 518
360 454
222 176
313 234
114 349
818 227
56 380
882 578
334 648
341 614
633 540
496 171
266 486
758 490
219 88
235 311
414 715
616 939
629 688
718 545
729 630
463 645
627 99
172 117
498 397
367 860
55 528
875 282
315 625
430 847
379 17
938 799
505 513
777 286
935 698
414 485
305 900
291 357
192 884
268 424
544 160
854 351
127 932
139 935
891 533
313 662
482 874
914 359
877 394
590 159
726 28
539 653
58 594
333 647
629 210
709 80
848 357
110 273
246 440
588 245
612 502
745 717
639 148
408 191
511 457
967 104
594 390
332 273
510 109
139 631
115 454
123 16
568 668
413 96
706 387
900 544
457 135
778 233
520 802
614 717
767 911
160 771
150 279
59 697
999 5
23 163
117 170
672 845
25 127
324 127
555 67
379 562
979 474
992 348
394 641
82 41
94 263
296 324
909 76
654 168
279 876
133 32
119 393
464 326
787 915
779 698
567 290
370 188
188 427
698 127
580 496
990 770
519 278
779 462
859 112
699 301
967 372
245 908
103 663
259 458
979 192
836 927
203 765
720 412
354 452
241 941
228 404
118 72
370 40
918 779
883 903
281 215
690 588
480 16
967 733
400 501
111 40
825 660
844 18
397 167
26 602
731 108
551 262
671 471
349 928
9 177
898 655
932 764
626 642
808 779
400 761
360 326
575 989
381 395
954 189
997 29
162 651
290 806
617 928
912 82
480 690
87 543
952 406
529 346
143 394
785 125
899 141
774 515
499 162
123 778
622 520
458 355
623 730
929 71
330 682
757 145
653 179
247 33
328 14
159 257
447 775
630 147
311 731
893 391
290 724
254 200
790 824
271 836
837 283
809 918
783 247
45 668
710 211
164 986
674 721
799 436
287 213
428 5
940 873
755 983
35 236
374 308
685 135
669 559
723 519
78 621
919 638
798 703
710 569
299 163
771 775
491 241
982 765
220 916
119 323
873 558
494 164
866 343
335 334
651 209
306 66
434 928
944 519
793 71
404 164
395 180
896 117
980 289
688 577
533 904
680 825
505 160
21 971
278 804
341 7
587 854
639 500
409 919
700 930
506 976
790 369
651 286
520 842
871 99
374 427
975 447
512 693
311 377
131 20
514 60
596 188
295 189
430 570
779 145
800 698
579 509
687 518
600 183
469 166
975 319
599 707
509 831
643 882
879 700
152 761
423 367
853 173
33 927
978 798
117 581
863 505
174 975
718 685
424 129
83 416
130 881
642 975
778 87
829 796
352 154
364 108
762 941
618 215
374 17
147 162
2 631
738 902
941 231
48 190
711 360
427 579
916 51
24 127
276 128
437 849
760 598
668 785
859 537
255 466
916 455
73 650
702 995
714 782
408 336
767 425
243 463
423 232
788 9
183 674
8 857
21 550
343 269
546 902
821 777
501 872
166 290
814 833
481 54
809 321
784 960
19 616
49 932
364 43
824 681
815 691
894 906
160 383
569 818
26 862
525 85
201 205
435 987
748 564
786 724
585 841
726 61
579 72
104 76
376 134
445 881
542 87
128 49
229 941
333 22
50 679
678 337
932 306
879 308
960 996
679 821
294 999
329 9
962 299
944 723
747 904
243 58
931 247
275 375
30 490
886 69
527 722
735 413
791 321
963 717
286 80
337 432
951 467
902 729
218 739
158 701
240 911
602 730
926 63
164 398
798 741
304 775
313 59
714 777
300 74
684 703
493 65
402 331
338 542
341 280
136 625
459 283
537 947
381 747
545 773
831 882
381 659
729 816
750 813
374 13
764 121
6 53
110 782
225 223
370 335
494 694
213 865
905 237
398 691
927 669
999 132
848 998
526 294
463 958
709 714
170 63
680 186
980 62
727 786
47 712
381 394
639 178
888 350
298 609
338 603
528 519
160 485
150 374
721 319
790 587
768 550
199 275
641 447
755 259
861 448
777 375
413 314
5 853
642 468
209 327
131 224
650 988
592 840
746 668
510 600
283 144
206 450
598 949
448 325
618 769
261 56
638 420
846 27
842 781
586 620
957 905
356 115
637 353
601 57
444 846
322 950
800 498
452 797
659 28
223 843
294 437
823 43
86 892
587 238
546 820
934 332
663 740
136 88
304 432
741 315
625 809
793 837
331 925
196 386
863 331
340 793
715 658
25 352
98 219
554 918
641 354
658 354
996 124
259 25
86 876
603 86
755 801
125 332
966 102
40 831
513 175
483 97
579 243
15 972
425 757
812 684
466 963
399 145
100 414
134 188
681 768
168 176
131 616
355 777
109 281
633 513
701 182
885 995
683 872
174 329
456 317
916 987
575 551
902 684
31 616
10 396
543 145
426 702
599 603
439 695
30 626
69 332
891 927
279 669
329 478
821 876
687 315
60 551
605 261
854 51
243 904
866 336
437 583
424 712
983 229
915 319
98 868
832 515
7 446
252 995
467 823
836 143
450 791
12 413
113 51
367 235
888 169
40 706
719 882
314 846
20 141
566 904
596 73
602 555
173 588
399 824
93 961
228 603
104 875
918 290
403 330
32 104
305 705
936 21
613 727
494 490
346 149
408 639
601 306
50 225
806 439
960 319
433 377
17 949
677 49
625 661
970 234
232 916
836 178
750 678
557 599
903 641
181 372
119 447
517 608
953 122
2 506
731 777
190 180
974 914
802 38
13 24
364 942
70 258
260 281
494 154
798 792
991 290
935 640
152 965
3 937
733 765
335 684
52 436
135 376
159 125
120 302
799 142
47 17
66 936
749 914
732 467
983 974
991 819
829 80
415 226
18 363
447 83
661 896
634 848
71 664
919 520
147 768
818 378
828 493
228 698
136 846
841 122
588 206
765 412
791 490
189 81
186 875
865 166
325 539
265 139
518 921
496 142
236 334
277 843
209 154
621 728
72 369
907 718
323 761
591 760
906 98
257 997
650 902
481 262
651 463
627 144
936 763
352 662
610 117
602 711
454 950
68 356
553 512
738 814
265 323
890 935
612 756
618 766
311 505
495 795
471 900
337 890
330 302
761 508
675 94
651 197
402 422
419 284
26 235
637 857
39 361
640 945
655 751
730 997
556 254
559 329
702 852
206 319
476 828
226 238
835 691
109 743
491 316
767 957
885 273
116 700
221 876
619 153
635 203
487 867
581 40
332 410
464 952
59 778
484 260
727 516
344 289
924 62
386 646
551 100
520 48
956 136
551 174
991 310
431 173
80 179
84 970
998 923
480 743
734 327
985 625
856 679
922 571
91 409
734 253
454 695
588 889
344 231
93 976
317 421
291 192
347 506
77 271
409 818
425 158
184 865
665 845
811 65
391 184
919 730
643 925
851 395
623 23
903 433
757 617
20 805
377 48
755 16
883 805
594 50
916 343
526 630
41 473
465 501
315 429
989 72
340 932
980 243
168 522
553 66
333 504
551 766
429 643
238 250
829 631
491 232
338 558
262 87
421 467
36 523
514 359
764 132
26 41
69 447
737 757
329 918
829 6
274 686
707 91
67 172
672 599
997 811
757 181
769 729
445 470
646 963
615 307
400 152
49 334
516 830
959 813
769 280
131 168
910 549
562 872
752 310
995 50
624 42
523 865
949 5
617 550
906 7
527 961
839 995
460 906
822 198
463 735
654 639
824 522
359 409
969 22
761 652
380 59
518 913
107 577
97 881
804 248
650 881
827 896
368 461
927 649
664 35
106 880
524 707
267 116
433 793
885 793
411 346
355 239
760 521
988 948
811 918
867 148
502 262
454 681
698 140
63 82
142 640
806 330
779 13
242 615
498 27
832 517
342 815
451 781
285 100
139 276
990 76
912 806
855 992
121 258
334 891
124 814
621 130
569 590
744 217
215 927
288 795
871 402
114 432
588 661
796 614
76 751
407 127
712 124
264 488
820 926
509 693
358 891
964 320
642 122
184 551
194 777
769 543
305 904
370 932
942 16
839 82
32 919
298 422
930 719
343 181
223 41
984 845
644 981
30 580
976 828
654 990
234 165
114 46
499 278
375 19
376 604
692 479
558 210
571 839
689 850
208 153
160 394
84 232
924 993
864 491
111 735
820 816
705 323
702 368
474 210
773 952
18 91
650 431
2 764
795 985
625 184
886 791
12 350
690 672
670 536
190 440
186 182
760 596
392 38
294 495
529 409
309 23
246 783
354 868
217 655
534 66
737 902
306 248
367 469
536 404
796 740
772 593
247 950
364 626
334 845
51 622
131 205
301 853
538 99
631 285
425 129
206 740
2 881
457 979
435 307
153 154
199 276
258 438
1 651
428 187
24 155
357 565
776 21
15 408
797 606
28 63
578 69
226 660
45 91
691 817
182 25
240 532
995 441
780 903
731 307
699 194
135 408
435 749
641 278
651 120
276 699
795 498
698 237
240 398
840 375
882 153
208 150
634 38
198 918
177 946
341 478
23 103
858 628
168 332
84 934
300 94
297 782
934 347
177 302
449 282
691 103
72 277
644 442
94 360
44 271
970 148
986 626
99 634
329 67
649 16
512 871
832 55
303 551
957 471
356 446
114 317
611 745
312 406
246 366
568 952
412 545
668 23
121 941
343 42
187 602
253 251
326 969
101 953
736 617
144 255
334 267
884 61
217 905
140 269
513 622
117 756
705 34
702 207
462 730
689 862
212 371
535 694
660 397
572 567
104 486
131 82
836 953
211 418
500 121
573 272
732 42
495 661
551 655
629 763
388 707
233 81
599 164
668 26
374 965
370 703
98 841
490 796
975 227
232 35
637 158
222 945
754 915
246 992
726 964
615 612
374 765
730 596
495 951
160 463
702 858
396 314
817 473
127 517
873 302
236 620
795 624
45 817
743 474
677 149
247 64
360 3
751 637
301 756
52 686
691 660
380 426
55 672
73 694
862 920
529 655
827 152
471 640
517 521
584 902
797 902
581 817
784 595
818 624
54 722
759 585
507 108
20 101
566 372
516 872
178 589
818 600
875 259
880 100
549 999
820 723
42 22
399 294
299 865
481 372
579 702
569 555
982 781
130 6
843 408
615 510
508 884
132 827
115 897
313 756
803 999
832 685
107 873
254 673
313 300
848 739
686 455
221 233
49 934
716 251
204 969
493 254
973 281
216 571
26 556
247 602
696 622
820 63
82 116
642 495
475 270
491 364
874 137
278 306
969 194
1 851
514 714
872 540
198 276
922 317
543 437
853 216
902 44
255 863
848 24
765 34
334 676
83 559
553 675
418 858
929 24
215 873
578 325
690 567
953 241
341 171
991 641
776 145
513 738
36 860
859 994
358 204
290 911
514 480
322 905
982 727
926 259
663 805
383 479
840 226
116 950
521 685
662 867
863 217
359 66
189 81
299 702
67 971
642 360
825 734
498 798
111 138
553 117
659 380
956 63
227 254
406 750
393 622
872 733
606 769
52 502
457 276
212 577
67 827
983 801
217 706
463 859
704 248
479 380
921 638
637 902
133 579
389 6
862 965
601 139
207 865
607 432
408 295
412 801
544 502
912 309
33 96
256 250
698 476
979 344
881 204
274 418
87 659
163 921
562 631
624 399
537 359
862 490
661 72
486 716
23 476
724 7
581 902
810 431
851 160
301 531
294 848
958 19
976 602
982 941
8 258
414 376
684 513
825 435
438 48
80 545
907 578
666 841
298 931
127 473
268 212
180 416
758 773
587 465
145 340
367 749
645 560
240 105
954 301
826 797
134 607
12 240
839 869
344 898
808 209
772 298
761 925
319 169
351 419
333 826
703 342
195 499
18 812
39 267
403 575
599 605
577 950
467 538
987 517
162 426
543 347
808 354
186 397
355 331
938 359
829 776
583 123
457 335
92 342
702 261
723 267
982 400
942 830
661 81
369 10
202 313
312 186
282 803
288 144
854 692
942 197
294 525
666 377
117 523
372 539
161 972
843 767
439 772
707 265
70 130
303 801
541 336
798 57
854 832
537 949
681 555
74 100
900 294
728 702
820 653
138 810
11 485
662 865
522 955
453 16
858 13
875 413
822 4
12 116
683 135
93 127
742 675
627 660
637 613
971 531
934 955
520 715
354 736
988 967
338 42
378 643
298 8
13 25
787 646
69 995
964 905
692 420
499 477
51 640
616 92
149 518
701 818
799 961
157 449
213 205
491 432
214 265
440 152
530 966
942 982
759 134
98 613
261 678
427 322
938 129
442 940
390 134
798 923
509 788
861 792
997 362
696 343
214 519
900 816
490 839
800 32
760 85
260 431
425 565
332 26
888 744
294 659
82 789
870 232
552 232
234 364
716 153
931 236
933 472
346 115
218 388
861 377
423 36
105 91
519 591
413 231
501 47
121 834
103 155
496 315
236 341
915 558
85 544
217 745
582 708
539 672
892 333
954 738
150 956
256 738
226 131
311 481
923 374
600 965
746 911
600 110
743 503
369 616
549 636
442 509
307 249
8 355
962 32
93 821
861 220
241 652
84 370
959 610
363 109
182 871
900 418
750 376
19 658
662 28
629 170
410 921
19 65
933 182
888 527
846 172
766 268
786 850
368 461
839 272
746 658
501 378
594 24
893 852
325 895
279 243
823 347
828 441
796 261
766 211
736 38
352 664
985 523
172 727
165 366
352 139
327 381
4 841
112 822
572 929
545 300
384 732
582 747
764 52
205 100
215 152
462 919
977 803
924 705
792 750
252 433
104 65
494 882
751 876
463 694
737 964
102 182
367 810
462 506
180 868
7 690
413 171
145 997
356 147
776 978
56 822
537 388
549 349
148 74
854 466
330 798
281 76
839 380
986 212
779 137
424 587
979 921
597 314
721 140
53 30
38 180
953 522
763 735
256 210
861 224
111 534
762 855
855 482
414 86
45 74
546 275
825 391
18 462
331 635
890 179
966 161
961 459
253 506
902 719
145 904
326 557
261 455
950 709
897 373
970 206
108 479
209 76
304 65
347 303
808 764
947 566
995 39
646 863
416 882
588 768
202 481
340 813
330 875
624 890
253 418
714 899
774 494
831 19
441 130
616 284
907 351
362 90
270 713
57 834
305 271
638 994
809 833
145 13
655 686
28 524
144 272
746 457
474 483
993 69
176 84
66 141
654 986
252 999
116 139
297 362
762 734
276 604
394 32
226 660
392 415
114 367
214 567
943 473
987 512
12 528
232 236
576 831
933 416
545 443
980 253
87 758
620 286
956 617
766 268
512 561
131 103
514 902
254 725
954 92
715 822
37 715
794 35
996 478
312 711
295 33
170 287
21 295
485 941
903 909
598 484
700 233
993 769
997 363
549 387
950 30
954 658
68 594
330 401
140 345
310 34
781 83
599 572
331 439
192 125
85 210
906 418
500 619
499 893
516 9
706 123
127 403
592 401
681 359
985 16
800 169
35 462
898 545
271 823
516 426
573 984
731 644
559 664
878 95
20 812
381 412
715 12
983 968
195 548
160 909
655 602
394 298
168 55
813 501
24 417
23 518
609 261
421 890
527 370
947 903
400 47
980 210
882 961
256 619
582 670
887 218
624 339
478 623
556 685
379 437
625 534
542 862
839 900
894 599
641 357
155 304
339 94
141 525
264 183
209 915
542 806
981 745
257 658
573 381
447 162
596 291
310 387
514 505
313 144
637 736
327 747
833 438
515 598
144 122
122 482
404 818
477 76
615 335
803 444
488 661
110 440
540 222
980 225
658 825
624 5
741 189
169 690
940 382
469 939
721 876
599 360
439 975
521 541
736 831
146 57
5 48
627 299
190 690
11 667
744 379
697 587
594 672
839 730
705 128
193 2
196 560
106 29
521 983
697 974
566 444
182 159
670 584
51 944
513 900
794 917
673 794
959 117
473 36
481 761
221 984
398 218
105 685
321 974
266 200
727 324
81 490
590 120
783 279
334 834
44 414
54 708
667 65
211 79
224 948
453 850
585 109
720 280
554 890
409 981
696 383
49 102
395 283
144 934
621 946
700 487
596 42
95 737
182 838
494 188
978 549
449 898
701 146
766 819
870 806
59 950
709 617
305 377
774 232
639 442
768 276
343 626
852 597
821 861
434 590
60 201
388 38
647 843
178 325
360 87
998 358
804 753
527 416
259 785
73 26
719 968
891 300
705 641
58 912
636 495
890 138
711 231
123 191
141 18
841 63
299 347
837 50
577 534
523 744
847 758
443 673
798 45
575 773
369 848
934 725
579 52
413 12
176 600
201 96
312 235
487 484
902 439
60 27
9 651
162 614
252 843
807 852
612 671
223 752
824 36
118 307
201 337
348 3
374 294
855 776
272 845
694 799
970 610
109 237
180 699
92 403
127 928
878 185
920 896
815 612
953 49
343 516
274 819
195 809
62 820
993 659
894 964
298 394
775 805
365 579
741 807
210 450
696 859
14 174
305 469
731 601
752 139
718 305
45 84
945 117
615 987
619 224
528 784
700 996
845 313
550 709
284 890
988 192
165 258
500 498
801 731
44 122
67 358
633 513
982 245
619 142
389 366
587 810
513 648
448 627
683 100
1 205
484 434
377 675
218 220
663 963
48 626
496 384
226 218
738 158
491 66
926 553
481 669
791 13
916 21
874 93
530 475
297 647
699 284
860 726
289 774
386 579
491 891
416 765
761 427
171 15
645 554
495 124
445 632
384 869
245 595
443 43
910 45
809 547
378 423
439 85
628 15
700 594
531 352
625 597
433 889
325 16
459 704
577 61
445 534
42 793
261 856
786 854
875 433
213 736
221 753
317 424
9 23
429 842
713 172
469 724
428 422
630 263
908 468
660 588
610 757
465 264
637 426
615 843
371 517
145 204
957 107
368 150
149 640
562 928
168 574
998 683
398 197
583 88
419 530
701 969
9 742
949 491
565 277
741 546
2 916
179 318
140 607
830 264
840 703
496 107
545 849
922 896
87 181
876 964
108 606
678 862
394 130
430 592
689 962
730 976
168 888
354 783
144 804
871 128
32 47
414 755
63 550
897 893
946 996
606 443
970 666
620 358
460 75
809 458
713 741
267 453
115 475
258 488
900 1
354 561
734 731
406 78
471 448
415 656
477 216
868 67
562 635
668 15
969 235
387 740
797 508
327 623
255 309
572 906
37 875
547 898
271 374
933 545
669 867
109 367
628 867
374 178
954 113
823 226
759 77
787 234
842 236
624 621
646 999
26 262
456 571
580 489
374 165
950 569
487 295
271 633
840 334
876 1
900 978
588 434
771 427
89 691
409 965
528 483
538 557
134 575
695 34
859 243
276 979
582 452
616 657
449 532
5 867
951 900
80 463
361 349
857 982
269 760
583 772
42 405
948 961
832 65
393 254
229 110
41 539
760 859
419 241
840 890
675 432
58 504
490 189
226 50
607 434
217 300
110 950
485 857
434 131
420 542
807 901
739 651
115 361
487 338
37 9
420 846
330 669
757 770
755 24
126 889
707 774
609 903
242 382
228 990
216 977
902 690
921 643
293 429
911 439
425 77
418 115
572 485
751 344
243 414
13 133
617 933
151 48
499 956
455 540
767 816
195 849
734 425
100 239
798 208
35 322
995 400
496 732
376 842
872 532
608 458
276 215
391 129
518 225
10 474
797 466
312 314
828 650
85 617
256 286
984 542
478 11
247 427
421 113
970 794
967 902
387 677
484 923
426 777
56 626
252 817
375 349
790 47
538 294
664 466
541 318
605 245
273 500
613 206
957 875
441 721
362 418
666 335
196 870
916 829
267 362
825 23
451 628
619 483
220 397
992 957
517 227
764 528
893 833
130 802
813 639
765 113
184 427
80 751
426 655
715 929
838 344
688 231
362 743
237 751
987 765
295 302
947 606
535 549
100 855
754 48
812 148
256 185
682 137
337 51
677 957
141 972
112 351
171 56
778 727
26 784
465 607
243 148
335 285
437 365
626 777
744 162
89 844
383 495
744 134
862 566
608 265
508 591
263 104
345 426
562 661
358 252
251 161
64 355
739 439
321 674
486 632
205 57
934 642
17 253
215 245
45 608
547 819
175 474
130 513
70 480
135 314
860 339
462 793
670 219
801 787
683 962
235 604
569 439
557 352
852 916
358 62
648 625
89 59
776 389
477 904
10 286
596 694
210 996
649 738
941 92
910 684
367 218
160 860
460 247
702 547
472 512
988 893
196 840
354 201
655 165
297 169
747 123
144 174
141 139
291 108
221 357
186 333
314 351
75 445
770 93
868 376
122 188
87 20
585 427
369 846
874 282
951 80
713 902
602 943
327 95
566 266
819 677
744 648
914 838
352 558
162 702
865 535
427 976
849 62
294 652
232 641
707 797
316 876
500 378
313 648
514 994
220 604
697 386
678 991
411 384
771 692
507 754
374 994
527 485
875 861
902 797
244 534
145 692
923 75
913 875
709 596
512 497
210 232
99 620
967 32
46 551
13 386
165 736
552 714
405 971
130 72
186 546
800 606
607 680
730 987
154 120
711 109
381 386
981 409
16 157
693 45
934 781
19 624
791 835
471 571
204 957
880 821
894 953
681 713
860 693
781 201
680 442
889 647
838 383
436 456
273 302
221 210
801 492
580 902
909 385
236 160
700 56
370 448
589 664
307 446
400 243
474 558
917 766
319 714
82 364
623 174
747 320
249 483
453 706
711 104
382 687
835 449
73 400
817 686
11 60
201 60
931 352
601 981
467 998
694 97
767 838
571 666
224 993
768 839
189 801
375 629
85 719
728 46
966 818
477 974
909 235
506 518
988 931
633 703
488 459
468 486
705 912
280 511
101 869
981 499
871 139
920 432
974 164
299 18
778 531
385 608
934 685
642 761
449 673
509 66
528 262
557 142
26 452
917 927
251 994
998 222
306 106
715 844
516 464
738 739
678 526
433 125
81 582
430 119
432 878
496 308
899 195
43 100
644 407
222 735
747 811
210 818
26 617
413 370
617 7
116 911
223 416
362 832
541 461
619 475
20 842
656 84
438 998
908 338
413 159
413 508
479 880
4 513
397 627
828 696
214 772
395 925
305 454
801 396
579 116
402 345
287 850
594 272
215 496
320 828
771 235
969 272
921 463
848 858
80 212
343 367
230 73
838 85
534 853
293 919
734 391
392 309
816 519
811 185
153 761
684 840
371 190
410 385
25 788
741 516
902 194
541 754
939 487
630 883
433 932
271 777
519 638
803 992
614 486
21 819
274 628
386 320
691 566
566 677
311 373
172 926
375 404
934 632
651 770
400 60
244 739
677 959
351 260
161 182
664 6
338 535
187 636
83 683
130 431
253 555
999 716
436 93
466 437
425 438
627 361
503 80
713 728
718 738
157 292
21 428
229 643
231 479
875 307
201 685
568 944
714 578
399 413
591 11
482 839
849 642
325 851
661 181
842 540
78 100
734 753
522 301
673 517
331 854
542 436
234 224
234 761
788 182
522 697
222 48
731 546
75 617
211 849
382 242
739 995
954 110
593 636
867 632
109 986
810 534
930 805
407 116
130 223
265 226
25 714
290 755
232 467
957 371
629 740
291 144
736 616
797 894
550 795
27 877
182 744
339 618
825 990
63 653
886 450
152 706
819 653
977 576
50 627
984 426
252 269
768 192
333 1
253 201
550 440
949 574
491 677
421 408
894 859
833 333
195 400
650 469
443 726
615 464
74 394
389 402
37 531
787 261
612 797
17 950
21 172
776 430
378 134
889 255
332 881
98 307
946 46
229 833
968 373
553 122
686 878
111 543
912 412
337 298
792 51
918 765
813 293
146 715
176 481
922 84
167 630
282 885
455 757
442 655
907 552
559 708
859 896
520 449
668 59
929 571
886 725
266 598
206 580
834 526
937 705
417 190
787 890
837 911
815 758
465 421
142 519
815 643
353 594
437 321
563 674
561 699
899 705
439 370
593 572
296 14
711 888
469 411
350 656
878 979
573 532
663 18
539 655
588 763
555 215
554 574
96 837
982 176
695 651
809 715
342 308
59 980
985 973
179 44
532 139
545 744
95 995
96 757
294 876
264 998
638 658
76 615
837 80
805 452
120 49
935 770
496 57
489 105
88 531
890 637
963 722
66 135
975 570
18 863
135 158
471 125
100 370
186 747
639 170
871 71
320 254
60 718
399 381
837 898
237 970
931 174
666 707
320 417
488 583
535 617
739 687
199 516
20 512
273 212
822 718
507 85
118 988
908 822
803 477
405 881
488 424
335 754
249 112
546 781
321 417
341 896
282 583
379 920
122 716
117 431
644 120
406 870
932 198
335 227
919 935
447 411
783 639
402 912
482 145
778 299
41 381
308 337
166 518
349 339
502 764
614 892
895 93
634 674
632 71
450 625
471 256
698 584
704 812
710 33
890 881
304 312
657 459
909 450
745 348
839 759
194 827
131 509
866 972
113 658
559 885
7 3
49 480
200 610
366 913
532 350
169 353
757 757
255 699
884 772
219 128
581 784
460 406
434 781
9 243
148 256
60 538
950 291
682 770
643 910
445 365
591 367
343 260
727 156
209 677
889 13
500 961
881 561
168 108
131 10
818 700
658 115
30 778
519 504
360 335
234 215
392 100
369 973
368 803
604 985
682 893
951 322
404 70
532 637
985 355
575 617
328 834
361 381
171 833
511 574
289 764
929 792
781 146
914 484
450 586
331 620
160 410
678 554
361 172
969 115
515 280
376 545
876 640
295 499
884 667
459 459
494 660
784 508
408 727
30 384
841 821
644 889
813 244
230 381
948 72
347 345
376 240
611 165
879 311
690 673
643 147
250 814
847 435
125 804
10 872
5 536
825 769
986 374
885 941
455 415
378 794
340 705
487 852
230 967
624 605
555 506
523 476
755 814
639 896
553 780
152 878
503 188
782 927
655 384
688 401
956 191
921 668
816 315
977 209
76 278
14 793
826 757
224 828
219 609
652 830
835 165
942 449
208 786
276 388
798 853
107 332
351 574
443 860
63 234
459 280
591 273
601 185
713 384
43 114
14 891
482 154
607 343
997 684
251 33
925 836
192 613
180 13
839 26
309 492
154 334
422 87
589 57
485 282
927 606
827 105
214 809
401 552
650 236
603 869
586 220
804 24
439 566
893 989
12 102
945 937
61 548
552 830
772 196
352 408
357 177
604 357
610 336
175 387
274 379
769 342
500 149
578 323
441 70
40 628
1 237
206 997
797 895
158 425
716 691
701 479
290 813
305 898
754 202
228 93
9 168
519 609
111 391
679 475
769 746
687 767
613 147
161 406
617 903
724 847
903 945
362 864
833 9
840 248
749 782
154 853
275 71
62 432
112 500
387 940
631 523
279 713
613 910
38 190
518 260
605 531
263 507
303 570
747 990
740 778
876 660
402 666
610 42
112 978
215 838
915 774
155 982
516 239
113 262
525 114
721 821
306 766
364 566
35 335
402 808
196 491
36 863
587 966
98 592
738 130
492 13
712 488
469 134
563 64
255 634
630 507
294 741
914 60
631 99
142 711
980 925
774 889
259 204
994 488
393 6
970 380
299 247
321 913
652 682
403 763
582 928
66 393
398 580
377 249
805 525
982 428
668 382
282 432
131 457
774 815
999 717
245 395
727 902
449 882
823 700
806 946
702 767
413 423
74 139
470 848
228 5
189 686
157 136
650 359
381 396
338 466
894 34
605 903
689 559
152 472
214 357
353 945
696 464
74 73
786 633
398 247
455 328
736 418
542 583
395 331
678 284
23 72
807 425
247 522
943 194
185 764
255 217
53 606
130 684
136 17
558 550
787 975
338 227
226 626
59 284
767 698
807 521
204 915
540 716
475 412
164 978
873 536
153 337
344 537
608 800
69 951
556 900
683 805
536 725
708 868
647 620
747 754
178 597
393 835
125 694
180 909
91 535
65 438
292 832
174 658
120 964
657 16
62 207
164 70
250 574
825 118
843 946
196 817
510 257
356 911
686 324
248 580
531 978
460 197
206 964
879 641
699 112
49 140
829 938
30 8
720 39
680 822
849 424
636 374
191 383
291 24
626 507
116 932
807 920
505 711
242 61
920 844
446 265
638 529
934 610
983 975
891 585
720 22
639 214
650 377
518 490
330 342
313 568
891 681
217 69
552 958
887 558
412 758
8 880
426 29
221 766
202 274
653 365
524 272
876 48
815 165
417 728
715 589
362 644
226 762
296 844
289 318
121 750
649 688
141 822
623 227
155 129
868 182
819 456
81 895
273 394
401 522
672 210
156 929
387 44
449 537
593 99
534 112
55 554
870 390
828 239
985 81
581 246
892 835
195 982
543 624
956 544
732 100
895 410
328 473
688 369
235 249
321 913
450 109
92 478
540 644
767 50
500 132
324 691
119 429
977 277
683 960
373 851
220 739
444 210
278 155
443 903
481 124
111 914
582 648
269 753
105 429
204 318
326 573
88 883
151 739
439 255
431 858
181 512
974 655
855 369
151 732
606 304
369 395
290 974
892 928
974 828
963 528
286 512
426 47
846 87
777 255
788 656
893 358
739 161
266 558
652 203
726 463
896 247
312 21
127 784
666 766
147 856
815 67
915 846
349 442
150 721
799 764
376 262
641 763
385 540
524 996
537 908
450 136
419 306
772 851
170 73
600 900
188 658
801 202
297 470
455 709
541 52
942 750
931 551
330 418
411 654
333 343
783 612
551 655
921 414
591 815
830 556
587 396
523 649
933 253
832 401
811 462
309 229
210 753
243 221
535 609
57 78
384 258
707 146
194 150
808 895
627 445
883 540
866 686
17 927
263 411
769 512
513 156
298 413
34 883
253 439
464 736
653 286
840 117
89 465
188 895
451 767
217 455
533 385
946 640
838 318
875 698
989 619
248 302
229 170
566 841
260 77
152 475
730 69
367 352
355 866
526 76
302 954
249 263
332 426
74 475
83 2
529 206
648 492
130 408
683 876
101 290
149 874
746 842
397 920
992 606
10 153
619 564
614 48
722 577
684 558
704 784
647 918
610 909
771 521
862 125
902 438
509 372
871 509
374 981
66 31
524 561
970 121
636 914
54 679
170 896
679 884
628 940
825 65
288 586
829 184
109 850
472 370
417 689
786 780
690 485
833 501
897 166
545 607
421 545
4 601
484 580
781 33
136 845
371 862
987 762
87 439
63 172
872 655
140 250
515 715
275 954
824 608
75 120
708 111
252 661
53 516
984 592
241 160
924 503
301 136
763 576
712 65
734 824
968 851
481 151
843 234
547 454
968 119
805 631
535 198
31 684
819 607
11 577
377 372
70 14
862 794
128 914
427 69
132 423
908 404
6 852
775 433
919 701
944 969
189 925
855 468
790 357
323 926
164 880
701 686
743 527
961 482
412 565
925 963
794 282
198 232
751 131
345 848
194 785
293 522
279 653
845 96
16 388
902 531
2 586
937 589
545 502
716 350
476 841
955 960
818 636
963 25
800 152
657 429
814 231
909 207
964 329
175 199
557 378
416 732
140 251
984 34
403 55
959 943
412 19
385 423
814 282
784 165
848 687
267 359
203 460
779 766
562 100
737 759
997 368
910 252
876 403
217 964
859 358
498 632
872 649
774 950
981 211
621 479
371 513
335 531
691 690
688 678
170 78
257 618
535 855
352 979
896 731
520 553
580 862
178 264
940 765
913 862
309 867
689 439
798 625
475 760
479 477
502 56
279 907
975 740
216 823
653 159
482 282
658 356
697 605
150 936
855 698
255 712
757 618
820 661
954 577
288 868
743 394
35 6
337 104
641 181
351 134
959 852
796 861
202 536
45 937
33 458
676 88
542 635
202 596
68 88
354 897
334 648
565 194
375 94
430 149
711 716
362 233
867 990
635 925
969 196
95 814
124 921
703 776
582 925
539 247
562 293
863 193
868 468
335 543
831 191
138 437
785 911
932 394
369 211
673 67
991 766
849 967
685 296
988 114
475 590
425 267
461 166
892 853
911 820
32 23
358 238
346 547
900 389
781 423
950 454
819 724
981 350
599 372
734 814
522 442
962 645
719 957
772 150
377 239
954 665
514 923
316 502
782 975
151 228
132 966
980 318
524 711
320 28
868 844
375 114
855 267
126 228
20 459
177 475
693 836
234 551
827 566
192 16
203 633
984 210
709 986
517 880
884 492
645 914
494 470
860 903
561 71
83 602
51 791
853 796
350 548
716 439
438 224
913 500
968 699
268 152
787 152
869 883
208 513
791 298
487 681
289 310
707 576
62 988
452 730
331 201
6 607
948 533
302 202
253 583
126 502
954 480
454 73
525 656
913 587
90 136
186 161
765 714
25 959
773 255
722 234
149 206
909 659
761 305
223 570
46 649
521 395
86 563
415 879
797 199
651 738
97 388
509 814
427 800
532 937
72 283
329 125
323 987
455 13
334 877
127 942
951 528
560 844
481 901
40 562
563 28
950 747
848 280
915 740
436 270
573 392
871 124
916 253
754 301
723 76
263 92
219 520
669 585
201 221
122 540
632 821
455 923
180 152
471 645
474 878
350 7
150 137
602 669
72 748
570 5
132 265
229 627
547 583
734 939
590 523
53 509
544 937
326 167
790 819
638 536
842 605
493 325
188 581
45 961
567 548
74 440
387 9
721 295
755 808
605 885
847 778
198 901
744 53
408 779
79 747
603 132
554 352
422 313
297 453
62 63
584 491
234 372
733 367
952 95
729 541
479 319
737 730
160 90
73 944
274 70
542 4
307 365
691 290
447 843
484 304
209 765
162 249
836 988
390 380
736 569
477 433
289 12
670 754
842 432
989 265
733 643
918 348
284 306
377 899
861 601
470 630
755 944
135 906
61 382
146 241
287 182
198 39
876 417
968 650
252 128
444 668
182 925
229 504
792 302
948 274
584 129
81 117
277 68
465 431
578 302
550 731
894 561
562 801
722 622
684 830
309 540
217 30
777 303
945 144
509 515
333 711
513 496
551 770
995 44
9 504
783 143
882 107
170 752
726 763
135 6
88 285
136 186
228 490
935 133
140 867
134 367
338 731
531 418
601 274
988 367
502 94
613 530
82 642
110 332
511 282
823 241
366 464
37 361
236 709
834 300
684 401
657 204
106 343
920 776
87 645
570 699
553 525
756 230
616 435
30 668
248 95
31 672
394 371
175 345
162 488
993 778
420 343
565 361
7 865
240 286
442 60
35 313
184 652
484 369
525 665
252 209
994 291
97 514
320 160
55 619
873 550
539 613
236 380
100 203
463 139
641 639
863 220
507 711
938 707
462 795
631 39
674 332
190 332
687 438
685 712
768 418
657 696
463 192
1 442
928 40
957 594
469 1
206 419
959 833
433 528
656 839
421 782
53 205
474 858
204 162
505 865
631 441
160 916
943 845
661 894
199 440
546 473
5 988
571 556
908 474
877 235
87 58
978 265
758 129
741 155
680 888
488 359
511 686
812 7
556 773
96 114
308 904
87 589
963 88
956 433
517 779
923 842
727 484
837 450
242 689
806 130
842 349
991 243
88 615
87 130
315 75
525 976
569 659
548 543
849 536
57 299
968 420
625 623
449 590
367 865
731 955
836 971
91 134
968 464
899 509
919 861
599 124
436 631
29 434
901 667
715 53
401 96
705 49
744 667
311 800
723 172
255 971
54 144
588 323
252 151
778 377
516 668
235 322
691 839
802 849
667 424
891 279
718 744
696 74
891 793
344 318
359 460
876 414
153 81
677 932
529 696
929 676
235 431
854 397
704 669
346 355
582 535
865 254
693 69
366 673
240 637
334 767
200 52
714 397
189 43
117 834
903 495
924 105
401 978
895 582
594 346
601 703
224 329
386 822
695 346
758 897
609 368
948 469
59 438
17 396
945 913
759 713
84 570
999 274
702 211
610 535
922 455
673 527
331 898
292 857
165 515
731 955
674 569
791 750
234 232
310 245
653 256
821 651
858 15
243 311
415 979
763 237
947 219
789 865
843 433
954 820
857 662
987 553
607 458
98 544
669 765
65 871
164 324
949 473
182 536
744 176
212 255
347 107
858 891
703 987
129 828
58 245
144 21
595 494
281 24
461 971
312 424
917 805
638 324
831 729
802 128
151 945
397 839
84 7
401 721
37 631
766 722
565 199
56 858
614 946
629 101
186 722
571 315
952 124
793 151
328 825
340 160
430 81
526 610
340 47
329 476
104 868
291 539
268 448
997 381
397 317
257 319
869 974
34 126
897 408
985 575
121 142
694 76
972 189
463 888
282 172
475 700
11 67
688 957
714 959
326 934
62 542
64 648
335 166
792 137
837 448
887 969
486 168
785 894
531 913
389 980
786 619
75 859
271 629
736 783
813 764
611 995
523 623
141 862
758 966
587 44
65 861
397 323
972 847
755 170
642 943
415 283
215 259
598 112
550 251
864 625
382 582
234 892
358 437
30 802
648 155
661 370
79 937
917 224
945 969
710 155
174 255
883 743
839 289
927 959
77 145
87 920
76 68
497 150
330 153
977 447
152 364
764 316
571 769
402 225
925 649
129 156
181 152
251 211
353 976
240 624
408 455
732 970
915 439
751 87
811 90
929 334
105 384
243 252
875 602
893 661
897 460
756 787
617 966
433 199
530 457
140 364
233 686
954 163
662 504
627 700
169 425
686 751
585 601
560 491
382 650
383 132
267 871
384 931
264 820
463 882
490 887
58 75
244 277
786 975
34 740
458 777
217 385
615 222
849 338
764 576
164 432
772 740
792 727
631 584
295 657
74 469
868 909
5 659
674 152
187 881
701 561
564 145
546 719
480 928
314 318
289 117
364 231
405 22
148 595
733 24
964 404
264 660
958 320
352 159
466 485
465 610
461 634
396 506
723 656
949 462
145 810
158 770
281 963
846 461
940 872
349 89
868 745
649 553
339 275
720 624
175 313
581 410
350 832
3 624
365 918
659 61
931 269
530 36
935 238
845 746
772 174
51 692
588 352
126 217
719 982
837 335
294 178
863 471
618 925
96 536
20 400
245 974
497 850
108 547
33 154
278 661
800 387
695 787
254 318
749 190
698 273
575 263
335 190
951 833
999 953
145 669
997 69
300 584
851 483
467 406
102 867
472 186
430 641
607 742
333 257
717 335
240 620
518 118
499 711
786 647
86 536
51 667
486 199
557 962
442 772
59 225
759 646
272 379
147 682
965 352
471 449
107 659
573 773
657 348
876 170
266 620
216 68
67 687
196 515
125 209
644 538
995 541
792 488
683 539
287 629
528 746
581 587
328 871
122 481
828 137
856 446
452 91
156 65
708 896
599 468
908 502
903 515
495 663
823 919
597 379
842 304
910 543
444 797
228 303
871 573
414 762
249 175
146 639
139 968
147 486
899 55
708 328
998 716
319 786
310 971
662 971
35 495
213 212
698 362
493 626
757 575
492 448
184 568
573 494
232 423
639 270
842 423
903 959
464 496
757 447
386 795
175 506
717 369
444 287
213 824
247 570
774 244
755 513
869 403
607 130
935 58
309 730
144 478
346 841
694 968
654 143
674 403
73 606
156 85
3 406
904 161
737 931
271 217
609 152
609 465
477 199
97 77
403 733
961 893
484 705
350 399
523 392
734 874
128 213
763 472
856 28
397 828
77 72
959 842
396 753
980 577
484 944
868 524
322 823
546 892
832 203
430 342
186 345
523 152
980 682
231 446
990 56
711 922
335 916
454 94
641 1
794 762
352 60
99 588
769 78
895 756
434 936
97 831
973 831
290 513
379 361
260 567
493 591
456 963
639 920
557 805
201 92
985 197
905 834
652 253
872 252
228 447
932 991
351 677
311 709
158 939
545 253
326 359
717 17
524 807
602 492
174 474
834 61
390 550
205 909
10 431
592 772
641 983
455 677
666 676
156 702
569 35
666 289
939 789
404 943
356 198
336 74
369 451
791 998
266 798
85 373
7 57
709 64
723 733
350 935
90 503
830 337
810 163
487 965
621 796
988 329
557 610
997 825
410 376
854 374
37 627
631 201
539 520
369 921
361 197
792 310
634 461
998 913
851 923
485 261
954 590
862 385
205 656
980 442
927 251
41 471
141 636
428 697
706 829
305 117
515 200
78 666
929 564
218 883
7 432
322 323
466 3
286 237
863 967
160 841
341 110
366 928
534 869
470 780
555 887
665 984
926 774
478 802
803 864
364 818
302 705
833 29
796 726
398 445
191 731
474 784
252 192
125 506
181 898
24 726
453 78
1 344
562 179
458 402
882 772
272 967
844 875
67 335
431 914
535 783
895 732
798 918
106 945
447 908
54 969
376 998
396 110
26 367
614 608
850 332
713 634
318 838
29 113
495 595
930 32
211 932
824 45
523 198
583 530
253 271
177 839
675 767
931 944
282 734
466 994
742 838
556 659
824 709
865 386
125 225
606 252
114 708
709 310
510 263
59 616
691 730
29 917
362 716
694 178
848 225
745 626
787 718
578 556
964 276
922 55
531 146
791 368
620 255
676 359
796 137
825 481
814 119
940 551
554 626
414 721
47 223
591 985
100 899
441 546
360 482
361 979
586 539
467 756
897 935
850 773
382 240
512 780
607 66
203 682
105 805
390 303
231 221
741 238
954 36
318 610
817 161
794 813
522 213
503 3
906 262
813 403
799 651
374 509
447 926
389 116
66 682
684 33
951 683
345 265
329 24
68 663
3 916
891 170
408 846
35 434
193 56
66 564
200 779
27 508
393 307
13 762
129 469
56 373
941 671
778 972
507 584
247 768
603 721
178 882
389 113
92 21
153 233
384 616
109 655
326 349
716 310
486 877
915 685
408 759
95 729
106 619
84 857
485 518
77 91
296 550
306 228
636 548
129 642
416 202
77 791
448 26
940 500
220 228
838 901
405 909
63 999
611 323
761 938
844 897
128 705
213 230
809 411
94 61
965 982
453 268
976 321
138 699
425 707
807 905
334 152
640 689
426 45
12 805
589 385
121 957
574 462
606 327
80 397
822 257
82 385
986 287
657 972
732 809
338 191
985 81
43 851
834 737
209 262
457 687
723 181
672 536
897 323
757 19
259 848
693 294
323 704
685 789
813 373
530 687
569 177
776 290
933 749
91 19
243 155
255 155
745 493
883 91
769 877
691 663
405 75
188 151
14 637
112 708
461 277
100 719
309 139
905 394
79 55
357 66
488 643
904 640
912 732
278 303
605 850
265 510
712 164
707 818
935 499
531 706
828 337
844 850
785 90
228 506
909 496
114 394
406 436
10 129
139 598
963 553
354 685
980 673
524 531
620 813
28 350
211 990
132 507
105 133
888 975
758 484
162 116
524 732
125 212
184 235
446 933
52 882
539 44
469 254
766 586
41 657
512 378
737 801
811 888
641 242
191 898
933 615
460 923
233 512
85 996
619 760
532 921
745 437
895 784
47 345
13 198
580 899
845 616
632 894
146 523
550 953
392 784
161 50
141 541
100 521
61 527
3 539
614 525
234 691
380 42
295 73
707 164
449 84
807 445
974 146
909 853
813 738
376 863
585 875
504 626
545 356
692 74
472 102
754 66
488 897
608 751
225 511
975 785
541 187
110 546
724 97
933 979
346 126
654 797
10 908
730 496
509 943
448 328
128 786
729 714
960 98
609 717
275 259
376 482
988 598
742 900
541 544
164 142
836 104
834 82
612 371
162 899
866 839
558 450
868 945
201 726
646 998
992 656
885 232
548 554
76 278
706 929
183 929
33 474
214 41
958 214
335 366
197 82
295 611
664 519
637 133
295 971
251 726
36 671
201 488
422 344
465 200
10 869
620 762
279 425
701 538
695 257
795 546
505 115
762 329
576 170
945 807
288 809
664 543
918 137
226 503
383 952
438 280
56 384
916 867
120 727
573 503
558 904
519 105
93 980
339 689
411 23
125 778
599 391
130 554
145 411
488 256
982 601
757 182
902 157
115 195
415 90
451 502
175 254
350 130
358 298
899 398
321 27
225 182
942 618
474 354
525 113
303 87
680 166
702 906
755 207
496 985
575 505
855 232
476 883
109 979
174 339
396 200
744 774
107 455
340 331
611 460
766 73
254 280
942 945
835 834
597 737
711 55
524 146
59 658
544 579
514 652
448 677
983 489
372 952
252 110
357 247
991 200
927 598
771 186
469 885
434 67
383 772
906 102
192 792
625 695
589 270
960 569
875 945
403 741
727 737
482 237
684 317
951 412
772 21
443 771
471 354
87 604
678 867
492 22
467 40
220 600
163 916
938 380
728 586
929 381
523 544
331 225
453 373
62 728
669 28
225 376
611 202
994 742
34 854
864 592
933 240
915 29
199 595
712 80
96 399
147 171
949 61
874 51
197 239
967 446
125 946
466 549
21 31
101 686
12 265
626 79
137 59
727 652
164 537
545 502
614 732
820 322
68 518
811 810
529 470
411 117
950 884
875 726
845 258
386 762
548 477
73 163
400 38
716 452
803 639
152 877
154 795
692 904
127 466
229 369
506 533
327 861
419 460
645 546
649 488
340 376
943 848
923 945
672 844
715 545
158 9
694 904
108 893
478 331
131 55
93 586
811 57
147 175
909 332
80 744
630 118
664 756
685 384
316 653
470 241
505 658
99 605
82 801
321 860
890 272
820 12
298 160
767 83
571 86
960 585
680 821
263 265
643 278
907 544
537 392
867 407
537 51
640 832
293 120
26 260
536 545
608 437
673 831
182 948
265 398
33 28
889 366
998 970
382 573
281 889
226 695
507 385
914 524
536 303
404 913
148 166
626 450
267 349
823 243
220 50
826 964
342 610
260 329
815 35
621 534
455 674
806 147
41 868
482 477
178 183
980 905
453 593
237 193
605 704
611 229
908 578
505 287
399 605
746 658
55 505
652 376
806 107
7 474
853 854
662 136
381 585
35 841
610 988
188 436
483 953
286 231
629 163
276 367
592 136
811 135
318 181
681 552
421 125
987 684
60 230
794 520
575 243
691 92
630 678
168 492
542 481
484 866
103 886
140 610
794 283
82 920
552 579
3 887
156 649
298 425
687 805
742 133
767 778
73 143
383 452
839 901
594 448
95 851
949 1
162 605
848 322
698 113
872 787
702 455
404 820
811 432
123 881
314 687
6 988
133 770
168 24
794 565
403 251
662 914
930 192
572 765
678 77
297 184
212 945
372 125
916 905
425 38
485 615
434 469
954 732
119 496
247 389
466 465
277 618
828 144
159 203
143 765
504 238
790 360
288 43
997 82
348 283
168 303
446 752
282 139
584 593
347 394
884 592
34 249
82 219
736 439
610 903
568 984
241 160
453 555
54 779
524 425
489 265
613 92
493 552
7 633
322 31
171 996
387 180
733 824
241 383
293 763
527 431
855 139
174 821
634 723
739 792
679 552
51 929
90 448
422 836
320 504
689 379
112 121
676 348
797 510
773 200
863 424
596 204
143 414
711 41
644 449
496 49
380 662
654 929
556 155
328 704
378 805
306 407
810 848
245 105
908 885
392 305
4 313
938 865
361 527
811 554
827 619
597 688
339 89
98 788
300 529
173 956
163 242
177 261
491 244
344 226
359 30
284 537
720 857
529 491
919 404
274 453
710 355
248 115
354 269
220 654
242 626
379 27
586 359
184 19
321 610
66 481
747 126
64 444
52 645
370 690
438 527
56 630
789 1
72 900
999 724
653 149
731 26
463 828
971 51
697 425
461 730
567 930
174 517
907 936
656 430
881 785
680 931
280 135
884 193
585 173
253 318
924 525
850 50
327 861
109 862
211 127
463 419
748 397
846 974
116 698
784 185
142 428
410 28
725 849
654 418
790 788
873 363
821 458
658 484
798 879
108 591
907 678
97 215
712 590
609 843
184 847
718 863
795 893
199 901
864 232
311 936
606 338
713 756
150 81
428 648
398 844
891 89
161 951
502 624
465 52
992 990
116 676
245 783
909 389
382 45
733 685
808 689
956 378
33 174
543 890
798 848
63 109
923 801
747 392
149 633
427 620
970 738
314 270
205 968
275 122
657 96
628 136
118 472
924 92
205 544
158 707
599 523
613 590
996 97
10 924
901 890
738 308
28 631
103 967
835 975
998 573
401 410
838 995
723 114
753 522
943 144
165 628
261 136
527 311
721 964
121 347
589 675
455 580
207 880
887 318
610 25
112 278
350 249
786 498
336 394
999 346
750 531
682 395
123 793
167 968
585 369
401 731
935 747
703 433
472 924
698 867
701 569
92 696
461 411
973 366
933 927
434 363
238 77
788 590
939 209
87 576
444 803
930 759
992 892
229 441
645 265
759 221
31 281
128 407
168 124
693 839
528 999
831 47
475 164
102 892
107 176
126 705
480 427
551 940
33 150
98 80
662 137
842 862
724 235
902 715
859 339
910 348
902 418
342 802
392 869
996 313
22 797
356 36
832 789
407 882
510 24
507 148
830 49
319 15
513 970
201 757
232 402
494 677
965 74
42 927
753 45
878 569
184 338
464 452
149 861
997 833
527 20
828 115
941 431
64 322
649 109
378 222
67 279
524 240
532 229
607 682
603 321
399 261
506 555
474 315
432 959
898 555
62 627
173 86
899 7
78 950
983 369
191 784
604 471
7 784
271 375
294 273
519 675
686 616
473 193
79 264
500 304
239 920
515 602
300 863
810 804
325 386
624 216
466 202
839 121
373 995
537 588
886 555
614 809
260 900
734 894
999 549
847 335
391 900
633 784
790 132
880 551
857 559
502 313
986 300
559 814
897 571
671 554
249 428
853 370
946 483
730 453
415 774
243 532
594 775
459 921
78 450
110 923
684 819
870 818
121 634
879 981
443 525
309 789
873 789
98 563
369 993
264 585
958 145
67 554
690 715
609 644
241 23
64 41
978 711
827 450
294 34
619 550
549 532
762 392
525 764
400 980
414 916
852 318
800 470
56 310
422 749
852 877
69 752
377 747
982 8
949 106
173 231
90 446
221 504
549 119
319 427
95 35
233 549
647 971
816 954
838 593
804 739
181 209
961 881
29 596
46 140
179 491
398 101
804 902
293 865
52 612
198 406
634 374
172 602
250 460
998 590
532 790
945 45
97 125
186 810
996 981
335 528
494 6
207 626
149 742
537 613
678 93
904 510
240 673
857 71
697 651
88 716
964 835
885 513
936 282
512 820
463 654
843 841
950 340
525 23
952 511
842 371
777 577
377 681
305 225
391 75
369 306
800 37
552 238
898 102
656 875
750 198
786 634
925 193
157 880
252 20
570 322
770 317
791 198
953 387
889 902
743 801
372 543
784 546
558 460
70 149
233 286
610 266
707 815
834 612
526 539
413 249
304 351
91 678
967 421
347 426
238 838
300 426
199 283
439 923
456 714
737 689
148 726
206 239
56 748
731 672
31 737
658 921
167 327
37 18
331 229
530 309
613 463
443 271
421 496
844 525
152 319
675 217
630 928
657 386
266 484
56 562
793 907
725 492
329 393
21 564
608 744
326 932
692 493
332 448
504 339
367 895
795 909
566 911
778 96
246 727
723 747
976 495
254 340
478 200
162 581
615 535
654 324
458 47
864 962
26 924
582 789
229 963
805 920
807 78
450 519
313 743
439 375
578 264
561 239
484 332
991 612
208 327
517 621
173 633
824 654
737 535
449 300
73 319
543 223
353 834
557 215
723 933
935 382
373 994
816 202
438 682
973 775
613 802
118 706
360 831
466 966
8 415
268 874
2 854
645 500
222 314
45 369
661 802
971 176
867 800
349 788
227 239
573 924
622 747
727 404
728 842
603 609
384 743
14 675
709 952
365 584
588 964
318 685
364 967
990 980
960 200
489 245
784 622
89 350
90 431
450 771
75 545
758 262
205 3
638 765
364 757
622 975
803 734
348 129
583 717
70 214
876 652
11 386
559 603
836 731
442 878
429 377
201 821
825 37
521 779
387 85
421 3
267 761
97 605
302 522
700 867
551 617
211 643
577 806
465 933
89 46
7 873
664 863
291 555
50 767
796 336
320 645
53 267
665 787
958 25
606 271
525 311
648 158
445 462
225 797
282 647
916 90
610 540
678 657
790 722
435 621
374 677
242 549
111 528
807 313
820 932
286 330
362 557
889 928
94 809
649 187
596 538
996 45
577 544
410 935
185 416
591 626
112 868
154 119
34 997
323 15
119 290
587 415
390 477
758 44
889 804
30 721
270 278
616 30
497 354
36 377
43 319
273 486
472 180
847 872
813 98
508 670
480 395
576 620
664 716
549 469
997 670
229 70
200 948
350 302
491 628
80 831
43 259
952 883
111 871
832 62
817 136
763 892
652 525
768 482
886 662
87 218
643 792
559 473
456 845
197 666
123 672
682 501
144 699
260 383
554 933
966 277
251 14
423 407
613 87
690 89
396 387
106 579
511 534
540 836
946 501
866 592
636 419
294 670
345 387
300 397
11 389
786 714
276 448
190 436
535 25
285 932
647 640
135 851
320 544
144 372
472 64
835 180
496 325
126 709
51 394
388 849
135 548
551 103
858 904
217 217
537 429
544 770
409 171
261 28
460 168
242 456
767 296
44 766
518 284
113 255
377 904
866 76
87 187
234 631
993 950
164 864
610 85
486 476
387 663
342 965
553 322
368 903
423 408
598 971
969 532
118 866
49 438
61 726
104 909
15 444
626 624
55 587
624 429
360 505
610 968
180 246
403 84
205 437
693 219
269 182
769 781
549 271
88 257
69 530
269 633
30 996
993 234
374 690
419 440
961 577
222 435
673 663
660 950
673 940
531 293
837 260
355 979
850 243
570 954
685 372
217 864
403 964
754 266
223 404
724 720
733 64
614 736
255 898
562 667
346 410
609 473
85 739
970 719
52 911
477 146
152 385
748 228
198 872
934 792
971 532
756 726
814 499
123 83
506 880
611 561
240 111
216 721
337 496
962 685
20 269
55 597
843 976
563 937
253 967
321 861
483 658
515 888
642 72
732 52
41 606
915 754
498 42
886 438
663 632
409 722
15 213
986 955
621 397
11 34
380 884
887 350
797 972
698 237
694 850
598 279
757 171
977 537
96 55
785 325
521 683
155 576
580 42
933 671
291 883
