7500 5000
318 185
681 117
814 996
526 629
270 194
209 302
49 526
194 807
902 71
823 707
194 887
464 457
493 833
823 101
213 255
37 171
784 545
596 847
885 766
576 55
800 265
815 745
178 998
372 561
202 476
924 380
387 470
261 683
161 39
42 744
635 6
637 264
851 431
105 160
97 573
983 92
282 717
888 924
355 955
268 477
884 848
18 948
328 426
396 543
233 326
486 100
670 861
452 729
449 330
205 731
880 772
149 586
873 157
967 448
616 495
380 980
400 314
391 511
65 954
225 115
808 117
246 959
150 659
957 852
140 392
59 567
246 799
176 320
980 898
441 592
51 168
581 166
75 514
245 897
184 129
472 316
619 367
992 900
505 427
178 587
60 644
257 984
717 962
781 46
899 982
491 180
834 654
538 388
164 170
656 177
986 273
87 489
750 535
903 463
143 797
987 975
507 107
66 753
662 878
581 241
153 84
677 70
445 258
901 3
283 247
247 781
758 564
640 951
921 441
913 100
795 764
322 919
703 290
561 867
225 204
12 449
296 707
598 155
444 942
815 281
535 528
303 470
297 883
673 380
194 19
109 300
614 265
452 699
664 660
532 907
952 491
393 222
337 634
289 629
738 249
715 21
640 193
426 660
198 763
87 339
697 282
956 980
544 699
767 508
769 514
186 393
147 142
714 682
780 208
455 34
83 891
410 293
929 736
180 242
568 223
989 802
869 940
974 645
347 471
374 937
875 749
928 895
390 174
566 53
631 527
68 58
520 69
167 459
101 920
195 484
502 978
467 922
358 917
235 912
153 728
213 30
494 56
68 440
947 226
993 170
882 551
472 454
944 766
515 614
284 248
761 68
184 913
916 385
916 81
58 359
777 154
517 369
467 511
713 133
69 473
316 628
319 99
810 987
809 899
519 796
42 617
616 187
869 679
336 671
166 431
609 836
128 482
177 890
915 414
75 881
574 784
458 787
155 758
595 448
763 649
62 742
250 898
738 976
424 641
692 392
667 680
273 109
333 820
422 882
366 372
329 123
994 36
590 181
156 721
915 186
757 480
138 703
672 630
869 232
300 726
615 227
237 280
12 531
612 967
194 915
485 582
220 36
29 753
635 386
963 754
98 84
500 747
975 906
762 421
724 392
632 923
331 566
439 801
703 387
539 74
472 187
28 837
609 190
209 914
73 961
729 955
344 394
814 927
514 34
982 713
230 838
221 145
56 506
862 956
223 771
130 886
679 770
568 880
108 769
58 89
990 344
737 303
454 565
435 389
286 101
391 637
853 34
689 97
484 139
47 338
616 513
910 908
366 813
590 977
332 874
660 738
291 666
246 876
924 985
45 873
605 993
14 121
541 496
528 696
631 253
559 716
768 32
256 433
88 877
581 312
8 768
934 63
504 451
745 925
306 257
602 36
22 56
722 74
369 275
762 854
838 35
918 906
132 323
137 916
427 504
918 78
331 542
88 687
630 8
527 377
265 331
920 227
559 203
77 985
317 105
29 493
835 963
709 409
959 878
159 383
998 685
417 749
224 960
594 684
551 957
66 551
826 942
662 16
499 730
470 552
480 111
428 771
36 884
459 998
960 405
553 443
592 470
219 535
230 370
761 653
442 182
279 783
840 371
634 976
662 825
859 524
258 468
308 230
966 674
573 740
818 978
804 430
745 58
95 980
571 120
746 581
242 351
401 302
343 636
143 622
902 966
522 445
673 535
646 666
612 942
56 90
228 48
197 309
359 244
204 901
962 338
842 712
318 341
962 60
13 958
523 393
198 835
787 233
208 895
395 93
532 912
519 316
761 298
255 405
429 183
128 803
298 554
299 230
763 894
498 141
516 889
414 319
838 302
199 237
909 773
625 703
232 204
811 893
252 918
341 481
24 860
826 762
20 469
575 80
168 895
910 90
629 694
92 842
516 395
499 143
420 342
321 364
783 653
231 88
221 689
127 387
446 389
157 884
968 923
832 967
169 138
815 279
855 559
206 282
553 762
843 13
130 158
146 270
227 319
284 748
726 759
743 874
814 27
864 943
374 837
939 690
845 192
939 358
456 337
564 82
322 484
509 579
381 260
143 874
475 923
492 655
409 888
367 41
779 131
831 220
909 732
354 709
185 835
393 521
397 762
893 364
904 99
280 82
560 138
705 253
540 374
358 328
945 981
623 955
597 126
556 245
551 113
137 762
801 23
850 781
865 513
175 768
249 377
548 424
70 532
82 464
2 598
700 231
401 757
533 673
712 435
318 772
900 122
550 298
32 485
749 172
855 57
453 47
525 221
946 683
555 281
407 815
807 361
814 405
740 884
802 1
719 575
93 678
489 480
681 875
962 103
730 903
356 77
396 834
445 415
966 801
640 498
26 679
171 195
742 191
489 809
488 789
932 271
827 761
13 154
276 93
415 36
379 938
659 466
302 215
902 194
135 786
476 33
656 939
963 444
159 753
989 884
184 776
160 54
642 485
277 368
302 605
179 598
433 864
954 683
316 720
943 69
611 90
434 920
662 63
494 976
622 560
343 300
797 863
130 549
610 689
228 931
449 816
476 29
376 195
533 447
578 276
19 213
809 871
860 78
217 800
798 810
715 370
751 90
833 269
155 609
679 503
307 293
650 916
771 804
908 302
518 404
577 344
842 69
728 754
182 152
424 589
758 994
349 751
416 292
724 456
978 184
189 919
191 781
832 745
900 5
608 158
600 640
480 605
486 439
661 926
766 934
693 870
492 785
652 270
964 136
20 166
542 649
562 222
690 486
26 590
631 514
297 46
265 377
637 621
530 1
934 490
219 224
744 487
990 643
47 715
735 586
771 141
410 445
148 705
613 228
131 743
115 84
503 104
492 37
585 133
858 98
996 268
576 36
100 734
594 24
380 619
678 312
665 848
431 423
445 229
946 748
37 558
324 196
768 255
883 280
641 853
530 691
721 955
854 321
584 37
338 982
839 71
407 496
509 500
682 630
221 305
746 698
968 777
341 475
561 202
748 984
301 968
830 401
652 705
946 396
850 858
429 175
972 561
956 592
991 802
850 203
880 661
488 815
447 497
751 114
661 283
661 933
653 253
736 681
472 102
877 711
39 882
320 541
906 447
993 230
115 653
839 504
503 987
453 447
503 700
211 678
324 457
472 620
36 17
24 243
960 760
198 214
511 250
600 537
625 380
805 541
425 182
289 308
785 78
515 547
692 374
981 312
696 751
943 909
743 313
476 971
390 128
974 414
573 108
352 840
122 332
634 429
606 490
611 81
70 148
766 470
106 234
35 204
238 260
901 681
312 540
963 892
873 795
956 857
352 148
982 96
981 335
640 125
99 521
719 812
894 757
983 753
523 75
896 916
764 174
189 742
642 815
625 219
968 183
598 22
344 845
260 313
696 357
855 560
794 467
6 229
251 194
769 94
280 911
561 838
880 316
692 436
301 382
887 422
541 818
824 616
868 687
437 293
985 583
477 692
843 201
256 133
806 375
576 317
583 394
31 7
475 754
403 371
753 328
235 776
643 709
490 941
53 654
483 23
424 638
697 101
372 626
941 705
916 38
319 955
237 440
968 510
441 283
86 910
573 303
360 695
538 768
525 709
275 946
871 337
38 170
110 698
349 395
371 942
487 766
778 116
870 859
177 710
353 533
289 741
579 962
617 580
61 5
244 964
653 742
28 230
193 529
673 744
801 203
370 647
447 228
821 954
389 895
724 836
379 310
382 156
262 961
863 646
148 42
511 212
563 949
569 547
464 527
348 282
79 882
663 686
36 846
525 384
177 322
677 434
172 965
100 359
131 949
817 735
166 212
750 956
98 716
742 106
872 121
295 339
897 310
12 49
900 266
868 756
916 685
546 864
674 856
819 343
42 621
155 225
50 745
765 684
234 708
572 274
5 60
58 190
971 433
287 380
725 76
331 999
459 403
506 638
705 27
419 743
984 501
345 240
654 221
679 677
744 667
929 341
133 474
487 617
927 734
809 340
263 443
807 690
97 205
246 779
474 640
678 836
82 970
751 336
956 296
292 63
300 803
859 284
15 594
912 363
203 668
647 30
597 482
103 789
968 328
965 845
331 408
424 401
317 460
973 751
913 955
4 696
947 517
377 881
269 320
586 871
486 29
323 863
358 266
358 724
40 141
580 491
918 758
832 804
236 801
93 835
412 599
278 360
656 134
590 335
621 376
711 124
13 418
68 98
966 972
654 88
268 920
178 855
947 463
131 772
63 937
754 423
675 108
242 753
764 419
850 521
720 988
701 561
931 593
930 487
668 767
339 904
647 272
544 425
207 208
557 240
615 230
904 995
71 119
266 877
332 38
61 410
854 602
295 391
817 229
276 16
506 992
422 796
238 450
811 336
80 93
689 537
394 446
652 3
496 721
392 33
689 124
631 376
670 323
454 339
554 161
245 826
179 291
402 246
564 345
469 274
466 403
349 578
78 830
180 432
442 450
542 218
867 38
399 378
175 471
410 941
736 387
229 510
409 701
963 551
835 746
835 902
755 283
513 809
605 198
457 698
899 295
849 80
320 794
504 440
313 487
394 707
336 486
231 970
396 933
437 216
128 138
158 481
726 620
620 334
354 440
358 617
251 293
499 675
595 865
505 7
837 714
934 355
401 909
733 28
41 450
814 84
915 174
683 421
86 65
386 272
796 716
823 47
455 476
566 948
789 14
360 334
919 690
902 401
694 755
102 323
541 386
303 25
444 554
840 54
358 92
567 428
504 752
778 599
97 680
436 459
180 863
310 664
30 298
398 567
656 776
773 221
385 904
926 943
312 9
681 555
878 36
99 694
885 722
530 325
836 693
931 816
823 189
326 289
267 281
782 960
986 625
935 475
559 944
827 549
233 813
556 426
531 752
364 634
298 607
719 542
474 789
624 746
595 93
916 433
885 225
334 60
90 183
440 948
812 372
365 431
731 981
601 490
383 284
859 520
17 315
490 99
902 393
961 280
189 378
202 605
914 338
545 929
625 358
974 483
169 437
944 388
683 858
831 687
124 516
389 991
38 533
417 324
608 148
629 487
691 496
933 567
834 646
879 490
482 720
35 274
457 964
384 235
242 399
557 208
458 757
596 409
553 481
700 938
977 339
320 234
600 87
600 880
950 942
485 806
712 651
24 76
715 505
696 791
710 626
876 97
276 194
954 96
473 567
126 99
120 168
420 836
535 932
982 616
579 495
97 363
26 652
534 18
402 633
955 523
93 238
785 37
374 554
500 862
171 660
367 382
150 224
250 738
569 817
883 34
25 904
94 792
365 64
146 779
723 253
257 192
291 66
833 209
926 450
858 895
960 346
597 236
990 348
595 575
972 946
280 895
930 289
700 839
568 506
913 592
626 583
297 926
355 326
18 843
408 839
610 426
245 672
998 680
448 486
653 213
620 283
672 591
545 498
468 426
588 149
759 454
738 804
109 933
828 254
822 736
853 30
703 731
217 568
839 495
22 216
414 911
883 73
602 737
825 427
926 4
855 852
431 778
569 90
713 164
961 487
723 688
664 54
135 678
202 660
565 607
409 898
940 228
537 155
766 81
955 131
285 457
942 387
184 780
597 386
43 550
400 177
130 727
729 53
866 549
335 62
415 636
154 40
708 725
292 546
725 58
604 837
657 303
297 307
50 761
472 824
676 916
613 775
793 416
335 997
723 4
135 216
582 712
500 153
60 825
334 66
51 59
872 880
721 255
837 44
73 939
141 32
521 251
666 623
982 143
458 359
68 350
612 155
382 632
37 316
153 842
936 955
508 283
562 99
896 565
352 273
335 636
439 370
14 633
140 255
840 170
650 180
789 828
395 289
742 902
982 984
719 872
973 807
600 511
958 845
191 995
181 677
332 326
137 733
393 280
797 71
653 940
900 142
972 591
495 236
513 312
695 604
415 736
617 856
257 122
468 480
27 201
150 387
42 330
126 322
993 209
913 646
834 403
300 76
599 818
216 730
988 154
85 7
898 252
944 862
525 969
137 703
280 532
197 618
683 146
90 308
939 902
564 38
293 294
9 740
585 217
772 94
254 814
692 226
264 91
663 512
930 796
285 741
770 886
729 965
311 297
549 560
851 478
363 87
984 336
893 943
612 337
158 625
262 443
275 977
202 400
384 167
218 927
325 16
890 774
594 712
183 134
356 831
625 144
657 411
37 931
326 344
57 639
610 345
199 999
783 576
654 667
755 189
404 777
61 749
445 13
534 652
205 204
687 587
42 509
689 45
136 693
321 132
702 855
457 622
84 320
729 914
546 43
942 346
844 183
124 411
404 589
197 296
661 974
709 71
171 726
895 318
841 407
119 96
122 49
410 955
804 752
115 658
433 387
652 335
203 990
49 580
540 444
803 522
283 250
641 865
20 669
265 148
323 138
492 164
165 436
196 808
407 286
560 989
511 300
157 718
123 591
241 982
885 581
180 473
781 379
786 214
261 235
626 366
890 496
43 36
235 985
245 100
622 372
149 983
292 93
904 407
111 642
529 886
99 232
244 405
539 380
385 168
773 104
178 135
239 312
598 354
745 723
494 502
577 315
440 599
473 340
137 915
575 821
765 126
198 581
455 677
606 597
908 753
532 439
700 992
102 871
483 382
583 653
882 764
374 747
805 451
688 626
379 597
153 591
277 643
440 765
449 762
289 971
48 204
379 437
569 471
746 935
944 307
288 632
810 833
499 113
740 83
502 143
483 963
493 717
504 597
553 730
572 71
639 685
486 402
941 890
715 54
36 768
600 123
858 140
458 564
610 613
774 782
142 852
370 787
149 812
547 911
247 936
517 584
541 871
850 917
763 671
637 79
552 715
856 207
302 178
231 830
858 341
618 560
106 786
260 767
147 24
229 422
769 85
396 310
198 851
245 594
197 196
651 293
524 836
436 593
550 273
800 408
496 689
56 118
798 333
546 366
552 861
533 243
493 184
977 314
252 694
521 41
990 853
256 192
49 389
99 187
607 22
929 821
174 189
574 4
779 387
774 170
923 782
470 800
974 584
709 736
18 384
268 439
740 701
35 232
415 453
230 187
956 961
460 135
851 270
119 464
633 776
594 216
928 908
813 854
700 507
290 325
86 592
734 54
856 405
458 376
422 252
546 662
276 649
131 419
815 468
628 49
558 931
522 446
574 603
244 984
494 583
688 776
792 900
943 165
351 207
621 394
978 98
33 12
203 909
678 650
140 626
192 679
186 290
201 809
19 345
990 412
589 732
223 53
691 523
776 764
833 845
943 270
478 99
360 910
874 446
78 342
809 547
970 477
172 973
527 791
91 4
628 212
507 78
477 914
707 650
885 887
430 9
69 399
963 837
389 175
487 853
722 336
155 765
65 975
402 484
495 943
451 773
141 375
403 905
903 197
71 594
694 949
843 375
185 363
710 660
291 30
86 877
699 344
320 332
225 492
404 902
514 919
712 396
732 235
581 768
301 763
203 922
492 109
27 721
746 263
4 23
503 537
63 870
491 752
593 28
489 167
632 758
764 980
846 652
715 274
725 912
526 149
252 526
905 59
319 37
727 974
795 717
770 322
945 514
722 951
419 398
519 772
233 989
781 824
285 524
162 179
599 70
739 83
896 311
901 251
277 532
7 403
257 986
904 604
448 218
243 468
197 139
994 775
828 798
919 950
686 847
193 179
824 354
25 922
262 267
601 496
42 773
224 371
445 899
270 338
423 242
831 460
822 721
330 16
70 772
159 377
51 101
210 695
655 736
799 576
934 619
610 834
960 98
933 285
139 763
90 255
304 909
718 473
577 672
163 578
553 260
585 128
170 433
331 976
743 881
55 163
837 53
331 20
551 188
817 605
900 108
110 259
630 655
655 808
156 462
560 472
339 472
628 275
917 6
245 697
868 537
298 865
95 563
830 253
509 626
649 10
311 790
687 61
360 778
991 531
983 593
243 886
922 831
383 20
438 745
237 142
677 862
208 313
40 735
265 593
817 152
822 519
643 237
470 582
746 827
443 735
52 130
13 237
651 568
97 839
310 856
736 962
869 565
596 359
674 735
113 339
61 537
550 124
405 373
174 639
638 385
280 310
42 40
480 634
19 781
35 667
443 558
410 964
110 545
392 599
558 123
610 156
288 66
321 505
120 130
215 865
828 380
843 857
257 565
516 716
902 442
104 802
353 494
901 383
652 713
613 778
271 769
991 504
802 812
168 320
378 803
18 883
252 876
316 11
732 394
711 744
324 807
953 896
625 769
839 11
5 686
274 670
363 497
240 536
641 711
723 84
587 56
707 332
16 569
721 916
311 816
532 820
672 848
820 151
781 475
133 978
969 877
143 217
454 32
275 615
8 742
684 950
240 30
979 136
940 722
496 638
181 533
592 931
447 357
210 484
963 5
279 583
569 436
880 968
235 433
345 215
189 400
307 583
794 394
636 260
432 137
526 808
805 181
384 658
371 884
630 188
563 153
416 227
330 580
34 997
185 737
308 980
434 175
682 670
48 516
701 182
760 852
617 364
259 906
361 348
248 41
451 396
927 217
367 659
780 206
827 587
428 825
686 234
955 284
4 430
791 765
770 764
850 558
258 44
273 795
955 392
91 986
958 531
318 526
567 312
694 294
479 859
839 562
941 158
595 942
615 500
516 355
94 858
24 394
838 956
522 548
992 496
149 270
796 827
36 650
645 332
525 516
559 195
382 635
385 181
492 650
537 379
804 295
37 284
886 11
666 883
852 867
372 512
646 228
489 267
982 880
939 215
563 914
448 738
151 193
302 169
31 808
662 833
229 953
341 186
208 138
42 596
81 802
339 102
897 758
803 81
363 610
488 513
539 728
467 182
802 524
138 353
351 204
732 311
350 267
262 675
621 288
666 801
809 302
934 407
525 789
995 33
435 745
606 184
527 501
737 174
73 344
46 532
805 668
93 894
579 325
328 81
996 227
835 658
990 496
533 470
204 174
418 300
89 90
861 614
917 92
5 899
260 503
875 784
590 760
584 338
528 409
370 138
223 219
261 596
41 841
482 575
521 127
431 123
479 190
585 994
657 231
76 313
467 827
183 708
170 366
238 41
61 385
815 635
759 183
369 667
925 346
914 671
592 527
290 81
580 479
378 619
330 565
814 166
221 918
322 7
96 631
959 47
609 285
613 629
962 225
739 645
328 653
244 568
545 481
377 446
236 919
12 132
621 880
681 139
647 831
44 141
233 408
235 874
473 952
104 511
771 496
649 969
792 217
788 99
768 737
582 143
207 341
592 906
454 700
761 599
560 813
433 156
686 541
173 948
992 362
585 575
33 251
596 425
832 420
417 850
111 938
415 552
99 116
581 866
262 835
415 696
351 269
336 585
988 198
500 813
746 873
414 241
285 92
715 127
214 528
678 621
400 474
552 334
616 128
123 183
274 777
755 98
970 381
183 315
216 484
924 624
758 906
734 625
338 972
783 158
560 930
118 21
931 690
337 188
284 658
646 635
2 427
715 135
593 431
866 946
136 615
370 458
293 254
1 711
343 613
318 28
958 573
895 612
674 945
855 600
983 880
458 9
572 365
225 300
740 657
945 916
607 742
2 808
479 359
333 290
364 167
104 465
963 717
678 924
599 87
355 164
68 965
348 237
734 133
43 847
60 700
246 88
32 589
803 418
975 684
834 286
421 594
959 985
663 951
291 482
911 819
901 110
108 806
923 414
610 374
756 187
567 677
882 715
203 130
927 808
75 781
496 197
796 330
706 535
797 451
444 212
920 703
894 463
736 259
954 963
921 100
909 386
55 808
480 694
913 518
986 383
386 375
724 607
412 713
49 714
150 309
540 840
299 23
62 329
21 759
280 664
604 794
233 867
75 576
647 289
839 446
219 208
909 638
600 995
201 928
271 133
222 812
503 763
188 59
290 999
680 13
550 939
48 15
850 622
521 458
278 415
974 680
564 532
798 586
94 311
875 163
428 832
881 52
713 786
907 819
176 879
816 816
618 777
289 150
285 533
267 456
598 547
303 233
26 340
493 40
626 493
400 310
54 322
421 884
631 482
45 533
671 459
272 263
348 751
407 665
938 359
937 468
626 294
214 355
792 570
503 459
290 247
229 325
195 525
899 848
288 12
757 210
662 714
689 919
343 916
956 792
663 473
36 319
142 554
455 603
788 201
973 454
811 852
338 393
390 826
382 945
495 528
504 168
433 942
200 404
329 665
204 442
571 738
402 667
22 615
569 431
526 875
844 222
661 350
392 284
759 240
250 162
646 336
273 139
654 340
362 564
697 243
235 554
473 994
978 648
994 88
36 193
421 827
117 25
571 680
721 107
645 574
26 306
589 331
464 150
116 79
839 503
951 36
956 651
588 565
430 307
253 606
43 135
60 880
429 864
547 213
641 903
168 39
867 96
842 372
872 386
306 380
536 916
28 787
438 545
145 481
955 806
434 70
723 119
609 729
730 318
524 248
550 500
28 350
789 779
329 713
277 312
476 37
409 585
13 430
946 877
798 437
11 254
559 816
2 204
536 399
108 544
394 371
648 989
294 110
913 447
63 136
285 868
905 455
850 344
605 865
426 34
166 543
229 809
929 779
280 807
248 490
341 959
256 662
374 157
640 768
996 999
862 145
662 534
293 701
411 851
187 257
888 185
718 812
307 918
83 996
867 980
647 503
638 204
95 305
777 399
812 199
662 262
209 374
561 424
211 92
941 361
928 391
329 263
105 596
431 688
770 830
399 616
214 881
973 599
398 785
334 920
842 784
14 902
446 89
722 773
587 857
213 118
849 777
155 445
975 419
482 812
803 282
804 860
923 213
566 836
441 578
858 69
669 262
979 853
146 485
385 408
271 837
340 599
322 177
506 743
343 127
388 109
132 936
973 868
577 550
423 358
781 842
229 114
897 663
463 287
839 109
572 803
857 320
147 546
911 587
782 241
699 257
664 677
241 177
352 948
896 292
128 415
700 507
405 934
33 379
864 561
571 82
473 583
87 366
730 973
339 775
147 229
559 769
446 403
923 825
313 505
819 844
585 811
654 680
256 964
303 316
264 385
189 8
586 516
739 488
306 534
595 214
765 240
23 704
176 271
33 78
959 537
423 18
257 794
760 248
119 577
302 757
884 723
901 240
448 296
221 953
82 844
335 868
953 858
749 240
795 405
436 794
874 367
228 959
134 754
604 583
305 94
445 775
688 203
758 558
462 835
882 800
248 482
210 173
926 511
249 202
680 960
558 183
860 122
214 106
715 653
942 365
788 694
477 808
456 19
984 453
783 423
63 607
105 937
110 427
760 207
360 177
94 574
770 913
731 760
483 258
347 518
120 19
212 706
503 833
446 6
501 590
566 956
610 79
722 551
411 155
567 643
899 619
692 816
770 300
15 778
53 769
877 942
342 288
951 956
744 841
291 809
100 115
35 776
882 695
792 968
920 306
941 295
237 456
774 262
175 279
322 993
869 418
269 37
295 422
638 843
200 458
199 831
37 182
530 826
949 334
208 754
700 352
908 189
808 231
352 66
30 746
524 341
478 798
127 445
841 25
684 566
412 918
779 573
511 43
818 529
790 919
640 722
641 853
290 387
924 17
31 32
863 916
583 594
589 932
290 950
644 494
470 675
224 963
769 622
615 757
766 139
840 465
880 900
64 468
518 222
689 981
809 501
404 741
145 640
976 848
912 428
264 274
408 379
862 345
943 661
794 639
325 485
345 950
530 79
317 619
983 162
331 450
465 931
28 507
582 974
306 312
108 653
119 788
73 248
688 556
250 165
656 232
963 631
316 286
21 662
878 312
668 56
236 875
553 303
569 585
399 316
321 254
595 939
419 282
358 654
834 827
373 948
620 526
475 868
883 512
352 919
253 924
167 523
404 646
418 684
494 766
954 220
887 437
205 686
567 553
336 486
990 877
940 919
601 757
317 216
83 727
918 473
350 224
309 963
878 853
245 274
817 768
260 697
37 825
298 916
795 377
636 319
886 451
262 787
372 378
535 514
572 186
184 423
795 417
650 921
247 692
617 693
540 281
341 569
204 897
516 791
936 20
550 549
264 664
790 544
447 508
847 299
989 165
69 793
297 44
511 513
260 738
510 685
251 355
73 530
551 44
459 29
272 27
35 512
328 234
911 701
214 467
56 403
133 970
300 653
136 410
922 470
537 49
616 766
454 357
828 715
409 380
177 484
158 330
495 232
79 944
195 239
547 582
948 826
210 739
446 483
184 366
90 409
121 490
881 460
713 77
130 116
693 412
393 868
696 788
755 412
722 29
23 942
518 840
43 790
754 915
454 230
84 610
498 826
416 826
360 384
626 547
425 277
10 575
977 107
854 54
154 98
21 490
135 384
819 595
707 534
612 329
36 872
122 645
292 677
955 738
379 786
733 336
846 58
448 636
351 333
695 816
291 536
642 57
429 531
624 985
645 700
181 21
449 478
306 957
886 261
212 372
685 493
767 27
149 835
585 385
128 302
762 446
184 479
693 90
145 304
389 790
819 950
40 766
415 930
228 177
438 122
444 727
848 211
989 528
90 28
725 987
915 894
256 288
870 666
336 956
11 913
24 668
441 330
471 736
787 423
531 700
247 137
993 900
966 26
483 696
290 854
36 450
847 782
90 12
565 961
176 901
792 352
723 654
574 157
761 774
718 757
909 762
913 924
304 863
580 660
837 196
520 741
350 711
638 318
11 94
501 445
270 9
991 482
189 406
973 289
103 922
113 730
723 952
577 441
139 206
795 164
238 894
38 933
588 605
912 787
950 57
285 207
450 117
469 337
906 840
142 527
614 268
195 833
241 655
471 666
750 654
720 593
98 504
928 125
4 651
413 808
702 699
248 436
882 484
901 359
141 903
440 413
114 232
638 3
679 945
612 289
637 83
921 338
792 717
835 422
713 217
604 761
184 69
828 343
274 718
736 880
337 670
220 711
771 605
67 467
41 961
53 683
606 759
971 238
682 948
201 718
558 333
762 137
388 367
24 923
227 778
702 379
725 170
867 304
815 959
100 205
463 938
855 746
193 827
839 956
470 60
991 357
739 531
830 428
319 296
936 523
379 604
440 729
467 277
407 138
359 10
51 508
396 690
990 261
328 768
241 392
34 916
964 683
393 732
403 490
857 549
600 161
172 847
492 761
534 9
257 244
977 134
206 743
101 115
952 87
854 378
298 823
950 741
31 961
600 143
552 462
160 609
304 186
172 547
330 493
433 170
40 852
510 893
597 226
323 669
452 461
376 926
497 149
700 715
281 207
907 519
18 357
443 926
845 579
102 607
693 975
326 769
462 79
201 336
503 210
277 994
563 890
738 981
905 292
447 931
761 699
852 895
796 798
964 264
706 230
811 683
749 466
587 209
38 796
181 92
784 584
189 820
152 265
683 405
23 918
12 387
504 587
528 862
113 445
679 393
662 976
441 963
598 415
877 371
566 542
837 641
438 765
919 948
120 757
332 285
208 176
544 188
254 572
933 484
824 411
689 236
788 225
154 299
830 97
34 241
96 823
566 358
517 391
962 638
257 461
155 46
69 507
766 617
38 602
192 873
93 75
736 510
55 913
785 2
92 984
696 975
97 122
388 310
195 101
420 355
296 710
107 952
544 149
27 272
549 496
635 184
612 663
272 650
52 619
331 880
371 847
451 459
946 451
323 423
869 661
66 193
672 595
535 77
327 117
983 741
575 670
646 480
196 789
417 228
193 672
646 486
700 314
133 322
859 912
761 855
370 379
340 557
66 444
152 384
432 876
12 510
646 442
932 794
506 422
329 986
591 229
687 461
588 891
954 949
675 635
301 764
314 978
703 768
92 367
71 312
762 214
355 144
527 808
51 610
751 432
413 524
543 983
537 777
986 136
85 578
414 710
815 833
461 922
219 764
207 813
169 849
984 809
542 450
160 877
765 893
152 16
609 544
825 132
554 305
702 967
566 192
623 175
930 347
252 34
858 910
904 356
235 215
266 970
101 71
591 535
427 378
303 947
49 903
999 447
482 95
680 571
399 723
886 40
917 69
236 580
915 811
448 88
724 682
615 628
213 139
399 94
197 744
110 368
183 516
955 984
366 979
76 839
393 229
778 700
332 151
615 605
272 243
877 171
632 461
512 956
856 680
359 436
697 460
826 197
943 840
383 860
210 112
123 147
585 344
559 185
811 112
708 354
31 532
997 210
555 889
541 192
314 71
945 614
166 882
15 511
635 635
507 608
478 915
814 770
754 154
431 310
552 793
640 486
975 257
618 536
571 172
96 560
77 964
294 664
915 903
413 237
39 110
646 110
289 991
871 76
557 801
340 487
530 83
586 842
451 986
857 376
169 352
163 545
743 367
735 849
673 861
796 262
723 204
79 356
352 831
832 561
9 783
505 244
396 262
529 79
952 344
52 597
480 460
872 113
143 83
976 535
783 657
778 377
693 303
191 29
125 904
335 425
284 250
437 158
836 752
433 525
370 724
348 853
37 142
310 348
182 574
686 241
116 307
680 962
103 617
977 268
326 149
530 792
970 782
849 620
246 934
973 655
298 716
741 399
613 254
497 357
917 363
98 534
120 261
839 738
334 220
293 275
445 924
926 64
278 696
745 92
740 737
677 808
136 287
480 213
396 692
692 964
590 605
720 380
619 61
472 79
984 286
634 52
276 371
163 259
768 137
643 537
276 175
962 380
759 858
712 220
12 365
391 294
473 363
426 986
948 524
142 4
592 764
405 420
821 362
462 363
489 552
490 257
481 575
363 105
332 692
292 632
213 498
197 491
507 249
48 194
189 363
413 373
39 643
276 30
96 432
297 521
925 241
607 905
900 946
393 914
996 782
203 48
12 451
508 533
748 962
46 117
550 534
800 848
629 666
955 520
37 853
756 222
649 652
105 152
295 252
74 343
314 421
480 938
711 806
821 815
2 347
149 508
771 211
896 989
195 997
43 283
6 926
855 557
48 321
296 87
223 81
136 125
173 896
533 492
374 670
159 145
756 391
733 873
988 857
845 157
787 460
587 180
401 225
267 947
278 864
200 629
758 948
735 700
708 545
299 86
200 691
766 81
596 548
874 84
537 841
917 544
527 600
632 908
117 422
15 872
477 964
318 966
257 149
754 542
462 815
916 84
309 571
753 601
460 505
414 258
40 611
596 542
186 885
29 258
876 65
391 13
365 614
567 420
549 234
229 88
444 149
656 177
481 934
250 470
220 991
320 568
991 299
768 153
852 983
929 533
815 412
568 987
60 457
134 830
489 488
30 694
950 87
90 535
645 725
908 929
109 849
127 882
890 823
193 891
957 497
112 599
281 52
421 284
880 207
554 406
61 385
786 139
157 971
892 570
580 592
733 416
602 674
250 386
540 365
20 279
857 587
540 612
84 473
276 477
479 7
733 478
233 763
881 86
485 673
229 48
356 99
961 729
23 201
216 344
229 41
786 681
262 860
600 209
83 79
946 256
4 270
994 558
502 896
975 891
572 258
394 671
288 954
749 171
941 979
107 38
205 116
896 776
694 963
955 172
49 408
352 795
630 585
500 973
566 613
122 322
167 139
813 72
892 343
996 982
189 909
125 538
744 913
876 511
412 98
649 605
939 54
176 821
141 816
315 920
922 86
408 839
207 511
186 575
739 982
280 350
610 359
372 491
553 216
8 323
246 869
344 586
560 456
673 211
923 893
955 187
634 669
426 787
446 865
46 451
553 489
861 948
41 870
56 470
959 612
739 621
374 251
887 157
529 780
42 151
69 497
233 990
599 848
663 448
19 123
242 975
316 901
978 941
185 263
231 155
926 979
450 398
950 474
924 401
155 806
762 821
356 320
692 667
359 189
491 512
783 293
607 842
537 261
998 99
250 265
859 433
144 137
591 438
5 562
335 520
384 100
921 769
487 343
373 59
982 678
586 254
644 391
454 736
810 107
804 952
585 460
15 420
694 318
971 409
254 19
151 334
582 173
361 958
71 265
664 461
930 816
972 575
832 681
472 248
892 756
344 853
751 720
211 340
578 931
535 708
812 214
904 581
290 964
517 89
991 433
114 208
154 444
546 625
904 795
206 459
221 165
819 883
723 387
819 818
719 673
454 503
483 997
300 800
900 56
2 827
498 988
456 349
52 351
613 248
127 698
146 690
444 153
738 206
436 614
597 4
639 332
163 810
55 989
454 57
603 339
503 192
20 509
516 297
861 910
488 146
259 559
649 28
161 586
568 132
612 528
787 679
249 125
564 325
770 494
175 392
988 93
661 883
20 698
126 143
942 301
754 781
242 603
543 401
69 360
113 116
25 771
666 844
772 856
196 326
972 300
914 705
928 328
459 380
255 203
208 287
875 326
231 548
888 51
217 336
741 675
883 453
672 356
531 857
635 419
955 722
161 907
694 101
310 60
901 219
898 65
403 865
351 118
326 69
669 339
644 358
431 123
859 620
945 175
438 637
629 217
410 52
543 957
509 700
564 161
121 874
631 635
248 356
680 333
410 849
472 937
26 572
358 994
332 330
472 292
634 100
809 446
387 84
891 681
205 183
873 715
750 969
982 238
167 475
325 542
694 893
521 972
494 87
863 768
1 385
561 935
213 18
113 226
357 896
268 43
65 567
892 284
235 885
282 43
29 152
889 57
433 671
787 833
331 339
971 420
580 436
864 174
360 329
301 755
24 27
455 594
244 607
673 747
513 341
99 927
206 406
959 826
884 692
410 932
215 511
910 581
504 135
539 883
186 847
852 908
354 758
785 628
95 438
594 900
746 306
498 592
539 341
280 185
982 758
989 511
87 472
28 163
82 597
700 309
622 912
200 176
473 420
959 188
184 570
960 853
684 610
383 749
88 82
147 125
846 571
855 277
353 268
712 639
704 925
372 728
491 598
174 711
940 661
75 889
365 303
360 286
18 200
155 951
53 284
792 307
765 398
444 623
673 696
81 343
431 879
291 323
297 184
458 221
758 741
686 977
413 697
199 110
950 267
180 765
587 186
287 551
432 569
208 657
647 321
57 77
506 423
55 356
816 741
517 322
216 754
992 815
499 179
164 498
166 208
606 816
692 492
332 93
564 460
507 859
863 327
828 342
786 79
384 169
551 811
682 835
542 534
72 381
760 450
918 21
62 727
829 668
212 747
531 263
808 806
986 773
374 878
767 142
646 784
117 470
808 194
409 950
444 312
871 418
458 801
300 474
825 560
810 333
389 914
694 508
322 37
737 102
594 251
44 252
370 127
391 394
925 449
979 746
562 359
956 808
5 24
59 280
885 518
803 129
676 812
751 143
772 563
928 964
705 907
295 220
101 691
166 844
269 297
872 591
201 600
635 888
735 598
509 155
62 220
82 805
552 521
396 432
185 76
95 616
661 110
756 814
167 160
478 697
757 455
323 20
981 599
642 210
644 871
710 532
796 28
433 859
976 408
401 257
992 575
551 40
292 816
70 68
86 26
3 885
545 299
950 472
742 394
394 168
218 412
375 2
393 857
39 408
502 273
624 724
9 669
282 13
738 143
973 422
888 574
38 786
203 545
28 515
70 356
915 600
73 721
751 793
998 302
453 85
764 911
406 836
531 749
528 879
638 901
971 422
568 217
854 760
336 591
637 827
637 627
488 33
385 849
168 227
962 127
66 349
304 126
104 270
201 344
867 999
564 960
382 922
361 148
398 196
521 561
915 385
349 497
125 336
685 311
311 96
179 963
119 175
914 164
221 549
419 278
746 552
846 589
248 187
914 460
173 783
104 384
921 308
677 101
470 135
738 22
972 213
37 556
766 902
990 677
252 78
863 829
390 180
790 662
442 463
687 548
192 80
732 951
658 68
450 530
390 77
330 709
889 812
640 46
154 765
682 232
858 79
776 733
717 601
622 983
253 231
675 684
551 306
290 424
8 617
663 607
985 244
177 51
920 784
892 966
471 248
327 375
200 302
507 981
472 725
774 857
674 400
479 861
676 781
353 985
971 708
911 986
834 5
299 782
85 280
452 501
244 510
569 308
99 478
395 233
754 314
377 949
5 242
281 903
529 727
944 427
579 906
747 581
772 718
306 482
148 708
443 647
785 326
762 155
14 51
663 410
872 587
516 236
243 494
697 793
231 354
232 408
81 753
383 730
154 154
530 737
757 276
493 130
666 808
399 389
514 722
344 562
889 392
551 738
54 738
731 921
301 42
998 775
157 159
671 205
684 772
803 216
827 133
131 907
620 679
636 10
406 78
935 319
92 298
979 553
972 989
684 382
953 763
385 31
491 271
4 708
719 722
482 727
725 222
875 953
473 764
644 671
610 762
661 584
841 955
451 264
669 104
953 29
721 941
154 198
11 515
527 768
826 590
238 854
281 726
858 562
533 181
788 58
160 125
707 231
421 780
785 51
664 346
543 261
484 622
461 648
48 47
233 819
881 380
990 163
793 157
640 81
52 803
853 685
254 823
965 804
957 907
792 544
486 364
494 151
745 513
161 456
632 318
405 471
114 682
104 500
789 74
791 343
523 66
326 636
398 848
598 707
24 815
713 739
653 835
262 795
217 281
408 439
697 930
138 546
114 539
238 712
146 875
298 993
563 851
188 717
149 804
273 111
812 796
698 392
40 442
351 632
458 238
921 418
869 854
106 72
751 574
160 165
879 692
549 266
839 882
318 598
697 777
735 282
611 914
782 600
418 763
850 68
824 6
325 720
984 40
102 693
696 249
291 758
72 81
581 884
362 100
596 124
711 316
696 433
922 128
741 586
866 132
366 614
201 165
544 541
466 203
278 174
907 393
985 447
658 275
619 707
34 908
707 370
636 765
903 119
151 258
887 576
635 925
944 79
658 22
830 339
510 606
401 677
792 530
517 933
933 174
483 410
226 680
703 509
275 552
843 788
655 969
231 347
668 361
610 64
645 146
292 574
846 395
337 185
624 127
862 435
110 62
694 465
451 106
17 451
355 301
577 287
574 894
390 739
896 226
157 557
830 535
940 822
185 500
425 992
765 760
966 674
230 28
978 572
66 579
575 411
381 105
362 703
462 342
170 990
810 135
860 630
827 752
859 368
341 937
228 767
945 103
799 293
911 150
599 239
392 583
444 802
839 423
455 359
56 566
712 842
238 735
780 282
776 748
883 311
141 337
605 214
627 851
584 44
595 628
766 334
381 811
338 384
131 705
705 82
731 977
868 139
209 306
203 100
742 60
13 413
386 396
218 359
790 449
194 584
83 380
492 789
47 348
888 25
829 283
920 848
214 834
320 84
481 126
737 551
483 62
804 748
349 658
953 806
833 164
130 815
411 14
556 396
371 931
149 414
825 870
781 448
506 235
463 286
117 61
268 854
648 783
713 806
753 854
549 204
706 368
631 709
681 667
570 86
825 317
134 194
549 969
629 859
23 181
291 599
493 401
619 692
718 959
870 269
392 83
837 793
351 256
986 196
426 988
460 414
605 822
319 983
620 523
906 808
877 604
755 680
3 226
12 90
430 728
592 557
905 858
886 366
500 123
561 159
908 144
628 660
313 20
970 629
477 687
142 28
618 538
777 47
448 623
887 12
82 565
937 315
338 819
535 852
934 609
151 752
639 11
618 704
67 307
892 461
353 366
437 394
750 212
314 194
514 37
540 26
470 230
846 42
35 671
514 214
654 305
611 744
333 61
349 524
162 726
446 719
224 667
6 372
245 350
931 584
978 506
454 952
505 86
203 240
660 281
776 521
90 726
456 15
851 247
526 89
642 951
267 531
801 255
627 658
728 324
167 463
411 45
795 106
270 210
94 738
63 359
722 245
632 740
25 194
688 39
467 235
16 326
155 612
117 301
469 848
591 637
150 22
796 439
191 956
707 417
102 846
791 901
454 408
927 91
413 937
40 842
478 262
949 857
293 9
130 630
261 96
28 12
679 816
704 936
24 566
218 266
366 764
732 184
905 179
322 104
660 479
649 911
421 587
406 333
425 204
895 538
299 837
434 388
109 129
216 153
307 796
393 256
925 301
817 774
784 345
799 749
430 663
501 522
710 201
379 336
593 808
554 475
532 182
358 425
215 836
764 690
335 744
979 787
629 143
691 258
41 325
710 730
417 811
810 935
269 734
583 730
739 952
301 478
973 851
194 653
624 60
836 90
454 876
111 673
483 374
792 43
652 475
252 550
215 577
756 138
28 271
680 649
669 545
10 702
816 773
91 817
411 453
840 177
872 962
285 383
2 235
969 266
318 828
120 63
17 258
713 312
257 667
137 709
741 136
141 187
956 580
558 31
407 136
193 395
443 441
71 300
758 799
578 232
656 508
496 680
106 432
42 75
135 217
706 257
462 359
351 204
526 78
826 726
888 100
272 964
497 230
910 661
23 575
864 722
95 196
952 475
364 372
720 783
147 575
442 430
719 244
696 752
221 945
947 982
855 815
795 616
261 910
666 806
944 528
303 869
182 90
578 662
957 587
219 5
740 504
98 958
710 125
194 908
104 283
534 364
633 227
696 959
690 367
331 581
383 909
551 506
665 731
899 294
250 958
382 425
314 879
937 578
766 73
902 99
27 918
438 731
31 304
399 50
868 326
807 102
840 14
567 614
174 914
621 937
107 409
40 359
562 809
439 911
103 455
424 553
204 243
910 149
577 465
203 168
207 517
383 310
345 970
408 549
61 358
579 64
442 711
51 993
690 754
842 998
707 910
646 685
801 629
123 722
668 469
791 493
323 40
686 248
263 156
563 902
754 388
102 536
200 396
336 879
701 185
705 373
8 835
921 156
281 77
38 134
841 243
822 292
131 856
84 802
92 842
339 888
271 357
978 369
768 488
988 350
17 635
91 147
620 815
906 392
561 370
865 979
500 907
150 594
581 198
719 259
382 16
214 547
45 877
694 240
319 688
574 860
233 644
601 256
772 590
85 942
730 879
475 802
851 656
304 251
851 239
757 89
234 123
171 617
701 676
714 184
928 761
616 587
634 81
781 205
623 701
169 10
290 95
228 712
862 381
57 41
702 584
479 33
3 94
133 744
615 109
737 307
407 147
47 812
664 927
651 719
282 296
830 665
844 239
212 192
236 222
842 870
591 992
316 604
627 360
904 72
234 878
549 141
420 813
554 735
759 863
885 787
320 445
555 716
203 623
320 727
926 331
60 391
553 179
467 716
791 239
485 11
546 534
974 276
318 945
720 967
601 636
272 830
971 501
806 743
127 544
943 13
698 59
966 769
118 864
589 95
501 567
917 393
305 812
357 626
127 172
439 912
793 47
255 146
18 111
518 797
394 896
855 7
534 386
700 752
926 518
492 116
109 257
872 319
256 242
726 176
251 984
233 496
899 314
686 864
894 153
381 752
348 55
787 232
178 799
73 100
723 665
323 899
629 717
292 944
251 847
969 591
812 230
849 756
432 229
345 512
496 868
335 115
401 602
799 688
135 21
148 362
952 57
440 880
694 870
778 623
243 442
514 508
477 349
601 15
183 994
684 811
715 758
125 606
540 549
977 921
580 503
953 14
925 644
149 152
603 473
26 464
829 794
748 841
893 511
274 448
565 592
994 276
383 427
236 572
981 972
859 879
770 426
559 676
713 996
322 219
180 613
123 138
379 947
472 860
723 766
896 638
969 795
693 77
313 203
252 342
146 924
576 951
834 119
339 191
922 970
433 367
228 33
277 801
453 650
752 688
924 814
740 524
892 222
363 303
378 651
234 380
505 477
943 873
920 213
145 412
830 236
129 905
640 390
922 815
241 48
629 899
348 925
9 347
265 963
998 258
309 763
153 139
297 37
356 440
905 407
290 673
418 206
979 382
423 360
815 506
474 328
256 47
650 112
939 555
697 472
817 225
177 626
785 406
930 146
922 693
479 451
703 400
62 169
51 960
479 182
602 2
216 810
568 251
741 263
678 399
947 320
894 88
674 918
677 939
929 582
559 163
411 323
987 752
104 901
440 49
160 231
647 874
46 61
394 330
592 569
740 427
633 518
809 868
734 375
889 785
728 558
887 873
759 221
860 131
139 88
450 278
192 870
635 903
429 745
426 710
789 675
325 437
171 28
328 60
85 264
679 51
204 76
28 755
567 496
99 586
418 889
471 912
429 992
337 418
663 41
185 264
818 910
134 314
25 432
658 731
262 297
292 354
590 220
350 738
398 262
750 58
412 170
797 735
30 978
292 418
708 306
72 648
30 746
36 717
433 108
745 472
995 122
880 847
374 498
747 819
392 591
104 694
438 634
668 103
817 767
662 613
800 569
962 628
816 167
478 646
240 271
901 181
983 281
774 283
276 426
592 175
428 413
682 784
413 486
823 926
63 272
914 342
777 896
456 800
891 313
452 99
702 663
826 813
424 892
181 98
87 530
191 845
715 689
660 268
722 613
420 815
172 506
372 563
453 816
62 378
817 661
665 511
476 25
439 346
792 470
12 38
733 334
364 527
960 896
122 558
345 770
984 869
138 580
447 730
541 528
501 355
854 531
102 348
150 67
761 556
998 523
838 840
405 450
319 416
828 715
879 537
551 670
641 780
164 283
853 685
260 675
432 774
204 975
467 473
531 258
573 816
667 970
312 668
720 528
732 333
95 463
308 827
758 926
412 487
469 560
75 766
278 178
166 506
283 186
861 749
477 915
973 892
349 347
493 170
478 527
630 999
930 319
984 13
120 875
172 408
768 645
216 792
327 221
511 708
335 166
524 503
949 873
521 385
579 210
523 175
96 746
924 460
500 813
810 152
682 722
713 924
220 494
879 987
20 161
258 81
436 715
707 41
39 345
637 911
131 703
385 148
915 390
603 37
134 972
401 183
561 440
869 194
221 781
253 324
929 610
48 114
65 487
789 444
522 231
152 8
418 27
775 921
586 428
145 589
721 813
247 969
517 306
315 696
461 895
414 197
652 210
535 258
478 245
5 170
668 257
516 776
269 418
525 970
30 570
408 83
943 584
241 487
270 683
125 707
481 536
98 279
197 460
742 875
992 318
192 811
218 938
527 816
664 95
58 910
973 309
34 243
983 20
11 733
822 145
17 34
532 452
639 139
965 503
147 796
21 944
507 945
926 287
468 660
439 930
80 611
883 399
199 118
170 500
251 785
173 810
775 95
749 309
834 450
261 446
892 452
927 978
946 565
221 419
354 898
180 698
222 275
416 177
114 333
231 868
13 969
758 926
920 218
832 697
198 610
856 880
588 133
931 594
803 703
793 707
922 547
641 342
988 567
126 656
352 412
430 20
743 285
261 66
383 586
653 222
805 186
357 886
987 484
304 859
251 284
177 33
662 930
82 104
163 409
151 603
969 614
300 775
707 995
872 61
928 294
419 76
80 868
779 399
887 388
878 229
968 413
569 854
52 716
218 279
139 427
111 443
649 198
666 650
845 480
144 626
847 248
615 99
396 887
156 209
23 398
45 109
894 841
219 245
163 141
186 164
759 831
594 858
675 465
861 613
265 767
660 855
443 442
51 802
578 15
782 409
149 70
66 717
468 866
992 505
252 743
639 778
537 882
963 300
190 328
231 752
221 41
845 710
42 608
831 282
5 566
672 438
871 762
509 674
591 262
7 465
511 134
294 19
144 903
385 465
649 618
520 670
324 687
25 536
886 421
377 532
247 833
565 176
284 631
703 400
675 575
516 770
920 167
897 407
452 555
709 558
621 769
10 734
979 207
648 524
90 806
182 854
704 748
8 47
521 574
170 719
452 54
999 368
548 955
944 468
650 965
506 217
874 226
750 269
983 910
650 256
935 169
609 766
87 937
136 64
940 942
316 261
496 819
123 672
382 953
736 892
982 951
659 315
747 136
399 827
158 567
202 554
602 943
984 328
370 137
124 244
167 616
68 561
347 586
326 641
10 893
941 836
27 473
157 624
639 12
217 973
850 955
479 997
932 455
892 409
931 305
259 787
474 288
347 130
837 305
219 328
136 569
270 74
753 110
554 232
628 803
580 160
901 933
71 507
151 739
844 410
788 108
360 917
869 789
514 578
197 18
483 145
17 870
982 979
397 208
744 839
336 247
40 165
154 198
920 856
955 76
53 627
97 896
580 191
921 941
921 871
750 602
5 57
36 572
581 433
830 897
960 929
338 199
512 978
3 849
250 636
364 844
568 321
194 828
16 989
77 348
352 986
955 200
901 992
597 976
553 661
19 275
352 707
545 100
280 729
35 298
487 317
91 728
286 262
345 318
756 800
270 418
20 175
714 964
615 624
102 211
78 225
282 80
863 266
96 955
55 385
940 681
813 67
505 963
172 602
78 641
828 114
255 613
929 12
245 866
632 548
693 485
166 48
139 788
983 416
458 941
671 596
525 216
753 896
510 411
290 35
920 698
206 850
307 628
920 532
417 243
516 444
424 410
748 120
256 770
246 148
346 884
545 486
529 354
635 599
642 256
955 446
231 241
489 506
272 108
57 536
537 134
759 570
595 115
41 751
934 758
597 438
391 309
959 863
451 63
172 606
254 508
424 948
858 930
901 108
323 345
362 876
404 274
798 500
716 922
739 434
279 465
13 976
70 359
689 833
984 280
321 368
916 735
951 67
675 581
481 516
26 735
670 851
738 470
229 220
764 203
448 108
355 167
509 204
209 965
604 44
861 829
298 474
752 225
64 519
472 203
979 439
518 774
21 735
117 813
814 956
814 731
296 929
2 18
745 528
442 734
878 247
258 757
509 130
605 73
210 230
697 189
641 815
746 173
457 356
928 326
152 593
470 335
568 148
964 299
697 812
494 286
626 901
694 969
455 859
732 339
743 647
362 559
595 630
452 294
252 644
112 920
962 706
705 548
189 91
471 948
899 556
470 849
469 926
133 794
471 207
423 16
170 740
927 856
444 524
135 470
688 827
749 542
781 899
150 986
888 385
902 951
781 192
25 347
258 787
903 236
789 134
326 949
456 239
912 676
96 336
958 409
36 267
783 841
79 542
570 940
334 444
97 974
411 188
681 858
825 128
685 157
851 722
310 779
920 874
714 691
531 735
202 957
225 115
13 975
204 419
496 135
285 767
714 603
123 411
471 547
267 360
586 801
938 13
672 338
944 433
997 271
240 201
210 408
332 624
181 671
716 545
110 252
549 169
103 498
931 953
639 312
268 507
7 780
79 81
334 25
58 413
799 792
19 569
145 947
991 621
771 304
86 427
798 771
829 157
272 433
268 382
570 738
176 696
200 395
199 463
62 629
296 18
635 930
280 776
366 551
840 414
930 72
184 117
185 319
981 602
707 173
223 379
579 133
128 460
853 827
804 779
575 564
638 319
293 970
921 730
239 546
266 610
544 34
976 48
29 379
778 623
154 674
138 906
648 839
126 388
643 856
407 554
995 989
478 560
313 958
665 597
69 224
573 320
832 222
737 865
632 773
681 2
328 315
436 874
974 558
323 242
763 710
864 733
218 214
14 889
734 91
791 326
245 779
785 388
631 658
885 703
422 555
229 166
883 845
944 454
831 113
585 416
502 482
883 778
275 642
471 261
597 633
283 59
95 296
496 577
165 572
735 166
23 386
475 765
516 534
589 427
818 101
507 15
553 640
503 396
851 57
20 4
369 965
192 389
705 529
234 738
318 62
411 147
668 672
915 552
576 764
503 755
799 47
142 749
197 281
423 970
848 65
197 134
643 557
879 301
638 559
606 248
266 418
457 512
537 7
80 332
128 513
854 138
222 224
422 418
53 812
813 802
485 222
728 837
348 899
705 563
634 762
841 263
174 781
142 854
591 635
699 490
166 676
215 47
915 276
935 916
482 738
851 819
941 988
273 766
515 630
860 19
250 24
931 650
47 947
960 156
27 80
971 498
638 559
701 855
450 350
371 824
128 148
147 241
913 336
75 770
811 136
946 452
425 286
40 282
447 675
775 332
913 845
964 481
401 691
900 205
972 966
710 842
203 34
28 239
736 439
693 175
494 175
764 371
204 859
981 981
838 635
513 159
58 923
423 360
981 257
116 538
502 590
774 672
968 574
99 143
552 501
287 336
782 507
789 655
380 230
145 372
652 531
763 624
320 859
551 900
387 200
395 931
488 857
793 93
573 533
105 96
986 15
426 43
195 240
243 342
901 823
720 371
784 570
777 937
184 969
790 461
122 259
244 256
780 666
750 723
419 736
126 783
361 800
827 317
660 365
496 260
917 561
950 140
145 154
859 880
448 408
453 68
734 502
6 596
18 237
524 371
495 164
446 508
548 534
456 270
833 902
429 867
419 530
879 327
668 675
471 472
687 478
263 896
615 56
301 855
273 504
685 890
28 688
50 398
468 999
853 239
22 265
960 725
472 183
991 388
743 90
492 606
413 92
949 267
617 764
503 228
267 356
106 557
606 216
38 740
508 262
163 98
34 398
492 292
857 130
125 511
699 916
734 699
874 330
293 498
564 650
616 464
878 815
645 968
694 388
582 394
779 156
30 979
844 568
157 806
284 529
455 224
299 417
12 58
661 931
551 438
120 212
86 499
278 598
37 849
984 773
542 396
481 526
900 540
23 107
890 323
253 195
732 715
613 177
362 615
227 340
66 279
79 388
438 494
942 290
272 29
620 931
357 358
116 237
749 908
759 96
585 534
192 544
942 820
745 27
600 286
242 691
161 298
637 22
629 752
3 864
413 560
837 890
667 759
437 784
640 305
784 65
409 730
339 995
863 776
186 509
256 941
22 117
635 685
879 279
548 186
301 341
969 435
401 48
216 59
336 383
806 897
955 84
873 467
434 423
30 938
821 608
467 85
928 459
16 761
886 190
193 389
777 901
761 371
130 201
694 264
756 419
864 918
188 406
61 322
778 226
968 86
463 567
68 602
771 583
254 325
545 825
147 703
548 293
385 480
451 333
536 922
172 545
676 86
119 983
558 194
816 413
535 504
211 748
654 983
164 162
590 604
138 214
664 214
895 270
736 174
707 561
287 160
605 878
820 368
10 738
947 999
662 461
921 767
429 673
317 514
719 48
509 343
58 808
266 204
895 966
483 233
873 582
345 327
913 745
342 873
405 386
670 230
362 441
724 786
316 717
549 421
955 299
717 8
161 528
157 80
955 156
592 495
29 716
469 930
185 236
858 419
963 561
375 64
757 820
136 748
265 674
276 141
320 367
946 209
482 728
304 255
207 941
437 470
722 702
595 904
617 262
98 99
103 439
611 653
817 533
663 524
656 163
492 612
966 986
669 383
860 103
169 778
802 32
208 761
843 413
814 298
325 173
207 514
114 66
195 977
92 415
815 733
894 739
677 836
698 652
837 989
421 21
564 611
953 669
273 48
338 472
41 681
917 359
363 671
139 922
592 797
179 104
316 856
24 146
44 297
589 868
155 744
766 77
170 863
340 318
206 42
525 9
553 540
210 770
579 545
591 870
337 545
637 973
631 475
642 785
741 364
842 457
892 604
285 872
130 819
394 794
982 320
118 90
244 598
680 491
936 656
424 392
937 77
414 26
195 221
974 480
863 518
511 992
209 895
7 158
703 419
711 551
25 946
957 92
119 747
139 498
146 898
292 61
566 233
13 574
570 467
989 424
883 793
966 478
965 358
342 205
572 23
78 693
58 166
440 918
514 249
665 888
884 23
709 57
951 36
399 813
420 584
416 808
237 535
345 893
529 199
925 720
764 592
615 910
8 819
53 624
64 439
429 467
133 784
715 457
635 839
322 447
849 374
577 803
800 227
563 125
917 196
839 955
685 827
538 607
880 845
578 773
185 454
788 91
231 862
383 834
98 377
788 59
804 340
112 841
545 884
830 340
7 714
568 200
891 865
250 895
272 802
512 614
382 336
794 501
9 323
148 621
424 615
168 54
723 218
779 837
984 951
292 918
8 895
311 971
245 66
378 732
442 98
880 463
718 502
520 488
408 615
404 403
922 403
82 888
890 183
759 688
863 641
782 107
371 622
403 68
302 596
924 663
902 222
684 160
442 60
460 578
9 847
756 636
67 427
833 847
334 200
688 417
275 91
424 69
872 939
851 174
616 151
635 476
650 624
930 390
56 34
437 826
258 572
195 567
247 892
615 59
199 316
428 468
671 329
492 126
879 663
243 524
76 596
333 606
191 744
366 578
886 216
873 28
940 379
9 417
434 685
171 546
799 527
272 72
417 616
382 650
765 985
522 277
131 959
931 263
800 597
548 475
719 172
686 398
405 24
485 50
888 474
59 453
732 148
24 177
169 184
138 531
291 30
585 988
317 649
645 578
323 232
973 716
3 17
43 530
773 684
119 686
109 6
561 392
674 767
781 563
353 202
189 896
548 369
732 796
656 459
302 728
424 628
296 389
936 369
658 921
332 575
338 293
826 237
527 921
599 585
196 98
511 242
102 793
182 318
652 319
482 397
723 370
459 517
999 545
451 915
939 188
860 346
782 703
794 190
859 294
30 332
587 18
866 473
341 863
648 505
761 493
795 733
100 467
193 698
461 460
988 171
27 732
405 642
407 954
423 540
641 111
676 446
796 470
463 559
909 409
655 839
614 207
55 792
407 522
99 8
425 686
585 927
199 438
610 846
49 469
352 957
334 915
959 529
450 388
15 310
183 435
242 623
156 888
538 695
997 788
456 711
449 358
232 752
611 319
288 577
783 244
381 411
377 23
338 969
818 184
803 888
165 745
667 394
522 453
924 528
677 318
523 644
286 757
610 761
347 767
712 366
730 32
74 280
559 322
709 715
383 908
316 72
257 332
333 809
530 635
278 773
686 742
984 883
932 740
934 28
768 339
886 673
426 329
501 419
246 576
930 483
800 709
358 181
161 720
136 695
817 926
785 799
925 856
777 971
936 628
85 42
77 938
236 676
2 365
335 599
620 728
851 134
707 990
598 340
10 345
321 345
966 751
885 93
695 739
417 725
279 777
33 266
46 331
340 591
50 47
315 33
386 550
793 115
23 414
442 82
745 534
958 614
105 760
577 514
262 535
588 108
238 337
879 192
497 997
444 795
321 930
839 15
520 345
818 745
544 570
94 107
332 105
969 865
318 192
511 198
343 579
112 182
567 253
814 80
63 825
957 917
840 317
216 792
281 633
427 313
594 188
425 950
877 532
169 223
27 320
895 18
772 583
525 454
863 615
942 501
371 625
265 839
374 592
162 957
544 377
577 368
291 453
614 384
147 93
595 56
268 100
480 565
864 990
977 180
374 786
149 746
53 872
199 980
656 780
604 188
332 684
323 906
777 607
544 995
909 655
602 415
102 299
249 572
456 504
204 107
492 263
640 147
521 194
818 533
952 357
467 835
616 602
576 574
876 355
223 58
125 539
847 638
856 892
557 588
837 990
690 146
422 301
263 276
420 411
726 267
559 78
579 24
164 780
682 250
161 728
59 294
34 584
747 869
38 12
322 267
129 826
369 842
680 616
867 441
216 588
796 292
856 145
635 308
444 351
19 497
249 766
15 978
446 25
62 419
549 134
102 591
323 293
214 839
749 156
288 588
834 222
493 138
249 949
852 490
1 57
178 441
163 651
224 107
153 498
77 731
130 141
557 692
344 567
457 803
974 835
338 904
996 506
368 604
140 519
139 732
927 51
824 39
155 516
766 798
793 513
693 974
558 860
263 23
595 425
299 205
359 983
102 517
952 621
331 991
58 894
324 216
193 998
423 498
902 374
19 701
83 64
840 404
706 942
5 358
949 291
940 587
442 77
602 11
56 894
68 467
791 276
110 326
491 211
647 79
731 831
229 210
482 727
702 563
830 380
637 573
275 425
352 302
534 751
761 672
871 824
887 382
112 618
704 726
367 42
207 945
341 106
269 377
649 791
291 378
644 287
431 829
124 885
827 556
680 667
406 352
276 35
370 704
131 146
333 275
547 683
941 331
142 45
723 876
461 615
185 172
147 694
16 729
999 254
829 98
662 395
499 778
946 690
320 718
573 796
961 485
674 489
698 420
419 213
490 793
514 778
488 504
450 114
776 426
116 961
354 453
170 874
380 269
736 256
715 659
94 280
472 740
241 832
381 111
704 7
867 527
922 953
708 623
573 755
152 702
142 21
234 707
611 499
172 444
811 860
628 243
807 918
157 216
13 736
407 387
990 933
297 243
6 124
545 438
590 903
899 863
662 202
122 882
595 962
506 22
502 791
997 382
711 308
356 396
11 311
126 251
660 629
112 769
27 948
902 270
956 456
664 700
187 924
38 840
553 906
191 967
504 514
360 886
305 506
572 511
933 666
362 450
327 247
783 918
449 646
242 790
946 294
579 203
653 40
259 120
329 552
264 229
514 503
453 910
957 125
406 278
619 239
591 644
593 808
463 545
201 272
937 470
202 933
207 340
360 21
398 174
116 396
103 989
220 527
550 117
902 714
545 203
581 779
747 802
132 705
710 50
601 859
720 635
646 204
898 96
569 112
946 1
115 444
326 976
100 605
93 994
808 626
167 674
717 487
342 639
627 942
498 76
294 734
17 355
660 879
577 494
266 121
515 689
168 43
950 121
862 803
617 918
279 289
10 337
519 623
70 336
73 492
906 631
189 96
742 315
269 10
699 981
29 443
749 578
218 293
148 433
513 8
607 307
438 89
553 881
110 856
523 592
160 737
507 178
446 360
61 279
839 966
939 513
639 412
721 7
624 239
658 682
288 6
361 271
498 835
475 777
216 602
885 418
950 327
378 594
801 187
75 304
774 12
584 72
208 398
870 450
682 462
465 543
56 423
359 154
868 836
146 753
156 334
982 618
938 701
759 108
671 695
157 327
208 934
769 139
60 79
308 350
517 770
679 143
240 845
153 294
49 303
711 448
814 247
584 731
329 311
144 492
892 450
932 348
181 809
876 833
550 151
311 785
450 94
536 850
11 662
887 702
766 295
292 971
186 409
209 282
165 751
684 589
299 591
703 738
157 114
48 300
92 756
276 61
540 636
663 827
289 594
187 615
774 285
123 933
153 767
573 914
891 242
185 787
242 801
311 514
175 118
392 354
739 463
201 269
153 556
392 275
817 432
838 790
171 558
979 478
657 57
234 635
705 176
22 902
854 50
126 727
115 212
752 148
970 21
149 404
373 163
155 599
535 45
721 859
907 686
712 536
745 538
781 283
585 779
59 37
285 723
240 306
213 750
7 54
372 438
245 740
742 951
235 165
560 959
72 323
75 870
30 633
420 48
801 938
796 613
490 747
106 522
582 768
569 128
926 143
820 486
76 88
924 37
75 311
299 471
918 621
976 573
703 12
385 376
60 386
194 797
746 957
323 776
788 544
148 772
396 92
487 815
51 226
176 262
656 371
815 665
400 786
944 771
467 309
860 893
312 707
482 555
429 157
994 377
600 420
910 76
284 32
456 566
386 537
716 303
418 960
508 713
728 428
330 180
228 143
302 205
433 838
717 365
820 81
753 319
88 111
432 732
86 823
167 42
700 236
188 909
535 352
975 372
175 472
903 585
634 765
846 840
92 675
850 780
564 134
307 529
608 95
997 286
149 825
197 173
534 895
138 825
553 67
516 885
183 365
158 588
802 636
817 505
511 547
630 151
198 474
795 638
862 224
841 286
715 716
138 447
551 947
63 95
967 205
886 700
946 907
15 301
119 362
950 718
97 681
888 833
699 870
159 596
993 299
340 403
929 363
1 3
301 455
947 672
727 855
109 265
298 516
843 8
348 13
657 471
511 316
987 158
23 239
843 382
682 48
967 41
644 284
436 153
820 339
732 124
282 205
632 808
125 298
36 545
203 196
349 465
828 348
42 870
2 970
230 273
738 905
307 109
246 355
978 79
609 782
660 400
419 822
792 469
525 581
595 737
856 683
57 735
324 56
444 177
523 194
481 462
887 741
719 963
838 841
474 28
344 832
804 903
209 734
492 292
155 399
936 160
945 862
873 667
828 681
514 143
327 782
645 485
618 507
982 622
115 47
854 561
66 638
243 648
432 702
726 900
563 985
779 519
463 856
124 9
238 707
191 596
742 907
375 407
845 433
618 10
57 465
368 996
13 836
650 701
838 462
33 952
582 202
804 375
164 45
358 185
153 544
331 365
39 160
742 202
72 474
368 957
948 566
783 139
598 42
395 847
262 503
639 38
296 646
980 512
953 38
761 531
820 597
114 503
391 662
461 414
489 24
904 172
976 846
935 626
712 46
818 381
354 798
464 893
108 176
265 34
72 953
124 489
602 301
416 390
400 230
161 709
914 988
2 95
323 438
645 228
923 489
774 977
245 527
208 592
555 842
350 603
325 34
64 410
35 268
9 362
329 137
877 47
907 632
479 621
937 700
462 137
461 651
89 297
843 492
533 804
144 120
47 663
319 220
20 157
371 362
179 257
985 57
921 438
116 193
649 403
713 935
755 559
553 137
26 576
62 15
84 951
222 628
226 147
223 460
798 960
473 293
899 663
693 888
996 908
155 40
209 500
253 595
323 999
403 461
737 438
713 25
19 97
512 936
379 522
72 263
801 465
812 833
774 663
761 737
336 884
751 940
771 662
752 367
217 319
476 244
907 182
682 255
148 217
576 602
916 678
900 930
231 884
677 888
167 757
4 927
249 27
344 893
933 464
513 770
683 230
642 514
945 272
437 971
864 150
846 474
622 403
695 330
356 44
310 685
162 897
946 686
239 4
507 184
211 998
593 218
568 243
235 488
260 239
221 827
91 547
426 862
409 590
497 235
229 935
868 847
791 133
355 259
531 703
30 655
320 177
39 948
982 685
269 591
241 235
921 826
400 36
411 371
229 823
214 117
97 53
318 442
921 28
137 326
817 861
159 672
715 861
926 657
333 646
942 574
549 121
351 216
210 520
571 332
982 419
756 559
888 355
72 595
900 943
937 720
466 171
80 653
301 417
922 210
74 35
950 599
700 872
295 912
786 395
195 716
701 148
129 401
210 906
720 208
242 621
110 523
846 568
352 141
912 924
664 626
800 240
192 573
532 280
163 45
16 579
141 200
860 235
513 61
300 103
238 540
396 574
709 461
603 454
672 899
814 32
826 417
958 604
558 70
522 7
631 936
142 395
496 388
550 684
282 532
872 403
171 799
941 934
126 255
847 576
129 56
868 160
295 245
325 808
978 689
100 552
365 341
40 203
171 891
207 691
500 334
846 384
385 268
871 346
438 168
923 279
113 607
983 591
628 368
565 928
584 64
7 519
382 447
708 560
795 445
353 326
900 188
297 846
86 13
697 891
11 22
294 846
472 349
819 860
642 658
145 169
959 585
134 348
623 537
62 929
244 635
399 668
651 957
712 787
200 100
688 392
392 967
243 490
996 496
579 891
414 554
233 789
851 771
951 878
139 659
389 6
476 73
763 379
677 604
773 322
425 72
712 33
974 706
84 416
373 568
195 988
11 101
492 168
512 742
689 482
447 436
168 610
93 337
852 527
729 445
360 296
629 68
885 599
818 462
972 415
77 313
581 64
137 916
506 238
823 80
582 347
323 511
864 785
642 299
832 796
214 27
3 952
556 555
594 871
870 806
648 487
218 796
190 960
13 104
662 3
979 254
558 92
964 237
585 611
222 243
523 187
888 107
854 53
76 113
74 567
727 374
859 641
556 682
64 312
375 681
637 238
297 276
823 892
495 789
235 29
635 648
108 826
515 334
266 187
452 865
257 784
877 966
982 221
897 678
308 6
505 332
388 627
686 448
126 599
65 927
872 204
72 155
314 748
774 737
557 521
984 716
437 672
568 193
262 553
791 660
390 226
867 537
388 186
194 97
966 800
671 791
825 535
904 576
193 772
504 478
498 36
645 663
284 945
859 232
250 736
426 655
658 689
752 445
110 377
351 106
780 873
396 87
706 148
853 842
952 980
67 238
365 125
459 22
937 653
743 649
70 34
643 224
920 304
189 182
893 754
21 226
688 90
429 923
762 463
129 740
72 727
125 451
658 265
767 803
995 814
574 16
907 993
499 375
883 507
872 211
