7500 2500
963 696
898 611
389 549
645 246
644 917
116 511
101 713
437 462
856 414
885 472
259 507
220 757
179 858
101 552
577 10
677 278
10 116
637 668
445 380
303 802
218 804
95 932
731 302
854 121
917 417
953 556
453 353
310 227
669 810
593 551
406 74
57 878
660 380
320 771
579 837
782 506
26 402
729 713
588 701
374 934
823 660
645 36
323 572
606 285
768 606
926 473
558 397
680 335
356 70
207 256
785 741
5 526
129 921
708 139
813 800
841 549
346 925
168 783
315 945
316 197
894 381
74 425
682 808
319 108
473 338
964 928
281 736
705 241
587 933
524 563
977 88
858 628
212 902
358 1
618 718
924 663
846 770
208 432
314 693
625 113
474 628
892 939
584 682
73 989
273 757
101 817
613 789
675 334
82 943
87 170
250 135
629 217
121 855
539 897
610 911
833 800
212 79
58 366
420 490
751 515
434 914
670 567
603 62
664 527
208 19
475 574
838 980
614 382
605 540
200 206
444 261
638 964
116 7
451 675
779 692
65 969
939 614
282 63
359 540
889 708
703 929
338 901
849 551
559 423
439 856
807 145
431 509
297 339
749 949
451 415
398 915
495 615
62 458
356 382
414 203
393 173
984 319
656 713
670 842
267 178
733 509
454 10
370 588
779 415
754 547
354 275
196 430
230 515
689 817
103 920
537 528
480 195
504 768
97 952
468 36
501 754
795 870
790 101
366 495
470 659
492 302
309 542
485 705
604 737
727 554
471 937
834 663
624 494
344 125
296 879
650 640
267 677
534 313
992 113
594 649
963 367
473 562
572 326
395 192
725 615
945 950
745 424
777 820
557 235
496 76
201 532
738 128
598 847
861 331
776 521
699 658
543 389
956 520
525 951
68 173
321 177
639 924
17 389
617 275
947 222
933 964
57 449
144 251
383 781
624 443
468 170
393 84
659 18
719 550
134 292
505 189
393 37
487 547
457 314
304 458
776 639
734 316
503 634
436 480
877 793
108 353
828 10
427 453
839 875
583 726
883 228
356 998
819 563
546 51
366 270
231 106
958 190
789 140
294 264
586 871
427 845
154 424
622 73
457 637
279 735
244 258
14 502
749 146
99 707
922 771
865 31
224 280
612 898
842 766
922 632
447 207
69 348
509 855
23 748
589 319
23 530
451 283
796 198
164 158
858 560
414 373
777 667
934 387
42 74
364 864
834 917
609 235
993 398
291 597
502 99
515 562
397 104
528 472
927 808
487 432
831 582
892 662
41 295
512 939
934 982
419 307
396 920
798 874
203 162
445 285
857 251
154 183
391 180
373 520
234 660
392 672
701 637
865 989
457 677
423 666
125 780
616 538
874 766
617 174
967 612
688 915
591 199
21 78
491 176
577 176
240 857
417 927
507 781
16 962
300 64
891 660
448 219
219 75
426 326
650 975
639 685
303 760
904 117
95 447
410 925
208 358
35 115
406 785
710 900
661 913
690 60
979 858
696 488
618 917
143 587
403 196
452 643
294 14
481 334
468 129
789 663
881 309
820 218
521 240
269 502
761 979
649 615
969 56
520 319
681 125
35 613
541 512
404 740
475 452
483 567
688 245
155 763
371 492
305 428
286 756
229 717
816 787
726 775
962 329
374 370
529 75
306 857
624 361
113 156
255 563
962 409
973 509
664 167
87 555
461 395
970 748
816 910
792 182
852 774
499 250
300 709
183 809
830 150
746 355
301 413
295 585
793 681
660 651
935 854
96 324
522 799
126 518
633 368
389 994
520 352
131 127
38 115
273 365
111 50
109 797
535 113
576 60
22 254
219 105
664 347
561 536
664 479
843 760
584 152
876 542
581 247
862 639
35 353
154 962
362 252
859 428
613 172
89 725
958 868
862 943
653 180
31 878
177 768
264 834
188 167
308 49
771 176
612 220
418 368
211 562
989 266
247 873
839 544
432 21
384 848
869 698
306 419
868 956
293 126
341 385
195 783
653 185
493 46
352 972
206 977
650 440
308 451
924 795
642 634
122 356
537 68
242 842
833 758
739 224
128 624
418 854
254 676
838 346
541 953
47 548
167 679
633 617
465 306
21 856
916 828
531 425
386 450
889 555
890 513
797 978
86 205
524 452
739 913
990 90
143 114
377 635
386 682
580 895
868 84
869 77
518 434
499 993
725 660
750 176
300 270
63 506
455 504
272 674
987 147
913 532
810 369
842 972
461 531
668 195
525 235
498 704
698 940
954 896
368 31
315 954
421 213
683 990
146 524
910 800
960 16
175 213
570 802
270 926
474 30
691 177
596 901
492 158
718 664
594 166
757 60
791 60
170 993
763 225
704 754
913 461
153 974
722 377
606 636
408 535
377 739
531 3
681 778
140 434
418 312
312 769
259 814
191 110
80 403
362 371
5 329
276 752
29 555
821 452
12 420
126 235
966 232
230 997
704 163
357 213
776 623
602 890
291 489
476 371
784 149
916 882
853 47
262 669
451 391
229 404
196 980
802 766
685 435
235 933
410 546
280 66
666 367
798 737
661 583
763 777
313 401
164 379
145 510
151 316
672 430
513 301
897 797
472 996
963 119
99 976
952 766
815 246
344 48
797 161
133 995
152 695
674 80
330 397
518 707
570 770
494 585
849 440
213 688
9 61
270 931
372 901
871 899
554 528
418 561
318 156
21 628
301 447
919 227
627 200
618 112
680 879
235 135
136 107
502 331
700 897
335 652
610 273
281 552
53 43
792 751
906 728
402 4
557 131
499 23
217 687
188 163
414 300
730 696
18 975
607 499
37 657
569 829
387 956
517 31
505 216
633 994
117 475
679 471
97 567
810 617
211 917
188 694
979 831
931 774
252 805
817 288
296 226
266 651
272 18
600 269
191 185
599 812
872 962
806 150
67 424
369 360
194 975
129 604
743 652
205 172
33 6
460 556
646 385
702 259
569 145
378 55
572 846
68 723
747 761
388 950
518 325
940 999
161 205
887 660
650 655
184 322
230 586
834 759
291 346
199 771
976 803
775 54
137 180
967 903
110 693
188 671
158 226
983 36
317 98
817 328
110 230
226 622
861 750
410 556
654 312
481 562
884 296
476 981
13 220
876 225
67 431
931 125
379 860
306 351
715 20
442 571
510 845
225 396
40 787
955 585
635 360
973 112
203 350
829 359
649 81
238 33
56 864
158 940
728 278
967 223
64 908
461 247
107 274
343 524
572 125
730 119
324 670
235 377
891 660
268 777
578 213
223 322
211 407
28 864
133 998
779 864
458 346
233 426
226 941
394 39
282 752
664 673
219 223
693 640
522 397
218 958
21 163
473 65
998 667
736 60
843 276
412 509
584 162
638 804
792 725
195 616
101 186
98 463
573 963
446 888
733 993
723 915
645 699
879 787
84 192
323 575
232 468
271 298
520 423
255 32
362 321
577 799
433 292
291 23
244 352
368 691
658 313
659 542
278 435
394 804
662 300
834 603
245 854
369 408
907 77
131 744
979 389
424 502
637 478
800 698
124 885
795 634
593 275
792 399
274 931
40 891
362 551
515 909
496 47
94 715
976 889
719 956
575 950
458 857
127 424
988 159
924 830
314 479
33 491
886 242
813 99
69 610
814 21
126 227
770 109
906 763
62 995
854 945
108 816
29 851
386 984
113 214
76 633
795 280
28 980
165 701
688 8
282 278
259 861
733 924
196 884
405 748
715 49
917 69
833 281
771 517
637 994
629 743
228 397
321 258
133 951
604 834
379 219
697 381
654 689
328 546
514 835
893 336
768 518
329 71
442 342
815 142
439 145
496 545
598 551
979 605
825 409
454 410
899 676
224 662
112 266
415 850
841 550
165 105
319 525
813 66
175 375
71 534
744 319
10 858
300 107
760 756
549 92
218 188
211 952
706 680
167 466
256 621
550 163
301 463
336 431
470 389
107 385
842 670
910 891
185 88
904 873
945 222
709 551
42 461
600 842
564 434
718 435
634 145
354 291
454 80
895 921
729 284
827 206
912 397
240 818
646 579
376 403
999 889
111 807
475 197
720 702
376 782
461 514
340 840
832 93
727 956
943 565
204 471
915 74
821 632
498 578
144 887
42 22
32 369
161 44
867 187
468 600
310 996
277 602
974 767
310 630
575 21
759 530
739 559
240 632
506 698
651 861
966 5
208 487
837 242
83 154
987 55
782 615
938 193
627 349
100 390
413 906
906 690
410 302
215 536
762 944
316 563
661 339
358 62
795 181
836 120
247 643
508 288
144 615
795 494
31 174
534 815
358 473
110 416
200 857
11 55
645 632
447 886
311 82
29 251
153 895
669 750
637 374
494 280
520 933
247 576
488 899
727 204
276 272
242 806
897 741
679 258
868 332
58 722
208 52
610 781
617 975
806 118
629 302
994 282
779 798
227 20
983 204
808 311
235 884
314 899
64 10
392 935
137 285
332 507
179 148
257 952
7 324
197 975
501 191
206 873
275 523
869 520
733 367
224 94
626 507
695 912
135 262
663 115
11 644
586 411
766 104
414 840
664 423
239 425
942 906
626 950
831 642
693 774
551 568
526 340
343 46
32 405
292 328
815 58
827 632
446 279
322 838
926 841
967 99
11 894
630 551
855 453
860 99
593 999
101 241
778 394
296 261
683 606
187 797
843 276
279 348
163 293
140 363
897 369
457 618
162 208
775 560
327 355
376 36
640 482
389 82
729 858
770 667
155 541
384 964
792 406
874 411
810 661
979 525
966 989
119 916
183 630
874 942
999 237
17 680
427 715
769 893
769 903
883 625
145 611
653 482
988 676
593 301
859 642
890 227
951 283
963 192
814 444
2 329
48 878
583 214
777 362
382 931
381 384
912 729
772 510
196 91
351 271
881 701
300 441
881 413
617 172
360 498
900 631
31 388
461 214
604 651
691 252
884 552
621 802
406 797
261 973
980 100
841 866
133 889
662 923
412 178
229 177
498 91
977 568
159 633
276 202
828 843
113 667
380 284
500 54
960 19
130 672
605 659
740 815
996 89
316 100
414 439
749 438
326 64
874 931
909 636
761 242
887 148
129 25
714 516
672 624
143 778
566 416
374 252
603 605
565 169
329 588
51 551
237 239
57 294
777 918
497 795
243 42
134 916
454 201
622 56
731 592
732 558
7 325
365 652
523 192
586 205
710 816
994 326
930 170
134 114
668 506
270 212
354 897
4 652
274 315
345 841
973 667
591 445
629 477
81 180
37 689
962 675
397 100
132 388
585 376
186 436
48 221
334 504
398 804
57 524
468 87
233 969
395 266
670 765
308 589
143 485
443 417
773 756
196 237
945 955
741 933
392 554
88 742
214 290
328 556
655 895
854 929
503 835
777 41
944 705
339 201
474 674
313 271
144 168
402 501
860 531
575 586
743 711
770 855
300 703
980 760
362 891
722 315
710 982
146 597
782 904
154 105
350 617
158 49
565 473
705 694
942 910
308 258
434 786
391 404
25 676
310 593
673 834
459 9
424 189
148 479
260 723
262 252
917 255
172 957
434 637
776 903
465 929
618 100
481 694
876 139
321 211
61 469
323 316
228 628
936 783
790 847
314 523
162 235
958 256
331 375
977 755
627 302
744 431
468 844
473 202
534 900
735 292
94 328
798 860
679 959
703 718
404 250
66 331
164 809
300 196
615 542
236 757
72 843
628 348
588 643
200 339
284 67
821 551
808 576
403 179
158 822
110 939
313 509
303 552
914 162
601 497
272 702
526 22
601 645
680 327
172 986
929 120
641 476
886 149
755 965
44 898
121 603
466 333
554 921
125 135
786 5
424 987
293 719
511 577
808 485
611 144
843 14
886 469
406 184
497 325
734 787
738 262
383 95
280 240
120 415
169 432
882 846
280 783
23 199
278 745
554 239
221 156
930 547
653 369
578 304
949 105
997 274
339 912
102 984
661 741
836 58
593 460
402 314
357 974
961 418
24 302
211 22
902 860
484 87
819 180
833 192
725 524
888 804
298 725
625 610
66 476
63 745
5 299
939 139
766 510
678 677
289 166
165 897
958 282
686 382
663 686
86 482
733 701
396 346
237 586
867 420
162 460
815 809
455 774
647 882
801 247
697 870
400 346
364 249
543 344
645 412
98 325
362 416
507 591
10 26
727 152
822 311
644 476
430 599
168 92
33 764
861 906
826 499
642 337
30 966
788 282
333 644
63 760
299 234
78 570
689 411
489 464
906 594
740 462
555 117
548 226
138 13
94 702
750 344
6 764
248 318
834 965
666 601
202 473
226 281
859 695
645 678
350 115
310 191
643 678
533 875
719 858
525 525
554 945
525 792
344 651
368 593
434 454
889 502
182 335
626 1
618 856
737 667
614 665
632 713
542 863
259 645
870 322
571 154
72 939
792 485
305 252
156 296
924 908
425 411
144 3
213 589
639 368
787 414
617 441
134 563
687 48
570 897
917 440
764 657
756 467
911 913
711 731
215 524
30 184
568 893
192 252
910 363
229 395
59 712
14 842
243 777
732 276
320 941
500 261
323 503
394 11
911 196
775 474
932 899
616 431
381 629
716 449
760 220
576 570
403 899
851 541
747 933
104 795
313 632
472 431
525 965
775 959
925 392
11 886
165 475
970 178
468 312
105 85
804 921
271 630
227 486
486 423
501 724
334 151
184 110
814 655
645 632
31 461
84 98
549 408
250 970
471 676
46 714
863 802
1 712
667 237
561 970
40 844
13 71
780 254
52 508
111 13
697 620
719 962
608 978
276 23
97 894
677 98
113 267
847 97
137 367
735 727
85 67
605 751
84 955
998 337
558 888
331 28
601 632
671 639
864 915
217 964
574 683
204 968
869 400
141 548
4 918
966 819
127 958
944 591
477 983
305 793
439 144
194 783
264 153
624 888
340 453
412 840
399 690
457 473
789 402
552 198
638 609
924 310
701 912
136 195
109 628
316 465
614 851
457 28
261 34
947 182
318 226
97 5
215 811
48 825
202 465
580 694
83 362
916 167
19 549
270 941
745 3
749 854
563 944
272 229
226 23
910 85
245 659
482 236
681 54
218 493
388 660
763 49
905 892
952 641
265 463
77 432
256 894
892 805
611 498
42 475
206 195
835 938
420 821
542 88
157 708
338 672
85 718
720 725
739 138
184 340
728 687
222 63
927 147
651 745
59 5
106 867
84 52
542 958
335 244
578 313
357 534
520 375
24 876
65 407
702 588
268 363
973 352
342 837
251 804
113 213
105 436
398 949
524 360
779 271
843 45
512 166
239 302
103 471
638 235
41 226
223 925
336 951
508 851
269 853
565 564
337 551
734 203
408 337
964 827
892 696
528 53
498 6
220 446
70 734
405 707
500 482
297 50
686 396
810 264
432 672
524 930
843 335
199 643
115 986
45 824
578 362
654 116
44 609
743 575
372 141
836 707
520 875
80 871
104 119
89 384
137 96
783 487
970 116
277 936
762 909
729 521
382 942
591 527
390 331
79 370
94 960
380 560
301 138
972 146
394 915
214 907
802 279
153 738
333 889
695 562
113 903
524 220
183 744
189 482
76 84
162 906
7 711
15 446
507 283
444 476
265 884
386 473
159 670
313 821
594 987
885 32
949 777
820 596
524 40
667 276
758 643
659 373
548 887
465 893
438 838
789 246
275 732
299 793
808 825
974 673
308 98
201 494
228 660
378 427
714 434
359 916
915 295
696 250
780 544
575 660
485 385
108 122
450 543
725 619
117 417
793 932
325 978
744 967
27 85
794 780
407 911
195 578
163 598
663 933
889 269
921 817
633 770
469 191
564 992
53 706
380 327
609 309
373 775
646 789
907 99
765 848
825 414
407 436
958 872
78 320
120 213
93 26
90 568
895 683
572 504
423 737
566 736
366 548
532 391
885 801
837 334
827 818
352 764
408 442
934 250
965 879
804 836
642 40
759 384
139 643
61 683
91 804
820 836
231 750
922 699
465 660
969 514
580 970
723 311
696 297
345 713
345 252
127 464
825 996
822 826
655 336
974 313
872 913
532 163
936 807
41 998
676 345
866 892
135 492
706 802
713 297
589 103
525 609
977 604
813 898
257 787
787 67
662 319
783 580
59 32
113 168
597 935
444 713
831 187
362 852
318 30
35 228
965 695
277 783
798 188
596 524
362 759
178 493
299 884
383 907
681 921
287 276
343 702
324 616
431 143
536 692
60 436
281 646
980 348
450 473
352 679
355 256
512 215
797 185
336 514
913 567
436 535
679 68
699 272
948 159
815 765
86 211
548 808
301 465
79 742
741 100
278 613
1 442
964 658
573 928
58 650
25 103
248 77
993 98
304 66
178 2
120 581
681 355
420 584
745 961
474 941
11 758
153 502
874 238
90 582
26 873
478 153
698 516
451 738
641 53
607 574
526 445
590 161
673 395
326 742
620 249
498 242
759 441
560 896
186 708
227 174
824 345
573 593
295 993
667 683
168 812
304 42
642 374
80 880
866 216
88 748
39 105
184 97
958 512
388 988
724 406
922 837
624 904
430 56
703 574
600 979
322 47
313 556
96 635
899 854
569 631
205 744
907 541
457 451
12 580
647 512
517 98
179 877
878 308
976 663
38 1
521 25
247 559
231 400
409 972
743 329
418 16
848 921
402 815
211 531
262 617
733 814
59 932
857 979
599 480
736 231
150 210
859 878
294 7
616 43
907 393
307 349
951 767
655 520
186 694
783 676
603 799
481 301
9 322
576 527
338 232
494 76
747 569
188 341
865 762
375 999
225 553
256 710
299 391
134 206
898 602
94 616
708 244
417 967
220 564
532 645
203 645
856 574
497 994
359 344
388 858
771 650
163 225
219 259
417 802
871 537
830 927
432 723
18 919
150 855
654 150
339 165
851 305
223 444
599 389
559 884
450 261
663 537
926 682
96 421
998 574
141 257
988 287
331 674
774 435
206 153
204 795
752 355
361 558
446 712
253 883
291 840
435 695
443 750
440 989
270 739
749 862
399 441
692 894
289 804
325 885
414 99
901 486
105 758
636 615
706 432
982 298
992 105
978 629
586 744
65 146
567 279
880 643
5 526
907 703
743 499
798 673
240 408
292 456
877 30
73 629
92 711
201 16
502 526
343 484
26 285
172 609
435 561
32 730
561 397
494 994
573 774
620 560
229 259
505 814
774 472
225 165
83 168
105 275
29 267
720 577
91 295
565 343
90 367
961 850
407 963
6 782
56 340
481 497
272 970
887 642
774 706
652 623
695 346
210 798
32 323
414 443
835 651
438 941
37 376
176 340
429 512
127 126
492 686
125 196
426 18
692 908
728 578
788 103
338 789
943 870
312 98
916 859
376 201
84 551
279 330
843 893
245 410
451 591
616 645
66 30
632 394
5 196
883 347
67 795
692 146
749 808
866 846
911 147
713 342
308 181
842 821
861 317
57 557
65 393
510 293
878 272
966 902
639 522
372 425
26 192
811 781
876 365
351 606
950 40
420 37
862 245
230 579
300 775
803 638
327 504
344 798
996 580
188 754
941 384
679 289
729 526
714 156
734 929
361 820
353 634
775 991
688 834
976 933
398 815
400 427
927 675
659 791
588 583
692 116
870 885
402 298
525 356
145 859
508 346
479 923
276 367
509 824
404 257
931 634
942 417
302 108
618 564
114 297
854 82
968 550
426 735
432 235
40 876
915 968
439 842
160 515
290 75
435 765
240 978
191 133
823 36
697 388
68 10
123 540
815 224
644 743
637 422
536 531
437 170
655 706
861 609
107 474
614 360
146 207
753 181
958 335
360 892
581 321
637 546
91 327
522 418
7 429
614 315
554 73
394 764
637 591
337 801
434 852
423 434
693 90
670 740
698 160
89 277
301 958
226 596
932 771
352 56
535 821
321 834
890 133
328 228
586 166
465 461
411 660
626 201
673 64
206 766
506 119
195 971
606 255
589 774
413 299
47 619
292 98
860 641
858 708
262 900
760 753
121 562
438 718
428 743
295 683
163 550
641 875
606 877
42 253
825 271
131 167
387 877
215 470
655 604
152 523
764 369
501 958
590 403
468 845
825 723
870 312
497 37
978 355
3 194
569 755
695 744
374 608
905 396
930 87
405 625
125 83
417 157
884 783
509 221
995 875
757 127
997 434
489 250
46 813
580 353
93 849
201 981
758 293
119 357
944 90
144 642
295 280
407 65
353 102
336 797
30 796
374 845
679 245
916 746
280 475
726 364
507 773
532 779
559 24
773 881
431 455
63 953
986 756
959 871
844 649
511 728
704 287
151 927
610 707
846 631
863 350
460 694
458 985
805 686
953 557
117 22
326 171
909 511
467 541
922 744
470 239
795 190
582 848
398 964
531 321
927 679
63 491
876 814
438 707
87 481
178 314
58 469
336 127
318 256
562 882
587 648
13 116
676 223
58 448
773 436
670 220
103 991
884 928
911 99
356 114
953 331
97 973
944 722
848 109
769 768
578 267
429 531
137 996
979 312
477 648
186 315
537 49
996 480
522 402
854 722
930 711
586 684
627 159
623 473
693 423
875 659
466 223
320 719
118 964
863 399
887 97
569 83
355 957
851 956
110 878
993 708
965 594
681 606
66 134
73 644
440 459
572 275
373 920
434 917
918 273
664 671
835 290
786 154
974 659
55 87
887 607
959 313
100 487
197 734
373 854
172 934
388 913
483 540
201 182
919 427
68 306
835 27
553 31
198 560
55 420
668 412
505 479
928 885
451 467
765 745
824 624
116 600
850 85
876 127
971 239
11 597
604 734
401 757
784 976
151 176
677 237
255 134
859 341
240 892
923 614
619 268
385 828
153 135
565 768
441 146
978 788
449 845
213 434
162 271
215 834
853 871
219 867
917 992
652 663
902 394
466 9
799 462
797 523
957 801
576 670
580 997
189 398
205 817
330 685
581 297
10 995
539 843
374 355
56 167
216 288
567 854
423 962
957 686
594 528
242 208
415 377
416 636
450 354
784 180
119 943
44 383
73 28
126 550
266 817
839 153
505 439
636 117
234 331
264 189
91 485
259 75
558 430
759 710
889 593
171 407
764 793
261 795
235 161
8 286
596 316
584 775
448 868
610 461
35 852
237 155
105 284
671 166
991 435
464 156
850 543
35 925
133 330
914 322
853 384
797 262
528 765
973 232
842 335
109 466
875 223
453 996
89 919
620 452
807 650
504 842
233 592
712 934
691 515
617 483
189 785
957 265
291 346
858 506
807 409
14 575
65 518
74 170
842 755
722 451
552 925
989 922
465 645
664 136
375 658
510 48
293 44
296 377
192 482
967 88
20 867
337 604
337 484
610 348
336 609
545 961
628 850
674 822
699 975
100 117
115 545
32 299
800 277
207 257
249 630
235 57
984 610
242 465
80 238
58 975
678 662
959 977
67 328
978 269
165 221
837 435
421 276
627 38
233 768
334 784
910 491
661 804
318 396
436 120
365 875
989 853
509 655
697 112
588 249
955 332
592 611
168 136
585 161
402 217
961 752
836 536
967 418
906 736
490 579
963 729
823 279
880 11
822 255
171 858
11 170
251 262
729 939
193 696
724 412
622 305
816 379
882 462
273 994
492 110
502 656
520 826
616 120
457 811
19 509
133 374
759 819
732 493
670 416
662 533
276 383
51 292
966 301
704 67
516 203
838 571
104 915
843 175
806 667
869 268
985 440
382 948
863 252
53 69
30 807
595 643
425 884
127 365
261 408
84 232
40 450
381 39
255 779
744 455
765 517
784 243
270 260
521 65
150 218
607 729
459 250
195 361
510 585
656 402
562 879
285 252
888 260
780 102
133 838
334 192
440 697
255 975
666 289
225 316
630 283
491 598
763 2
44 611
210 715
983 556
376 282
714 506
307 62
338 952
905 330
98 350
686 973
164 384
898 34
850 752
700 338
494 696
91 93
768 109
891 408
702 551
262 697
428 324
851 636
636 922
965 465
264 789
317 313
686 931
206 92
186 250
397 389
27 676
462 989
142 384
407 129
240 446
640 944
873 316
380 551
795 346
892 689
125 218
497 767
439 453
452 524
430 787
863 341
597 233
537 224
349 265
240 283
531 100
514 370
357 596
916 564
950 977
279 597
979 420
430 159
891 152
433 744
206 138
299 665
727 807
776 173
447 353
527 244
160 680
723 804
982 154
852 582
384 415
920 476
339 71
602 752
732 479
195 134
524 460
928 108
931 678
97 150
605 813
993 72
325 463
783 163
34 618
376 5
187 173
666 352
795 125
493 200
818 530
81 88
386 543
189 31
2 449
770 939
439 733
16 798
262 917
818 125
284 163
696 964
685 166
262 516
510 386
152 195
957 700
285 911
429 617
788 333
319 114
374 660
413 664
434 353
161 232
662 375
677 16
207 168
576 354
946 46
175 763
280 789
99 556
424 508
410 468
267 670
234 70
481 805
620 912
941 609
387 288
620 193
100 984
395 36
160 530
780 156
447 487
486 133
43 599
81 761
747 952
960 528
519 753
515 102
302 325
759 113
857 454
646 888
119 298
203 500
668 214
384 288
501 577
780 835
133 385
400 288
785 632
418 206
123 117
430 220
612 597
252 600
41 779
994 778
44 31
540 516
181 764
130 731
207 170
43 237
197 526
556 991
201 641
399 901
373 876
598 649
993 695
86 205
314 936
523 187
134 797
622 958
426 199
385 546
136 178
81 174
206 516
194 15
69 903
776 337
454 737
706 235
690 484
344 128
563 340
493 839
902 122
487 825
534 72
365 817
805 434
67 502
670 917
236 334
247 424
714 655
841 48
14 943
576 770
885 451
490 198
946 399
350 669
719 355
762 345
754 793
93 825
981 851
556 159
945 590
246 254
899 262
197 198
860 730
438 549
818 7
370 825
947 49
194 821
308 261
700 177
697 986
71 259
803 984
208 608
711 125
884 915
640 19
890 387
727 752
612 230
259 374
757 381
503 890
288 236
62 753
754 660
721 826
758 812
893 245
697 32
573 214
867 986
949 703
364 598
523 961
805 856
898 631
250 363
803 108
239 92
872 102
16 800
423 268
203 322
278 794
181 638
120 35
76 404
486 308
139 608
2 666
358 90
435 555
82 148
747 812
978 859
27 864
643 389
710 179
279 584
997 413
515 372
98 278
435 691
375 665
358 885
486 369
732 455
878 17
860 535
446 495
91 456
260 922
131 421
117 607
597 21
759 54
60 557
781 673
661 807
889 577
252 387
483 548
585 421
891 123
380 801
536 552
438 484
571 550
721 275
93 324
121 604
451 435
195 881
316 832
494 927
688 293
34 833
603 890
713 538
401 444
67 273
662 274
920 797
33 164
358 780
251 393
885 60
315 205
64 810
937 747
55 462
888 139
576 591
807 660
906 475
662 358
655 657
803 198
108 629
233 505
913 821
508 510
561 245
692 243
362 931
290 123
149 982
199 495
297 809
810 902
445 397
169 517
83 876
75 509
722 102
305 459
876 644
955 136
480 699
811 647
494 559
889 420
113 588
611 851
767 290
83 712
961 375
819 624
32 457
475 280
923 473
692 752
114 381
182 171
646 146
239 431
561 85
833 102
48 13
106 662
547 777
417 65
287 561
970 610
201 559
787 798
996 857
37 102
761 481
15 359
759 475
330 627
490 897
905 801
12 250
641 447
998 225
372 51
386 325
334 373
418 92
942 393
136 204
760 792
698 219
764 560
613 30
634 157
215 914
376 569
318 707
792 772
857 599
393 965
529 597
662 365
930 155
373 985
322 912
624 430
23 755
621 543
63 918
736 708
420 168
264 708
851 986
446 683
226 880
901 748
762 537
55 809
860 612
329 35
414 934
205 696
550 618
627 765
505 374
357 284
236 904
707 547
801 850
549 126
303 183
358 524
326 864
240 709
580 291
99 10
825 699
788 530
781 749
807 390
864 835
527 62
609 736
960 702
699 940
651 149
86 365
285 637
198 702
414 133
475 436
349 330
587 967
283 718
430 702
675 130
869 834
268 227
264 861
492 637
632 427
800 507
822 155
93 560
473 396
318 131
25 581
493 114
205 833
525 158
998 137
810 613
523 538
668 499
183 232
505 273
922 751
891 957
413 687
624 546
779 784
477 968
508 374
229 950
724 252
584 620
180 629
81 734
396 174
508 272
237 341
267 876
750 967
554 82
450 943
137 554
786 27
834 202
7 506
177 923
948 497
893 486
97 584
493 85
685 268
600 701
892 523
989 563
70 515
209 618
990 870
742 518
902 446
804 263
82 628
304 154
238 296
508 525
760 63
77 299
70 740
29 428
668 744
974 985
298 609
63 514
309 991
961 420
448 932
684 642
247 325
638 638
890 854
44 556
617 298
279 712
51 595
487 548
566 225
19 90
491 701
806 935
908 687
352 368
346 233
798 938
266 347
244 394
289 606
658 650
470 729
728 587
674 17
172 589
309 777
948 26
699 396
622 210
429 310
207 174
351 969
229 207
863 502
99 279
940 818
695 101
763 484
701 864
745 921
854 665
79 400
598 974
26 888
877 573
147 871
778 520
905 789
932 921
447 141
798 957
45 721
234 440
497 258
888 398
900 360
687 338
192 534
560 446
20 254
529 974
9 489
20 383
91 728
105 816
266 792
243 978
944 646
819 903
511 920
615 181
999 194
734 867
997 960
141 791
541 186
901 774
749 131
897 226
314 520
668 513
984 86
889 795
900 735
535 523
691 337
447 468
801 801
757 687
681 808
117 501
323 50
122 178
661 305
453 753
846 274
992 291
363 436
63 283
412 776
2 903
808 199
984 245
433 969
202 416
698 557
283 585
818 807
366 555
410 828
273 672
679 639
579 432
456 415
315 289
883 220
933 906
314 217
480 905
493 338
728 192
633 482
453 561
885 294
890 703
585 881
649 710
749 223
602 332
122 832
486 392
611 151
696 241
904 660
696 380
630 159
472 528
521 80
106 86
87 511
386 158
180 306
824 210
261 857
746 874
25 6
931 88
850 906
446 688
5 119
292 604
777 427
992 587
842 467
636 681
413 783
691 711
960 634
552 387
248 735
965 147
758 591
552 335
161 248
216 982
96 726
283 604
216 816
850 253
350 466
53 419
621 913
838 133
745 352
203 653
864 294
400 620
589 809
346 653
905 112
464 655
500 502
799 810
487 235
445 484
471 865
999 205
359 648
480 794
614 926
274 156
768 222
337 476
880 346
104 646
584 429
786 485
14 260
483 77
167 7
534 95
670 219
405 604
89 842
266 179
600 742
810 754
603 592
266 547
793 263
685 362
339 852
481 734
449 172
77 393
492 176
891 663
883 503
740 278
173 713
615 567
732 474
15 51
327 486
563 225
368 802
442 97
20 150
181 822
117 908
315 677
526 241
647 866
150 616
398 19
775 49
128 460
255 265
217 394
705 472
580 257
135 525
220 872
429 568
951 260
764 217
531 648
650 126
420 838
756 199
33 550
184 5
275 188
713 684
765 806
115 787
531 255
101 435
223 852
387 776
114 660
488 959
530 953
246 741
257 225
599 40
98 838
540 30
621 150
884 965
915 912
262 803
455 449
346 54
47 29
84 162
849 581
876 188
459 907
841 816
7 904
725 118
164 851
58 387
243 456
350 395
715 20
584 668
902 349
302 157
52 972
930 427
451 921
243 103
94 36
339 18
511 886
57 283
125 64
119 783
477 660
506 386
928 474
695 995
85 778
242 270
578 679
357 556
542 462
531 860
80 602
475 127
162 658
445 839
274 592
599 852
699 333
801 111
121 845
430 925
705 734
11 765
731 212
53 603
35 257
986 253
562 446
123 335
359 722
927 68
299 757
232 140
877 71
349 177
396 681
681 152
670 625
91 658
106 904
565 417
125 419
461 62
134 932
869 744
109 716
928 599
130 13
180 247
521 851
685 189
326 664
931 200
669 394
153 499
412 196
458 824
973 176
288 888
373 877
989 744
924 989
850 876
417 922
790 473
755 586
475 213
153 702
736 53
544 905
974 511
145 858
391 493
781 747
763 15
260 40
963 361
591 497
534 77
881 163
189 471
945 466
368 76
226 212
46 690
472 425
989 982
969 761
419 687
633 849
267 970
774 23
71 977
77 858
834 406
388 300
355 638
492 893
156 455
266 736
741 553
975 903
260 936
282 396
618 302
547 906
822 487
884 521
472 29
774 592
733 420
947 387
41 509
353 149
829 167
368 858
229 663
308 600
351 712
352 955
588 766
66 92
885 896
413 43
804 195
25 192
261 249
842 649
680 689
45 221
315 843
404 734
66 841
970 45
984 911
196 874
110 340
295 16
946 607
60 978
847 695
339 705
635 546
951 632
975 602
14 912
512 304
23 425
623 564
958 709
363 984
287 88
191 304
882 129
30 492
787 748
976 541
228 28
501 289
112 123
622 678
4 429
545 693
258 273
863 898
683 574
371 781
590 304
460 538
640 687
69 570
473 344
24 358
329 737
266 566
192 936
667 113
280 19
56 794
530 200
354 229
217 753
847 243
459 230
748 773
183 762
138 627
667 544
152 927
533 245
994 599
75 549
894 651
953 673
468 268
699 323
150 323
753 578
44 496
147 832
950 501
779 439
702 658
300 946
378 411
19 253
809 656
491 704
1 380
79 644
370 375
840 77
491 705
529 146
246 420
129 11
931 851
902 987
657 617
794 817
882 108
54 869
952 81
119 200
374 222
335 743
121 18
109 842
382 955
854 375
141 275
247 736
866 724
1 347
916 805
520 651
50 406
643 664
99 553
752 579
206 933
661 260
719 631
699 694
456 46
264 46
257 386
676 531
13 31
221 900
648 938
538 920
208 885
558 712
988 272
898 855
714 627
574 254
729 625
826 984
724 666
491 788
285 27
514 113
108 367
613 502
103 324
427 269
800 33
751 830
558 533
476 577
834 194
358 130
883 372
447 247
582 605
455 908
597 316
199 431
509 498
583 536
589 407
113 694
785 974
601 535
577 118
529 687
235 333
577 73
803 466
639 792
985 403
989 211
135 634
286 557
423 917
848 149
831 114
36 985
520 970
107 1
382 304
608 104
25 726
133 44
388 64
374 507
922 596
184 552
638 645
575 458
546 818
488 840
365 343
474 733
829 530
767 729
608 278
750 867
687 259
495 308
174 103
470 41
7 121
872 236
399 819
258 134
846 176
643 309
68 414
986 567
159 163
574 684
809 782
356 131
484 620
752 761
469 719
87 893
725 145
739 894
863 804
336 12
38 501
903 299
469 702
31 654
540 686
816 389
502 52
823 621
218 320
528 243
630 294
155 567
617 1
445 58
275 954
960 45
726 658
817 695
499 635
583 783
255 96
860 845
966 35
700 623
434 950
126 116
820 367
242 442
498 607
283 567
139 677
949 327
740 871
985 56
120 241
623 541
998 858
956 347
836 157
298 865
948 470
773 737
564 362
998 748
174 439
667 297
127 188
300 388
55 759
766 261
562 852
986 194
947 160
380 609
945 399
554 865
642 383
748 326
258 294
656 236
877 104
324 8
313 27
443 688
399 200
934 359
176 128
671 765
174 802
996 477
866 704
463 488
237 10
998 323
937 454
493 706
2 377
894 608
300 951
202 115
391 159
460 153
774 377
886 642
692 440
953 283
454 576
137 955
2 208
307 327
565 5
690 198
231 86
435 970
269 791
544 265
211 749
531 664
168 89
15 347
829 190
513 557
953 679
14 38
648 267
862 344
550 77
106 51
110 539
867 879
565 623
141 138
92 913
200 624
416 768
167 674
644 12
133 841
139 956
900 753
103 91
734 838
888 649
398 375
690 957
963 754
10 771
493 465
120 456
825 498
292 965
421 738
310 902
877 813
766 859
851 147
781 883
711 121
824 438
950 754
421 804
646 810
373 465
65 204
621 807
375 636
770 626
603 871
526 854
386 655
358 7
109 460
962 168
182 466
50 875
932 466
771 957
153 767
240 588
739 648
403 112
924 383
395 619
683 717
773 437
425 546
529 460
204 500
127 469
993 125
167 662
83 466
516 102
556 527
290 908
16 777
575 676
593 104
744 202
371 744
702 56
376 921
287 764
906 104
616 155
595 505
12 836
559 82
353 844
124 946
180 560
668 116
854 969
820 467
678 261
197 34
21 959
978 361
418 938
56 316
310 580
513 36
180 885
241 825
675 227
942 475
60 331
630 355
104 172
994 656
161 936
407 824
517 52
367 500
459 791
634 565
291 802
977 716
599 612
799 415
903 888
571 573
587 561
763 553
498 69
764 71
310 453
9 460
36 522
827 863
392 238
582 608
268 557
309 647
377 789
996 214
251 350
606 290
430 609
307 145
989 13
327 312
611 289
576 808
419 298
806 612
211 81
322 184
604 267
429 806
294 255
294 256
568 297
810 437
619 423
815 913
349 26
145 695
361 356
206 682
332 263
770 62
495 138
400 551
435 672
958 152
156 785
957 771
236 825
286 655
688 543
990 286
38 735
875 908
542 295
263 376
626 433
779 264
79 808
531 566
986 675
507 586
242 967
13 36
23 163
305 62
806 881
439 651
89 332
69 579
826 409
613 576
946 349
999 396
566 700
912 833
109 401
118 793
328 494
775 161
441 709
560 699
581 322
778 193
479 230
883 567
91 227
959 554
980 986
583 682
469 924
674 86
111 523
736 765
221 604
651 161
54 186
268 787
993 704
765 935
66 669
614 509
904 750
589 405
246 490
159 576
951 851
274 350
287 753
788 15
952 755
686 86
580 180
562 423
357 718
661 947
211 264
951 947
465 323
219 790
53 459
427 316
465 366
97 489
104 362
222 568
146 653
275 234
87 902
189 419
563 998
296 523
559 989
296 909
153 935
536 267
598 372
327 644
168 4
626 371
693 468
664 188
148 527
224 977
349 72
648 481
235 97
70 333
504 112
666 630
747 501
87 138
414 891
202 459
154 762
956 739
983 251
279 758
763 556
514 514
477 915
599 350
410 647
182 138
194 855
602 727
811 733
413 823
108 246
111 851
16 570
24 716
180 577
73 431
433 873
779 678
750 963
234 767
508 658
839 491
857 812
516 319
754 689
499 354
28 565
579 641
294 913
410 622
582 689
743 1
506 241
620 22
823 179
474 652
587 674
151 779
694 657
654 724
12 629
17 602
457 370
180 966
833 301
132 554
741 929
159 509
721 655
579 628
854 475
787 185
122 242
539 584
813 644
485 99
322 941
336 978
298 545
95 444
934 857
324 426
107 789
818 871
158 969
147 13
224 24
583 34
836 145
988 804
168 617
311 55
752 433
932 569
27 367
268 100
177 636
424 924
283 252
39 366
677 496
232 429
700 366
601 747
674 694
40 952
583 796
391 612
452 568
778 546
586 28
327 652
936 493
147 447
409 59
567 335
741 247
163 357
458 561
687 718
759 138
270 95
180 446
397 74
230 408
588 472
554 72
276 481
32 431
752 897
279 501
273 827
125 247
526 416
430 543
247 735
580 913
942 195
532 525
280 66
873 367
31 190
297 891
64 954
956 782
73 318
961 474
329 133
219 561
731 736
381 984
775 491
714 436
150 25
190 13
727 659
901 63
957 392
993 320
179 844
900 947
283 18
589 613
969 217
377 507
261 561
136 959
269 438
805 672
189 825
878 323
585 973
38 940
707 838
685 123
570 263
260 949
297 402
136 149
592 747
473 463
803 946
277 631
957 635
107 107
959 613
972 476
470 621
562 190
631 411
333 17
145 423
511 274
979 216
196 558
58 256
99 688
519 244
247 757
769 589
52 974
820 562
327 408
258 10
705 524
870 933
145 775
877 834
342 940
209 527
966 199
982 266
820 163
753 984
811 886
449 395
132 603
776 184
804 448
91 478
543 422
668 111
188 879
115 882
3 562
304 258
599 218
173 637
599 301
495 374
942 539
308 82
972 598
408 372
52 240
967 848
804 2
647 722
183 603
424 253
503 503
687 358
989 134
300 191
952 394
708 227
962 933
222 115
519 261
818 759
288 531
130 37
669 519
820 846
402 197
596 522
895 448
701 93
16 374
708 865
995 811
51 579
522 486
687 756
928 829
606 34
401 210
656 515
536 27
845 332
994 663
201 335
962 698
259 713
595 14
292 363
458 478
940 852
637 313
760 625
976 863
699 320
958 286
386 848
196 790
564 742
324 317
616 489
505 551
102 845
712 283
505 815
319 138
320 501
857 582
63 188
904 527
666 125
441 956
458 337
946 661
997 403
967 556
761 123
141 258
110 8
372 869
376 951
66 303
626 570
179 826
545 515
432 957
202 718
807 635
43 226
93 653
839 436
588 559
627 711
880 396
498 949
633 317
471 284
716 760
521 304
391 211
238 303
187 310
949 866
505 180
628 249
902 335
374 242
602 357
208 440
830 409
771 433
763 75
246 216
440 81
505 146
28 687
228 201
398 547
691 345
308 583
511 468
30 765
22 935
62 852
449 227
533 789
47 949
719 265
982 558
119 789
406 450
311 823
824 880
979 363
131 598
82 244
769 529
725 140
61 617
52 621
671 574
825 556
394 423
532 590
809 885
250 798
139 375
549 173
44 6
760 240
207 722
4 839
537 994
722 697
199 165
632 431
194 974
29 141
636 934
15 489
935 998
905 718
987 512
940 67
129 415
164 921
720 370
97 705
444 187
346 990
215 679
747 367
143 856
907 601
492 745
742 374
92 129
203 116
433 135
376 127
367 605
407 736
108 205
781 742
764 100
763 547
828 409
722 430
935 827
766 800
397 609
947 84
32 606
679 19
214 474
326 744
709 952
471 928
730 388
309 544
822 733
930 60
31 507
927 272
253 508
200 991
771 230
179 764
200 556
984 559
342 942
111 953
688 721
819 168
567 281
376 245
236 858
369 651
422 860
958 569
964 351
558 984
377 178
548 760
632 318
623 90
16 201
895 465
116 768
365 496
893 633
307 289
669 499
415 72
286 49
816 995
105 76
962 646
615 257
513 19
121 64
652 145
506 349
756 937
132 997
491 133
716 169
519 860
180 587
317 593
619 975
499 324
630 780
238 493
487 629
511 919
508 338
76 781
432 486
693 448
558 982
807 823
575 592
797 794
88 290
136 155
860 722
624 298
285 927
674 871
22 466
866 652
849 818
475 860
412 111
953 727
967 488
456 313
202 34
443 782
373 306
998 548
532 85
65 66
378 650
867 919
656 471
14 80
455 146
888 853
697 261
724 120
762 33
960 34
664 921
469 161
443 839
668 46
652 233
740 171
118 961
67 190
240 256
863 848
82 862
102 980
76 112
781 218
863 399
972 873
994 86
82 500
616 976
933 574
956 91
770 440
106 673
522 383
967 262
41 929
548 765
267 583
715 804
615 341
235 81
742 994
876 490
207 381
195 931
360 861
32 846
416 170
456 730
784 682
694 545
699 178
818 776
946 918
713 87
29 221
886 537
526 948
968 520
114 572
456 737
895 287
622 905
151 631
216 109
107 250
673 621
29 401
196 335
14 423
810 408
17 172
586 536
542 129
869 465
169 503
462 160
543 747
270 502
592 203
145 696
369 134
276 827
747 486
264 933
835 684
39 187
102 710
967 473
1 784
315 773
707 676
596 761
15 685
359 792
618 213
522 113
804 717
303 406
336 581
244 907
667 811
450 454
656 698
224 480
820 358
584 982
698 339
76 716
904 550
401 290
332 225
541 559
185 207
948 741
577 450
262 640
993 404
189 522
925 641
706 104
853 417
238 375
973 805
543 116
892 939
852 657
5 21
93 586
315 61
624 839
87 88
502 405
547 259
230 953
346 764
612 813
484 925
965 356
3 625
112 443
467 533
124 67
100 293
172 75
884 200
482 987
529 140
296 374
167 726
684 311
72 33
329 83
623 457
339 165
316 775
322 222
409 413
255 288
561 652
246 475
210 120
714 63
95 732
414 273
872 406
508 479
807 615
860 253
926 531
2 309
666 248
272 477
666 624
825 828
778 246
57 256
902 731
820 447
372 817
914 225
746 203
274 752
174 149
357 859
732 880
150 935
355 948
891 378
227 306
58 929
724 917
414 538
414 433
959 325
950 676
280 259
542 659
949 530
137 328
636 139
725 980
907 60
16 862
384 624
361 123
554 700
462 751
328 45
611 5
53 570
125 906
216 762
198 337
221 31
872 101
819 260
633 352
492 833
73 338
487 476
726 892
78 841
493 401
370 881
800 398
674 533
913 454
478 78
590 603
223 224
146 391
521 485
736 103
360 346
194 135
494 641
207 63
893 509
634 212
920 103
73 603
808 493
328 765
164 756
300 79
327 679
200 249
292 267
600 706
378 131
818 313
386 502
715 598
611 303
220 442
725 238
184 554
158 626
717 904
282 412
34 17
781 411
994 172
887 451
888 358
42 426
136 764
79 193
43 540
264 469
70 208
44 819
274 861
260 88
886 481
818 810
211 642
379 217
328 164
210 136
779 639
70 434
357 967
315 668
654 427
301 366
892 256
479 946
593 368
158 166
991 646
685 187
601 420
272 549
254 832
48 185
587 295
592 964
360 508
40 370
140 882
412 510
286 869
674 630
307 161
314 901
627 209
872 418
456 914
736 133
285 848
452 453
708 251
468 153
388 566
638 496
163 590
883 618
459 350
668 513
90 841
686 384
236 329
45 107
392 25
779 593
350 954
341 61
548 975
147 116
943 14
920 514
128 720
299 792
497 10
829 705
256 419
627 424
860 254
420 157
642 119
581 380
684 691
24 291
177 540
206 697
704 694
755 440
752 941
564 596
599 827
975 295
511 384
728 201
101 26
950 180
142 732
899 437
206 962
264 918
134 918
608 733
134 908
124 500
340 9
144 98
13 952
44 887
49 113
354 935
420 866
1 507
583 37
548 854
815 304
764 345
619 530
769 63
15 913
873 13
403 682
640 285
236 184
671 200
703 315
887 891
79 228
627 76
413 372
645 364
908 138
249 581
169 530
193 246
225 45
746 579
711 35
450 845
135 588
403 492
929 871
659 466
673 136
534 765
875 526
572 81
705 5
325 497
646 534
536 352
474 643
949 249
516 698
565 444
570 940
424 247
377 258
991 937
954 452
264 932
197 402
64 411
981 332
293 675
947 563
779 963
793 1
942 622
585 572
294 386
925 570
146 329
800 417
833 394
375 785
343 416
561 814
676 489
786 824
824 187
201 421
336 968
822 595
216 835
554 352
782 773
644 250
345 741
920 803
625 565
561 138
832 90
162 720
300 177
228 197
187 51
23 39
77 978
249 373
953 316
751 280
693 164
235 29
245 747
593 57
260 111
333 302
764 109
855 975
229 932
471 141
454 862
719 758
137 553
99 506
546 747
696 855
218 774
478 832
292 696
532 774
677 347
901 990
453 37
840 10
235 638
286 451
276 407
895 934
544 963
798 26
555 811
618 299
737 887
984 76
833 823
47 168
6 910
40 138
23 813
203 977
866 322
537 60
762 817
439 554
960 783
710 337
762 988
621 260
902 670
99 993
828 939
125 162
398 784
187 608
878 331
534 442
239 465
938 295
945 195
893 466
314 209
592 743
393 945
263 122
274 536
682 882
306 949
89 268
895 35
61 792
198 406
886 964
248 918
765 399
449 852
43 486
534 157
770 979
23 590
392 667
321 370
753 921
974 766
210 203
790 949
451 223
437 316
3 207
364 195
33 727
279 886
795 815
90 730
296 391
740 896
456 359
180 410
862 306
608 560
704 445
240 598
617 979
539 823
120 98
954 251
592 631
544 556
331 672
635 65
351 971
526 137
655 395
946 36
268 853
445 18
458 401
409 458
853 601
625 595
906 855
509 783
175 466
890 358
334 925
654 252
577 616
209 887
625 452
773 912
253 472
735 850
421 897
295 814
735 1
159 860
133 874
823 462
459 836
873 760
906 70
108 913
747 834
566 716
446 445
56 718
855 106
628 573
141 97
442 330
864 68
875 635
531 38
865 551
193 179
208 714
617 671
554 899
176 847
533 232
896 478
165 89
224 177
418 541
968 287
141 446
929 772
739 789
628 802
947 544
700 782
613 137
545 685
725 770
622 678
415 360
620 822
821 327
620 366
905 634
176 459
22 506
782 307
260 420
488 647
999 557
442 229
89 244
426 242
808 654
988 415
265 175
214 826
398 759
125 369
809 468
289 866
326 564
876 994
563 58
512 8
816 423
393 866
869 722
622 356
816 304
367 211
831 891
652 133
210 521
161 956
76 721
903 90
540 783
130 759
762 341
352 612
906 817
28 905
84 684
784 73
328 295
413 734
167 31
432 127
952 559
227 723
739 485
999 286
452 241
372 10
468 482
98 338
141 418
982 288
450 227
103 466
897 371
696 406
813 910
2 860
625 141
15 862
38 793
240 336
708 996
203 167
952 832
492 187
718 465
843 620
350 911
8 430
234 107
350 899
841 454
553 346
281 813
113 662
78 759
153 962
79 444
529 807
336 342
153 427
983 40
834 977
139 807
660 435
936 83
910 503
422 252
249 547
778 177
777 867
933 874
531 731
809 25
82 636
18 61
749 595
614 743
437 383
762 827
319 322
354 30
791 18
450 123
771 795
283 447
973 987
667 760
347 413
143 210
968 673
161 883
828 387
646 868
787 13
344 772
655 369
700 302
347 258
429 75
868 935
685 333
116 741
473 940
84 457
677 830
330 495
69 245
598 868
644 72
324 792
404 940
649 477
995 305
152 331
782 30
994 806
599 811
243 221
987 243
287 172
685 787
330 916
759 271
102 344
669 500
898 966
877 964
292 72
935 942
379 399
672 14
145 672
681 353
269 185
773 753
359 197
933 941
955 492
960 551
950 749
594 24
358 793
289 643
779 347
363 962
341 124
197 737
900 10
274 781
72 482
323 617
921 414
941 272
414 546
104 976
153 555
53 51
682 277
497 501
872 345
149 660
246 795
245 452
830 125
856 108
180 372
658 427
531 492
460 982
765 851
170 211
515 319
198 643
380 510
951 201
830 581
707 944
657 538
581 581
627 547
605 730
710 846
771 284
459 575
58 438
770 842
287 376
419 278
575 500
180 198
806 919
384 852
690 776
137 311
498 338
564 985
786 101
286 552
92 802
308 457
403 778
758 832
933 303
94 334
52 743
418 320
545 279
314 251
169 813
665 611
844 774
16 35
90 843
37 127
249 982
261 940
856 950
35 975
376 351
9 273
770 221
741 893
3 636
795 354
771 295
907 710
307 43
63 617
367 208
560 382
808 312
754 995
987 962
303 439
281 851
397 931
645 632
469 803
910 678
414 639
10 331
575 184
352 703
666 541
478 155
699 673
121 260
752 206
167 831
715 117
687 540
556 215
382 841
727 666
658 587
111 544
474 39
943 949
928 479
990 417
439 554
237 984
546 401
928 637
726 679
550 722
553 331
402 106
38 569
810 497
295 698
720 614
255 101
485 361
114 53
831 143
481 990
912 716
432 46
639 315
684 77
890 510
881 885
53 356
836 342
535 399
457 59
591 78
417 994
321 414
994 838
680 729
651 554
497 309
949 875
646 33
312 295
728 939
362 950
167 64
895 297
459 904
523 487
311 249
378 392
920 612
495 847
684 717
345 490
996 629
176 87
24 218
587 170
784 466
72 834
435 147
757 923
780 784
76 278
293 288
979 597
390 831
476 102
411 802
19 961
932 859
750 203
644 399
681 755
162 753
860 32
906 512
677 485
608 261
396 539
528 666
725 60
927 80
430 707
297 823
857 91
364 651
609 59
762 78
290 7
10 652
835 585
1 629
653 25
528 487
89 637
747 954
966 203
730 601
316 967
116 755
52 867
615 218
116 646
278 764
29 919
332 209
788 483
566 973
257 341
927 417
753 782
632 790
180 610
872 159
312 345
227 173
319 906
262 784
481 195
810 990
446 51
941 930
287 183
961 195
815 856
324 952
410 12
140 960
402 479
740 360
207 369
707 816
7 468
534 74
836 879
855 48
478 273
462 983
409 422
534 882
207 87
822 204
588 87
952 26
627 83
212 995
188 773
121 856
310 461
441 372
302 997
116 379
863 846
243 546
145 2
23 198
153 363
251 917
803 840
709 40
217 291
519 764
434 553
691 714
106 841
255 869
303 720
601 125
882 844
504 818
289 567
785 21
171 547
640 370
310 266
554 347
676 607
537 478
766 707
147 713
736 516
784 968
801 617
810 876
59 625
759 797
794 217
157 173
848 546
415 315
62 46
74 822
662 896
441 317
490 678
824 137
179 220
111 335
376 935
235 636
994 452
619 695
729 906
267 970
231 218
498 888
19 628
868 495
570 960
958 334
951 842
261 858
911 892
162 583
487 853
691 688
210 567
702 672
579 940
970 299
316 695
197 995
58 227
469 577
443 480
141 613
464 34
665 842
739 896
677 113
223 878
702 298
614 465
899 555
864 344
307 890
572 453
563 802
516 47
828 672
720 353
504 616
877 518
792 183
719 369
694 535
916 586
784 185
473 937
123 954
574 559
11 554
722 180
822 472
925 996
91 481
307 726
69 107
569 778
362 340
180 35
298 898
293 301
667 388
632 700
930 198
618 121
684 157
212 435
198 297
790 946
520 740
266 789
997 502
309 206
611 630
83 138
951 55
240 327
54 668
30 439
786 562
343 891
330 873
250 232
111 765
858 619
19 150
871 97
731 135
55 158
278 127
474 690
53 568
870 848
554 882
162 815
180 883
344 345
808 773
559 826
649 663
679 606
233 942
522 529
611 119
649 916
154 647
185 249
382 418
222 950
885 979
750 430
111 877
813 918
682 589
565 847
61 650
5 227
859 929
82 658
305 187
773 722
240 152
110 435
468 94
880 396
908 995
705 738
365 850
751 981
598 451
568 14
912 105
142 643
15 299
665 542
352 386
577 997
169 894
82 781
639 531
988 646
102 926
539 470
82 960
138 501
976 972
813 786
538 380
103 918
777 280
966 240
767 365
549 247
288 652
213 699
32 858
869 872
445 145
65 310
705 841
865 404
782 442
161 43
385 818
628 507
791 73
771 60
917 922
745 519
901 865
343 74
696 548
756 532
450 513
967 114
556 163
885 759
782 736
338 145
219 320
189 96
427 995
683 312
280 696
511 726
189 246
141 921
262 139
883 221
913 709
133 500
90 432
412 35
938 268
8 994
524 998
332 943
330 481
671 648
423 741
495 444
451 566
330 542
348 135
216 812
84 341
906 560
204 778
89 20
396 646
451 453
93 291
726 230
689 62
907 558
89 227
413 388
496 342
975 690
869 736
907 899
630 926
242 860
917 759
35 134
247 449
375 380
506 524
890 494
951 561
974 213
360 96
423 207
814 686
402 951
437 326
759 560
476 931
380 825
401 914
179 565
235 37
856 777
322 539
445 351
37 489
953 854
969 893
988 767
695 825
496 526
942 842
808 171
543 654
813 398
938 590
961 900
120 778
868 899
923 379
594 901
324 993
866 315
856 937
232 132
956 567
748 557
810 692
716 130
294 443
219 9
777 741
985 243
953 954
806 118
689 565
500 742
14 679
972 207
914 137
526 464
704 283
705 81
408 619
182 26
863 66
825 238
307 257
703 385
188 627
573 573
741 253
955 253
700 320
545 427
770 185
373 181
146 373
752 769
193 503
926 67
992 717
975 444
145 509
340 360
913 556
457 284
164 237
905 271
807 438
834 562
821 523
763 637
536 815
618 775
651 715
36 583
887 671
961 700
353 143
378 243
535 433
945 233
90 503
344 530
999 798
838 513
377 377
403 194
915 620
551 927
709 407
338 351
630 142
999 404
514 845
985 705
628 750
166 165
832 538
487 481
272 804
139 758
937 522
503 747
989 554
142 470
572 628
594 249
262 963
682 187
714 631
166 480
760 144
46 756
431 861
309 111
200 713
306 142
662 44
498 881
125 887
729 976
146 867
5 969
799 373
548 272
105 169
936 514
761 897
106 21
753 263
307 650
106 441
838 980
923 466
514 953
939 667
311 593
485 15
609 448
407 88
808 999
988 755
889 889
846 239
120 853
635 362
652 607
283 689
353 790
161 764
149 632
995 124
60 450
831 256
622 3
300 247
379 461
84 545
999 887
693 213
111 256
680 959
142 281
903 693
686 63
555 547
529 900
709 524
475 301
343 534
397 864
978 747
150 397
240 920
679 209
942 534
521 813
175 962
278 42
256 189
723 232
220 985
813 492
650 530
916 681
362 572
467 369
683 719
846 233
287 170
755 877
626 948
649 873
129 689
930 667
531 554
212 654
252 366
482 911
173 778
608 67
361 850
274 436
605 681
718 9
550 18
474 912
105 71
685 486
825 808
654 870
844 124
821 844
450 857
646 395
811 269
795 917
378 610
980 476
820 819
624 771
324 191
754 518
724 289
572 558
747 166
654 268
209 579
876 202
534 179
854 910
543 936
896 679
341 326
842 640
189 313
787 470
376 893
86 487
814 151
736 88
271 192
307 115
695 778
94 980
83 889
962 415
39 244
896 372
394 454
662 781
806 119
609 839
636 87
926 144
861 689
945 988
755 492
981 637
825 736
273 398
384 647
205 550
292 734
760 145
715 849
24 460
739 44
353 571
379 92
600 907
190 251
838 513
324 22
715 111
458 609
159 412
827 185
93 213
171 261
769 195
632 309
332 155
630 951
294 230
630 600
917 147
685 340
240 245
637 384
826 823
56 959
44 475
238 605
950 904
623 341
768 69
179 10
486 539
756 368
926 301
113 274
133 155
934 93
554 839
466 555
520 643
370 125
491 73
235 67
467 146
998 446
449 414
407 514
490 728
435 168
788 487
901 86
743 368
698 712
16 77
36 831
487 100
942 532
544 967
643 975
610 374
191 329
298 576
933 184
888 441
443 883
137 702
975 266
463 414
143 59
499 157
176 23
851 574
481 763
949 457
345 282
685 271
377 961
528 493
53 465
65 837
670 939
411 573
678 79
608 855
579 178
85 352
699 585
68 686
824 599
137 535
225 703
64 930
19 172
58 157
182 198
223 1
414 871
352 350
128 707
30 963
273 744
113 893
572 999
807 109
652 750
784 12
722 302
145 967
616 562
148 217
521 661
634 348
291 615
698 33
389 533
885 919
406 298
949 550
779 296
936 139
479 786
664 370
527 710
973 523
382 28
308 280
854 425
816 901
188 10
326 989
337 509
206 401
43 516
5 215
142 424
669 477
559 605
392 763
15 441
472 508
683 158
521 174
720 878
657 219
340 19
267 652
851 236
350 625
38 373
214 368
490 714
735 191
794 83
98 122
801 674
126 298
559 66
652 485
982 754
948 295
655 877
250 936
422 255
135 125
162 808
120 591
19 552
283 734
36 735
357 593
570 497
830 339
56 980
115 400
69 886
262 624
217 860
646 291
558 974
845 389
860 150
348 929
308 641
468 449
88 644
546 690
388 265
243 345
789 505
438 273
208 528
163 581
869 455
406 717
60 119
521 158
91 187
958 153
454 936
462 111
293 147
746 238
642 713
135 446
960 963
879 736
130 855
163 35
588 599
199 892
527 700
849 328
489 486
638 936
505 714
264 628
88 239
431 115
50 819
257 193
852 891
637 321
611 116
845 630
808 848
802 114
934 27
849 716
678 530
470 261
204 44
432 584
149 59
799 527
917 677
631 877
290 69
276 684
327 135
996 276
49 398
743 103
493 877
759 927
114 374
571 858
501 393
490 898
52 767
705 535
791 853
576 923
268 14
253 901
22 396
16 860
417 26
105 823
14 568
652 776
374 405
933 96
801 361
960 734
33 213
163 638
166 278
416 119
221 510
458 581
773 670
323 759
633 285
199 876
248 207
524 157
169 418
11 692
273 789
301 545
157 254
645 75
96 99
85 399
536 244
111 553
6 230
193 688
833 343
93 688
159 249
366 120
998 822
92 31
59 224
727 116
953 350
788 944
602 384
953 477
602 74
844 43
198 178
983 253
941 792
253 37
171 445
690 138
731 274
298 122
487 239
891 247
715 269
230 91
379 627
343 8
606 352
959 382
848 730
995 615
498 210
889 357
85 369
303 470
351 122
918 88
118 21
776 569
10 413
194 409
515 30
940 385
425 202
275 541
192 137
585 984
869 429
286 661
747 672
896 863
771 963
575 514
136 780
363 839
920 123
126 216
649 640
198 155
501 412
383 346
831 64
452 235
16 223
898 35
679 571
149 665
573 564
582 492
718 908
91 81
599 36
689 444
370 909
807 985
654 177
380 272
813 573
253 895
529 969
408 63
106 459
343 409
200 688
866 925
619 675
760 36
54 910
41 204
666 844
33 716
308 427
273 797
923 561
650 610
620 668
383 448
912 252
437 513
498 980
12 175
201 899
141 76
98 343
164 492
180 96
72 880
276 125
921 386
626 931
330 74
72 623
712 398
439 121
106 152
201 475
962 829
580 925
839 958
877 939
656 954
933 316
486 159
661 724
491 795
98 923
362 998
116 230
212 305
832 989
627 662
718 867
232 197
197 100
858 567
258 247
908 758
288 788
328 165
970 284
557 48
427 429
944 495
530 529
909 945
195 715
701 902
138 508
621 426
990 853
448 698
333 534
9 113
848 782
667 354
605 216
60 593
288 637
499 106
940 911
238 541
930 104
118 813
204 982
676 616
365 123
572 143
200 987
959 172
558 549
438 283
372 952
301 209
667 905
225 132
205 432
237 220
339 528
618 846
957 848
776 626
791 213
208 151
480 354
80 939
487 103
517 79
567 135
964 612
256 758
238 372
608 149
756 103
536 599
464 261
70 816
814 361
484 456
162 967
944 16
704 31
468 875
53 581
959 626
446 524
519 257
985 785
82 784
448 538
245 298
254 75
589 679
606 615
56 126
243 693
656 928
900 308
515 290
673 12
96 797
738 971
657 572
412 288
155 948
140 930
446 490
73 868
111 169
222 710
441 673
314 947
268 789
691 731
76 721
262 25
429 559
647 276
799 938
976 853
849 863
576 754
416 761
996 529
764 409
411 636
276 320
680 262
199 109
925 41
671 739
952 957
56 570
496 197
925 4
242 79
363 194
535 786
800 589
402 677
324 568
785 911
4 263
465 743
511 156
18 700
600 752
631 71
764 565
122 675
236 256
5 196
802 417
242 300
142 129
805 89
994 378
844 575
220 14
704 974
525 859
517 48
646 956
777 895
765 799
373 605
630 172
648 973
796 24
899 182
908 363
909 94
901 462
445 892
354 484
916 165
663 225
156 781
84 542
647 903
90 749
385 952
480 629
683 118
889 267
252 904
418 776
324 575
806 590
744 367
613 428
485 610
574 743
523 489
201 959
410 263
63 687
153 399
561 557
477 389
266 855
371 784
175 802
592 543
372 910
993 653
975 308
971 298
43 153
790 878
680 268
817 231
345 924
591 187
121 633
719 658
747 489
856 751
431 386
540 824
80 967
187 611
522 784
351 315
641 949
572 179
241 126
817 865
26 145
612 364
345 415
643 942
996 463
972 952
229 974
334 532
269 415
759 332
958 757
541 190
892 188
396 912
78 923
181 297
201 833
44 221
27 402
914 344
178 414
206 424
9 901
361 822
157 682
199 22
727 646
321 972
716 856
122 459
253 485
705 348
268 251
807 623
317 510
81 777
821 630
411 442
862 411
667 780
308 702
111 73
159 611
615 147
347 916
658 659
294 212
547 654
543 473
584 610
643 862
626 729
450 588
692 337
998 512
466 239
167 130
703 396
717 184
156 258
571 940
767 543
68 63
725 446
25 503
178 789
862 52
236 357
255 458
455 422
725 773
475 472
606 490
873 409
219 457
502 296
744 845
427 696
194 983
360 556
677 687
115 416
736 270
205 564
852 518
377 683
243 906
485 187
290 194
774 218
195 469
830 837
767 769
288 997
187 240
882 88
205 800
273 364
133 967
770 859
216 426
741 587
802 923
369 607
601 901
721 323
274 649
283 591
483 416
937 365
402 892
689 576
980 220
681 359
37 743
88 868
464 523
826 926
489 749
243 481
615 157
705 138
632 54
935 369
669 363
471 575
740 591
59 970
900 684
847 674
362 98
628 161
357 946
955 595
184 907
944 564
167 401
82 853
990 606
723 937
459 248
1 651
381 433
437 873
88 400
911 805
188 649
880 237
438 866
442 720
226 782
324 233
498 500
166 722
79 838
415 746
637 126
298 155
142 191
990 683
876 164
996 736
4 145
230 747
56 470
3 246
755 941
20 147
806 930
943 521
872 180
968 942
998 493
255 136
966 775
250 819
558 59
963 915
647 284
908 439
800 217
489 90
502 575
980 971
44 222
181 842
374 798
347 453
349 31
519 754
99 866
490 491
865 948
932 204
117 106
648 902
114 91
896 869
195 85
426 399
515 666
634 759
933 341
923 796
468 796
818 201
842 813
118 566
317 289
917 978
624 17
44 496
435 277
266 520
908 137
464 853
115 604
399 104
407 251
141 706
424 251
459 709
356 169
520 13
630 623
486 789
504 723
947 406
64 25
571 427
136 847
209 479
684 392
797 501
111 5
7 546
912 709
94 923
508 747
561 36
468 571
913 847
266 891
706 295
866 558
731 256
865 184
486 885
641 858
772 441
274 490
612 421
350 66
125 353
114 899
403 325
912 619
171 81
263 856
873 618
957 894
592 744
744 471
454 271
208 514
508 258
866 84
636 77
819 457
626 532
661 976
35 593
569 637
812 905
243 628
342 980
883 805
181 2
837 552
290 150
766 994
998 617
720 401
493 989
195 445
127 432
930 749
846 811
106 579
392 534
281 816
771 911
172 299
579 999
221 99
589 321
952 563
668 143
646 277
628 34
929 593
85 959
347 652
103 316
383 837
903 140
593 697
59 653
420 161
620 810
868 973
37 871
696 137
74 312
561 31
210 21
70 41
907 917
91 626
465 756
425 379
449 337
655 940
184 667
499 385
535 36
76 247
828 192
112 193
842 831
956 18
988 952
13 501
663 779
977 850
737 595
799 144
339 876
444 227
261 244
540 499
915 203
542 692
873 375
256 557
410 13
391 994
25 445
485 929
563 174
312 192
91 335
925 754
968 809
717 182
141 327
76 550
434 406
927 964
511 526
262 293
651 547
98 771
515 996
770 366
267 336
348 399
185 870
188 37
520 333
973 464
230 387
859 934
823 254
689 932
911 680
746 873
955 851
520 10
489 483
414 942
296 232
315 680
732 539
793 580
909 729
872 300
901 163
394 85
416 238
517 365
180 618
267 367
313 894
828 584
844 677
485 86
589 473
453 752
642 996
497 179
213 942
402 635
871 831
847 920
53 9
366 649
458 737
609 430
960 840
487 782
167 464
362 16
889 827
220 942
339 775
33 175
401 924
808 782
306 26
274 448
54 812
888 225
276 699
347 318
98 196
866 775
483 436
741 707
943 368
822 79
236 305
690 560
646 445
33 647
256 76
383 411
57 500
738 331
654 218
612 455
845 359
583 825
823 254
56 410
231 599
59 157
379 307
674 317
121 955
391 737
453 911
692 80
304 975
784 321
464 521
138 659
792 170
507 269
951 195
999 902
229 367
529 487
219 133
628 533
519 728
810 744
661 859
534 47
722 561
829 324
377 371
418 257
329 573
483 901
649 556
854 751
979 732
844 158
879 224
262 886
429 817
164 692
693 300
636 528
655 725
638 797
167 976
45 867
786 15
872 258
155 256
189 549
557 725
228 803
201 413
477 640
39 42
709 677
446 768
407 109
1 8
825 78
861 623
377 886
531 426
450 694
601 328
131 464
400 278
98 585
826 953
92 881
896 915
439 751
450 947
768 817
156 278
631 920
507 834
793 860
138 427
62 365
491 564
391 590
743 166
9 822
252 125
47 287
426 52
998 763
968 610
681 481
435 122
772 710
473 259
485 742
495 262
589 635
335 840
959 723
437 313
513 349
966 279
181 664
83 425
881 280
927 299
120 721
598 473
224 429
42 468
662 915
996 274
630 576
706 438
511 918
393 444
824 423
