7500 3500
460 923
235 369
132 266
144 938
719 561
120 186
410 660
136 618
452 113
952 63
149 174
753 367
438 179
40 986
366 131
307 645
79 64
9 166
907 557
841 304
29 988
505 864
291 827
550 773
645 620
241 146
304 204
350 706
330 140
69 329
191 42
483 807
164 444
377 338
157 422
178 40
882 452
656 876
281 274
2 489
352 363
755 933
907 27
944 470
18 781
329 200
759 490
465 706
616 254
352 68
411 312
313 456
97 405
781 956
61 721
748 241
140 141
420 706
607 893
391 630
306 140
628 650
153 297
692 341
945 666
212 615
520 677
694 657
476 426
762 497
109 943
457 58
164 378
101 550
430 389
270 706
604 536
568 11
82 232
896 551
946 538
896 115
184 137
334 520
736 825
388 678
812 193
191 663
411 429
575 206
616 961
239 829
688 116
618 904
771 109
26 257
242 35
427 833
122 205
734 805
219 703
909 28
999 486
280 657
922 208
578 553
744 708
865 46
169 283
123 185
833 819
236 549
342 975
110 265
490 706
946 331
212 834
269 7
759 566
539 905
624 366
89 957
188 205
532 766
390 938
776 670
916 217
305 18
980 495
407 309
133 522
364 332
498 247
643 190
52 32
856 47
330 771
969 689
616 991
352 879
104 316
352 869
47 851
81 483
89 17
605 601
825 197
519 852
476 935
963 558
954 475
198 186
566 517
641 731
459 162
224 487
604 320
685 789
325 452
164 675
484 278
747 351
911 482
344 628
819 706
655 576
807 240
723 913
201 851
577 265
880 935
60 404
361 291
125 221
218 993
461 411
78 277
120 984
123 816
167 655
180 157
677 208
974 627
73 613
886 283
347 565
220 877
490 504
664 915
373 262
181 463
798 730
722 764
735 19
209 436
382 334
117 51
297 158
449 357
785 340
863 799
876 343
242 854
977 815
340 449
546 458
202 972
265 775
736 748
462 139
574 782
808 595
250 608
37 297
708 241
735 10
953 612
635 486
72 24
497 865
734 17
187 446
997 498
703 277
558 730
463 630
353 524
878 74
491 850
64 661
937 417
607 475
824 247
523 728
502 103
23 196
472 164
663 60
414 338
10 72
403 416
926 14
363 214
619 627
175 978
483 470
282 621
385 891
616 85
919 758
130 633
398 567
899 973
372 976
982 180
618 929
736 658
290 87
577 355
432 198
90 614
463 943
161 819
340 511
646 616
261 389
995 379
13 813
337 370
355 102
381 261
8 742
595 517
974 904
499 668
833 901
168 833
38 912
358 959
38 71
681 415
324 78
295 500
300 360
646 117
402 61
307 858
421 97
828 960
273 857
639 335
537 231
219 426
339 351
110 100
304 156
668 722
168 381
397 994
240 898
833 950
712 616
120 914
415 696
923 310
596 883
376 94
243 249
600 559
184 602
668 697
997 986
343 447
439 702
723 118
202 279
223 590
3 68
117 678
798 622
563 964
552 311
244 656
394 911
707 182
404 36
585 600
927 133
539 262
149 324
941 210
270 895
584 215
66 462
231 613
243 987
220 948
960 745
917 974
205 320
141 154
54 94
147 118
205 910
839 648
749 664
549 386
149 164
249 89
891 86
302 601
341 424
829 719
576 596
850 854
608 704
31 77
238 930
742 756
165 45
780 122
784 597
556 512
717 117
927 950
248 198
501 822
281 388
852 562
305 388
949 672
428 830
781 107
606 753
480 196
819 733
10 774
411 15
115 604
958 814
874 945
179 576
680 151
631 528
883 975
547 112
258 575
414 335
333 312
570 940
658 347
992 705
255 672
233 557
259 35
624 568
33 995
325 675
940 834
267 109
889 141
596 56
780 467
955 922
312 503
61 609
775 488
365 963
170 293
385 589
32 923
347 261
439 100
633 891
863 736
540 694
328 977
661 451
963 595
392 759
910 369
405 195
346 843
380 92
538 572
370 614
958 126
890 433
824 832
379 643
734 361
644 153
273 798
281 676
361 443
143 985
227 529
562 936
273 545
13 952
509 461
343 267
43 606
45 326
735 913
625 414
444 535
839 322
347 872
547 3
228 882
866 78
859 221
908 225
769 510
212 813
619 637
559 481
18 318
804 918
82 540
605 857
561 340
90 785
468 94
962 230
158 113
250 504
357 42
584 741
543 802
159 425
371 912
141 843
348 437
329 701
597 750
679 391
659 176
358 522
717 659
484 121
708 722
105 919
954 215
930 419
458 977
947 81
748 498
811 20
248 509
835 484
136 378
863 784
191 111
845 306
485 101
777 478
251 862
96 992
965 881
990 792
930 720
902 950
761 556
168 792
470 314
893 488
871 231
649 863
91 393
813 195
356 169
879 825
506 916
272 418
51 657
115 962
405 481
289 230
836 529
242 960
656 554
346 788
612 285
510 812
552 389
572 160
668 902
35 150
227 688
354 797
249 297
10 472
865 22
80 888
330 756
432 361
615 12
946 507
288 987
456 799
753 769
128 121
815 898
928 422
535 554
509 429
297 12
613 984
609 216
676 928
155 814
822 834
206 860
465 944
495 741
11 928
936 52
306 993
530 86
268 24
324 243
573 363
10 196
796 793
465 382
687 107
218 279
959 560
390 344
104 73
82 638
961 617
472 217
862 526
212 344
425 853
195 53
965 980
961 482
726 554
805 332
48 26
445 727
6 867
568 515
247 359
986 204
815 188
263 386
673 589
908 277
808 83
907 825
125 2
873 312
924 176
956 689
65 596
733 351
153 243
242 799
931 470
656 614
967 366
482 143
159 735
239 387
208 680
832 965
45 496
747 911
596 675
839 313
791 571
923 387
239 334
138 919
158 649
385 158
600 908
379 149
832 171
663 993
180 3
83 677
508 527
91 702
62 862
282 141
258 776
159 24
736 720
19 198
120 379
952 909
757 883
604 743
863 596
328 300
48 640
198 419
412 996
478 258
962 58
588 699
948 861
256 216
760 348
12 382
145 582
625 230
336 542
815 26
655 495
228 306
137 541
189 991
32 493
549 907
365 650
483 497
489 370
956 456
990 384
982 756
74 633
544 545
545 850
933 573
237 305
413 271
24 267
595 476
749 787
362 800
822 877
296 407
536 632
868 159
983 629
732 940
99 452
398 76
417 550
484 953
995 96
786 454
964 766
857 716
57 282
469 225
64 350
305 349
889 834
636 97
883 721
232 647
987 947
363 400
191 946
492 802
363 535
762 233
749 661
945 97
615 780
113 570
777 433
994 614
995 940
635 780
160 544
329 54
881 878
620 650
282 54
437 745
309 150
602 439
829 958
509 905
570 302
639 904
854 619
243 96
890 390
831 412
412 679
745 656
800 921
797 442
568 816
570 595
539 797
99 54
695 329
182 710
263 423
895 352
250 106
917 348
863 799
654 408
597 462
64 822
65 466
243 742
806 906
180 455
638 782
335 552
161 696
723 925
469 286
915 278
637 801
361 858
342 753
815 888
577 843
678 323
985 647
420 121
215 759
512 155
929 594
778 741
296 179
892 41
695 62
813 489
555 579
817 264
775 713
392 378
545 982
168 949
130 668
29 577
271 314
715 424
329 42
981 358
330 452
676 610
54 966
963 546
559 556
315 170
743 487
440 230
302 226
184 699
132 351
887 212
400 644
828 290
973 146
341 816
203 444
45 938
596 336
711 718
764 500
467 767
447 849
354 226
50 618
581 692
957 813
315 618
344 324
233 564
525 132
481 290
596 15
112 70
300 561
385 694
205 469
886 69
779 345
282 878
705 35
298 914
40 475
602 790
852 767
331 549
355 473
664 637
88 91
66 785
479 353
122 728
569 26
486 307
315 728
613 314
144 142
60 924
456 792
653 788
961 220
780 694
461 82
897 967
38 937
265 875
943 149
237 746
358 743
839 38
293 550
38 122
328 390
785 173
373 651
560 715
900 34
75 823
75 322
79 504
257 202
712 131
592 919
154 974
535 581
397 545
652 776
363 883
380 840
630 196
210 376
560 605
804 427
166 671
231 733
659 198
941 40
435 56
151 93
200 432
607 830
841 992
35 554
291 791
883 858
671 222
872 440
894 512
132 990
816 302
757 841
85 31
224 160
764 541
724 995
147 40
419 957
597 131
553 580
853 474
750 533
984 368
336 467
860 813
365 74
641 324
2 847
435 454
636 817
72 699
915 193
943 858
560 765
490 165
702 699
810 752
325 300
966 427
23 495
845 398
897 452
703 30
969 168
980 443
665 203
65 427
751 192
158 995
303 501
694 813
496 78
61 42
958 668
186 211
758 653
498 144
200 452
202 884
605 705
407 292
495 656
509 200
749 345
380 387
92 649
266 835
761 882
557 502
323 622
919 321
985 268
732 277
131 148
34 700
282 275
286 785
294 622
78 742
644 694
248 973
915 30
435 508
553 952
190 614
512 133
240 271
460 847
260 867
281 48
230 719
816 42
108 948
471 876
725 638
265 315
156 740
928 767
710 939
375 7
81 155
242 58
571 304
511 311
753 4
68 630
628 652
620 965
227 827
393 342
804 964
592 521
645 318
617 716
411 550
87 92
288 209
436 49
428 807
720 713
700 302
723 885
128 127
604 901
802 584
345 674
190 651
377 233
620 914
168 883
649 155
369 423
35 754
842 850
97 883
145 398
337 405
707 438
232 946
333 166
743 814
929 944
857 728
912 35
736 669
361 450
922 211
400 143
740 666
227 338
948 996
30 222
454 628
449 890
987 581
683 665
315 236
623 336
776 950
130 637
115 348
584 547
578 255
218 329
720 813
791 787
205 279
439 761
229 719
774 877
35 428
579 380
236 275
161 149
996 707
245 303
186 891
590 551
708 912
214 825
427 562
491 983
861 318
454 582
729 891
827 173
553 711
470 523
21 879
53 723
841 42
842 253
243 52
80 635
259 527
761 385
387 65
254 921
350 339
567 805
771 532
613 346
244 790
481 467
293 839
99 643
277 5
225 717
130 816
566 29
40 67
249 473
72 464
603 296
49 744
71 60
618 389
450 237
383 681
589 137
180 451
566 694
143 513
738 901
968 312
904 79
774 157
988 798
451 292
632 593
814 832
627 278
668 886
761 207
616 122
760 372
187 361
832 253
857 739
475 920
198 942
3 522
307 839
730 41
323 670
781 997
133 710
783 472
521 81
181 2
472 441
505 835
188 182
845 424
814 467
776 690
625 898
757 15
446 134
328 377
982 759
223 58
725 595
324 471
936 163
808 947
850 225
657 897
665 249
51 638
650 375
322 627
264 504
319 320
317 243
635 738
881 774
337 860
338 583
134 962
507 281
359 981
948 368
720 594
100 249
583 189
225 774
925 346
360 225
564 651
732 17
91 500
222 176
917 501
947 859
850 378
952 612
753 944
57 521
107 444
8 664
311 577
647 842
899 214
816 487
882 594
857 555
377 369
75 825
825 776
338 34
381 23
509 295
513 166
612 37
572 909
633 34
783 140
338 608
907 135
25 554
740 487
137 509
58 539
72 292
25 252
159 79
898 34
777 59
499 173
682 557
199 680
98 82
196 365
779 361
69 88
969 547
396 852
758 153
832 538
126 933
342 870
675 576
475 351
280 390
983 380
500 501
808 546
235 652
903 877
475 689
391 778
228 543
208 172
732 724
871 469
920 830
370 386
418 307
387 833
691 942
722 751
481 13
791 608
570 797
690 245
213 327
923 261
357 159
901 260
748 355
399 666
370 451
426 542
472 25
201 331
795 855
509 33
652 243
83 724
138 875
84 477
218 887
174 55
307 554
720 256
585 68
126 172
257 424
766 902
956 911
958 940
781 306
771 190
996 930
321 75
409 938
273 611
70 165
647 124
265 151
892 690
162 957
712 87
569 378
637 133
396 285
559 948
561 317
190 953
564 385
764 761
760 625
554 636
326 762
325 907
60 503
837 817
705 86
85 237
337 127
496 71
995 749
681 602
822 125
86 102
467 488
539 873
412 762
251 254
588 287
965 857
118 487
864 261
613 269
409 481
62 813
128 296
259 887
343 376
489 336
211 466
95 874
280 249
81 72
118 921
913 948
851 564
442 80
946 920
841 646
83 614
211 496
472 393
657 542
609 510
461 385
777 875
790 360
271 745
491 754
231 73
213 243
984 270
790 310
662 53
680 443
949 972
247 52
755 391
328 780
376 586
561 842
703 89
157 874
827 493
229 246
717 160
461 316
469 431
193 576
947 805
793 703
23 260
368 944
976 778
546 791
82 531
782 321
8 437
720 314
839 868
775 131
550 760
971 347
371 509
335 558
649 739
105 948
106 61
530 773
633 676
803 971
125 917
746 890
552 183
272 233
292 779
333 684
749 350
751 458
599 162
955 719
256 282
12 232
273 36
411 987
15 280
328 990
953 578
31 296
559 121
177 590
302 892
862 941
539 733
415 258
761 639
224 687
218 33
218 494
129 364
816 946
35 565
373 261
379 609
774 513
883 140
652 926
686 727
396 601
287 686
314 273
647 476
930 347
846 816
964 281
480 441
105 79
920 391
912 727
54 672
392 426
503 797
473 437
537 232
992 683
175 401
380 864
708 747
60 769
69 423
502 939
255 89
182 470
629 657
75 161
237 803
466 423
669 51
278 120
912 122
995 850
888 589
180 764
594 711
410 944
948 579
414 882
128 599
968 332
141 313
91 946
372 645
726 756
858 869
683 903
161 606
341 668
174 7
344 578
217 736
683 932
873 900
393 773
66 739
574 850
800 150
510 122
901 238
680 709
734 334
114 15
394 215
228 234
186 211
221 793
947 258
939 490
798 950
486 905
397 259
457 633
199 667
147 747
119 369
555 99
261 77
426 567
247 110
38 478
296 382
184 665
559 559
817 390
649 519
998 358
896 864
801 874
670 532
331 883
37 170
520 451
189 921
237 820
276 429
823 817
162 261
708 307
44 526
492 342
196 854
919 881
801 104
200 510
781 748
679 193
282 240
275 948
728 548
980 961
253 165
175 234
186 454
19 139
92 485
362 40
844 117
188 26
580 543
805 59
289 490
7 444
799 962
208 161
570 180
516 863
173 202
826 42
812 773
593 410
280 339
856 145
846 42
952 403
283 168
618 960
175 462
53 158
648 788
586 489
368 813
903 695
249 477
352 127
989 827
289 581
95 65
706 964
688 181
245 971
411 1
626 721
303 862
379 8
173 957
915 241
30 175
696 536
397 610
216 295
487 743
704 735
584 782
767 817
302 185
62 855
585 981
754 553
320 997
700 549
786 367
17 257
957 611
580 977
412 986
457 430
475 612
218 495
339 625
406 976
862 767
828 924
747 945
516 107
249 356
961 915
142 463
514 202
78 633
46 23
937 749
27 377
850 842
445 614
190 317
695 297
225 345
402 61
264 630
834 511
541 267
938 232
522 958
571 30
284 291
148 583
344 19
765 158
279 165
445 950
493 741
657 943
832 762
653 739
381 89
819 80
24 611
78 439
187 652
748 466
113 637
449 846
296 811
230 457
275 631
570 996
894 966
143 169
552 988
427 993
228 685
325 797
224 203
581 411
130 827
435 776
99 678
704 855
50 133
114 669
309 921
222 203
398 3
222 786
74 323
702 672
753 322
739 77
389 638
425 483
302 232
746 508
613 933
61 27
874 513
439 317
139 505
468 260
207 152
849 591
479 447
497 246
103 423
186 460
832 171
983 794
469 324
653 53
323 319
78 298
896 670
346 199
469 964
659 130
271 721
628 18
597 125
329 92
840 980
93 782
576 646
148 66
446 492
858 603
619 265
239 294
429 639
285 676
572 102
515 128
745 910
545 571
827 963
225 84
646 377
628 858
292 714
596 755
869 655
29 586
822 754
702 670
425 140
888 558
237 580
325 575
930 604
113 114
101 667
843 593
317 320
183 618
808 730
413 841
706 46
802 597
610 700
216 169
325 640
275 452
982 109
710 524
296 784
697 296
970 909
697 945
294 862
912 980
573 775
252 542
939 125
470 217
638 28
963 128
699 390
494 126
408 260
459 185
211 708
440 804
741 949
1 23
253 437
90 733
313 868
408 799
758 676
923 701
901 794
242 423
210 661
911 934
348 737
538 5
30 355
966 582
658 149
58 303
964 635
780 419
652 833
399 398
517 285
764 231
677 963
294 425
500 120
971 607
833 928
188 717
393 899
915 458
353 811
157 535
473 974
690 346
60 714
326 641
326 306
387 838
421 652
842 399
530 69
95 971
119 706
215 733
829 892
543 132
594 348
680 392
945 418
196 822
476 840
681 688
655 567
635 420
324 771
545 914
319 411
199 377
32 291
768 474
792 154
420 733
285 856
89 342
217 482
235 662
221 364
765 752
516 876
596 177
393 687
750 464
53 531
154 989
36 588
184 690
237 484
393 763
384 179
593 846
388 511
889 460
862 302
376 751
977 781
316 609
588 195
386 788
796 38
888 639
276 227
331 959
886 541
396 334
942 227
939 509
331 809
931 985
934 185
166 329
164 689
52 658
892 587
495 441
467 848
665 967
646 778
214 625
180 147
386 702
810 494
776 142
947 246
221 164
882 613
227 36
505 889
345 179
62 411
234 624
410 85
156 836
351 192
446 457
440 67
509 895
938 229
565 429
473 593
543 281
28 94
227 753
935 419
407 225
978 713
360 356
630 43
625 925
171 200
925 19
641 273
651 240
188 444
615 385
478 303
515 540
928 498
572 43
12 748
980 702
334 753
963 684
875 585
523 16
908 576
381 861
506 17
17 695
109 744
302 38
893 719
771 750
617 333
820 949
232 829
309 599
404 674
857 495
548 202
32 222
517 710
992 677
93 344
564 189
739 687
774 361
662 948
435 947
991 468
900 664
595 967
214 360
473 377
207 935
45 451
237 680
33 138
353 617
311 854
992 850
169 468
594 858
754 551
906 420
969 415
232 936
957 289
768 15
675 987
321 640
621 120
217 412
27 244
907 409
927 714
294 581
37 132
947 690
443 845
676 722
54 124
688 124
137 176
220 705
565 137
853 428
698 75
309 733
883 969
434 863
699 320
349 264
162 116
827 788
935 410
981 973
450 425
303 730
450 7
264 461
909 333
983 476
482 421
359 843
131 897
970 544
549 690
931 76
201 332
675 715
45 352
460 55
924 582
39 701
661 907
707 239
20 956
296 134
893 920
94 315
268 547
651 109
192 19
666 331
223 304
87 160
804 443
75 740
705 5
632 984
151 154
79 254
898 153
184 612
803 313
444 847
16 10
556 320
429 466
683 734
191 479
693 261
117 741
878 257
786 704
836 513
986 799
465 722
789 42
574 202
469 456
371 870
489 833
988 271
715 457
197 176
719 152
760 542
440 256
699 782
109 235
814 779
545 79
688 734
336 625
51 567
945 811
514 512
115 853
18 365
465 884
429 718
489 40
56 896
554 142
785 714
728 151
274 380
227 407
731 584
79 543
448 464
279 791
777 296
565 277
985 120
825 278
253 609
182 784
344 922
497 32
57 68
3 690
779 262
17 74
7 268
6 650
979 847
233 594
734 361
462 104
512 115
473 940
920 967
341 709
799 443
500 319
421 456
907 164
989 388
485 808
732 789
999 23
737 347
588 558
870 962
156 833
82 664
819 874
839 521
262 693
242 519
780 48
914 910
518 320
654 657
106 983
765 87
949 427
27 829
168 894
159 604
37 265
101 971
622 621
464 539
737 570
763 684
14 246
562 836
127 19
161 112
683 392
268 931
671 656
328 349
48 119
792 820
699 316
751 763
17 796
120 633
127 993
531 221
602 216
801 950
262 157
896 241
784 586
536 846
205 982
812 137
254 892
205 226
729 966
845 890
158 525
10 161
782 749
226 491
814 884
619 164
750 906
618 978
754 296
534 459
75 852
213 914
12 522
642 261
83 767
453 594
854 132
729 212
276 410
778 85
627 266
464 65
805 616
57 714
34 282
553 786
250 588
921 793
545 983
424 562
480 209
955 26
661 385
727 240
934 137
307 81
269 58
684 393
445 840
839 590
339 354
324 621
193 523
774 417
669 647
707 97
436 701
753 409
187 175
878 780
650 309
410 323
522 169
236 616
863 318
746 753
750 959
560 701
88 459
65 460
70 220
261 56
803 798
396 155
34 262
13 120
864 353
404 866
290 327
319 600
521 597
949 26
432 684
465 321
424 496
116 470
490 148
255 268
345 62
474 414
791 116
183 627
879 786
463 431
456 951
758 782
89 465
480 916
888 813
351 482
147 798
968 475
694 607
352 622
689 882
596 383
53 908
449 55
464 822
237 699
782 418
100 503
230 448
272 999
573 260
376 250
579 362
954 457
607 319
740 95
213 984
150 36
560 103
245 422
875 287
972 796
27 201
666 321
915 62
611 674
153 914
786 277
226 639
868 684
689 875
374 941
539 244
661 893
389 959
417 286
450 918
281 473
636 407
419 112
62 339
963 311
133 503
792 562
69 360
581 995
272 199
999 336
287 57
588 997
27 895
222 332
265 114
690 905
642 926
859 613
149 386
411 325
329 249
88 679
202 652
357 101
237 612
279 833
342 871
966 83
998 974
432 287
583 595
478 302
387 901
457 283
826 336
841 794
403 430
815 592
457 704
790 732
214 832
267 335
500 488
63 216
960 281
825 735
987 570
227 822
712 123
765 66
904 197
965 735
306 141
942 50
944 765
452 590
399 403
302 269
572 928
65 799
2 452
720 178
925 519
858 952
47 838
507 724
234 86
906 600
97 289
589 68
178 36
226 494
218 313
145 264
766 21
572 921
144 348
206 631
994 768
738 502
871 254
241 40
472 982
767 256
630 515
961 20
957 642
622 727
550 46
287 145
721 464
929 596
614 390
767 726
350 555
821 291
598 778
697 711
668 939
810 790
341 313
735 926
902 436
32 365
774 51
672 110
306 670
894 470
207 186
974 422
525 619
33 794
849 391
741 324
693 2
756 621
15 728
144 100
953 81
544 1
573 730
218 55
746 956
748 315
754 32
901 894
167 868
111 656
919 734
818 900
314 919
561 35
509 832
787 993
933 481
408 935
279 706
101 462
124 855
738 763
582 6
667 309
666 629
743 100
678 186
334 39
667 803
463 530
876 198
801 295
361 946
501 227
945 50
450 807
661 691
493 818
47 912
169 93
332 450
356 653
728 619
753 862
905 701
336 129
366 260
992 599
199 786
845 206
864 589
995 689
852 34
447 270
623 638
796 146
10 684
640 278
22 371
501 529
467 960
716 864
268 101
124 665
973 288
822 712
475 874
805 485
688 269
398 157
42 589
23 65
494 299
773 716
204 71
744 955
251 698
84 303
961 246
790 235
710 544
998 529
937 740
391 186
785 316
349 503
524 424
88 638
907 596
849 928
826 611
546 57
476 550
453 938
364 534
541 557
158 246
754 333
511 635
55 287
531 603
953 667
717 221
699 442
683 184
720 29
845 943
521 656
802 65
82 195
308 499
259 858
837 610
522 374
416 9
965 298
304 260
880 519
822 510
313 282
478 212
959 797
960 774
796 341
76 437
277 161
552 270
303 176
143 297
832 562
155 938
107 84
101 850
502 27
225 850
987 75
985 353
510 73
162 939
866 833
935 998
164 612
558 270
317 639
458 146
989 22
155 999
644 616
272 489
131 262
826 434
252 751
264 125
436 77
583 360
811 868
954 734
696 157
100 640
889 712
746 122
923 738
145 636
109 510
399 914
965 184
457 993
938 349
182 54
584 923
408 531
682 450
833 873
146 210
922 798
783 217
896 564
87 181
428 758
826 357
837 156
574 639
334 115
51 664
894 110
648 557
14 723
862 301
758 976
288 271
545 850
48 408
735 985
444 135
893 889
904 80
853 665
795 700
230 589
253 98
613 884
675 278
272 138
40 850
874 521
35 563
438 728
488 854
574 392
201 384
571 778
709 448
250 366
549 754
900 51
935 437
963 378
406 372
764 979
666 746
354 109
303 353
30 30
148 813
990 692
568 737
68 591
946 438
871 192
80 628
44 43
116 581
360 354
570 93
154 484
25 590
792 377
767 264
733 32
142 761
801 940
489 909
370 101
620 202
673 73
173 909
493 321
774 384
791 825
665 538
115 482
393 352
857 944
985 4
276 686
325 91
430 589
228 378
799 818
384 765
602 978
364 536
509 922
309 593
221 321
707 266
168 997
418 577
878 755
330 153
966 351
923 115
1 352
221 135
897 768
526 472
489 105
816 342
403 413
730 148
162 74
979 663
568 504
738 372
754 686
401 993
748 449
260 706
236 384
365 858
568 922
867 14
332 662
273 36
180 679
605 777
749 437
469 718
229 574
60 102
664 665
971 735
99 143
969 49
317 520
25 604
894 586
766 189
637 529
621 168
100 637
850 727
797 221
301 822
818 90
182 80
133 443
513 18
880 621
140 240
867 283
422 797
186 338
382 822
346 559
294 473
260 635
853 708
777 872
348 565
834 598
210 393
339 909
818 71
714 313
922 508
264 745
331 415
673 168
484 466
275 223
200 302
779 371
121 416
597 889
736 375
84 537
779 166
533 886
336 348
990 675
252 249
766 638
162 199
487 60
758 589
873 24
185 494
251 831
242 236
584 624
975 604
931 154
670 895
505 33
956 78
473 176
681 375
240 44
491 271
58 340
851 368
694 566
289 69
512 672
304 288
312 250
439 554
680 724
416 316
667 380
543 556
425 437
548 914
879 471
809 552
498 427
352 313
520 88
384 929
133 393
842 421
888 472
105 473
730 707
192 382
564 679
992 132
410 228
906 53
576 850
515 998
553 62
330 512
940 900
672 331
137 255
231 849
556 183
413 704
908 387
479 849
432 11
145 833
305 634
948 819
54 309
915 475
124 114
449 883
484 637
193 954
67 671
179 246
309 936
252 44
921 154
607 739
515 9
181 484
456 829
257 197
287 224
542 967
341 375
758 712
909 704
348 100
952 295
708 612
474 326
675 415
379 351
131 856
887 653
578 991
101 891
774 926
20 131
719 653
684 440
944 20
256 760
342 771
560 745
891 630
218 370
621 565
918 668
17 447
139 452
401 849
783 628
472 811
605 744
764 692
433 916
330 633
193 725
294 690
6 785
880 32
394 338
554 267
463 748
479 608
798 82
985 888
874 118
470 715
631 73
129 534
491 947
876 267
41 408
238 509
395 901
64 500
593 175
923 637
323 701
556 787
704 974
300 18
330 430
672 902
580 907
237 209
957 544
340 596
11 653
894 580
846 225
608 346
606 388
965 391
271 252
715 472
530 357
647 86
666 491
555 318
150 765
885 200
980 704
512 173
902 167
443 911
750 446
363 484
890 643
113 371
508 837
711 219
407 675
27 735
114 776
217 854
523 309
264 254
842 763
64 430
59 759
578 885
306 809
387 884
728 974
498 243
434 753
570 690
482 921
187 178
741 185
567 72
114 684
98 916
129 521
69 567
559 806
968 79
262 501
585 771
213 776
456 549
533 732
250 805
197 215
599 889
353 252
340 979
357 519
365 424
484 895
226 622
7 661
660 751
449 651
992 572
83 637
361 434
171 57
736 68
810 562
897 732
179 738
672 986
629 89
584 627
899 328
918 609
497 313
538 701
376 942
736 701
260 822
4 654
916 221
191 79
442 415
437 403
539 705
842 601
535 237
823 891
535 928
347 844
145 768
215 100
139 692
873 968
109 985
109 892
892 556
205 152
151 128
508 895
962 971
817 67
530 835
305 351
658 942
672 235
511 244
979 256
976 519
237 632
716 857
503 703
743 908
126 52
462 145
16 446
428 528
281 937
985 652
766 591
46 914
487 861
531 905
405 404
386 147
878 985
690 918
702 522
910 214
329 324
25 455
150 195
225 744
406 278
716 859
859 392
302 518
237 294
318 106
164 569
520 401
921 471
661 314
982 783
92 800
874 356
194 234
797 374
641 275
18 73
481 791
85 973
65 253
658 342
409 888
173 938
152 862
94 552
336 483
211 614
117 83
596 227
306 405
935 987
55 498
789 261
57 740
162 991
391 703
80 422
174 228
952 362
331 139
380 280
16 418
237 906
706 827
182 475
586 257
718 344
869 283
8 475
666 441
631 889
223 379
697 721
463 730
697 689
583 413
931 562
9 620
103 503
863 859
641 963
548 865
573 137
511 236
977 474
329 41
121 796
77 753
278 532
467 209
173 394
656 97
658 40
577 277
993 247
147 45
732 965
194 828
794 33
810 417
931 674
624 590
852 785
230 809
520 55
518 251
732 973
539 217
734 227
962 434
488 531
410 600
897 667
996 698
734 27
681 414
336 917
502 243
54 186
263 972
903 203
480 504
416 76
934 736
811 107
936 746
16 31
938 967
235 273
575 824
875 812
409 866
326 27
594 673
695 556
904 354
989 456
354 847
654 556
815 105
671 3
42 374
787 73
273 538
138 702
598 173
494 330
645 831
709 649
6 536
908 954
278 264
229 35
990 189
807 186
416 435
519 632
701 259
561 328
525 532
945 181
544 567
734 334
750 819
478 489
582 135
284 54
549 646
564 323
995 904
598 383
446 248
481 776
956 966
3 69
79 908
496 14
590 500
907 786
17 139
184 272
226 643
867 845
441 906
632 330
929 376
612 954
478 758
211 849
626 987
270 997
649 82
766 918
953 266
16 733
577 983
807 597
927 941
908 608
125 298
40 782
644 171
490 62
730 160
521 183
242 420
311 767
493 290
373 648
731 375
365 815
699 225
471 887
401 441
500 526
995 216
485 554
612 957
483 263
634 382
729 525
814 970
93 154
831 710
299 873
465 331
465 715
17 224
720 918
604 243
589 798
796 87
104 417
920 896
160 804
191 272
69 519
970 332
207 929
607 662
329 217
830 176
133 965
619 957
845 666
185 569
612 988
856 800
862 654
423 959
444 459
732 151
505 879
319 806
549 130
26 55
92 550
373 308
591 493
656 867
889 665
648 64
872 819
722 605
428 951
894 388
688 14
327 502
128 405
651 584
7 348
800 820
98 582
73 35
21 719
120 197
538 929
9 263
704 271
756 747
808 707
48 337
179 812
598 977
486 550
586 749
148 299
135 283
141 652
122 520
342 100
97 788
406 869
274 683
856 676
266 223
137 391
174 308
858 781
990 35
217 989
345 47
584 554
272 881
134 771
604 977
895 529
180 737
751 667
142 449
284 303
802 554
310 77
413 926
662 812
963 530
7 647
817 685
26 498
985 187
687 245
840 305
262 341
17 689
840 935
740 657
108 117
400 5
911 184
154 47
371 449
99 172
758 960
206 591
910 462
369 236
243 70
66 947
136 402
805 470
637 606
848 533
55 873
99 855
530 973
847 527
871 386
127 338
455 577
310 686
766 641
783 874
996 951
857 674
228 714
199 857
811 518
201 52
778 469
108 406
781 162
748 928
472 462
107 650
586 85
124 471
412 363
442 525
460 57
442 298
256 267
625 410
716 33
390 871
237 890
824 981
713 625
244 889
376 393
472 762
393 163
429 824
868 999
36 679
27 809
408 656
843 607
803 246
240 61
252 772
758 75
594 528
180 502
56 513
18 250
219 780
321 305
81 301
802 42
246 503
29 147
153 923
914 52
794 67
819 844
266 337
862 373
427 68
539 67
593 96
25 368
796 568
650 437
531 234
80 147
176 348
221 223
357 995
546 50
580 102
748 302
875 379
549 194
505 824
594 566
207 685
458 75
863 746
419 729
257 27
710 17
80 333
156 430
620 482
560 497
713 620
632 305
953 588
149 321
649 335
57 682
849 798
460 601
988 788
851 831
192 539
475 961
415 48
607 380
30 21
678 729
329 126
961 640
239 853
445 527
98 944
895 571
798 185
25 658
632 388
946 157
139 455
185 884
438 394
311 17
129 316
871 911
900 302
627 683
298 759
430 885
369 613
960 824
761 351
993 28
928 599
749 363
772 567
870 210
518 195
546 469
460 841
855 628
249 58
692 666
876 454
153 180
507 451
124 754
152 403
933 566
536 927
796 54
390 482
568 936
958 395
309 527
60 191
720 728
9 255
459 139
464 746
72 882
954 63
638 826
680 531
688 977
932 884
848 201
276 871
337 817
602 737
712 194
155 371
278 749
622 384
10 97
741 610
88 453
443 533
397 228
939 557
929 116
837 238
196 706
13 515
812 958
843 394
46 802
885 26
487 341
62 623
8 403
268 314
617 247
104 749
547 827
398 526
367 747
707 738
312 139
54 267
675 265
209 539
22 544
982 141
310 504
674 234
495 901
126 985
22 814
189 532
650 824
329 474
116 348
838 773
252 450
552 592
44 981
422 815
688 163
573 398
211 723
654 681
474 662
18 106
382 863
405 702
881 468
579 487
746 572
643 283
681 607
72 169
590 658
4 729
704 342
311 347
932 267
84 46
407 725
408 307
590 332
905 616
859 885
39 39
348 588
7 737
868 52
352 340
994 7
753 440
260 312
149 683
481 470
41 364
608 757
78 35
74 655
922 11
595 522
686 548
830 712
64 202
446 576
54 830
131 488
97 81
222 638
346 225
728 268
666 44
605 63
644 721
696 336
656 795
503 488
236 291
872 41
264 276
462 605
623 734
676 870
569 665
730 671
734 653
757 464
926 616
227 679
144 429
757 148
998 188
817 773
322 417
406 510
71 255
180 3
105 49
328 624
17 455
892 878
369 116
811 604
104 311
907 488
341 543
437 270
179 178
601 631
81 522
245 393
6 771
802 949
198 281
10 196
861 819
882 407
536 193
650 251
277 558
801 965
891 288
998 630
342 863
197 229
318 507
113 685
676 788
328 877
842 300
854 354
196 572
76 815
837 476
446 942
235 161
805 28
797 615
763 846
561 743
836 993
889 752
103 167
759 362
307 319
185 88
972 890
826 134
877 843
217 748
581 644
477 243
752 68
388 959
200 465
918 228
418 637
662 410
960 498
29 586
628 834
869 538
638 464
121 926
414 964
547 934
34 962
778 930
348 545
53 38
710 782
219 437
303 416
651 420
674 601
280 503
150 615
670 761
84 429
868 163
405 294
482 370
342 870
602 241
493 995
154 908
593 232
551 681
234 970
984 95
478 517
42 644
760 78
377 672
347 458
291 75
853 87
851 499
49 456
784 337
557 233
142 878
675 686
114 688
83 383
674 218
138 341
908 332
741 624
917 612
135 868
939 24
185 178
593 664
929 96
31 813
271 963
609 855
694 529
835 132
874 827
511 598
224 428
813 276
708 195
913 5
61 165
720 739
977 170
359 183
385 355
215 455
100 23
379 438
249 780
573 884
73 765
156 794
62 24
36 160
397 435
862 777
124 224
341 144
536 55
27 849
340 154
889 292
690 752
387 101
899 113
941 615
132 646
271 852
349 983
765 328
21 539
394 745
34 982
780 523
909 590
172 791
426 909
29 346
187 254
50 313
270 831
480 71
953 650
271 65
250 242
989 152
602 711
146 596
313 571
567 476
142 304
326 387
699 425
622 998
314 874
287 989
260 182
155 76
106 756
915 289
203 777
184 375
382 536
289 383
896 228
369 679
482 450
957 108
843 137
885 970
205 666
88 974
321 820
344 928
127 950
696 518
158 872
809 674
280 515
623 514
130 627
617 579
216 763
467 115
138 279
671 475
567 354
551 340
864 311
455 424
344 217
747 118
354 817
375 379
320 796
996 524
982 584
663 909
522 345
69 167
907 331
350 885
398 247
867 748
242 938
656 226
386 290
465 736
714 414
492 2
977 101
593 708
779 73
302 971
134 197
461 677
928 958
755 15
765 463
6 115
839 97
922 470
607 615
442 706
582 470
339 781
758 936
254 7
169 438
329 289
544 222
305 482
155 43
139 603
661 338
859 484
456 852
365 836
610 449
741 547
547 809
564 843
705 335
450 340
889 197
609 126
602 31
375 215
154 886
10 549
418 733
204 549
249 884
940 941
45 509
272 729
428 293
705 483
773 724
347 446
205 571
683 33
799 164
537 227
287 935
624 597
764 685
996 287
224 820
859 432
165 232
571 411
718 459
916 441
368 421
829 429
278 793
309 771
494 840
749 828
965 628
936 629
733 972
451 959
513 671
616 876
976 565
889 496
756 525
519 559
658 536
96 597
162 830
236 427
556 694
603 978
749 972
889 290
22 426
819 446
759 966
801 29
399 70
797 322
918 856
423 227
603 442
723 900
921 946
287 277
776 910
386 37
246 966
864 398
770 31
429 880
798 958
918 314
828 529
990 148
402 162
111 227
193 223
149 252
908 680
83 78
433 450
39 327
574 969
664 985
636 350
408 223
885 212
788 186
2 496
745 891
162 790
637 457
718 245
23 244
414 672
130 86
35 174
792 403
716 187
974 178
746 64
104 525
615 479
675 871
792 162
589 652
286 209
636 655
335 585
493 966
492 615
932 181
489 566
135 574
853 288
385 955
968 512
651 718
657 289
301 533
594 953
668 226
892 567
353 422
939 918
657 685
222 240
48 659
441 558
436 406
557 205
464 642
995 371
944 298
629 265
752 212
838 457
99 927
818 560
467 994
491 538
958 83
709 481
17 693
430 664
644 951
910 798
144 550
664 961
760 887
986 54
618 118
33 169
811 472
969 596
362 923
12 756
823 255
347 725
121 316
891 363
408 82
742 409
500 789
370 838
612 577
805 578
680 271
635 211
387 765
852 369
497 793
333 87
172 425
990 405
517 825
167 977
634 745
310 537
222 788
939 45
149 675
101 212
858 115
157 278
988 579
56 406
584 52
652 258
687 696
259 299
257 738
565 955
848 730
39 217
794 562
489 797
982 59
313 141
9 498
685 925
638 5
398 729
11 397
181 721
241 123
953 459
446 81
303 917
475 830
651 483
683 263
403 336
528 332
101 726
923 260
246 34
469 691
591 175
639 643
359 176
226 456
858 897
744 93
89 268
811 630
613 620
689 694
479 356
979 426
237 160
610 286
34 696
655 218
338 774
708 685
355 970
450 682
878 159
7 59
974 601
10 664
403 758
349 279
488 428
538 894
899 988
130 930
858 115
86 903
996 667
763 380
603 868
662 369
139 141
212 738
2 344
210 776
433 890
490 394
439 779
532 183
797 107
596 195
398 46
365 274
600 481
348 810
476 884
68 856
512 235
925 899
579 432
970 606
981 874
426 672
726 269
45 539
983 987
556 470
857 517
800 684
892 441
981 940
352 3
727 207
956 733
28 547
158 443
621 454
886 404
10 282
14 79
381 838
176 625
917 467
512 966
688 805
713 638
929 176
173 454
150 109
263 761
430 23
627 660
386 893
772 598
503 897
908 195
960 303
776 560
53 982
234 401
96 200
223 961
282 376
352 909
733 811
778 425
406 935
265 651
352 596
756 905
999 74
7 729
778 583
784 295
771 619
923 103
416 654
750 916
397 510
880 374
397 776
5 865
406 914
24 970
389 965
342 691
960 539
576 788
364 189
583 648
334 899
392 806
245 908
65 16
512 467
187 649
841 289
3 772
879 264
881 256
978 484
92 447
408 491
987 85
962 321
495 327
414 313
589 150
971 674
728 895
811 152
731 384
382 666
760 541
2 692
652 140
853 806
800 434
26 881
897 819
873 394
474 543
171 488
360 872
493 302
668 286
285 657
200 40
500 582
888 47
577 392
187 380
498 458
490 248
645 702
3 727
648 362
318 143
941 336
308 526
666 893
749 864
722 564
446 248
825 600
291 891
738 998
572 893
696 338
195 269
90 695
522 966
1 274
672 309
641 41
19 115
76 635
945 618
524 620
720 683
956 65
144 496
291 950
961 18
251 477
334 681
433 39
75 121
694 729
678 102
301 920
835 209
405 468
39 666
631 179
845 801
364 429
553 697
962 902
334 923
330 813
763 647
447 211
296 19
718 496
268 565
439 109
260 634
818 34
916 355
745 899
863 115
924 430
299 830
453 27
189 465
397 438
664 498
342 7
27 796
983 213
815 673
419 306
20 742
296 38
407 106
640 338
986 276
481 815
935 307
323 698
621 250
220 849
708 101
909 938
294 201
817 224
20 632
675 858
322 190
608 345
692 211
357 201
570 45
791 677
710 454
300 718
431 944
774 856
177 954
998 80
344 879
174 854
245 731
20 245
434 989
178 341
187 837
618 539
919 541
983 520
448 134
947 852
894 970
846 480
299 592
807 860
333 781
355 652
850 531
707 757
975 969
373 54
184 854
381 756
726 65
515 991
274 730
924 10
174 978
303 614
703 856
428 976
513 345
710 491
194 121
327 69
962 389
429 940
510 363
542 936
378 999
218 921
447 126
215 804
849 218
4 434
680 377
351 350
564 65
917 957
994 3
466 845
30 756
500 477
970 312
362 209
485 133
825 152
418 736
500 402
759 565
659 46
775 109
579 670
677 333
346 463
354 314
326 524
308 8
241 896
655 275
642 480
562 309
478 964
839 394
759 791
26 410
944 250
886 786
344 291
253 812
500 426
691 821
807 989
737 542
558 132
693 627
692 22
390 954
652 872
287 460
95 556
656 276
579 340
354 492
33 297
626 221
756 853
577 374
508 826
702 581
654 931
615 869
800 414
654 826
477 878
445 797
706 918
21 131
414 238
851 258
467 28
210 151
57 962
842 147
490 439
685 810
280 704
136 334
279 668
909 508
618 628
499 883
958 246
866 319
787 58
565 199
43 404
161 33
192 629
926 757
731 234
602 709
490 201
347 638
107 798
434 180
889 567
142 41
969 578
697 349
729 162
214 926
732 503
217 763
533 724
913 632
276 453
295 75
274 75
823 888
48 930
568 102
624 55
23 539
155 826
974 758
945 611
766 605
660 287
96 213
255 710
429 690
923 37
974 270
988 617
685 410
958 770
701 772
15 247
831 924
664 197
751 335
918 382
939 498
390 267
698 978
222 758
672 600
769 400
734 744
791 920
796 455
796 353
21 714
699 291
390 256
633 296
171 409
972 716
397 787
81 510
602 701
915 140
276 493
484 195
73 572
746 809
584 679
933 22
243 723
169 904
105 673
736 991
921 11
886 298
939 607
357 191
786 326
436 335
736 57
850 646
146 720
371 200
951 375
848 808
604 230
59 868
536 64
410 66
694 185
674 483
290 627
719 241
636 130
26 824
650 789
685 922
865 606
609 956
617 308
842 709
4 442
679 892
270 710
446 743
635 190
87 701
118 887
560 620
238 103
408 315
196 974
769 987
694 961
385 185
759 955
717 729
396 150
52 736
310 582
571 507
397 791
305 966
753 622
542 460
384 918
396 262
14 118
376 163
331 528
316 297
683 316
738 31
832 307
272 917
967 325
831 338
953 964
201 955
281 217
623 952
789 838
22 412
99 579
376 86
970 573
341 706
275 750
539 567
165 192
534 432
999 535
15 481
666 883
48 180
539 507
936 744
376 450
565 419
56 866
522 604
756 313
297 262
406 675
427 730
848 913
573 703
742 225
109 143
770 755
423 113
995 987
927 11
524 975
216 649
584 243
597 307
894 737
515 746
314 205
890 262
828 932
99 686
874 222
537 626
762 670
611 114
135 674
298 999
975 364
729 531
327 147
278 874
339 326
848 864
937 999
147 952
846 217
519 259
997 90
317 762
479 997
474 347
825 429
9 655
28 817
788 90
747 512
929 694
68 867
830 499
355 322
402 979
536 474
555 890
902 125
994 290
168 746
652 102
246 294
333 294
628 891
79 365
371 881
62 403
364 137
932 370
892 871
522 25
321 145
693 296
726 956
756 275
952 473
221 147
831 461
654 594
951 777
850 25
528 647
658 236
846 987
774 808
38 792
21 998
269 421
434 197
616 89
506 198
139 864
661 868
942 626
449 535
998 212
77 574
919 481
91 867
305 224
673 789
317 359
940 192
498 290
807 241
569 208
285 981
430 223
67 893
173 935
481 215
52 331
982 607
391 182
431 319
684 55
659 932
417 632
15 716
588 959
275 843
617 417
857 24
931 763
80 465
664 917
338 848
329 824
871 230
86 30
948 581
437 192
8 445
640 206
383 926
178 647
861 738
336 589
164 345
85 638
465 302
384 739
822 987
72 960
761 624
867 321
55 443
743 698
665 827
527 680
772 366
409 143
277 10
382 23
843 588
531 326
292 8
706 694
143 673
981 33
635 579
862 591
926 617
805 888
891 821
79 466
745 447
637 363
175 33
555 785
617 971
876 569
629 50
88 378
798 841
400 201
59 979
611 157
500 381
161 54
537 348
183 508
807 264
283 623
883 905
689 499
210 268
938 185
308 609
369 4
384 874
2 56
117 894
48 963
71 293
181 15
622 24
418 346
182 213
938 1
90 239
690 509
152 597
184 582
318 62
237 788
289 834
535 939
730 826
185 773
568 966
206 18
114 147
699 237
503 598
878 439
862 800
34 416
782 116
696 760
564 674
943 419
720 910
500 175
858 438
158 967
437 497
949 688
963 517
785 794
356 789
594 388
785 810
308 933
746 582
484 740
19 495
28 503
323 753
935 380
656 240
560 882
326 255
759 293
469 331
956 928
442 111
871 697
164 971
272 566
97 168
475 808
33 545
176 969
360 565
103 726
613 491
12 874
561 984
120 832
723 602
783 436
598 284
800 302
235 994
293 208
606 137
720 926
862 551
361 62
687 385
342 385
317 330
581 876
414 311
678 206
310 402
231 304
639 245
9 481
977 250
25 259
653 507
190 328
800 209
840 669
899 890
337 499
533 922
107 209
302 264
591 672
595 459
817 154
715 7
945 138
829 421
573 785
842 482
207 89
255 441
351 485
890 430
993 152
548 504
270 739
688 143
652 328
244 706
714 702
993 135
683 460
675 458
251 864
553 164
438 489
538 599
745 150
863 966
40 799
734 415
26 845
805 808
370 276
556 508
323 781
886 330
115 503
607 633
597 87
11 255
177 607
15 768
947 964
757 118
31 312
999 352
815 551
420 171
879 294
895 436
213 927
371 158
98 750
442 525
207 74
515 797
701 513
278 718
521 263
304 913
592 417
411 18
535 885
500 101
53 818
308 972
780 511
710 400
902 498
372 938
536 21
899 537
996 515
86 861
387 596
16 612
58 106
436 211
502 974
41 14
222 592
817 643
465 869
145 634
323 571
78 88
159 9
867 374
954 961
823 586
811 774
440 990
164 64
878 301
402 959
771 315
115 101
149 989
932 184
443 690
583 594
167 945
380 17
407 73
253 16
164 460
607 722
861 534
934 149
554 919
72 449
945 45
569 754
912 458
226 104
990 411
795 507
464 894
495 532
997 269
319 621
71 797
60 178
409 756
964 269
834 43
257 389
327 184
634 853
591 222
857 447
12 985
968 289
913 811
831 930
347 102
455 654
9 65
757 123
87 118
5 872
654 310
830 311
632 352
896 154
478 593
312 970
305 198
356 928
714 464
213 470
185 530
133 376
43 870
189 975
146 30
971 772
883 754
937 28
191 916
933 123
31 930
153 787
783 572
142 690
632 672
338 751
393 336
521 232
879 621
164 133
186 344
452 756
350 288
78 623
234 200
188 175
695 626
68 74
690 724
218 225
875 300
681 697
304 742
485 324
305 948
304 574
79 626
406 249
167 649
458 521
284 386
623 116
692 481
186 612
340 34
742 191
878 781
997 219
976 91
97 750
835 369
868 466
452 529
804 416
821 183
80 321
287 925
698 218
789 583
844 352
102 755
237 679
376 517
85 858
752 225
771 684
713 178
965 182
520 63
870 803
438 637
982 589
115 771
186 149
943 854
224 100
99 492
927 621
439 498
247 966
320 913
875 371
658 170
348 635
147 391
62 973
387 279
987 23
557 475
13 194
696 794
132 402
359 789
881 591
945 855
101 244
286 122
624 90
244 764
364 676
295 793
957 713
253 481
840 395
472 795
276 462
123 568
977 425
874 156
535 596
248 998
168 269
719 733
45 765
805 963
539 413
548 752
271 647
265 497
349 137
756 62
280 627
352 403
452 670
245 846
437 600
436 65
29 871
956 250
140 790
797 695
150 501
227 879
431 612
933 676
395 401
267 753
564 869
717 67
850 766
303 482
955 969
432 596
873 259
663 613
557 61
157 49
38 451
194 21
478 211
547 564
138 705
979 1
22 864
934 539
614 81
712 879
846 631
50 590
614 387
287 65
674 660
425 646
129 68
12 980
15 864
809 277
388 764
449 483
18 609
978 365
855 660
922 208
417 955
274 41
86 462
264 174
271 273
551 965
948 306
268 54
86 864
75 372
555 746
735 813
374 749
508 723
964 206
480 515
245 978
16 35
103 605
386 627
329 853
752 952
219 569
441 207
874 489
256 421
146 506
964 84
39 952
88 782
935 962
676 25
398 989
449 577
572 274
696 86
933 256
231 172
957 167
359 629
426 181
763 690
675 720
113 74
624 180
851 12
827 119
226 240
39 933
711 366
17 617
230 896
8 570
835 76
767 94
394 916
295 552
167 222
633 610
515 39
737 20
969 425
245 210
688 353
306 199
939 264
397 53
941 577
184 81
550 760
702 694
947 562
296 781
270 170
239 311
834 376
581 336
848 861
663 630
887 483
435 26
36 318
635 173
887 110
919 902
536 373
668 249
608 900
807 30
248 193
776 120
553 80
263 354
64 367
821 741
94 527
96 486
82 732
828 387
287 46
429 997
504 940
347 300
476 592
361 403
135 904
321 166
839 27
980 621
761 801
544 681
621 7
237 483
208 130
836 574
526 919
666 831
486 73
502 286
388 789
795 291
296 608
648 899
186 32
469 688
196 247
344 314
806 421
727 34
571 177
602 619
1 825
900 767
710 247
147 108
928 780
132 45
636 152
685 396
426 105
284 118
152 442
257 793
221 993
449 660
176 86
918 799
663 198
416 609
735 710
653 701
45 662
544 312
238 340
276 871
120 345
57 152
289 208
338 876
641 153
328 156
699 811
94 534
384 850
503 363
179 934
903 284
849 249
687 846
386 208
223 650
530 915
34 752
953 24
257 72
440 207
232 735
650 371
833 93
632 870
826 555
657 174
649 746
452 621
995 401
506 620
570 224
203 290
198 871
578 470
364 640
210 339
634 339
520 393
958 463
728 798
203 231
291 347
569 676
817 461
538 592
443 816
798 220
340 143
526 420
357 828
732 425
115 34
402 647
82 379
975 906
780 697
442 223
76 344
75 615
973 894
995 929
237 101
814 537
82 639
454 643
280 343
335 629
522 779
361 555
789 960
147 713
728 208
492 364
511 74
685 27
877 775
222 279
71 532
251 872
473 415
277 366
12 975
521 512
537 830
721 115
213 840
695 788
592 358
386 391
614 510
718 898
547 815
283 33
671 479
136 644
328 615
802 676
336 77
919 305
33 865
546 105
276 372
815 920
1 843
309 781
954 152
173 813
322 946
927 391
431 444
646 101
373 878
3 584
921 641
372 965
401 181
972 171
954 375
719 586
864 739
724 110
24 922
733 556
890 368
980 17
912 123
147 985
377 582
567 765
264 762
360 781
485 608
863 586
850 749
431 508
849 212
435 287
595 997
742 895
838 72
278 48
956 936
503 298
312 709
513 757
410 889
19 9
553 660
941 952
978 272
335 769
124 437
334 296
720 892
29 865
293 512
960 8
183 573
150 680
260 995
958 906
579 180
773 242
23 344
743 287
912 834
278 542
763 712
445 912
174 760
712 441
606 781
928 359
177 830
246 753
127 989
352 226
322 443
6 262
324 588
563 803
298 267
181 803
703 508
21 394
213 35
328 603
106 435
337 883
804 600
413 994
985 147
827 56
706 488
163 199
342 331
303 162
13 367
276 500
659 811
710 965
825 400
366 372
28 103
805 8
827 592
236 232
45 716
158 411
779 43
759 660
857 674
849 735
556 175
595 818
541 748
945 114
588 971
74 328
803 8
607 649
361 324
275 608
834 576
47 936
657 812
689 993
361 620
404 219
119 288
406 628
960 826
301 527
176 618
601 35
283 632
873 739
361 186
727 325
115 493
949 713
143 279
155 578
126 875
87 421
571 41
753 504
984 713
624 349
370 773
344 466
760 921
892 878
425 257
252 564
99 390
38 943
855 819
473 762
233 140
85 36
507 481
718 930
490 393
646 36
687 854
356 583
414 598
295 919
865 503
228 347
159 456
807 513
297 614
601 552
241 177
177 6
855 358
757 31
349 296
246 522
915 799
287 769
856 553
800 470
807 53
941 998
843 612
196 228
374 548
101 303
606 810
878 22
114 425
762 826
912 247
211 744
863 606
317 36
255 891
69 785
68 127
472 193
442 691
989 72
253 960
769 186
955 480
215 541
828 723
277 169
961 916
633 423
103 454
20 157
739 977
341 377
644 144
614 801
151 964
173 844
293 828
328 83
230 270
405 704
433 158
512 385
836 485
795 590
783 968
339 296
433 815
90 302
334 799
743 463
944 212
686 244
143 414
904 735
350 138
232 439
411 978
271 502
399 336
749 702
189 330
303 430
444 575
499 499
971 945
741 855
510 857
176 707
676 277
13 405
823 882
430 309
712 407
371 309
520 654
721 981
456 879
325 808
581 130
897 790
404 870
688 934
308 939
282 618
347 715
503 510
190 871
617 42
242 506
354 242
948 727
580 345
785 823
836 46
723 64
319 789
623 669
47 136
472 421
368 395
934 160
43 634
472 138
616 945
198 706
549 712
332 259
952 804
659 894
160 398
510 914
856 514
213 381
935 70
934 965
797 118
191 413
357 536
898 375
355 746
338 745
943 215
238 978
997 230
328 457
452 984
700 733
638 416
975 600
26 840
20 582
53 354
264 256
285 227
692 61
627 231
200 779
541 322
127 734
939 363
120 688
132 99
734 43
360 389
247 530
13 101
260 885
63 34
830 935
848 448
283 611
758 274
414 813
735 934
374 44
376 223
583 584
867 316
227 195
93 90
701 965
209 653
488 998
616 786
948 288
188 779
648 907
551 178
181 80
380 688
40 32
865 176
402 460
459 50
365 810
326 182
34 185
534 579
665 781
97 586
745 359
152 395
367 721
278 286
909 241
405 287
718 747
47 441
731 170
162 582
153 630
387 980
571 554
625 501
496 468
887 738
35 565
330 839
450 945
306 608
576 694
883 339
568 315
883 645
744 101
961 457
105 345
436 141
297 823
872 116
105 547
355 927
777 801
548 833
311 65
650 890
674 859
26 99
930 895
356 108
851 871
277 281
705 294
835 206
255 156
454 174
172 290
631 812
1 272
317 466
188 989
828 845
525 84
62 812
780 632
591 935
627 697
274 913
300 290
248 183
320 985
525 222
971 793
284 626
45 57
253 996
467 301
384 797
10 587
879 667
977 956
160 298
174 997
132 702
259 482
138 318
448 558
107 748
252 542
395 357
46 345
238 975
105 662
315 89
699 58
858 684
123 709
897 688
771 975
917 381
876 605
216 885
618 34
38 514
898 853
739 560
880 646
342 400
471 788
272 898
296 273
191 904
980 140
442 399
824 667
470 908
740 251
358 822
515 769
731 354
915 546
784 878
1 708
163 156
586 359
946 772
978 105
640 342
513 565
431 228
694 734
136 953
77 348
886 260
289 382
203 547
428 254
334 884
181 833
738 37
103 150
52 959
953 633
90 118
630 629
920 953
366 665
32 771
547 284
383 529
468 831
865 768
57 353
549 568
931 390
220 431
877 952
904 528
382 422
829 841
609 174
910 287
319 820
967 156
536 226
902 967
555 454
447 621
7 636
106 133
492 296
830 152
397 98
759 392
722 369
520 912
116 240
770 467
886 588
474 677
334 139
634 65
795 588
158 411
487 930
727 476
659 719
690 48
13 247
252 845
70 38
909 415
135 362
321 454
310 939
465 785
575 206
114 963
431 312
562 954
265 712
691 358
146 77
388 981
692 52
309 620
765 549
937 395
298 629
281 74
107 465
167 275
891 626
690 440
14 411
384 903
387 702
925 674
14 744
148 629
198 31
596 875
471 243
759 877
908 199
456 919
167 269
884 68
690 896
123 443
357 604
432 681
984 85
580 708
970 727
106 133
186 462
74 671
471 97
387 393
740 223
569 124
87 544
675 768
501 719
448 914
626 805
843 327
102 703
545 928
368 661
469 737
763 524
351 879
343 858
844 980
576 835
635 93
90 920
718 463
309 73
577 176
50 787
308 449
547 280
368 422
443 213
104 530
773 765
388 526
610 350
526 9
641 475
669 580
654 18
682 666
669 391
802 442
441 354
315 180
722 839
99 483
669 84
768 958
341 682
94 557
354 596
934 230
67 625
206 96
635 818
534 76
699 933
790 943
365 795
337 386
48 272
840 25
248 613
424 494
835 907
715 370
145 683
380 783
656 158
65 216
911 313
552 851
309 267
632 919
792 735
347 969
732 620
205 326
395 418
677 890
305 896
309 807
63 917
337 269
255 523
747 342
105 812
636 593
293 700
734 635
874 96
746 900
495 362
880 878
843 31
782 346
557 857
614 618
18 772
726 678
216 235
535 562
955 12
130 900
812 46
27 984
90 834
608 199
773 253
158 44
311 304
558 342
305 477
88 99
2 313
274 247
588 501
282 611
29 190
508 764
94 292
326 240
923 96
94 293
792 299
295 253
325 449
348 669
796 385
103 13
721 150
73 170
667 124
463 64
77 957
516 889
371 460
942 615
795 590
160 254
861 638
576 119
484 857
375 247
301 569
30 326
730 234
357 192
471 333
832 679
699 968
560 494
63 89
364 187
336 287
457 172
505 150
649 153
653 905
771 12
548 482
616 944
181 434
772 801
887 522
495 464
138 931
16 646
278 401
195 288
19 505
212 525
824 264
707 933
685 10
127 968
571 597
573 152
862 423
612 900
153 445
918 545
55 560
54 355
110 606
827 896
595 89
898 699
521 481
657 523
798 863
462 64
801 932
463 684
561 985
806 552
133 280
453 737
679 189
55 558
419 14
666 115
971 672
803 670
407 974
231 982
934 98
144 703
647 975
634 171
733 338
723 978
742 538
854 73
580 875
331 795
440 416
48 911
616 423
82 117
533 113
465 529
486 857
686 201
130 350
401 503
161 268
21 757
601 707
635 55
452 662
922 500
312 326
216 8
583 707
420 306
487 392
53 614
954 115
697 118
510 576
652 528
690 221
706 574
764 91
83 954
215 191
332 342
692 267
20 318
945 380
560 983
828 217
975 298
46 285
292 652
882 453
62 897
886 856
555 240
445 700
635 826
988 230
598 740
835 563
474 46
971 32
910 75
774 988
670 575
710 598
672 185
708 839
409 351
24 394
717 506
107 341
140 564
373 494
806 845
861 179
778 875
375 989
954 558
573 815
244 94
582 627
751 484
168 482
880 992
775 769
214 853
292 183
206 400
617 348
338 558
230 210
848 871
946 681
621 798
56 903
140 250
780 380
626 658
650 767
896 342
693 88
906 595
554 326
279 327
872 144
525 797
858 380
41 325
82 268
182 743
92 420
364 762
330 111
322 817
775 928
945 1
938 238
482 547
412 154
691 302
756 495
304 548
88 282
472 393
251 66
276 664
338 571
576 153
159 887
799 210
160 461
797 508
89 568
534 497
408 383
987 833
769 742
341 400
518 510
475 955
126 123
643 26
131 12
894 78
321 451
184 526
880 985
106 235
255 756
796 854
46 944
551 126
982 421
899 507
999 761
813 460
651 354
652 886
456 216
557 638
309 704
73 980
588 673
159 2
734 428
407 275
877 554
563 49
178 669
903 922
674 250
554 168
979 733
237 869
76 494
247 593
631 265
787 796
72 697
842 586
635 355
507 476
430 146
535 396
108 241
538 345
676 795
350 103
504 685
3 339
877 859
211 102
242 526
200 401
677 841
643 784
112 708
319 555
998 764
614 454
264 771
746 422
900 195
47 311
610 312
762 538
324 614
340 800
124 810
540 761
118 645
875 135
390 876
91 719
73 433
407 508
498 829
732 702
204 719
403 919
295 113
587 331
443 380
147 926
248 248
358 52
6 301
767 799
94 483
56 912
883 82
517 654
854 813
259 622
674 148
962 957
971 776
565 699
795 168
885 105
43 278
742 772
882 253
172 692
766 436
887 480
864 21
885 411
683 368
169 9
306 917
774 724
831 782
226 876
88 659
811 600
144 895
872 724
265 842
972 245
467 72
577 798
851 654
341 241
435 244
775 732
31 906
332 882
356 733
323 133
824 619
736 548
41 476
279 97
50 941
992 625
630 267
228 411
332 21
644 953
122 541
909 220
48 779
140 367
541 619
691 458
230 202
377 193
955 254
85 253
308 450
863 139
209 947
436 374
807 541
7 911
199 82
312 212
281 155
336 968
973 711
802 496
629 660
247 530
191 309
316 368
30 130
348 135
787 934
188 520
277 45
347 443
48 156
343 394
867 156
590 365
538 4
963 478
715 572
814 378
527 819
548 716
138 812
122 298
411 163
351 648
535 478
989 358
418 211
29 262
887 871
602 10
720 83
273 572
141 283
919 838
43 289
833 718
403 347
41 577
584 261
731 990
982 182
902 268
464 522
594 783
810 508
115 181
497 198
109 176
319 103
355 941
783 784
354 857
474 402
794 312
659 181
175 271
445 160
260 930
501 426
606 624
776 400
660 107
144 502
826 509
231 332
745 18
784 679
193 578
633 133
278 333
613 823
978 134
982 878
221 292
263 619
635 825
300 769
683 660
298 855
573 192
536 843
437 770
324 729
933 512
563 986
218 387
549 189
209 793
176 219
436 329
607 287
975 476
644 916
768 455
433 467
436 920
27 294
748 644
756 771
900 128
256 984
706 758
493 976
447 241
213 787
422 26
806 444
847 943
622 761
784 202
255 99
497 372
706 842
630 811
506 790
68 464
82 402
272 353
560 368
820 530
747 46
674 588
463 926
968 891
84 948
197 457
781 217
674 916
297 709
382 375
254 974
871 985
34 490
355 986
111 483
952 657
92 513
22 764
93 810
126 583
57 388
532 613
92 495
606 951
283 301
842 465
534 497
119 789
553 746
159 732
828 523
641 343
810 253
861 913
206 384
40 315
23 80
504 897
24 846
427 558
527 743
155 998
332 555
718 905
352 416
286 753
366 993
138 61
93 608
346 968
798 470
763 114
654 862
213 513
596 350
652 142
585 141
712 681
295 416
29 259
968 216
473 744
256 255
772 197
950 219
496 689
675 752
378 677
892 242
909 459
58 926
320 684
893 460
406 578
772 817
829 749
430 380
194 970
533 349
112 221
242 582
953 975
291 85
4 434
795 240
880 581
679 658
201 508
362 203
30 852
67 319
542 796
170 601
514 135
185 977
995 390
439 457
508 260
349 833
649 386
812 117
919 308
592 594
208 501
9 469
387 441
20 182
533 39
579 859
436 555
390 323
549 447
850 603
63 537
152 613
344 202
465 136
485 182
944 398
33 108
15 104
873 987
523 844
345 321
687 943
271 185
513 57
350 59
72 563
773 667
856 563
466 667
303 678
358 651
737 966
846 827
953 213
184 780
900 489
325 542
784 339
801 31
41 174
607 608
62 866
310 159
932 179
866 828
668 504
596 720
455 612
457 459
40 382
219 33
870 995
453 162
503 879
882 189
295 388
228 291
209 506
208 521
800 124
989 369
168 425
674 41
995 840
144 920
780 362
43 989
167 185
675 75
526 236
288 570
243 181
99 392
738 941
475 892
765 625
481 464
24 463
526 615
67 863
434 58
805 644
165 808
334 828
1 432
818 994
646 558
270 611
600 400
626 88
684 298
568 882
97 698
275 91
981 190
20 507
550 725
913 747
749 969
468 847
389 786
731 43
238 775
736 323
9 11
18 983
797 408
73 596
831 947
194 551
623 718
391 21
504 455
753 138
230 514
90 304
841 86
40 40
578 46
613 313
400 571
288 509
810 511
719 299
378 486
260 268
133 404
18 505
862 394
257 804
538 571
155 451
138 772
243 38
216 353
139 994
843 681
434 673
718 350
618 654
49 262
94 811
303 590
409 21
165 659
149 326
428 326
286 6
50 316
103 680
854 969
294 250
993 193
39 131
999 116
179 39
397 780
935 609
526 772
704 142
492 387
798 341
780 11
749 746
295 969
610 469
373 739
573 557
989 754
633 610
631 180
253 435
313 325
786 59
514 973
733 501
500 389
63 310
639 394
313 936
181 277
913 529
618 307
837 545
511 191
975 850
345 478
411 261
737 526
900 102
274 335
434 309
64 590
898 735
128 685
558 275
257 945
861 24
346 117
843 888
776 697
87 566
454 780
87 321
303 900
682 110
189 157
136 296
297 757
538 735
581 316
831 308
756 37
348 702
111 264
936 215
107 527
680 30
866 416
540 222
905 665
894 328
87 729
486 616
112 63
214 947
660 270
514 900
874 413
727 840
571 863
953 907
79 149
96 362
704 716
754 321
84 546
361 306
451 311
878 273
886 813
622 576
236 893
22 206
701 266
43 566
669 210
296 7
483 817
468 842
437 288
194 475
76 715
83 597
175 386
170 418
50 195
381 994
387 62
36 698
524 657
939 315
630 556
121 900
736 762
641 682
80 351
249 984
900 708
569 470
893 352
184 199
633 955
674 541
356 948
22 947
534 885
14 644
525 800
383 916
33 933
483 852
945 262
692 726
977 834
178 745
422 350
438 395
761 70
409 525
55 859
661 122
433 410
40 717
405 298
598 316
274 425
355 166
901 671
574 686
719 767
303 877
754 475
628 684
26 116
677 519
751 474
3 343
478 220
74 688
566 593
893 884
113 100
666 454
317 195
926 967
42 386
362 353
251 204
150 797
463 867
589 390
426 82
199 171
772 531
533 801
387 644
755 501
791 564
29 690
181 764
174 253
592 963
358 127
842 152
984 974
484 300
981 103
324 740
68 546
819 527
571 542
428 495
58 71
14 465
955 593
417 960
745 283
267 632
226 930
61 231
526 492
282 630
878 726
99 205
654 176
848 260
937 401
662 469
257 673
122 748
857 921
35 650
362 673
271 923
995 579
615 320
38 310
253 81
983 59
646 945
299 446
34 56
234 517
29 714
360 658
364 572
87 627
779 946
973 639
709 49
958 538
921 818
419 256
887 105
77 208
999 155
575 307
759 39
421 537
756 670
270 555
618 309
388 570
3 848
852 368
944 647
40 809
761 308
840 329
56 841
526 990
471 229
432 745
467 990
852 358
198 176
882 449
438 19
850 623
275 16
706 486
886 935
707 483
124 322
456 425
455 623
219 701
748 661
953 632
547 325
485 104
738 337
620 713
390 154
890 252
331 914
530 372
404 447
79 984
301 313
665 97
783 284
37 375
193 852
296 386
666 719
328 241
587 640
194 866
143 758
840 457
180 396
117 638
659 248
988 250
63 780
908 267
789 603
927 61
199 208
849 583
321 47
733 614
21 525
601 750
680 3
302 593
447 849
845 664
180 455
831 723
516 81
202 294
940 210
9 507
610 915
523 734
360 897
103 914
223 127
483 491
193 69
165 549
294 282
167 640
626 269
70 921
970 769
78 8
575 944
320 73
573 939
646 56
251 814
36 949
718 410
184 466
703 616
259 68
984 819
831 961
132 482
560 800
146 364
546 787
950 774
428 922
945 988
691 50
691 759
637 503
357 411
627 303
675 386
737 191
856 250
182 261
575 264
548 541
365 684
233 248
16 586
557 10
674 856
955 467
727 705
580 403
336 53
17 157
299 130
303 211
330 491
378 885
3 355
106 5
750 439
842 598
242 823
761 495
650 363
114 421
166 277
812 202
449 242
490 403
941 932
229 455
440 645
842 455
248 978
296 888
313 904
749 340
687 506
591 15
92 627
781 844
125 760
537 579
219 303
381 358
805 997
839 305
755 429
232 484
245 319
953 630
526 186
955 400
491 697
309 17
740 343
794 596
1 358
93 324
465 118
672 17
132 215
232 2
848 583
805 834
282 318
246 68
446 459
991 365
648 391
781 498
907 354
513 737
99 723
230 549
548 177
866 679
685 483
102 640
493 431
870 869
539 208
355 954
