7500 7000
960 175
10 742
957 23
535 296
121 954
287 374
561 144
403 498
493 315
75 842
407 667
788 406
330 463
209 810
475 229
345 280
324 601
621 745
283 70
388 762
389 600
498 197
53 518
964 54
861 746
593 127
24 717
952 102
141 399
463 153
335 33
338 859
592 328
335 915
698 55
830 524
551 176
868 199
494 445
446 222
725 805
787 656
247 106
572 22
27 501
82 108
841 154
838 195
672 39
930 827
523 518
9 772
557 875
809 965
159 965
761 737
922 737
220 362
910 499
140 66
904 668
951 420
269 577
405 762
685 832
584 537
86 309
230 363
10 765
54 696
164 691
818 236
884 452
306 617
251 85
261 403
788 134
645 478
38 835
257 464
237 422
613 444
173 330
295 968
462 735
918 524
889 574
643 711
750 207
53 204
713 400
554 292
293 480
555 839
444 34
287 128
41 171
169 747
418 963
334 727
545 887
222 324
490 122
849 59
727 682
523 566
463 578
265 172
743 64
861 751
697 240
670 177
21 548
818 596
271 89
565 298
787 193
818 85
546 845
441 812
558 980
282 993
439 715
733 782
562 643
757 169
141 363
896 230
721 193
227 698
474 625
627 172
660 297
38 949
327 314
665 686
208 208
305 947
825 828
709 624
495 998
950 863
890 192
467 613
503 396
425 587
828 904
922 855
516 690
339 929
186 723
481 586
842 668
560 275
255 628
280 929
16 613
637 248
826 566
583 849
585 431
16 510
159 680
427 690
377 998
806 810
478 403
569 229
965 155
997 278
597 632
180 978
916 420
606 807
21 594
134 599
762 415
491 266
17 319
455 351
870 320
954 259
212 569
373 93
675 825
893 325
641 564
468 819
261 53
281 694
967 168
497 53
769 450
607 474
470 22
268 125
591 302
658 133
880 939
139 4
107 958
19 944
273 346
62 288
352 626
4 659
733 189
857 554
561 164
743 552
636 83
880 776
440 242
996 195
713 610
857 367
17 189
143 262
38 748
875 982
56 253
676 264
666 216
322 199
284 184
334 423
78 372
842 581
420 323
201 96
89 790
577 265
494 487
299 692
832 374
637 983
283 146
720 814
5 658
136 894
111 909
738 949
674 284
91 77
83 8
272 649
846 42
933 911
995 573
584 131
399 756
368 476
669 63
795 720
658 678
845 144
862 428
150 797
168 872
498 662
404 227
517 611
566 564
3 897
476 331
224 918
323 367
127 621
900 988
671 975
907 186
699 924
486 964
27 629
201 79
322 540
669 845
791 154
939 84
969 913
581 385
517 174
486 248
327 724
364 417
428 512
770 201
207 329
689 410
255 437
627 129
192 708
551 859
745 920
960 885
211 866
12 200
455 759
336 770
398 334
647 381
471 737
387 591
403 705
222 200
673 522
882 825
591 310
499 415
141 111
138 455
701 55
868 109
847 552
860 310
825 767
973 178
513 759
543 44
109 422
13 373
727 737
72 359
271 759
676 844
969 990
53 754
626 838
97 41
480 533
448 299
566 746
33 709
488 786
861 943
376 182
552 869
636 248
404 736
879 432
782 258
636 306
347 705
649 467
369 438
145 551
479 127
291 532
527 676
360 893
51 826
541 450
472 267
32 988
824 665
899 719
444 844
908 958
276 41
965 711
612 591
597 34
674 821
708 580
902 574
26 579
668 825
101 995
42 795
932 259
857 582
285 485
511 489
616 842
421 176
297 195
443 15
646 597
532 221
918 594
881 776
669 115
311 404
442 567
232 783
144 994
727 724
407 946
499 237
913 512
577 509
831 259
757 420
383 203
606 992
693 463
522 653
946 405
16 174
121 121
546 683
218 568
854 621
964 889
206 568
724 780
504 941
922 511
43 345
821 836
124 369
310 458
304 5
719 520
899 202
771 473
714 194
20 946
24 616
576 591
108 257
530 441
159 90
67 642
434 678
120 673
398 530
527 182
679 374
216 235
696 187
749 545
751 388
670 909
458 891
264 869
548 776
526 1
315 168
954 806
903 184
776 300
851 149
721 459
553 764
499 797
132 560
92 117
967 631
971 65
465 926
82 980
772 422
226 232
91 702
354 204
303 588
498 86
588 682
439 176
192 530
85 993
407 661
648 560
86 812
633 323
453 489
621 380
465 385
857 455
367 687
283 90
785 88
610 821
427 895
326 402
304 795
453 365
269 254
590 779
164 41
924 383
122 726
666 821
822 498
183 86
610 676
534 404
200 459
957 314
98 676
57 144
303 608
95 669
10 212
686 459
11 106
831 716
860 963
373 974
449 237
383 306
375 144
326 391
265 348
336 544
527 443
160 905
18 790
48 969
541 743
134 642
942 508
122 224
381 795
48 388
360 49
654 646
670 726
318 292
841 727
863 128
45 467
370 659
134 608
768 54
644 142
824 916
42 575
25 889
867 508
66 67
814 430
874 429
630 433
942 699
988 419
869 190
747 855
870 454
627 54
596 55
681 92
709 759
804 238
285 363
740 524
816 77
620 550
741 249
14 178
611 305
938 495
450 977
587 302
669 980
216 523
398 505
840 418
104 63
122 141
656 601
437 755
738 712
571 82
435 814
181 444
687 121
689 199
517 444
892 831
27 42
362 924
441 856
734 523
732 496
927 180
99 30
60 704
260 496
473 480
178 422
993 933
271 930
653 197
743 962
666 360
1 909
637 357
909 745
296 833
840 984
992 983
929 156
207 769
691 694
705 408
857 747
738 832
250 620
685 784
518 391
315 73
843 672
415 916
160 643
813 872
587 977
71 673
174 656
787 853
128 583
591 317
911 451
66 491
819 246
141 855
456 940
18 92
994 191
636 135
207 311
174 157
613 957
485 945
643 799
875 891
201 718
210 544
854 939
79 101
104 709
190 410
730 862
300 412
61 614
308 541
589 441
454 392
273 706
594 129
242 578
973 204
555 512
815 751
370 730
775 176
995 561
912 5
80 352
996 181
972 578
719 829
477 684
491 455
79 807
203 142
469 94
794 527
926 186
210 158
553 545
833 821
994 41
955 225
226 525
442 199
899 391
71 257
654 406
782 2
691 743
207 863
567 997
841 832
739 973
486 742
268 342
712 486
550 327
297 812
139 879
308 766
248 282
932 399
527 753
651 673
452 933
36 230
135 728
783 241
649 307
347 330
970 608
912 168
132 36
947 342
532 292
761 940
90 154
621 31
68 434
748 265
424 318
507 585
994 873
449 762
491 459
165 125
831 157
241 691
311 514
170 796
647 197
340 904
13 245
411 889
822 524
963 822
892 567
647 993
967 332
738 759
369 561
503 84
586 1
461 341
487 194
254 374
610 364
934 749
846 506
681 950
83 713
428 729
393 741
967 150
231 409
795 686
82 589
335 507
148 911
324 928
451 565
845 409
531 614
652 592
613 581
843 293
275 684
381 971
539 529
504 493
470 321
342 212
708 857
58 869
696 401
250 410
133 383
637 476
965 191
951 918
95 960
742 357
952 138
913 807
563 929
46 95
27 650
717 52
174 273
893 569
154 216
433 690
985 189
206 666
498 459
34 841
726 178
828 742
56 879
336 153
593 888
668 977
894 507
119 843
203 654
964 562
132 489
244 894
411 420
978 484
953 595
891 317
153 536
667 322
902 826
603 249
291 163
18 186
996 847
724 306
802 98
942 248
452 40
290 784
982 896
234 56
358 538
635 645
273 836
769 89
213 172
468 642
194 454
334 84
992 299
383 122
24 245
769 817
842 548
584 902
257 12
917 266
586 700
330 298
750 790
511 425
787 823
986 146
18 322
287 38
687 724
161 37
616 331
319 282
887 235
29 722
474 128
439 170
675 538
614 689
162 473
624 156
197 491
698 806
713 392
145 577
377 160
328 839
206 138
895 704
318 368
500 75
469 487
398 381
477 311
639 806
888 100
70 232
883 421
823 215
899 47
392 610
463 400
293 688
173 2
663 59
549 351
551 559
765 564
501 138
216 159
140 237
264 893
485 795
846 898
735 52
159 524
654 189
640 414
398 606
203 615
504 550
8 907
31 953
964 778
146 823
368 108
512 471
440 975
689 816
922 794
724 970
53 435
50 889
529 592
448 253
905 232
156 679
602 482
367 609
987 5
863 855
939 146
258 728
373 433
131 434
988 221
412 952
36 416
245 599
50 156
701 450
669 427
564 991
236 678
462 379
349 896
591 415
682 647
669 375
561 51
366 5
909 884
910 392
266 508
838 353
964 58
968 901
41 547
694 700
537 504
415 482
131 125
196 778
966 209
347 288
757 310
365 46
359 774
183 819
508 482
552 582
134 310
540 131
928 679
878 753
600 34
111 895
994 69
935 236
511 942
771 230
182 590
140 411
831 707
179 435
718 371
307 268
859 77
807 661
88 666
821 201
770 84
182 838
285 464
171 628
965 492
812 833
38 263
208 711
409 415
677 430
39 764
581 151
227 882
605 140
927 346
5 150
427 991
229 717
201 629
911 28
401 131
183 536
534 238
141 779
12 232
373 637
513 214
423 770
226 105
556 32
825 205
225 208
430 88
865 81
550 538
62 552
926 270
509 4
19 724
976 85
553 594
613 38
15 499
659 695
756 547
934 88
593 179
841 176
473 902
872 997
895 119
11 752
110 979
486 292
186 778
169 187
294 894
421 254
95 816
286 939
769 892
884 500
174 16
975 617
271 541
338 827
580 705
434 784
832 243
846 397
340 195
376 786
626 463
538 302
849 576
305 987
886 574
763 331
713 649
539 749
691 253
159 922
165 401
170 613
51 613
43 767
789 884
504 822
620 276
165 367
399 986
647 359
704 749
590 812
537 541
320 654
603 738
913 23
525 486
124 854
814 772
279 753
157 907
85 402
548 212
501 320
782 777
458 282
876 129
884 201
111 474
886 424
266 909
99 805
893 551
774 490
471 266
984 572
198 207
637 607
3 913
770 994
497 109
52 254
191 601
311 801
528 158
826 125
715 189
395 906
26 51
552 924
832 834
126 825
682 36
705 748
421 153
777 458
511 244
913 331
392 788
91 789
217 268
119 899
240 15
274 740
850 442
145 684
175 551
706 66
658 318
737 708
295 556
230 14
215 728
837 729
969 171
985 986
383 254
620 461
95 379
738 382
871 132
195 764
780 274
108 571
168 35
910 975
60 178
614 295
637 538
678 573
370 606
804 871
971 239
878 636
104 838
163 922
772 186
360 434
724 663
649 437
619 732
9 955
36 244
936 89
658 833
756 831
580 294
805 40
745 859
535 602
465 897
224 500
801 256
835 577
324 779
499 651
193 241
76 869
748 949
600 482
295 314
606 876
623 257
974 68
278 718
166 659
83 254
873 578
182 788
177 276
914 880
174 222
459 913
178 674
457 295
101 188
365 253
240 44
579 206
422 301
543 70
813 92
427 789
629 773
611 444
644 363
952 363
159 511
705 194
731 155
889 991
923 162
641 11
914 81
920 947
934 237
228 582
413 333
393 713
931 401
558 484
968 145
355 2
354 845
252 335
925 594
585 206
223 614
349 59
770 393
171 196
469 71
152 620
856 219
264 428
554 378
419 123
87 280
446 90
827 68
211 506
186 130
810 682
827 830
459 718
829 35
562 887
113 130
360 285
32 336
191 260
149 843
261 418
8 576
464 430
781 170
618 899
943 782
381 984
729 128
8 38
433 521
16 677
526 885
726 691
114 94
670 961
818 834
858 559
795 639
256 314
856 620
534 992
614 216
529 617
111 57
666 829
351 979
566 742
149 849
862 826
268 42
777 498
583 915
684 26
439 236
940 522
740 880
556 728
368 956
785 159
831 830
696 609
492 159
502 43
168 380
88 571
708 842
418 688
739 144
239 227
73 241
109 335
212 843
313 896
380 118
82 558
139 68
480 825
97 188
154 97
385 218
747 155
894 287
787 918
552 71
935 177
926 786
281 12
402 866
560 423
122 710
749 753
767 991
932 104
725 786
371 13
129 766
567 773
57 819
86 845
346 44
519 601
245 801
329 444
311 205
81 22
457 333
664 595
383 77
888 336
354 279
315 614
422 796
173 306
165 510
435 664
305 578
205 631
544 12
543 669
543 81
710 37
829 86
70 38
3 777
374 117
475 695
713 915
104 312
608 41
658 21
14 448
206 465
214 866
231 995
921 518
191 447
443 241
638 247
737 624
567 817
721 93
961 483
880 319
116 185
2 400
280 807
728 76
907 805
493 484
558 447
79 549
484 790
774 658
293 565
818 577
175 373
966 95
154 82
948 325
933 654
615 831
530 153
765 462
527 955
423 367
440 883
226 708
619 608
374 309
684 258
297 525
46 200
531 380
464 905
465 823
486 593
616 153
362 999
254 449
959 657
69 713
589 887
170 313
531 249
104 951
572 928
203 641
315 271
900 188
87 881
994 960
985 669
84 153
528 971
54 801
257 21
763 169
193 170
174 469
113 319
233 341
895 219
638 410
849 181
660 16
648 108
233 196
425 193
833 774
512 610
831 508
878 232
440 148
19 540
66 327
440 675
358 57
929 625
773 147
909 279
541 869
555 228
898 450
718 899
144 377
304 892
314 258
141 425
308 213
493 481
934 106
394 464
394 172
512 184
971 899
807 748
157 350
836 298
100 466
18 956
575 783
68 732
52 141
469 15
410 760
503 885
714 507
319 822
183 569
483 5
399 908
764 602
207 191
290 338
694 774
32 262
397 885
147 122
770 615
34 470
845 749
158 308
614 299
940 450
437 70
529 107
422 413
221 198
103 401
770 908
146 800
45 638
963 591
610 540
916 329
124 656
527 30
514 916
313 487
853 792
211 797
463 405
597 405
815 231
440 10
612 592
663 624
918 837
783 115
57 220
360 462
703 259
292 965
257 584
804 490
904 223
573 603
346 774
90 285
755 662
47 355
931 444
934 851
994 946
343 299
267 276
629 288
211 306
645 959
308 534
359 804
109 507
524 568
291 459
984 897
99 964
375 398
678 416
931 502
535 254
96 24
855 61
80 178
973 688
424 952
167 376
291 944
787 679
694 284
213 837
173 403
188 197
521 660
103 241
36 251
889 670
651 981
909 959
657 911
683 407
267 881
832 909
938 443
970 857
113 207
486 570
972 15
73 784
970 696
470 222
829 18
521 344
136 301
577 997
757 241
151 755
758 373
687 785
400 854
829 360
108 772
236 990
538 467
762 511
335 639
960 518
541 465
146 227
566 885
69 270
719 984
937 408
158 31
968 52
644 915
424 902
197 228
63 242
679 587
919 344
426 13
338 702
109 769
896 381
884 978
978 606
88 784
5 426
107 999
362 53
76 137
863 478
566 296
181 81
103 953
53 262
867 854
458 448
50 839
147 178
44 766
751 538
52 99
794 646
989 632
451 868
831 85
409 507
720 461
833 580
18 726
208 390
11 589
105 680
373 483
389 302
453 969
776 308
27 800
160 328
634 391
906 364
354 527
554 981
996 370
177 317
388 782
644 302
332 566
339 872
759 434
872 881
673 258
962 393
65 916
710 754
668 395
936 568
838 889
252 876
771 111
320 25
231 829
108 95
14 826
653 526
540 284
262 222
970 872
596 14
865 918
947 123
925 9
439 624
736 151
750 128
411 818
974 275
363 923
346 646
992 528
260 71
296 921
330 558
401 695
930 374
843 555
687 998
546 129
398 108
169 598
197 988
677 371
206 599
712 945
796 117
265 258
68 774
320 981
904 618
878 330
817 349
606 728
580 21
364 253
460 788
271 913
348 605
576 325
22 201
53 267
11 702
210 775
506 705
252 17
317 326
270 620
633 789
22 21
461 347
629 772
811 318
86 750
290 468
88 120
121 709
517 242
382 674
212 689
788 174
37 383
312 396
717 401
987 1
490 333
403 378
424 301
884 122
249 13
743 548
256 524
382 838
573 213
889 880
508 727
518 968
481 670
874 828
25 198
939 820
10 66
162 249
313 369
9 132
426 19
548 817
639 436
623 690
662 643
579 585
997 675
172 192
295 627
186 196
856 349
915 644
324 170
311 147
839 633
841 407
359 270
996 387
938 352
130 217
638 349
809 528
3 503
784 184
371 359
790 128
493 769
623 630
774 988
947 827
931 679
475 939
279 973
4 491
638 921
969 487
657 948
967 480
723 119
922 959
512 658
382 847
495 987
965 674
844 239
944 316
65 789
370 183
933 595
785 830
153 751
423 457
626 433
560 809
473 386
610 315
359 356
75 882
703 474
207 662
979 587
193 866
894 768
653 528
66 58
81 768
441 454
748 263
504 568
540 921
291 456
787 357
955 237
955 44
402 516
955 525
880 110
421 562
970 172
557 326
31 659
273 216
786 647
121 353
350 808
141 557
26 446
829 962
973 949
202 803
582 446
800 768
410 915
267 731
13 548
155 618
129 605
31 927
960 238
70 450
643 685
510 255
623 904
520 683
594 789
214 126
54 152
128 86
232 522
189 906
347 825
377 2
398 921
74 287
842 812
69 647
238 888
22 985
947 93
70 137
543 593
548 680
123 195
326 935
69 570
689 509
377 290
653 613
202 182
491 603
131 167
827 669
46 891
97 233
946 741
803 451
623 127
778 422
966 845
399 916
842 549
906 691
148 448
635 574
815 114
808 141
619 608
919 916
970 671
444 499
876 674
41 436
486 652
955 907
284 852
264 601
800 382
355 891
477 14
200 837
805 639
504 873
786 227
707 475
665 633
577 688
217 931
437 234
183 425
429 144
337 23
735 501
453 151
48 85
495 324
704 888
990 478
264 482
303 97
336 442
55 337
896 620
891 301
227 849
702 954
264 117
841 17
476 923
230 383
144 366
376 797
611 355
578 348
721 670
691 870
758 434
898 998
17 337
373 534
64 36
752 210
484 591
239 427
707 721
323 53
538 772
729 249
349 940
80 812
942 534
82 400
448 264
635 727
807 198
841 237
794 941
578 790
224 529
577 597
115 575
567 167
359 365
996 699
95 658
590 61
483 557
687 8
390 465
169 712
17 872
326 934
593 692
883 688
213 220
927 225
572 384
72 766
638 380
808 56
619 420
142 820
779 579
740 618
374 700
135 468
805 266
626 508
781 118
556 110
795 99
181 79
687 493
901 643
851 6
736 190
779 966
447 223
521 544
105 570
812 72
697 595
701 243
591 159
209 129
302 10
276 954
490 460
89 567
445 302
262 227
387 866
90 927
173 44
768 907
550 270
930 41
917 707
843 674
248 669
911 799
238 31
998 898
533 311
904 990
213 431
353 447
642 726
292 608
829 423
49 57
900 504
931 774
209 171
634 929
801 89
704 942
257 752
407 709
209 926
400 572
297 542
869 186
593 15
581 814
774 310
796 38
508 927
599 808
300 431
220 324
834 844
409 590
941 497
742 730
800 533
647 869
274 891
289 182
950 633
594 580
472 357
107 992
875 973
665 169
53 269
298 238
594 201
692 578
851 45
130 661
984 827
56 755
110 310
792 124
205 58
184 821
471 676
717 786
526 138
389 369
910 29
553 702
57 42
632 511
917 902
337 347
693 361
959 444
431 806
338 377
887 752
892 258
607 964
362 391
724 587
955 10
69 570
12 148
847 599
689 392
702 527
30 421
928 865
903 928
794 163
403 842
349 579
393 44
671 689
827 594
892 745
549 228
374 951
738 767
774 486
803 977
446 824
252 538
594 92
300 535
226 307
507 952
467 614
584 177
446 6
681 772
857 943
985 671
252 600
222 692
453 26
109 492
109 360
658 855
120 768
518 838
593 260
308 305
844 461
991 339
985 271
307 18
869 614
114 541
889 324
494 369
285 116
811 367
607 162
237 441
925 380
403 242
968 228
122 721
562 93
358 836
356 452
523 536
609 338
899 612
503 410
928 596
685 526
677 846
663 483
588 756
589 583
34 361
179 997
730 545
912 693
755 214
59 170
484 222
72 80
741 471
270 487
586 817
576 210
344 137
482 740
143 796
933 817
556 302
607 50
707 91
419 615
606 816
521 179
448 580
273 717
621 485
747 356
579 926
18 847
810 437
457 720
775 551
512 119
244 274
325 792
522 560
31 381
686 358
850 532
198 399
660 469
502 818
500 426
755 501
857 981
200 7
378 123
809 806
294 549
843 807
568 830
153 753
170 467
374 908
356 225
408 399
56 986
991 680
842 627
547 129
190 501
929 710
497 902
813 978
354 255
856 460
449 822
128 974
271 390
107 412
577 710
335 777
987 134
829 625
162 507
942 125
638 363
243 408
861 26
16 311
37 464
298 89
731 371
308 929
436 428
571 847
737 761
901 101
640 876
989 747
66 130
978 657
234 124
547 250
777 354
227 342
171 892
222 738
269 399
484 943
687 601
813 323
363 476
886 900
751 654
367 63
440 344
582 14
974 469
958 204
519 160
750 350
122 780
458 885
951 268
11 449
885 99
465 435
808 442
404 614
538 48
259 964
211 606
569 934
457 679
31 340
695 387
297 432
47 245
349 676
711 974
541 122
10 36
148 646
84 814
690 795
53 431
789 585
864 568
461 452
545 994
903 792
612 511
379 902
504 482
718 12
584 385
606 448
643 288
276 470
95 613
731 893
909 229
573 725
726 709
922 914
957 234
539 693
362 414
554 51
267 129
434 786
679 47
615 25
400 998
322 785
522 426
525 42
433 568
918 738
42 852
994 802
41 738
692 608
25 437
70 666
785 851
201 988
502 499
309 186
642 72
331 428
906 5
614 460
346 597
504 561
916 368
934 845
118 596
184 320
443 488
930 211
902 675
194 301
610 38
91 862
902 73
555 488
297 72
897 17
977 815
771 648
590 400
656 595
920 211
376 767
472 730
876 962
978 15
924 770
630 86
952 808
150 119
228 600
149 729
4 117
585 860
956 463
738 707
138 225
271 404
959 590
366 329
494 38
907 184
65 303
504 917
402 9
53 855
915 386
340 735
838 357
571 831
368 367
855 238
42 125
387 496
302 42
273 972
28 598
664 949
890 397
287 829
694 242
852 807
615 174
440 180
274 498
747 565
367 13
872 175
986 53
482 794
471 160
944 760
788 500
718 670
774 784
760 903
397 901
117 226
900 617
587 30
462 586
378 64
408 207
536 846
823 161
527 399
355 752
563 220
460 369
758 376
866 146
560 938
246 819
857 298
212 623
150 430
242 783
783 147
660 995
283 277
109 385
500 157
110 901
737 867
947 435
597 89
110 369
295 579
518 843
565 326
390 443
309 271
15 112
774 889
711 650
821 149
808 730
896 945
109 619
779 542
82 688
608 994
933 897
153 874
239 367
611 274
391 894
954 483
948 781
840 828
189 674
658 539
260 411
255 851
826 854
806 680
446 533
769 118
360 938
197 908
393 894
930 670
963 789
319 944
853 245
725 98
563 182
200 337
319 645
136 686
960 698
644 876
158 311
764 19
358 943
65 98
516 782
625 9
706 750
25 946
100 589
193 143
868 803
291 737
253 503
651 130
357 186
541 10
531 707
226 208
524 415
219 124
153 780
61 174
284 412
764 20
12 997
826 957
148 947
883 441
908 688
701 473
771 164
743 50
166 608
666 137
7 607
501 723
373 910
528 941
996 727
809 385
919 765
752 918
654 982
482 255
706 474
388 761
505 54
98 161
584 430
61 536
405 603
687 525
741 223
240 632
883 413
909 964
511 736
168 906
688 553
895 441
937 851
446 165
259 229
590 832
747 534
285 648
260 366
805 646
147 598
392 349
494 156
955 845
874 60
568 846
283 656
588 561
160 867
878 840
726 467
186 33
757 366
939 489
479 51
713 149
952 72
122 325
768 210
491 993
376 801
993 275
425 944
346 254
745 960
980 764
275 484
433 744
308 325
968 686
138 386
609 251
222 51
836 993
491 718
18 60
854 447
145 949
622 208
33 800
668 717
133 339
470 854
139 264
531 178
334 236
342 934
89 478
538 769
786 852
168 261
56 788
108 274
541 252
908 851
542 139
914 581
33 179
620 44
585 909
885 819
756 36
294 101
905 506
32 649
147 322
628 11
820 691
189 864
752 167
563 196
299 610
598 946
119 183
622 962
240 485
38 363
986 67
599 450
543 64
77 372
339 333
310 92
257 784
31 985
545 727
361 832
381 138
412 914
167 569
428 783
976 201
866 272
928 52
804 727
35 34
458 351
307 295
286 491
985 750
212 408
164 654
227 983
680 503
540 249
492 739
785 344
220 443
636 790
328 813
667 176
199 191
255 789
468 537
447 157
589 527
492 19
938 372
142 524
349 740
522 291
449 966
672 760
816 980
871 984
4 59
416 435
697 809
451 41
289 429
676 227
147 333
288 744
548 334
433 875
201 726
888 94
719 887
931 137
810 56
600 589
585 168
539 22
35 552
353 764
74 263
938 578
828 86
639 587
214 158
177 613
965 100
927 102
254 342
588 744
481 287
712 809
202 187
64 491
869 427
735 528
778 96
397 176
49 903
821 855
454 389
744 415
942 135
698 786
379 48
137 77
954 212
988 848
901 476
439 182
197 288
477 565
967 844
739 907
616 756
316 536
300 125
203 944
646 208
291 670
791 15
757 225
658 631
348 828
356 496
307 821
825 82
54 570
777 158
197 175
335 510
595 599
876 650
262 536
56 741
699 909
430 417
19 771
175 788
517 839
403 493
300 310
111 615
609 414
231 902
823 861
899 372
712 106
496 853
856 737
661 780
495 66
424 321
997 227
587 77
458 143
782 304
793 753
426 510
775 878
469 851
306 992
561 919
711 263
552 392
904 535
281 962
456 580
599 709
584 88
674 949
786 443
705 104
818 364
522 275
781 43
128 820
745 474
34 935
148 186
223 786
125 609
327 337
584 303
796 297
519 86
584 758
394 515
888 242
540 656
885 9
635 935
503 856
686 626
507 896
711 242
588 963
619 816
90 471
202 843
938 897
384 630
608 356
784 492
63 153
621 206
797 390
384 932
178 675
923 552
435 659
111 449
17 921
350 226
825 845
919 556
173 131
826 34
346 980
487 106
548 182
547 4
306 128
209 508
841 375
75 126
270 556
416 600
544 584
992 819
779 300
123 279
828 482
349 998
848 328
919 851
492 660
992 902
789 416
528 132
625 538
467 953
47 930
679 202
725 92
25 315
522 987
862 882
113 305
393 676
475 845
578 870
504 180
962 802
540 16
53 899
278 404
880 217
916 714
666 597
909 85
637 558
550 116
194 346
64 748
825 137
839 5
516 801
89 380
434 943
894 487
892 161
826 293
699 680
394 56
1 693
245 704
421 208
936 983
131 958
9 667
353 287
587 371
972 221
108 954
151 633
458 559
578 442
35 909
388 286
600 19
778 46
336 905
311 519
424 346
89 946
294 523
230 457
960 531
718 298
730 870
338 694
247 956
294 242
14 406
442 626
854 309
925 875
476 742
343 781
255 880
92 244
307 742
140 955
528 426
546 686
342 11
742 891
677 5
805 389
824 3
877 597
143 658
10 591
665 887
781 98
834 863
18 237
993 777
792 330
112 418
234 507
709 178
792 632
493 411
196 538
877 934
145 507
55 676
603 356
907 103
994 633
48 962
396 460
824 500
667 500
435 770
937 940
162 70
456 162
287 144
332 180
786 137
549 417
286 540
347 509
500 759
182 501
516 242
245 162
983 849
320 343
445 963
218 635
430 128
279 969
772 836
365 603
990 677
676 742
815 853
135 761
723 238
210 152
602 633
721 599
779 18
782 9
453 187
26 411
995 654
222 74
577 927
577 128
468 79
960 966
750 760
522 684
552 970
700 465
872 906
34 198
932 116
801 959
25 903
57 65
452 225
396 255
829 81
90 677
310 60
719 176
843 383
270 926
289 573
787 740
33 311
464 38
425 738
235 193
1 687
30 979
775 67
620 93
334 287
903 853
245 393
646 89
733 754
583 19
311 688
811 442
637 305
370 702
831 348
368 268
410 175
800 554
858 165
968 438
461 538
82 675
390 752
192 667
684 314
930 904
750 467
498 23
244 256
515 876
221 797
780 65
3 749
4 12
156 916
928 213
901 335
813 15
8 576
455 224
97 651
466 199
878 869
310 542
341 356
675 64
256 660
82 476
867 239
541 952
565 433
729 581
364 658
167 601
194 740
587 237
249 777
770 4
857 244
124 952
727 228
920 144
525 142
779 319
94 89
550 524
524 204
864 64
144 646
243 288
348 629
794 841
169 17
10 339
698 75
691 642
188 293
10 660
380 736
388 153
789 601
165 24
692 839
311 644
246 249
121 804
653 752
273 509
160 508
835 878
736 342
702 725
999 53
991 587
902 304
945 128
922 558
94 68
353 926
634 472
870 507
185 244
888 228
556 995
595 921
453 787
697 502
568 637
670 568
775 5
484 344
112 266
780 738
699 96
790 164
909 66
316 459
504 670
156 597
542 574
734 308
216 645
39 115
986 852
414 597
209 201
561 600
828 618
646 280
50 383
59 439
173 90
244 87
235 586
270 979
520 654
866 595
354 299
236 626
761 219
492 593
669 79
526 740
531 137
738 696
265 595
986 666
403 263
945 663
225 351
807 383
713 384
872 56
846 337
403 606
862 291
765 552
219 66
117 489
866 538
270 84
691 326
570 961
627 443
729 771
830 166
22 482
533 229
389 898
16 587
431 969
637 654
492 179
636 851
298 147
434 707
697 373
575 430
310 302
353 985
925 945
886 473
871 632
481 912
978 882
402 773
49 780
870 727
721 766
794 121
319 122
971 669
540 559
16 467
705 888
13 289
702 851
222 34
447 74
393 92
668 844
302 589
705 214
82 913
815 200
133 517
343 55
751 268
208 422
403 468
802 799
629 585
884 511
307 392
359 349
204 146
913 46
698 326
529 944
377 734
696 998
602 869
285 321
413 803
247 37
547 497
94 226
635 146
826 263
150 423
995 213
291 182
759 494
880 826
247 3
388 292
793 11
809 233
631 418
895 717
977 882
227 401
12 102
349 964
789 140
323 848
675 533
161 605
78 233
948 333
495 827
238 504
345 697
688 660
180 212
958 111
840 78
376 998
430 183
515 45
86 372
517 62
356 964
307 360
508 785
978 878
763 221
521 122
719 991
375 70
385 561
139 972
17 521
714 434
769 503
643 167
67 24
708 68
482 960
825 521
133 360
309 714
376 914
975 313
404 247
829 185
79 696
990 823
128 76
169 621
344 368
202 193
841 536
549 796
301 970
102 972
285 125
902 513
511 35
174 813
422 568
13 913
214 431
216 312
110 283
328 186
776 573
73 343
745 599
829 580
71 629
583 79
585 193
386 306
823 381
685 708
21 504
939 836
668 832
722 380
579 491
102 103
872 67
603 773
103 256
135 177
878 294
706 479
31 931
368 172
834 16
451 369
790 476
552 167
59 899
935 850
22 308
568 945
752 356
60 644
251 979
691 728
102 916
730 612
933 824
747 831
116 371
486 291
99 740
868 361
735 244
990 478
180 421
35 532
416 333
249 340
615 724
408 986
444 271
779 811
737 538
741 428
308 342
649 230
832 318
698 494
516 127
605 650
989 627
878 688
144 646
206 697
841 945
828 100
81 700
876 67
251 380
304 417
301 37
706 443
15 854
65 912
975 546
551 228
334 823
803 284
48 723
148 890
808 318
805 393
537 653
45 802
81 277
584 739
958 72
795 695
257 901
80 426
177 66
332 672
686 690
396 642
666 914
923 26
607 100
275 183
665 235
70 195
121 259
343 907
33 514
229 579
605 524
993 141
697 225
778 623
777 570
72 508
168 676
698 977
472 484
877 893
950 245
859 14
195 839
893 691
696 237
522 289
615 34
678 146
953 706
606 276
79 453
160 736
943 486
827 381
558 556
157 540
104 99
829 76
185 837
654 897
590 454
290 656
136 390
775 415
543 317
656 513
881 92
778 551
339 965
609 986
333 176
757 683
176 426
533 572
326 457
238 957
102 194
155 897
983 278
515 491
11 741
157 544
522 92
369 856
862 615
761 145
916 562
763 160
144 958
428 761
564 435
746 631
10 574
656 14
930 876
435 493
954 381
212 317
673 924
923 114
848 705
540 442
296 951
526 648
954 108
772 682
371 123
745 834
292 905
890 714
245 294
472 230
592 731
729 787
190 766
390 62
197 749
310 318
8 798
757 526
834 886
907 66
201 858
991 499
981 219
407 127
487 544
744 498
38 494
686 482
549 674
766 893
91 391
601 904
987 716
540 588
805 685
39 337
705 588
205 847
121 246
424 313
906 757
338 800
250 190
25 473
810 413
635 739
79 4
612 78
614 198
908 740
623 765
338 179
620 316
971 425
74 138
858 659
216 712
63 480
778 566
236 963
415 577
77 608
890 491
988 380
64 628
43 83
848 378
219 551
791 890
102 713
530 254
30 946
917 133
992 236
599 447
242 642
743 72
931 579
467 42
491 985
313 137
886 385
763 150
178 49
834 992
221 709
511 20
161 655
220 242
117 398
756 196
778 359
545 355
648 776
856 329
734 758
639 512
397 102
233 259
189 614
335 122
228 114
23 376
730 820
36 833
708 216
464 165
453 717
730 297
495 372
822 150
417 261
529 41
309 256
576 793
135 500
95 888
303 809
730 521
199 112
95 941
964 643
288 743
21 246
70 765
135 450
484 480
871 477
831 142
999 576
696 238
370 317
689 227
889 826
493 903
470 692
298 564
637 712
431 903
613 269
674 648
674 741
361 428
587 956
577 298
345 229
344 784
329 595
408 204
231 440
123 659
833 431
591 699
119 803
460 721
222 512
303 646
505 682
659 545
130 705
256 761
861 110
163 748
46 607
131 459
499 508
829 842
322 824
975 49
194 552
124 882
88 558
827 493
550 221
648 263
166 817
113 21
882 440
430 544
491 169
681 741
11 291
549 563
884 503
801 657
171 604
724 426
260 540
150 919
9 749
207 612
917 287
744 606
253 573
507 382
815 154
518 867
996 862
945 726
508 641
870 460
784 231
58 505
484 783
701 236
594 690
496 303
883 799
275 967
519 162
306 706
137 129
397 176
829 134
384 763
202 370
108 139
198 770
467 21
175 623
932 39
889 14
584 610
564 305
878 498
20 268
750 558
724 134
928 553
112 42
311 499
408 716
327 390
781 958
531 921
825 167
504 648
63 234
731 74
595 281
534 585
738 59
667 95
558 287
815 340
780 662
311 22
719 578
847 561
623 749
962 195
459 768
320 778
874 696
210 770
501 738
284 344
775 869
498 784
780 88
246 778
532 583
106 627
511 507
278 639
355 487
353 954
515 366
240 337
765 512
161 157
394 417
160 242
772 555
915 419
56 266
724 617
55 732
83 439
229 946
324 287
987 897
857 637
124 561
509 736
400 260
20 406
56 203
233 43
201 294
639 876
951 292
946 136
89 291
175 435
232 922
468 642
891 574
340 335
361 831
877 108
594 787
441 48
330 187
961 30
475 708
23 958
628 721
520 655
267 347
39 554
61 34
554 689
242 746
491 241
434 802
522 786
375 328
743 130
526 689
492 971
329 490
360 836
168 75
701 689
685 108
246 262
699 405
935 258
587 619
136 82
363 545
416 673
468 262
140 486
466 292
183 449
187 292
219 839
132 363
13 228
800 530
343 898
668 909
26 289
735 522
266 923
721 305
218 680
179 35
699 568
170 397
163 138
318 493
625 839
689 659
307 525
979 513
998 411
846 989
102 633
968 631
339 296
880 457
379 242
209 487
321 73
689 492
559 720
122 244
748 984
95 324
7 876
269 709
408 749
581 607
556 677
942 880
880 239
418 502
415 922
351 64
326 347
89 695
201 791
779 188
123 179
598 250
141 253
225 811
833 546
900 302
132 262
940 552
58 4
728 959
554 897
266 84
995 546
436 815
241 33
541 268
233 380
111 164
319 410
525 55
584 162
568 428
805 323
376 668
216 114
822 342
778 740
54 134
524 864
82 963
158 440
740 578
394 49
175 37
995 389
882 10
794 679
655 852
335 168
734 663
401 328
179 7
452 426
821 617
314 608
116 702
533 791
708 899
514 784
40 112
423 384
191 168
34 43
664 489
414 36
35 965
820 157
237 381
85 969
98 696
83 679
312 364
79 844
436 625
368 393
856 2
41 112
136 17
671 689
327 614
687 869
504 276
260 126
488 248
704 7
765 611
576 179
312 752
890 264
995 346
646 981
510 206
498 256
467 905
761 403
610 600
136 146
225 80
370 385
82 480
354 696
151 384
686 990
10 304
296 673
987 719
122 827
8 189
464 98
775 703
180 867
86 162
182 237
961 10
131 880
194 522
238 811
166 218
356 901
593 463
620 918
944 659
571 602
490 29
783 575
587 17
677 315
341 201
47 860
246 883
681 266
831 406
746 525
211 653
290 699
373 221
750 88
680 552
574 649
861 275
294 752
401 982
875 105
238 262
682 662
671 91
141 160
2 136
669 218
600 380
379 984
896 369
275 205
573 261
211 849
296 942
85 148
974 621
481 151
958 59
360 834
662 771
325 732
931 638
949 636
302 50
83 710
120 30
759 139
760 140
599 128
475 819
673 413
230 351
945 276
454 614
102 599
453 709
142 237
256 103
322 984
625 67
437 356
407 677
881 724
189 376
246 155
352 850
316 437
549 637
840 636
493 857
485 255
24 114
959 101
723 604
479 60
511 970
437 239
308 603
42 727
706 940
682 810
912 652
560 247
112 525
509 41
896 686
861 334
104 165
693 928
102 173
293 276
97 546
359 469
663 278
209 366
329 563
155 649
930 487
425 725
869 369
718 143
370 671
299 731
683 680
854 716
355 526
538 214
100 133
826 151
428 197
25 315
154 44
230 105
922 917
231 83
65 673
853 273
793 995
970 763
6 120
560 146
92 69
273 133
448 805
191 257
653 196
441 993
990 848
332 175
990 357
113 780
181 116
761 614
201 320
648 654
284 608
196 953
190 958
455 805
977 224
420 960
710 828
680 22
802 296
500 304
198 359
458 379
385 268
673 904
704 531
600 20
503 216
475 424
550 970
640 876
865 26
302 597
223 105
775 152
317 105
156 378
438 574
757 369
332 118
641 357
13 569
796 564
2 511
193 983
249 288
624 637
758 21
146 604
412 291
852 289
19 859
586 70
415 510
254 994
875 989
433 815
189 307
233 515
110 417
85 619
445 196
75 183
134 776
814 131
764 727
28 562
517 578
267 148
339 767
665 393
805 82
824 644
792 3
563 665
700 466
443 36
939 653
164 540
566 691
159 446
889 757
678 12
65 664
896 460
508 809
109 981
885 555
891 169
625 48
198 316
780 106
196 157
584 150
440 976
733 477
211 406
265 669
14 229
28 560
753 276
41 14
419 303
605 976
942 645
35 361
148 106
399 730
367 112
604 940
434 907
18 959
797 656
58 539
332 828
788 953
935 132
786 261
627 100
57 41
146 327
534 782
617 327
7 938
955 745
366 659
994 935
237 58
788 235
294 428
67 389
730 362
421 647
756 928
486 335
951 332
299 163
604 294
410 590
660 827
991 431
132 707
815 149
524 502
255 843
45 346
986 755
720 835
740 443
784 3
553 403
661 775
821 755
503 190
436 685
321 281
782 760
629 303
173 723
958 601
299 636
91 24
512 293
378 893
220 697
703 221
37 256
861 550
756 751
543 871
990 458
621 217
662 648
809 183
53 628
18 972
298 750
541 325
912 763
972 208
168 754
213 643
668 260
30 658
501 453
369 61
666 11
557 261
226 299
264 619
409 575
234 687
690 253
274 438
211 9
642 397
25 737
401 69
660 696
127 114
442 830
961 308
783 309
315 52
871 2
688 297
361 57
536 312
725 657
410 490
30 76
565 156
581 278
427 983
265 920
628 807
602 337
446 64
115 692
685 373
105 896
834 163
36 146
841 513
722 354
755 311
929 193
495 392
798 566
145 32
767 841
333 84
412 123
959 158
451 165
15 246
287 738
389 214
748 343
627 378
893 964
389 115
255 517
307 278
355 481
782 17
102 250
259 441
948 800
714 843
519 500
888 989
310 916
573 420
833 588
252 465
538 841
438 850
192 520
302 562
279 890
299 659
625 89
797 405
153 192
67 527
80 316
620 618
38 272
409 720
890 195
963 352
901 601
942 717
771 209
229 776
766 43
33 381
504 574
545 331
285 457
584 350
306 853
748 356
457 796
874 483
953 786
416 921
2 773
615 422
867 477
916 290
45 883
211 843
908 301
632 128
607 697
590 675
560 19
688 360
450 720
462 669
276 451
231 943
231 844
299 606
509 818
489 787
321 634
610 117
764 604
827 846
736 449
660 310
892 798
768 527
80 994
395 221
151 429
527 574
360 216
271 481
805 860
858 32
889 810
3 983
242 100
611 920
916 401
551 364
776 508
438 593
891 103
170 821
667 312
170 279
377 543
285 375
717 257
306 131
7 911
136 597
177 666
886 150
428 709
620 455
227 646
981 612
756 599
529 97
416 684
372 807
820 331
265 965
714 569
690 609
980 250
882 859
782 408
750 208
935 642
449 561
876 339
600 737
13 204
324 473
506 864
132 788
877 731
744 465
262 803
375 83
527 553
854 29
442 893
681 298
891 297
295 436
336 217
589 113
702 172
773 187
8 437
181 480
731 872
259 390
104 109
283 162
937 465
637 762
313 421
125 238
878 355
498 295
341 150
156 56
676 953
507 949
813 373
685 847
454 925
367 355
869 29
855 101
804 831
351 743
86 330
161 648
837 292
809 10
414 746
305 708
363 578
419 673
446 582
384 542
72 780
983 809
878 176
192 503
515 602
307 231
29 348
738 711
385 893
629 428
250 817
485 583
152 287
130 642
102 993
302 490
451 73
200 820
150 146
119 313
108 780
4 704
537 161
890 649
350 651
34 977
745 170
476 251
478 757
459 371
383 703
277 231
919 737
287 773
782 554
784 486
798 607
14 674
705 816
766 384
675 87
21 89
875 732
297 261
466 151
680 578
467 861
224 882
4 98
242 237
259 187
409 95
371 245
115 59
417 210
199 207
365 615
771 788
934 449
242 96
137 741
538 255
619 661
315 199
749 754
295 442
819 242
816 764
176 688
401 24
796 749
264 584
638 636
844 628
461 563
215 380
472 431
654 966
899 390
759 690
564 315
13 140
243 154
748 94
758 37
355 538
365 410
489 923
463 245
856 579
999 458
973 386
921 281
2 764
426 145
351 849
15 556
314 716
66 419
448 760
939 232
814 633
343 370
678 489
389 891
158 665
164 918
722 584
155 925
766 522
446 944
306 319
425 329
785 372
128 829
874 8
971 794
335 859
233 6
646 882
188 223
780 862
850 613
643 774
910 643
775 558
759 997
343 735
729 774
93 697
895 916
677 822
707 381
634 300
510 784
824 265
635 385
530 458
322 211
244 250
388 963
777 580
322 553
533 235
547 114
453 20
895 415
974 501
713 135
703 610
451 286
506 678
775 603
19 225
604 831
242 793
577 456
990 978
683 733
967 827
494 336
36 487
330 154
333 965
106 664
194 213
880 201
934 10
183 308
295 452
589 660
202 268
374 28
693 587
248 605
879 98
402 215
923 201
659 77
557 81
227 942
387 937
173 335
678 543
122 755
760 913
655 956
667 662
575 859
275 426
296 850
37 232
665 830
356 186
344 57
985 748
42 732
35 351
39 999
43 355
767 679
258 901
62 949
896 307
563 735
262 338
547 990
139 766
849 18
518 37
825 656
229 312
19 893
892 747
702 381
692 442
469 166
686 691
921 552
294 542
744 447
212 765
720 878
517 610
490 675
363 393
444 665
61 882
658 355
191 590
822 531
39 268
361 385
171 166
415 45
892 215
312 445
169 719
845 460
684 332
29 242
668 423
783 482
182 118
396 625
132 18
531 287
688 853
10 482
323 548
454 660
643 582
302 677
955 127
497 498
26 963
404 600
987 580
952 794
421 607
417 519
584 153
979 993
280 844
343 288
320 976
830 530
771 681
517 565
174 883
156 525
967 607
177 98
700 931
598 689
751 1
144 71
244 709
310 93
578 32
306 151
998 600
806 738
561 148
547 804
63 671
432 631
930 670
971 788
296 932
936 197
494 667
637 999
295 786
412 554
975 699
833 334
726 378
517 62
770 749
83 995
722 268
279 887
311 481
808 799
668 772
843 654
247 205
564 822
474 114
146 565
623 455
392 405
766 418
508 310
913 850
178 511
3 597
728 241
363 112
142 622
301 650
923 480
268 793
880 679
979 389
588 129
451 785
408 548
409 837
1 902
693 682
610 914
201 542
874 111
859 904
637 413
284 608
234 310
515 914
889 28
667 588
48 442
89 202
542 756
936 211
765 332
68 60
648 739
759 175
885 269
655 567
554 171
770 564
410 77
57 822
373 592
602 473
70 510
332 698
447 936
334 477
564 620
869 271
660 917
785 412
923 764
21 871
241 701
489 126
292 482
924 309
375 607
917 858
890 116
122 619
456 385
571 543
796 426
699 680
579 945
469 724
627 545
162 649
189 891
910 854
795 165
713 830
201 189
148 370
898 31
967 715
723 364
92 363
857 926
503 646
443 402
846 509
133 264
300 695
155 988
773 164
259 566
111 555
806 462
998 613
927 764
474 737
816 931
499 483
729 549
516 661
860 315
418 534
174 934
784 396
570 3
98 404
791 503
58 750
67 308
583 98
93 124
111 641
800 961
986 359
820 144
411 404
132 224
780 693
883 814
45 118
454 112
608 179
843 402
788 163
140 791
190 515
741 179
469 822
484 954
854 556
288 262
196 640
300 840
83 67
483 478
243 600
398 184
956 564
7 134
185 962
934 78
960 644
979 795
372 842
262 432
612 911
40 542
617 359
291 442
231 395
503 186
131 17
855 692
668 529
873 673
225 183
175 281
505 301
87 985
990 359
917 147
984 667
620 342
76 792
458 833
34 727
753 406
126 820
311 779
809 331
351 122
757 988
531 390
733 312
737 996
104 523
566 150
678 113
455 363
124 513
655 851
490 162
227 523
642 732
46 308
388 124
631 205
87 343
265 309
453 669
952 417
703 292
275 94
378 926
243 37
595 741
745 738
924 663
251 902
240 968
742 680
461 319
885 102
626 995
845 381
564 710
198 722
471 234
410 967
917 207
89 688
660 704
141 797
586 253
30 729
296 33
5 305
961 402
655 289
924 443
178 102
291 531
676 806
605 5
985 62
799 524
839 70
339 502
135 873
522 888
969 386
674 547
666 212
739 190
301 412
844 416
281 657
122 379
323 471
296 347
2 164
535 203
818 377
211 464
896 426
573 238
807 639
759 43
630 197
144 302
452 153
803 745
100 151
940 841
514 848
953 351
667 119
370 688
35 774
643 663
721 890
471 186
830 747
273 285
197 302
395 235
149 897
548 338
755 273
548 803
605 813
261 940
872 491
854 107
320 840
725 86
284 538
28 858
679 182
557 389
798 888
977 379
616 138
722 798
309 184
42 658
387 133
450 436
686 552
936 134
306 371
111 711
446 76
110 930
702 768
826 944
193 664
278 372
332 728
555 585
932 479
464 732
765 774
188 153
778 259
569 775
493 401
139 272
227 37
772 214
637 445
46 469
724 808
628 686
604 316
354 371
394 360
563 873
193 140
296 408
979 916
752 761
740 833
320 233
942 175
402 287
705 239
752 367
366 320
852 626
215 164
279 251
407 81
382 470
609 629
445 149
507 227
215 224
296 472
107 409
774 355
820 997
149 497
819 893
443 153
740 578
441 933
551 483
227 456
597 520
413 605
127 94
910 963
164 256
478 894
80 182
80 484
794 686
605 551
283 507
194 12
933 204
337 155
673 664
191 766
963 532
730 917
610 254
133 695
10 82
473 970
492 815
317 79
552 952
452 202
342 632
890 283
424 684
933 520
180 892
124 693
306 909
758 100
705 490
552 466
86 664
308 758
621 244
171 376
2 527
174 238
265 138
179 924
876 454
644 341
949 759
259 691
148 297
809 658
645 512
397 808
964 452
439 527
122 339
505 364
249 371
717 579
486 523
625 543
297 29
405 329
759 694
831 812
882 368
526 292
559 703
673 232
683 429
68 460
971 668
493 883
229 758
934 629
689 3
506 505
439 476
846 183
996 969
849 154
927 712
268 856
246 471
316 116
407 521
637 859
328 399
340 36
281 154
292 305
240 487
495 919
602 274
193 759
837 650
285 886
246 867
735 569
457 849
626 160
262 767
212 843
967 775
571 49
951 964
291 857
895 54
612 666
86 859
350 683
56 913
46 505
700 41
51 903
103 841
773 654
787 358
538 753
376 864
147 622
408 779
74 229
587 605
815 971
541 266
607 963
566 228
482 864
418 950
59 239
103 945
449 813
362 147
444 989
704 229
773 767
193 227
337 906
800 795
811 911
970 715
429 443
726 523
525 203
956 797
897 829
518 556
292 44
475 47
361 266
268 355
787 377
606 323
434 67
758 757
531 159
319 170
278 223
219 73
838 508
355 181
920 833
468 864
890 429
968 25
162 651
789 275
968 630
902 624
843 161
500 569
752 378
611 564
470 740
417 503
805 514
749 372
71 466
307 250
626 516
849 775
560 53
863 5
775 882
691 257
718 365
618 478
792 862
470 356
962 485
509 555
430 151
856 863
849 997
839 192
880 999
607 207
975 963
728 30
617 139
758 730
380 94
612 322
781 878
582 922
593 457
946 60
285 505
356 150
928 568
20 728
718 141
797 855
553 513
986 63
719 281
937 827
476 277
642 765
899 194
186 200
77 847
363 948
268 526
551 73
431 18
75 71
74 392
131 91
204 704
23 54
260 396
191 995
488 545
860 216
294 663
156 136
57 422
403 864
615 626
752 426
173 581
960 759
918 730
863 681
325 23
837 388
668 469
827 561
104 969
900 142
335 741
46 45
126 202
518 565
561 629
539 469
590 452
869 329
103 473
268 535
511 812
615 893
132 55
109 192
674 761
557 805
769 484
623 135
433 956
66 505
96 467
864 593
714 627
594 417
6 594
403 581
372 919
701 632
609 449
223 63
290 705
338 443
734 680
130 620
358 407
53 94
417 140
604 862
824 719
412 115
158 125
205 110
182 111
458 320
947 683
487 178
583 46
855 945
232 528
952 762
174 558
139 366
31 231
881 659
275 944
603 572
164 127
741 642
423 6
430 816
331 607
647 26
274 634
539 295
842 753
737 698
455 907
404 169
910 525
170 865
952 879
200 505
278 80
876 263
133 242
680 577
734 317
566 196
836 90
286 449
484 834
749 221
128 384
993 310
575 841
55 897
309 450
795 999
974 968
488 826
304 518
766 456
128 284
906 712
486 435
455 831
137 954
857 380
368 401
484 772
365 930
715 750
67 56
974 912
835 984
286 337
619 68
30 415
129 922
358 713
725 139
882 848
856 403
508 179
476 667
272 175
334 270
715 737
210 241
428 414
296 316
139 747
314 19
900 505
847 85
661 286
846 83
656 171
645 160
308 825
135 736
353 325
750 973
666 567
363 681
432 776
12 383
383 46
362 372
98 379
918 62
470 898
695 813
473 690
874 314
33 15
946 765
731 845
648 746
311 695
76 334
79 127
368 308
937 608
330 83
540 11
989 235
96 938
229 663
869 749
729 963
65 885
614 812
428 734
691 734
755 516
940 650
804 579
148 472
894 793
748 296
873 709
72 412
993 708
351 979
791 453
298 183
908 612
263 38
355 414
999 430
916 194
725 652
796 695
985 78
838 586
297 265
449 955
965 48
266 595
755 839
485 222
643 915
424 810
964 509
232 479
203 732
570 384
314 513
244 569
451 196
125 389
75 658
834 311
673 565
900 203
637 398
58 2
251 531
570 973
674 375
245 434
314 753
695 218
103 396
421 220
644 329
107 525
888 4
44 66
33 711
58 191
300 17
667 767
324 438
201 818
295 722
270 992
441 170
338 95
784 65
344 321
641 188
851 348
214 125
885 519
970 336
282 688
273 366
243 891
623 155
189 77
365 487
285 683
43 581
267 216
970 815
12 413
862 973
86 882
395 104
244 68
211 649
64 355
777 444
776 637
574 981
890 299
316 863
567 421
375 75
878 797
121 272
493 527
975 23
698 452
472 58
934 305
804 212
378 474
480 816
585 610
567 769
360 981
197 965
334 239
235 697
360 974
547 345
249 367
998 123
106 124
707 131
102 731
224 684
237 685
524 143
887 969
30 285
832 586
969 631
247 751
73 456
906 303
505 199
249 182
186 703
914 464
679 673
452 137
515 42
279 828
5 834
13 947
687 900
955 808
896 679
599 84
627 830
704 852
370 329
235 75
501 94
400 978
533 535
263 233
835 832
712 589
456 556
673 665
391 384
620 330
898 18
536 942
688 429
443 157
411 618
913 951
999 821
31 943
702 319
258 182
735 406
913 153
335 733
869 256
243 661
476 710
585 111
565 756
132 208
686 855
285 149
30 220
385 894
223 934
925 367
884 410
315 306
55 318
64 728
581 467
227 178
535 362
610 460
491 657
958 329
633 397
172 57
476 689
910 74
910 186
297 834
610 714
282 71
795 962
119 274
366 258
363 909
953 429
668 741
725 691
948 450
596 851
642 779
621 928
279 655
59 117
320 702
213 316
445 175
273 883
319 764
377 155
776 200
437 80
815 894
557 22
902 511
447 53
537 115
253 409
740 99
928 349
739 858
714 366
539 412
878 308
590 41
913 279
160 537
336 168
163 935
467 871
78 710
463 643
943 272
945 533
786 282
281 892
62 538
561 901
360 468
220 214
16 166
79 415
487 45
911 163
666 873
974 700
798 295
913 549
479 563
298 606
116 349
635 878
599 891
595 499
952 333
205 686
422 367
994 266
236 780
749 94
386 278
228 922
276 209
527 170
623 571
416 528
699 446
997 559
742 995
714 766
143 198
512 269
298 563
187 622
913 601
608 840
460 744
716 66
280 898
503 614
972 604
863 318
11 973
8 632
174 803
307 728
80 470
56 659
925 304
890 962
63 288
78 889
281 574
700 253
833 847
11 879
200 374
497 510
655 852
709 263
609 325
820 169
255 138
684 134
836 954
447 130
584 329
234 42
588 574
844 474
224 402
131 191
544 760
491 269
505 970
205 841
229 492
232 538
483 93
528 211
361 492
325 668
388 877
928 910
398 609
498 370
432 293
397 496
475 429
423 84
85 792
493 155
666 781
560 369
131 447
740 550
823 828
291 125
769 386
506 291
779 634
311 53
789 896
966 400
443 718
517 294
833 999
396 136
613 63
609 889
139 799
116 674
989 663
245 207
225 222
940 901
686 645
638 490
629 433
575 497
336 775
467 752
540 592
71 244
328 652
771 317
726 431
562 399
408 768
970 795
686 10
551 614
537 873
991 861
948 624
607 442
241 576
653 918
825 235
845 792
839 946
839 521
850 386
897 620
865 225
68 280
936 733
293 552
19 575
28 915
308 529
424 860
508 777
598 288
328 39
825 439
118 777
726 610
416 127
781 343
438 349
934 650
598 129
395 665
618 534
495 257
590 62
65 739
509 626
412 293
985 87
605 629
577 782
899 16
948 135
479 10
98 883
676 357
874 260
148 698
463 709
290 857
345 439
872 881
354 768
711 471
974 11
288 426
951 340
63 327
493 762
2 355
899 758
385 832
369 259
611 472
477 198
627 67
317 502
641 841
253 845
61 113
768 321
920 303
785 875
818 67
435 887
561 56
921 56
975 28
977 224
514 877
574 617
884 454
253 433
227 103
291 996
600 527
614 775
356 911
748 122
493 579
287 102
225 316
125 194
843 112
537 124
820 176
168 532
400 518
987 273
202 994
136 705
934 127
537 722
747 24
819 846
768 283
970 980
230 272
885 212
818 46
895 575
475 93
90 723
181 106
577 964
807 21
277 379
451 819
469 722
219 597
31 338
125 203
402 290
231 722
430 98
396 29
141 167
3 822
872 329
740 34
326 446
756 159
443 31
214 554
17 416
836 318
284 189
817 116
346 468
314 674
559 125
427 490
339 976
378 370
233 820
559 833
610 585
720 72
878 338
864 730
874 289
426 312
689 771
727 701
821 382
978 791
779 113
200 58
940 836
936 583
114 143
133 737
595 333
934 202
437 942
621 419
308 428
894 713
591 390
768 568
355 913
943 546
527 371
10 292
204 42
71 24
180 398
897 215
575 506
389 438
55 44
43 564
867 993
770 66
918 282
405 816
286 539
127 593
733 290
987 623
7 831
681 389
678 412
37 930
731 330
746 589
302 445
566 74
197 721
80 430
435 342
9 219
703 387
980 788
47 878
459 234
876 50
277 63
298 73
610 814
338 126
740 978
889 546
261 774
912 896
979 632
645 753
533 253
371 762
634 634
511 525
85 72
423 143
852 371
218 449
600 165
940 74
219 80
94 688
45 221
309 4
991 642
103 915
479 11
963 470
279 858
26 343
46 195
999 325
930 101
929 176
825 469
383 483
159 461
853 563
546 841
130 940
822 551
874 7
212 804
113 167
770 433
497 731
899 420
398 501
235 489
508 509
608 714
625 82
862 758
652 959
221 47
926 777
369 296
102 745
855 309
291 989
410 350
813 193
590 398
35 513
518 522
411 299
670 914
184 608
810 728
985 135
820 15
458 932
121 454
263 157
921 584
122 291
977 305
828 206
772 3
867 905
59 546
541 175
481 654
105 608
497 493
735 660
861 166
982 159
484 299
559 544
639 431
30 721
567 848
468 966
987 729
678 151
871 490
368 55
250 602
581 74
909 674
508 802
491 728
685 369
768 970
24 284
85 61
576 766
574 422
200 611
247 560
578 679
899 964
33 385
507 104
716 668
94 504
359 221
138 421
891 854
442 924
653 286
493 171
48 939
601 447
599 638
940 736
760 908
137 981
600 688
549 437
743 933
615 631
761 532
221 975
106 832
107 410
383 590
536 765
199 522
214 983
980 792
299 458
315 93
365 366
998 69
190 81
154 186
257 837
689 24
177 407
503 954
637 765
489 113
854 599
359 454
567 409
358 362
886 788
530 725
466 877
257 137
75 675
4 490
67 906
176 983
444 631
548 67
381 496
832 498
641 610
271 383
572 452
454 129
288 216
543 52
938 604
489 518
506 79
152 224
294 446
974 739
331 695
3 500
157 454
623 912
625 351
258 730
348 151
563 198
451 91
422 340
617 299
314 502
766 999
193 831
541 483
726 332
732 949
646 301
113 593
499 822
931 170
857 670
729 440
49 25
437 299
122 483
356 825
289 309
484 922
398 846
666 365
159 851
169 601
50 411
24 910
705 471
225 595
931 447
76 75
550 510
625 759
140 834
138 868
403 278
55 444
609 586
441 446
940 879
169 740
950 905
985 654
359 581
315 977
855 427
286 648
706 480
197 18
915 907
175 112
660 158
559 230
352 896
767 625
596 384
401 347
790 121
930 928
269 783
578 597
31 981
448 851
209 459
936 694
38 624
533 171
656 967
601 10
552 496
998 307
758 275
639 3
123 513
576 925
717 38
280 298
318 422
98 556
895 769
600 731
722 403
607 203
876 959
920 601
699 766
882 827
791 389
279 234
126 872
600 3
329 755
949 538
800 367
427 105
837 13
6 313
192 403
176 946
196 263
641 979
144 832
422 939
351 116
602 809
557 110
602 133
987 106
47 82
580 88
748 745
58 62
455 284
774 640
298 907
931 725
875 989
692 560
141 551
896 17
780 803
511 210
437 573
195 51
47 508
265 776
476 994
288 654
696 339
457 962
107 930
665 235
729 243
965 896
938 190
697 282
865 727
538 756
4 224
510 297
684 161
940 79
704 230
72 95
697 90
655 946
358 337
567 205
40 937
764 762
486 646
964 761
472 228
528 692
646 935
484 431
577 402
773 607
185 912
564 295
99 214
263 15
857 160
533 483
530 990
91 40
532 850
355 914
129 494
597 468
928 78
290 692
118 955
84 903
378 422
706 223
842 315
627 889
270 448
238 169
351 138
19 186
539 268
393 865
429 692
371 199
556 838
270 260
209 106
119 828
779 519
88 873
562 486
856 671
679 183
509 790
127 534
156 245
519 81
105 636
113 191
538 31
500 104
151 271
672 259
751 816
144 61
291 700
540 996
582 656
816 284
705 395
211 243
484 523
102 288
161 402
425 94
852 577
352 656
139 421
309 583
955 168
736 763
872 439
581 231
321 410
448 755
850 160
850 226
856 995
230 950
829 739
602 448
247 36
242 95
721 561
18 358
753 150
800 8
523 187
597 814
43 12
659 618
295 913
914 211
48 15
612 446
693 460
831 282
539 539
344 726
974 765
25 837
792 399
609 773
847 41
70 164
318 928
237 144
609 881
427 611
826 385
521 512
497 484
267 954
486 744
274 862
680 847
951 342
347 75
39 261
239 593
281 37
756 80
713 565
228 949
939 623
841 960
287 791
176 389
367 644
601 770
491 368
142 869
154 277
24 318
716 718
266 115
506 668
629 25
645 222
633 717
595 844
858 127
813 61
554 155
591 617
209 748
280 395
918 508
999 649
112 111
353 258
122 759
338 532
934 160
794 172
814 511
845 607
499 679
740 685
666 782
765 605
103 387
160 515
812 197
645 830
375 743
761 468
216 665
510 82
157 838
341 667
597 496
475 57
449 234
504 114
952 747
818 693
127 572
303 441
750 197
223 553
14 9
933 176
996 457
596 12
63 30
775 404
195 951
486 405
344 418
450 28
1 877
565 617
277 564
999 692
367 139
565 391
884 822
503 812
256 509
103 460
779 514
724 762
210 977
69 100
145 887
186 541
762 193
462 236
379 958
739 267
390 165
895 341
862 802
216 947
583 655
314 863
108 648
168 536
618 301
34 242
761 501
268 74
611 484
367 405
996 46
534 156
681 483
132 189
448 485
119 784
626 835
441 390
543 345
279 56
375 820
599 430
201 941
893 730
816 821
512 547
272 182
917 697
703 442
309 817
995 733
490 542
960 397
224 58
299 682
110 855
530 601
800 465
125 196
846 134
253 368
573 783
414 247
754 814
565 1
538 699
425 694
421 936
795 331
238 613
195 475
59 116
673 330
589 418
622 881
611 942
969 183
831 994
904 819
440 664
646 557
640 969
43 382
232 138
660 489
796 874
757 255
397 562
886 94
602 813
608 515
57 721
196 953
303 172
486 758
133 406
245 205
434 981
789 836
510 791
30 389
287 987
48 807
823 300
350 230
129 358
960 616
526 455
10 869
255 911
319 842
79 903
381 361
207 814
180 980
89 613
725 361
93 740
610 987
541 103
530 444
272 960
222 27
381 599
274 984
276 968
125 40
876 70
416 569
959 756
272 102
486 210
146 749
672 622
592 853
420 503
859 597
119 987
905 577
674 822
240 562
843 355
282 143
524 103
5 356
794 844
30 970
703 411
367 384
699 84
127 338
816 996
69 865
622 209
4 390
441 126
427 6
508 942
869 559
107 506
532 743
831 441
226 743
975 852
402 307
299 304
845 949
597 956
741 17
90 887
650 665
257 94
675 589
813 101
837 173
362 308
197 329
376 6
999 78
697 697
320 807
927 350
623 613
467 139
547 56
552 599
913 121
890 45
915 924
64 705
857 71
767 446
705 915
328 996
469 345
450 318
511 518
675 259
629 456
517 64
36 286
40 465
527 905
236 660
970 147
634 401
100 797
625 438
734 579
737 851
535 252
113 410
976 418
435 444
820 313
833 589
389 545
985 552
915 409
166 190
285 836
595 957
851 617
909 743
524 464
485 265
858 692
943 738
898 549
741 579
298 146
220 415
515 985
183 67
535 924
773 750
726 768
687 146
338 463
175 180
10 295
252 768
343 679
969 239
775 914
822 431
967 797
929 497
556 446
130 213
358 897
498 702
628 307
656 208
356 994
185 555
859 257
317 1
146 236
405 207
579 694
855 262
327 824
502 644
27 394
763 27
204 392
372 660
58 15
357 634
924 331
251 772
959 261
774 436
569 149
870 428
737 862
946 269
22 543
976 939
807 775
541 342
213 448
99 603
591 601
190 472
852 287
7 217
945 590
726 452
268 244
139 396
932 244
107 860
694 733
393 735
954 131
141 41
576 256
205 667
70 679
779 827
29 896
813 572
272 878
299 305
169 428
641 408
89 716
903 502
297 116
152 130
481 821
985 693
554 300
640 219
249 522
359 143
605 241
115 808
986 805
460 876
242 266
144 105
833 103
627 537
893 56
414 238
921 730
433 719
305 989
920 723
684 550
772 598
391 630
148 293
30 156
357 993
733 533
959 604
646 147
552 840
298 820
594 341
680 403
13 715
607 942
115 192
971 452
685 654
19 143
652 136
9 299
401 730
104 35
271 164
651 802
360 501
403 549
171 122
648 179
44 532
849 614
678 54
5 519
639 631
10 670
279 781
912 865
509 910
640 385
735 364
902 959
339 543
847 376
246 684
5 407
34 843
294 144
601 990
241 682
18 268
496 199
875 660
934 337
904 422
126 498
471 552
808 936
611 69
145 495
95 561
548 464
181 985
324 688
223 416
44 938
248 803
934 938
781 344
125 603
929 86
54 387
162 252
610 595
428 112
140 744
773 608
560 667
655 959
739 234
937 625
78 112
921 946
791 899
572 843
608 677
319 764
148 43
880 746
667 316
443 858
571 302
269 293
532 98
950 601
189 555
391 955
4 102
393 747
853 617
179 76
442 2
870 240
166 403
132 909
178 626
364 890
715 897
524 357
752 716
953 626
386 625
215 881
627 918
244 404
967 256
640 393
77 108
303 875
336 750
367 660
227 123
120 874
482 970
90 958
94 98
221 283
616 213
507 668
140 153
752 391
257 99
881 8
767 15
822 415
274 318
700 776
552 788
501 825
570 951
487 651
324 969
431 744
494 745
333 822
747 246
725 487
834 889
649 704
534 79
761 750
137 480
368 992
759 738
596 43
430 486
525 295
433 380
804 415
452 796
267 610
94 629
447 198
909 434
181 433
549 145
706 926
505 795
782 667
345 939
310 780
67 626
391 2
603 369
466 373
846 139
679 219
46 861
689 288
350 863
787 113
95 421
166 693
260 541
907 330
976 419
732 559
925 632
674 83
859 161
327 908
688 974
826 680
245 751
858 139
739 484
780 944
769 174
340 438
811 799
532 748
128 809
638 286
590 96
463 212
969 217
132 753
156 723
904 698
649 787
46 226
18 687
703 714
380 723
433 560
330 890
70 908
653 672
48 941
575 919
460 544
118 663
668 276
399 336
559 575
418 404
312 192
694 980
895 176
340 394
533 401
479 96
506 622
554 860
483 202
245 463
608 44
202 686
130 781
919 464
39 960
297 919
500 874
453 767
403 765
268 615
714 185
364 292
362 417
161 280
18 902
443 172
680 844
169 874
465 924
59 285
441 203
106 993
387 265
970 340
755 518
317 496
214 113
16 839
66 729
709 160
59 137
526 522
850 476
546 425
499 361
815 146
172 753
722 983
811 450
220 22
70 617
908 662
258 429
550 200
860 614
766 49
298 95
791 294
290 421
635 525
447 404
793 420
775 260
279 841
969 709
143 934
599 856
694 954
175 863
993 752
239 138
994 138
365 723
637 537
516 350
428 283
716 359
300 908
694 528
441 85
885 140
385 439
674 670
796 950
343 715
569 261
976 805
890 557
450 945
906 326
731 897
56 690
346 73
523 827
334 344
431 774
325 494
330 649
597 651
138 268
783 582
93 468
774 988
521 819
827 847
15 765
692 267
151 283
494 606
210 508
69 921
184 961
791 123
957 78
112 436
329 659
598 882
335 280
55 874
651 56
878 400
428 950
534 336
888 58
91 798
690 464
160 936
98 887
248 664
354 681
283 644
769 694
898 266
863 303
152 642
748 636
338 959
950 670
995 352
850 464
563 909
796 259
331 371
974 241
532 530
829 876
42 225
711 226
943 770
895 150
176 550
16 171
314 851
918 937
770 320
946 916
948 129
445 232
751 263
518 621
654 820
826 941
