7000 3000
135 198
29 49
998 593
794 748
770 223
792 434
978 767
340 182
321 463
577 373
956 378
598 76
947 534
741 134
690 556
770 757
687 46
234 839
591 575
60 285
151 484
134 613
597 678
957 440
535 889
807 618
658 743
347 47
627 938
264 195
902 797
403 198
989 729
664 906
192 689
296 844
876 897
409 415
911 491
939 571
777 90
306 640
730 528
727 20
770 681
981 640
971 422
669 201
725 798
222 10
708 87
946 170
88 551
909 314
825 770
356 344
113 314
154 443
727 318
614 786
711 27
77 290
610 420
245 511
496 402
82 481
688 169
1 410
463 549
629 556
79 105
884 881
274 887
296 656
105 500
657 744
476 392
170 550
86 86
519 144
676 632
198 374
810 725
358 502
335 762
480 999
512 102
969 611
555 618
361 673
610 402
398 215
645 902
366 322
812 367
379 741
608 960
316 390
88 745
750 864
149 179
683 549
914 230
335 669
450 450
235 655
346 232
68 664
486 295
395 30
140 852
815 365
851 560
48 728
42 632
130 590
392 91
615 109
633 317
24 13
780 551
943 979
211 96
14 921
462 546
501 638
908 636
997 776
754 199
321 29
271 869
131 715
407 461
726 408
730 348
318 236
539 733
532 753
944 538
430 293
521 865
10 349
892 55
597 537
415 783
648 712
582 734
226 726
391 851
338 192
265 38
459 399
20 578
792 235
781 192
525 730
647 816
296 874
679 925
760 606
188 818
526 473
16 363
3 143
704 381
72 108
889 911
84 363
439 33
437 568
823 665
144 875
605 125
421 404
233 622
381 7
848 501
298 535
22 40
751 38
587 14
74 960
900 874
971 882
121 441
460 913
528 256
15 534
333 315
880 39
125 183
944 265
563 631
789 11
301 867
726 422
889 755
738 111
165 734
381 889
398 962
299 273
254 507
707 677
285 772
827 254
46 434
245 718
946 784
283 657
482 179
845 478
975 378
765 310
28 140
164 924
369 944
493 628
748 348
217 13
223 882
389 708
966 504
906 242
566 28
151 572
293 346
525 111
257 669
239 434
436 742
365 253
549 648
626 552
609 18
228 548
168 342
458 122
231 184
698 438
362 775
112 632
639 833
732 265
670 23
563 420
960 412
340 682
218 732
735 115
300 437
977 551
249 195
124 774
327 569
627 356
696 791
946 996
905 735
393 912
961 277
165 504
575 180
977 897
415 63
329 763
690 405
602 607
13 97
374 852
710 199
308 724
532 599
601 383
905 82
474 215
867 836
465 548
227 677
519 446
984 2
629 484
47 130
884 187
34 221
317 82
742 943
51 815
319 152
209 822
3 285
545 559
477 625
136 857
28 620
785 674
233 260
644 841
246 850
908 403
646 643
714 455
11 445
307 394
550 476
219 735
156 129
564 493
833 820
13 373
87 307
185 587
975 528
851 459
925 884
100 120
134 185
216 170
356 96
773 837
978 303
177 908
416 718
86 438
42 699
677 618
219 260
604 556
620 451
102 577
574 719
552 93
350 998
450 470
598 545
452 912
963 739
754 200
469 861
24 780
543 123
589 393
392 312
606 258
889 740
414 304
678 341
112 359
175 698
939 947
101 892
658 77
450 116
133 124
770 799
668 889
388 27
355 156
73 949
235 2
622 798
605 561
292 511
317 641
905 627
898 400
673 463
758 678
505 58
261 194
876 347
603 996
147 356
642 955
510 888
382 217
815 550
542 246
465 283
102 246
189 336
527 716
160 576
74 148
971 692
391 834
459 923
176 165
682 173
815 887
233 148
565 956
759 85
74 743
259 205
325 908
591 107
457 700
852 277
477 955
195 873
516 251
484 165
673 559
684 340
513 973
524 167
373 117
142 964
302 15
316 469
951 853
826 232
121 649
258 238
71 105
215 355
289 208
610 406
236 921
80 573
714 462
461 214
802 937
773 5
644 614
83 491
132 429
475 747
884 8
956 925
100 164
76 225
729 825
940 127
777 71
264 359
103 189
201 359
376 124
631 3
706 288
273 247
291 841
701 575
146 774
907 387
689 906
999 562
410 865
814 615
996 804
670 981
441 123
287 842
640 826
631 16
174 729
504 241
151 477
210 406
212 941
362 471
998 676
8 5
251 860
856 596
581 781
980 8
227 641
26 645
606 824
856 504
250 785
434 136
783 558
366 829
977 462
954 895
149 622
59 734
874 747
947 842
114 756
261 905
791 762
517 678
254 574
240 623
914 512
319 305
105 37
569 496
736 241
224 475
325 993
600 950
412 488
635 254
228 571
636 603
952 25
316 817
223 458
644 678
874 655
450 884
77 140
730 113
675 323
676 573
540 60
177 67
774 9
373 39
27 458
919 885
749 929
662 571
798 70
931 988
949 314
732 549
714 213
847 951
717 7
748 420
292 263
846 365
70 626
658 952
693 430
256 811
52 183
902 374
206 298
474 46
800 238
470 674
663 281
505 276
762 52
307 752
652 439
281 553
482 481
505 127
876 693
825 808
138 196
488 196
594 222
277 839
189 368
729 299
519 680
783 909
720 294
886 717
681 223
561 245
27 580
751 212
542 679
603 155
522 230
133 956
472 752
740 829
133 841
782 65
985 442
731 934
585 507
109 463
522 211
337 582
636 151
860 418
436 722
321 322
404 4
814 669
936 169
982 779
81 327
717 374
275 855
850 947
553 126
34 887
361 228
958 139
275 701
753 867
535 965
133 523
210 712
188 532
104 684
216 573
201 321
259 738
269 172
381 787
918 138
671 638
406 117
690 162
337 192
561 737
774 445
400 485
558 22
905 74
117 44
191 703
529 667
570 592
323 143
712 647
856 284
532 415
129 118
967 171
631 62
90 569
228 402
472 772
729 283
428 961
158 923
48 41
304 516
682 324
366 286
942 137
272 252
882 275
548 597
998 280
351 485
352 611
73 964
757 205
741 367
171 223
662 515
387 306
649 652
922 257
460 902
343 811
303 618
732 329
987 199
92 15
477 737
211 694
42 83
909 193
99 418
252 204
143 14
338 841
922 576
752 769
557 886
459 651
309 809
354 895
611 664
754 789
833 201
538 368
702 938
345 291
630 429
258 639
538 767
206 302
578 243
12 70
138 425
859 561
746 359
539 951
244 785
827 925
973 776
137 178
39 421
912 753
866 465
823 139
878 997
676 882
967 509
732 789
458 53
515 117
906 626
414 997
733 385
377 410
719 423
559 511
743 520
928 195
996 99
681 659
771 50
345 357
707 123
250 91
525 869
725 588
946 705
715 682
223 340
162 25
930 158
885 712
625 724
813 132
249 602
776 48
101 80
765 701
241 202
84 521
838 239
868 107
587 746
31 834
58 35
68 888
67 473
555 234
65 497
231 600
336 724
192 938
78 334
125 349
520 592
57 142
44 791
740 627
145 355
629 896
797 368
499 135
803 726
894 937
195 399
526 745
965 618
749 922
203 572
923 572
362 886
299 136
789 548
278 17
880 496
525 586
862 286
207 254
311 869
67 883
290 316
706 296
445 300
762 634
249 207
21 321
87 708
402 470
701 755
541 937
165 555
432 564
921 415
205 245
130 7
685 110
538 713
223 221
831 272
132 855
354 412
116 805
582 312
943 738
396 989
510 800
624 313
794 526
567 320
563 702
402 529
884 298
811 935
25 677
698 889
848 263
478 164
663 94
767 625
147 266
823 888
976 613
406 455
119 441
789 746
452 733
245 389
301 364
117 324
939 107
25 604
280 962
653 984
345 356
728 336
715 363
829 750
311 464
200 345
54 833
512 646
313 269
27 167
140 488
765 783
514 73
252 65
600 513
933 610
790 169
808 501
530 888
495 382
611 642
585 62
509 781
62 678
897 464
458 112
576 497
654 959
351 901
83 616
661 591
532 645
215 793
793 990
307 614
296 638
144 559
908 542
346 668
314 80
760 594
688 137
736 324
800 184
870 888
979 943
425 682
445 986
151 388
928 83
984 376
317 100
395 113
135 412
667 897
845 88
839 946
11 514
91 130
271 130
213 544
488 569
287 987
660 146
885 583
709 758
546 866
247 964
255 220
854 269
402 672
839 938
783 12
835 932
756 236
397 769
505 682
197 807
740 390
223 282
749 978
977 475
278 43
978 462
14 791
430 784
533 168
54 268
600 646
352 994
670 966
133 329
545 556
430 162
964 728
372 234
753 948
482 234
437 392
226 189
739 471
571 489
51 604
552 579
446 469
380 991
771 672
959 559
826 284
787 921
120 23
173 759
77 582
570 464
736 548
273 113
343 98
887 608
126 138
608 529
76 469
376 864
432 197
61 12
427 363
249 429
845 191
235 801
786 107
568 226
893 496
639 731
559 641
301 733
166 989
397 795
340 521
350 897
57 163
459 146
617 890
415 479
388 189
165 635
945 851
57 123
500 699
50 846
429 956
79 985
244 991
819 338
302 945
414 588
440 724
439 877
373 225
770 811
576 198
30 156
67 173
356 975
493 4
827 7
540 606
758 120
761 572
808 184
544 147
794 890
265 777
816 832
193 12
913 749
732 559
13 525
177 318
434 890
234 214
744 183
54 634
308 114
499 803
37 477
230 329
154 688
554 882
183 572
635 951
506 72
636 889
544 64
299 709
793 83
828 594
24 120
806 729
814 25
353 220
432 423
756 279
391 328
930 43
524 772
707 407
611 933
285 127
490 84
905 663
277 443
203 946
296 41
411 550
918 516
754 919
769 794
441 17
535 986
500 376
227 986
933 235
575 665
526 244
883 978
610 420
301 984
971 226
321 456
528 913
261 327
574 619
654 230
899 386
16 752
131 789
911 36
847 603
657 508
196 818
754 678
956 903
944 983
570 928
466 618
788 506
312 882
42 366
554 163
84 351
605 103
472 254
218 920
104 123
917 77
387 112
601 24
332 643
47 956
22 437
792 38
576 334
9 805
918 428
828 193
513 536
677 750
96 127
425 635
543 275
520 554
156 685
975 621
113 347
727 95
78 505
759 238
17 889
344 683
107 617
162 219
870 627
765 392
931 229
840 885
957 398
640 246
956 884
612 185
676 946
380 320
709 147
490 30
105 374
865 989
517 971
265 606
81 190
686 516
69 230
923 102
295 179
928 751
318 52
301 31
791 223
179 940
943 334
147 387
403 607
721 182
590 444
255 767
534 136
731 348
863 880
481 409
351 932
569 872
197 306
455 791
365 471
760 398
476 854
773 888
683 489
782 641
525 874
266 635
71 436
718 41
162 305
790 794
301 564
442 430
12 454
238 222
391 764
383 292
590 327
938 557
379 213
164 63
589 475
510 645
44 570
408 203
23 748
126 334
19 992
779 20
885 869
432 715
427 607
388 218
670 330
328 950
334 326
847 606
976 654
352 538
667 779
383 37
474 462
577 419
509 922
161 443
212 849
429 948
664 931
32 560
170 999
983 737
718 30
629 246
291 656
812 65
956 559
987 283
757 394
804 211
666 198
61 390
237 72
336 545
230 303
887 375
784 959
423 309
988 856
276 931
103 67
630 746
289 136
631 224
420 136
485 562
242 366
952 465
935 660
718 482
662 469
391 701
106 661
287 465
342 123
993 482
438 779
90 183
650 411
750 830
68 441
124 981
742 120
746 302
19 419
864 704
642 919
550 697
949 448
191 677
291 615
910 881
784 52
537 345
179 857
326 997
52 287
115 824
280 729
380 171
790 808
362 95
478 151
251 112
947 180
339 214
559 261
559 291
928 151
128 108
591 435
773 655
68 848
252 475
503 403
671 7
638 658
380 622
340 854
119 854
958 256
950 957
218 774
315 444
261 317
192 758
611 530
130 215
242 206
801 965
774 719
673 436
507 337
542 844
517 389
281 340
491 888
465 143
673 189
336 233
937 434
996 842
891 634
379 446
828 13
685 460
835 600
394 369
272 137
299 672
104 17
539 932
483 148
922 64
28 322
97 69
215 760
758 640
275 849
667 353
989 507
155 566
816 180
750 403
534 757
272 813
13 328
538 202
827 935
207 300
173 769
687 534
199 878
622 942
552 444
468 60
606 157
616 44
235 452
682 726
230 395
841 962
539 305
483 639
634 356
450 735
976 561
580 986
593 90
549 210
578 382
57 609
391 923
382 449
768 127
771 824
509 431
592 369
349 288
419 445
530 290
458 49
67 255
473 320
759 361
575 724
706 198
560 208
996 252
798 987
499 900
758 294
885 816
550 729
623 704
974 408
679 503
29 584
580 822
464 754
809 963
720 905
777 913
634 608
684 553
783 639
637 354
963 645
180 75
698 455
162 259
186 687
836 318
668 349
376 641
856 97
15 581
554 217
915 223
474 273
390 576
708 635
863 99
904 578
936 855
954 846
790 745
744 653
883 496
75 4
342 829
635 474
991 832
693 774
701 506
679 150
404 825
105 307
18 221
840 76
823 377
32 243
191 726
736 291
166 403
277 431
966 788
21 134
176 759
172 813
359 18
972 215
482 778
676 163
261 792
275 621
64 21
342 918
749 475
389 65
676 21
229 488
649 347
880 806
78 333
92 808
885 449
444 275
612 510
968 751
366 344
918 617
362 594
153 552
894 277
957 706
727 87
62 513
791 780
780 489
166 723
647 97
973 714
248 37
17 841
332 201
176 885
235 477
435 400
350 765
415 302
825 622
166 762
459 943
177 906
848 583
879 126
281 767
470 776
602 788
114 597
726 530
480 85
874 428
431 971
779 70
30 799
237 704
280 592
76 297
930 936
226 709
145 734
387 718
656 427
961 476
488 545
652 32
472 189
463 580
261 383
495 251
628 686
469 943
28 395
629 227
468 312
892 736
446 365
251 1
479 733
715 455
98 160
62 799
98 789
993 972
577 173
555 452
28 984
119 393
909 666
54 467
218 123
207 212
372 950
242 788
184 735
178 192
752 217
605 145
650 442
974 902
124 887
41 57
252 622
99 539
701 602
647 571
739 625
784 681
245 865
654 339
675 838
665 18
359 122
945 786
707 270
163 601
836 232
407 860
150 864
47 713
2 199
153 276
73 50
742 513
747 438
313 434
110 290
641 995
108 728
949 648
461 983
570 45
326 349
800 159
435 145
620 980
904 975
259 461
858 389
851 375
954 823
348 166
983 929
197 899
333 644
247 709
614 646
212 313
439 219
113 639
151 596
465 97
709 696
227 853
772 967
754 951
468 239
910 296
152 703
26 344
720 220
150 572
530 807
367 820
337 998
346 232
609 64
831 611
852 249
334 415
697 373
392 686
58 817
484 437
410 84
743 878
856 251
420 537
759 678
59 263
585 857
393 514
426 241
468 941
586 753
500 521
677 86
831 342
329 752
558 923
245 254
675 466
918 530
19 58
422 351
957 200
851 169
786 892
39 543
922 136
976 291
294 724
450 642
551 57
775 558
831 749
477 415
387 44
436 964
515 545
409 475
703 51
622 307
244 315
414 171
460 132
41 795
499 564
680 599
363 711
814 342
269 870
978 249
626 826
96 280
53 387
518 191
169 25
462 53
42 610
795 955
430 357
470 165
613 500
336 394
375 516
63 127
291 972
157 831
260 970
638 235
17 804
13 621
859 133
42 939
667 67
904 988
537 974
164 459
98 787
361 879
687 365
350 274
906 27
876 503
615 749
23 854
815 891
454 944
384 328
719 175
844 397
154 958
633 450
420 437
35 548
37 641
359 89
306 34
753 125
808 209
578 699
248 798
828 227
59 853
710 43
833 693
260 633
976 285
873 717
289 414
622 572
568 714
458 361
28 901
743 514
181 452
573 677
784 275
645 193
296 104
258 103
274 416
811 589
407 498
565 806
142 53
530 745
155 72
953 599
664 532
903 804
668 564
441 674
35 590
806 748
127 700
366 824
841 279
19 439
940 383
316 356
594 974
354 520
229 508
457 504
99 148
872 329
846 132
967 597
499 967
502 797
11 991
701 323
923 949
529 290
76 432
523 969
271 894
299 437
827 73
762 251
559 882
12 382
613 596
676 305
924 294
476 412
270 928
530 525
813 75
219 550
281 868
498 366
752 880
165 242
369 794
362 430
851 965
656 199
384 291
630 401
342 254
926 334
236 713
943 687
796 161
49 812
794 339
228 720
995 519
219 872
593 418
723 184
519 918
478 465
456 695
974 650
898 433
157 289
503 746
310 109
204 926
37 546
152 334
403 855
428 524
315 635
584 751
909 125
271 608
417 792
135 130
348 924
168 778
239 84
883 270
397 773
994 466
688 249
127 439
183 75
400 552
228 907
466 46
213 485
762 571
769 38
375 542
221 306
675 43
398 681
206 828
408 663
684 706
639 579
562 869
572 982
322 25
530 107
318 158
390 543
692 339
787 224
586 338
123 599
99 878
226 804
7 776
731 151
677 554
409 180
124 646
863 103
371 861
906 216
921 459
120 38
264 101
355 187
455 638
807 708
592 272
537 597
971 848
197 458
384 486
808 696
342 688
271 191
504 143
340 322
83 525
597 486
483 248
607 114
791 492
79 370
441 498
106 1
717 335
521 203
882 593
91 113
706 288
582 325
95 747
150 833
502 923
305 540
436 313
285 883
452 506
872 931
967 671
280 606
806 816
453 749
937 830
658 564
148 159
430 883
347 84
131 286
806 575
594 83
506 672
409 373
652 241
16 976
468 411
278 783
679 564
429 205
731 819
307 522
482 107
461 649
615 188
332 415
687 592
392 772
905 21
695 362
456 740
624 65
506 777
694 337
212 94
519 638
799 639
15 427
400 524
457 772
509 374
665 146
340 721
267 302
924 988
946 805
833 434
782 914
538 111
709 92
973 203
497 896
65 628
586 464
940 31
876 309
130 267
269 376
200 123
415 311
169 994
996 935
32 128
110 526
837 410
69 85
906 981
177 148
667 53
681 645
443 749
162 934
586 54
530 882
390 816
606 800
313 682
632 486
638 291
296 566
654 706
957 480
578 11
982 706
981 765
449 965
973 504
149 351
488 906
321 75
591 667
784 239
757 919
367 47
17 282
512 333
845 789
653 335
246 349
678 511
498 205
985 268
124 948
494 190
406 483
282 927
157 204
143 773
59 143
630 210
177 945
494 39
484 677
492 515
107 720
108 378
593 72
33 973
149 62
976 530
410 773
100 764
135 688
788 784
662 508
964 812
406 145
628 976
759 33
901 349
848 599
868 822
325 154
969 598
347 343
1 17
893 726
185 303
12 56
466 348
916 313
219 191
328 456
665 499
432 901
374 695
256 816
181 128
236 717
369 481
369 632
136 765
661 826
93 637
517 230
563 857
293 67
793 495
926 832
493 306
717 363
592 595
281 336
366 55
416 340
490 602
756 894
354 726
46 830
190 588
884 314
491 563
380 958
186 589
984 90
6 498
736 129
325 539
582 894
777 533
607 629
499 101
426 320
652 503
734 209
533 134
343 724
246 599
99 936
529 310
971 381
665 733
4 900
23 582
151 797
738 433
206 800
911 19
739 50
774 202
334 52
255 277
291 953
132 137
223 610
838 69
255 88
107 911
444 370
984 3
101 792
177 582
148 95
890 954
701 428
34 522
192 250
743 26
711 30
551 160
853 967
710 62
391 248
889 532
109 192
162 199
837 998
834 269
391 26
536 327
263 349
2 187
968 228
374 623
68 379
945 339
141 788
46 403
829 29
205 876
187 168
646 69
814 364
744 953
468 616
548 332
252 157
793 366
624 870
227 920
771 504
772 991
595 998
286 675
830 736
556 920
262 977
778 321
560 497
498 225
863 939
601 786
999 933
959 595
989 913
542 402
787 934
414 384
56 549
861 5
860 300
431 757
556 314
28 808
611 931
193 828
140 49
653 247
138 680
289 157
877 352
178 174
976 376
220 447
438 445
888 80
269 495
40 3
330 300
9 421
688 553
570 688
65 81
688 592
761 39
71 146
382 95
132 338
134 451
257 425
486 229
823 724
819 473
367 752
633 952
183 317
795 355
182 98
334 890
750 379
880 45
42 78
262 220
364 842
786 653
481 805
638 385
222 360
390 202
180 705
218 590
642 454
198 174
205 112
471 630
656 226
21 480
124 734
990 221
853 618
242 136
696 417
927 846
817 853
422 412
139 486
126 502
173 534
209 213
443 787
722 672
248 706
537 545
419 416
437 284
619 362
47 287
114 627
372 663
387 822
445 299
768 672
21 699
358 920
185 382
479 513
977 424
871 814
721 573
911 468
326 109
895 187
669 198
29 78
269 412
149 395
818 660
389 982
538 780
377 199
931 214
669 534
37 549
355 510
618 84
188 661
999 331
168 166
17 872
8 788
791 38
765 578
131 298
111 852
499 222
566 65
609 978
985 338
486 404
251 582
423 697
518 942
302 738
308 550
460 828
902 200
431 812
864 380
857 729
409 54
721 191
431 466
668 772
808 502
128 348
473 815
443 891
39 487
767 41
36 857
591 456
53 752
995 40
2 979
878 615
425 41
33 807
464 604
161 391
207 404
717 387
158 69
546 61
452 859
565 111
146 391
607 194
135 45
88 184
448 564
477 995
536 462
413 293
585 210
231 475
377 305
94 377
30 201
86 295
265 803
261 347
739 965
499 418
413 91
659 411
284 218
732 163
789 105
354 485
845 119
175 31
417 723
674 230
617 486
314 164
28 256
665 397
337 618
29 215
26 411
670 487
932 999
109 964
258 163
320 731
434 953
344 250
589 341
474 660
733 347
302 414
433 141
11 325
896 990
206 988
460 461
826 351
223 171
385 265
709 469
222 208
165 249
312 505
612 777
277 767
836 81
142 835
726 287
576 152
445 915
57 108
258 968
121 220
699 304
211 566
39 856
983 499
988 476
621 649
143 339
606 233
350 34
932 718
298 406
177 509
70 451
907 539
156 137
334 549
537 42
923 217
102 507
888 282
612 24
28 706
951 414
712 872
766 903
550 436
101 1
150 152
697 521
725 714
550 671
247 558
656 223
452 414
291 899
774 354
296 129
309 369
208 885
523 135
156 38
347 389
5 610
24 152
824 487
175 2
630 571
910 841
724 845
190 142
820 439
574 816
602 730
930 3
527 689
687 447
333 933
65 70
701 234
427 208
31 373
582 526
222 624
596 395
692 169
784 799
942 45
135 550
783 997
209 521
899 932
313 385
824 602
884 768
650 988
549 957
155 199
990 270
435 638
479 206
529 137
118 135
968 748
25 941
8 326
329 384
176 5
970 912
747 836
476 707
522 516
742 35
58 127
384 319
664 655
242 822
377 504
993 128
289 107
319 359
743 870
996 625
396 163
907 402
59 374
594 956
65 657
961 296
135 692
394 301
84 128
804 207
580 355
394 949
42 538
819 752
381 641
339 694
220 413
690 703
366 826
167 796
858 188
893 276
881 758
539 541
522 147
150 353
503 681
602 776
496 494
403 702
766 941
818 310
852 841
513 259
912 612
929 749
651 944
213 899
39 156
384 597
260 125
35 665
557 73
307 916
922 937
623 660
302 837
136 536
656 36
322 503
728 367
347 982
180 464
517 310
469 445
208 628
47 81
304 265
585 948
646 53
645 831
391 45
888 976
543 275
810 584
817 884
20 723
983 71
998 506
796 220
404 976
224 753
338 466
439 830
115 169
648 622
482 146
752 118
921 667
407 353
631 44
756 64
755 259
690 75
440 565
31 349
828 428
378 501
471 971
162 766
582 904
475 97
941 382
614 725
960 456
458 491
253 584
721 808
833 612
646 957
442 313
792 652
330 327
887 405
858 510
980 998
303 140
369 844
981 848
322 3
383 887
977 611
335 882
29 570
804 83
719 903
318 299
692 413
816 405
840 734
701 622
124 242
24 510
666 910
656 9
861 917
466 696
277 856
545 751
358 689
590 779
676 565
650 712
966 880
295 776
800 608
174 869
663 713
882 678
168 491
835 853
817 832
753 641
819 629
276 333
451 756
889 370
153 648
237 480
430 885
645 664
566 839
755 640
145 435
817 207
191 492
877 257
212 239
394 194
419 18
338 885
863 735
510 310
959 528
724 529
880 813
221 44
163 965
365 957
133 428
994 683
924 327
41 227
921 681
590 839
333 993
224 955
570 299
391 54
647 404
529 307
649 141
481 244
564 161
111 512
323 681
136 102
599 49
798 518
198 172
890 562
353 400
94 665
827 590
79 829
714 909
505 62
724 244
498 992
315 319
175 650
212 626
435 398
461 244
604 643
791 264
597 965
557 871
106 928
385 980
965 608
212 377
305 352
886 451
421 739
400 340
337 414
416 689
583 460
64 820
803 22
781 689
573 810
833 651
991 919
870 615
615 229
833 530
665 233
449 40
44 939
26 388
150 560
847 673
611 55
375 71
143 653
476 321
467 145
938 918
283 756
220 600
819 791
91 673
212 32
803 190
906 361
898 714
375 59
8 440
32 186
990 835
737 564
685 184
699 552
787 414
622 703
133 952
306 80
57 878
693 943
178 939
971 829
482 528
376 127
234 179
536 657
185 471
286 122
31 913
466 605
704 192
700 942
289 9
964 350
965 162
866 6
518 371
511 305
58 334
917 893
818 179
941 782
563 582
679 833
619 356
857 223
875 848
472 725
696 834
248 331
408 354
315 506
415 263
878 684
671 828
575 401
236 810
823 717
16 545
219 416
364 713
337 592
40 828
672 278
65 331
450 559
622 729
403 284
848 695
262 406
637 450
869 462
428 442
411 141
593 87
481 562
770 69
291 524
267 269
699 266
937 175
212 377
770 415
900 413
521 87
42 350
991 421
532 608
495 72
863 647
60 395
61 676
693 270
523 939
189 774
31 840
207 498
815 522
803 456
325 746
771 456
418 747
605 107
253 483
170 778
133 258
247 796
55 91
109 378
914 364
735 63
228 81
728 473
614 462
348 152
20 382
662 34
803 258
87 297
265 758
89 953
664 907
229 382
146 542
50 413
763 640
126 37
98 862
337 464
458 31
471 886
559 402
533 524
959 190
939 898
673 380
53 328
18 279
480 488
553 303
135 238
399 278
466 258
391 881
888 693
86 853
553 783
707 668
905 461
90 123
664 731
565 502
867 411
379 379
299 997
883 190
158 411
892 159
857 712
452 719
273 987
487 50
878 326
454 386
267 403
891 356
500 889
501 536
281 633
701 521
895 336
717 624
415 900
749 825
860 43
938 481
127 488
916 637
399 113
874 330
570 203
206 760
662 710
323 228
831 111
624 892
535 871
808 946
529 672
638 999
987 527
291 531
104 400
590 534
467 165
893 122
336 151
723 3
710 111
742 339
537 183
938 792
617 211
222 160
721 357
1 94
803 604
583 737
462 861
923 97
761 468
851 947
660 670
120 76
206 648
48 174
866 726
893 381
69 130
186 454
480 24
591 877
961 378
369 269
380 7
14 82
631 542
347 72
535 197
839 964
859 851
424 213
99 128
121 884
193 736
588 578
786 640
814 984
623 837
440 126
768 349
709 669
703 971
46 794
589 927
926 551
479 524
37 621
925 319
129 467
813 504
36 741
895 393
671 42
283 355
845 144
707 374
656 168
915 979
183 987
249 829
377 61
296 846
555 688
466 421
749 470
456 549
548 788
853 379
875 730
14 375
857 551
196 989
913 901
161 419
839 112
702 779
661 834
281 451
634 921
450 540
241 957
131 228
546 572
296 120
202 686
776 215
873 454
813 144
198 429
501 968
829 170
377 729
991 919
609 964
726 7
428 34
344 267
971 55
652 584
68 630
532 450
191 715
996 258
121 102
689 227
481 73
332 202
464 159
534 341
873 508
334 159
32 278
973 268
201 933
321 809
297 81
546 556
884 69
883 851
992 337
651 210
76 953
732 832
691 734
503 555
244 932
543 959
451 855
369 520
944 600
242 858
898 72
741 693
700 472
117 676
8 777
935 143
110 828
204 511
215 466
213 596
834 548
279 592
933 642
791 47
451 290
943 283
577 430
111 775
330 729
710 606
630 917
862 110
714 903
834 712
20 815
638 853
986 837
992 498
183 677
53 36
375 953
626 628
727 956
915 446
670 144
876 685
962 710
149 264
27 634
986 428
428 910
294 299
174 776
536 254
967 491
739 762
522 92
160 970
562 109
311 373
556 225
941 899
122 529
481 929
220 893
472 885
789 374
312 532
933 132
518 392
265 585
535 880
171 733
339 963
827 792
392 277
374 643
149 215
930 55
694 261
749 160
698 936
330 513
601 892
369 206
605 741
405 944
594 758
37 299
893 585
51 783
460 982
903 415
692 951
632 237
688 261
926 594
752 997
784 538
95 479
785 362
90 562
860 552
454 308
596 423
430 822
531 147
984 912
274 269
75 282
476 893
206 913
114 766
347 340
394 73
417 290
910 510
244 995
3 484
671 856
286 993
363 735
375 823
446 554
246 688
22 544
170 140
760 552
436 697
948 308
225 802
364 195
486 946
525 894
245 709
397 761
270 321
735 985
275 212
827 790
846 775
713 946
230 210
138 195
189 422
534 597
268 329
12 384
199 942
642 203
808 394
167 133
349 881
933 647
14 765
489 497
850 614
995 297
115 907
841 382
437 644
182 899
909 600
706 918
331 91
857 2
601 899
290 452
652 956
573 524
817 920
283 135
188 694
394 153
969 254
697 399
70 897
4 918
298 778
580 852
646 948
867 136
988 77
509 375
230 473
341 708
106 205
568 628
726 447
673 759
972 21
741 377
715 632
594 771
996 322
940 60
643 711
278 971
516 463
742 209
141 176
891 15
520 648
336 758
994 567
112 275
31 194
124 339
242 399
738 479
781 266
815 801
861 351
328 545
228 81
841 214
684 916
402 360
285 466
497 978
979 660
775 132
137 425
644 620
233 773
485 447
855 692
879 587
537 92
22 550
426 581
826 229
864 542
739 200
696 193
142 287
694 914
770 378
702 169
455 370
777 842
76 941
866 961
521 216
418 816
490 864
705 821
585 246
620 676
191 905
856 489
508 742
791 548
176 468
679 283
740 557
154 701
86 909
930 424
83 900
415 946
559 495
653 238
865 885
732 580
41 438
974 272
215 756
592 696
677 502
641 405
229 828
687 376
78 159
875 207
890 700
190 133
69 622
731 910
799 664
872 600
188 528
130 609
307 706
394 874
399 485
326 120
353 154
825 536
719 444
734 181
769 46
782 349
655 460
677 147
825 542
652 336
327 385
729 418
856 397
812 448
436 706
882 688
250 826
950 775
989 847
773 661
957 314
779 377
965 580
957 312
519 866
666 37
418 928
568 621
557 352
182 860
486 611
200 546
614 743
978 25
448 952
196 365
171 743
732 800
744 567
376 648
33 808
488 871
105 369
91 738
518 317
774 278
787 481
705 817
29 377
286 967
488 230
697 985
279 530
679 784
700 741
421 22
421 955
883 677
112 437
753 190
746 827
743 158
582 63
52 285
494 227
452 733
434 558
376 624
381 611
375 337
694 487
693 380
565 898
914 872
625 325
172 328
779 331
205 11
888 939
833 306
831 891
904 636
339 638
809 472
64 330
22 89
432 374
795 973
283 44
861 667
893 385
220 565
139 847
726 182
577 201
560 729
653 296
212 837
62 590
220 344
955 757
917 193
564 369
720 471
831 725
997 875
466 493
646 139
953 544
212 289
43 220
596 178
56 546
329 856
188 857
148 588
595 106
929 338
608 402
63 882
799 571
94 319
199 659
249 175
751 42
937 962
278 953
78 395
200 790
185 421
678 349
846 628
93 679
661 127
911 273
894 401
185 76
844 815
845 7
269 628
806 333
365 689
160 296
266 569
880 466
59 478
589 327
78 181
258 295
540 636
813 500
207 538
351 474
586 141
66 758
106 854
908 59
416 658
241 839
597 297
643 278
855 160
940 933
600 918
126 166
287 274
572 921
122 424
141 958
214 970
10 177
614 940
778 103
483 667
916 668
776 595
921 110
529 19
623 357
196 502
422 500
800 826
998 845
9 588
569 845
453 391
377 231
801 514
32 842
643 164
450 396
902 774
765 665
241 133
817 127
427 421
351 905
731 980
324 682
488 564
264 900
790 948
672 314
700 286
650 271
405 455
932 229
851 926
472 910
510 961
359 367
700 879
464 620
225 468
125 315
278 285
147 860
349 919
675 557
916 545
811 533
518 252
117 424
120 883
405 198
359 734
342 522
616 77
102 814
369 695
739 419
720 728
794 746
703 330
565 113
781 764
814 796
595 31
529 139
805 463
954 338
706 801
506 968
627 86
508 270
128 648
47 662
102 917
823 57
66 64
618 861
516 206
603 98
806 818
38 73
421 225
194 372
671 477
975 972
316 968
297 475
851 490
594 95
92 791
511 620
605 264
429 855
241 360
271 437
895 725
462 79
206 867
53 15
999 293
914 754
669 948
404 200
704 192
828 783
532 457
689 419
827 797
571 248
108 41
960 760
171 941
466 436
782 274
861 552
431 731
77 595
192 398
922 958
687 464
285 632
499 391
101 17
424 682
90 644
805 328
75 124
901 117
789 236
388 795
514 525
662 705
393 317
515 506
970 16
199 658
325 560
659 854
156 100
333 421
123 806
213 502
483 995
510 125
774 592
801 134
944 701
128 240
515 266
953 537
638 316
834 23
870 463
996 235
98 99
364 321
38 783
366 165
413 927
341 213
330 164
214 645
378 315
787 110
136 32
50 632
263 819
772 393
516 634
379 921
230 152
69 703
600 106
957 217
186 947
194 928
218 632
430 180
889 718
974 227
862 765
709 544
858 935
981 846
811 399
487 640
402 740
939 659
58 640
494 671
399 333
540 704
259 550
433 40
138 954
47 873
966 648
488 374
163 659
873 771
663 292
360 74
503 418
214 962
12 962
392 204
274 490
499 740
924 29
936 844
411 944
993 597
771 845
884 283
758 101
123 245
852 452
796 275
795 199
789 249
32 990
493 289
971 211
198 985
555 411
803 95
177 100
752 358
132 986
75 578
576 433
117 846
203 351
646 464
93 854
760 386
615 102
944 368
322 73
493 682
711 251
344 279
128 578
465 36
780 136
711 727
34 276
278 42
926 453
388 7
1 348
979 55
971 537
525 277
413 150
65 815
309 881
413 475
820 817
51 186
114 877
896 721
873 30
64 401
446 214
245 638
612 117
935 185
108 297
506 208
316 368
906 93
475 894
526 12
594 622
598 320
220 927
92 191
610 409
972 477
746 548
919 499
336 628
141 981
719 984
767 768
773 983
415 674
219 346
694 453
373 979
397 336
512 464
831 325
451 408
402 246
870 789
597 305
962 948
785 468
833 109
526 323
243 107
327 886
88 546
520 402
242 264
349 603
999 914
937 345
447 77
230 365
586 398
6 733
677 290
850 508
387 204
925 17
715 84
443 563
136 758
165 420
653 775
801 391
718 186
744 730
373 90
637 968
784 163
248 935
790 934
236 885
903 36
606 601
458 755
113 210
465 376
600 65
758 850
748 572
254 289
436 745
464 288
944 966
638 232
939 230
136 694
223 254
502 322
356 92
850 205
822 306
853 785
198 717
692 87
1 785
511 564
480 999
564 137
834 253
446 932
536 216
237 622
887 235
744 105
967 148
79 725
651 928
961 503
803 97
322 411
867 581
858 418
978 970
653 491
926 866
321 858
650 999
166 647
240 179
116 911
531 529
118 728
361 441
686 951
955 661
639 221
703 629
573 481
432 816
947 538
836 489
342 900
484 928
654 381
938 306
407 274
481 672
642 236
527 995
43 958
275 126
14 151
914 771
153 937
968 565
823 655
299 851
332 912
652 307
501 2
248 740
958 677
60 746
610 172
775 502
214 22
382 266
90 911
132 776
879 54
347 724
374 14
307 367
103 337
752 698
265 62
32 294
486 27
620 944
284 228
158 598
318 973
406 810
678 810
915 296
4 561
900 573
188 974
524 610
549 883
114 640
662 813
75 626
6 739
212 794
149 354
745 956
346 828
450 974
600 802
4 691
203 114
521 334
613 401
993 283
258 211
861 677
581 384
11 997
939 185
531 394
549 384
955 168
326 190
800 973
233 523
934 292
425 205
381 315
40 301
24 101
862 972
368 718
885 568
982 35
845 149
454 179
256 927
477 413
484 211
19 581
563 191
637 533
63 279
595 934
655 714
954 596
224 642
322 646
591 308
855 619
903 98
965 78
475 559
105 245
131 211
777 833
354 467
375 769
327 565
104 740
69 109
724 771
132 151
640 941
428 935
602 178
697 766
600 792
277 572
656 358
139 263
896 1
900 87
481 127
953 366
196 209
588 8
559 552
994 355
956 736
932 24
237 330
787 597
714 836
324 22
762 419
795 727
508 49
732 304
990 330
188 993
283 71
235 626
940 172
90 716
320 126
169 236
83 970
83 831
923 376
330 917
113 732
674 332
176 240
726 475
336 544
146 891
197 116
931 392
206 735
27 764
844 851
18 827
695 364
407 30
694 85
558 652
970 290
193 135
710 436
511 847
684 145
798 583
595 865
709 527
486 488
868 944
765 202
483 665
134 368
864 130
873 378
76 623
908 509
244 879
918 271
368 16
239 374
297 395
301 495
57 31
52 383
25 998
892 745
335 985
314 77
315 863
274 958
213 239
872 869
905 699
498 947
766 437
944 546
856 183
373 573
879 385
553 832
587 209
739 947
52 217
127 920
906 7
913 909
482 646
510 266
559 908
724 878
647 739
887 164
923 960
998 317
604 903
436 177
729 247
914 927
376 599
975 974
144 288
172 804
250 742
761 662
786 571
161 380
672 99
871 986
228 698
10 636
611 598
845 102
666 495
479 113
398 307
771 985
864 256
177 578
187 277
876 904
524 40
476 80
823 401
199 135
959 268
305 16
444 944
759 462
513 768
974 461
679 475
70 98
487 223
784 144
96 255
439 11
249 602
620 552
36 887
806 668
139 236
519 347
858 65
453 177
542 740
439 332
618 728
379 664
635 681
817 594
310 412
689 25
279 326
500 142
982 377
977 210
585 678
232 118
174 322
566 48
276 326
616 524
259 352
846 571
141 926
119 866
999 300
885 387
344 788
689 990
728 592
521 897
369 108
362 487
464 392
79 63
336 241
631 55
177 44
871 886
401 42
792 618
108 79
932 76
971 148
858 482
638 624
467 121
768 317
84 809
245 277
437 695
854 967
494 997
145 678
252 318
693 899
246 840
466 165
257 293
215 139
98 326
176 667
421 421
813 469
665 304
90 124
109 667
920 579
840 16
224 987
66 300
339 988
984 216
883 668
209 728
53 662
112 110
377 241
19 840
140 141
801 788
679 333
841 202
862 132
432 616
371 758
239 586
502 217
532 183
744 960
538 213
389 650
618 576
844 528
1 505
250 149
85 21
679 401
804 105
590 480
872 89
661 231
102 574
102 715
159 614
853 542
481 643
140 352
389 892
212 796
626 325
721 608
273 469
260 603
890 311
490 70
303 84
166 888
420 742
953 257
939 265
74 309
966 281
515 52
897 459
936 674
280 731
173 109
730 497
629 950
208 193
867 813
279 569
542 437
242 105
815 970
258 924
490 46
208 918
39 777
877 189
882 679
357 313
430 432
773 504
7 802
264 887
548 153
702 833
124 115
203 584
816 871
198 569
466 866
128 670
677 629
515 832
971 854
14 124
672 691
460 104
289 606
803 987
918 324
276 388
824 536
801 911
399 252
405 667
41 804
479 682
960 764
189 923
767 526
834 853
444 99
539 171
162 336
226 4
448 585
265 845
805 875
471 693
329 74
103 633
179 999
14 345
751 707
995 513
672 407
194 382
593 568
112 605
73 52
15 826
794 148
559 424
421 372
295 242
594 887
317 227
284 394
350 691
275 230
865 657
532 358
783 504
326 318
384 984
500 233
234 827
477 595
98 124
595 729
721 288
498 855
827 508
866 908
345 426
305 607
525 474
712 338
408 264
101 321
593 621
767 279
277 194
97 818
928 16
402 62
799 263
415 97
82 419
755 319
960 803
523 623
797 582
97 580
566 442
560 524
465 995
32 652
623 168
854 792
557 673
340 340
742 858
151 810
188 549
759 772
578 107
916 395
115 115
175 999
436 305
711 930
37 158
317 175
489 123
375 140
721 436
944 233
344 656
346 537
321 290
558 417
910 977
728 156
528 492
760 672
795 316
152 90
533 464
550 327
262 27
22 921
217 610
76 425
612 839
468 858
180 241
678 30
412 489
487 769
696 131
369 236
74 566
493 487
413 327
521 27
864 22
189 832
391 532
835 737
311 454
463 891
801 468
507 281
801 498
500 503
870 952
561 950
673 419
282 899
830 528
763 101
314 749
526 712
567 636
799 144
936 48
833 891
795 920
221 492
239 394
598 53
849 555
991 351
454 529
398 368
182 301
106 398
657 968
382 101
533 698
323 672
207 462
738 878
162 878
85 717
208 288
55 909
210 497
164 181
742 127
868 899
245 661
43 991
311 502
473 69
249 397
60 607
760 888
236 697
362 66
672 760
226 500
799 672
745 342
170 227
405 651
280 228
746 213
109 153
991 25
271 225
237 412
370 644
125 699
65 673
436 700
100 397
89 558
52 629
705 388
275 850
742 660
551 36
464 244
284 173
445 912
563 998
912 225
519 509
18 141
508 407
170 136
490 534
958 517
557 677
183 562
546 86
54 517
851 324
784 492
649 496
250 80
215 825
968 152
90 346
856 481
856 615
911 216
571 875
409 777
10 764
700 514
672 80
101 893
852 885
171 277
671 965
43 250
549 777
486 530
59 779
658 312
438 775
361 189
126 401
359 335
419 952
166 805
66 641
251 383
237 665
357 330
457 239
118 472
86 264
985 919
11 732
34 797
371 767
251 599
23 688
984 857
193 26
342 355
36 446
657 55
395 734
326 653
878 629
553 72
881 503
766 268
236 312
319 895
258 987
285 298
5 73
220 403
566 775
320 746
697 901
687 34
964 976
839 992
226 161
347 136
489 657
319 251
262 780
655 28
575 767
955 272
678 26
52 150
409 47
14 968
391 481
553 612
654 437
961 689
43 665
364 594
215 863
522 195
610 778
345 110
56 340
876 225
660 984
734 328
379 697
929 725
836 938
130 738
271 271
132 688
454 304
434 671
38 19
245 684
540 961
230 596
885 586
42 55
741 113
639 634
443 172
255 947
909 388
81 930
197 155
655 632
983 83
156 221
327 751
249 94
642 482
556 32
94 588
323 22
791 68
469 680
153 805
788 955
884 970
339 476
54 681
231 173
527 102
870 783
317 599
682 963
52 115
196 166
893 298
319 55
140 343
972 631
899 691
152 568
738 822
901 472
154 309
994 635
773 453
229 579
516 302
826 987
926 675
538 572
785 446
368 335
870 87
808 262
864 626
326 930
692 363
91 241
354 39
48 562
715 420
277 551
568 478
794 844
911 157
484 955
873 428
389 118
545 565
669 129
86 801
867 366
94 689
903 638
315 944
856 746
446 738
147 608
836 314
929 49
10 469
697 102
873 53
762 489
763 131
911 872
140 440
176 629
124 849
10 40
103 364
986 857
998 34
937 782
108 264
40 776
37 181
110 842
427 921
172 871
583 776
76 147
667 506
850 792
179 719
986 659
312 70
670 585
851 521
921 884
468 901
618 308
405 489
163 355
466 273
898 399
12 712
638 957
450 469
54 213
709 63
893 810
162 377
880 499
50 15
362 104
835 584
208 212
801 288
817 592
945 481
854 955
558 986
27 492
238 274
479 68
887 495
938 386
670 383
345 844
283 19
298 785
357 366
290 981
305 973
859 490
837 555
362 501
214 290
378 626
307 166
636 690
695 668
295 441
639 53
482 261
649 906
542 617
39 171
427 263
591 116
923 231
391 408
626 728
459 829
366 695
489 80
783 214
858 709
808 947
264 83
382 269
246 95
330 176
212 669
987 245
310 820
271 995
904 744
169 738
516 410
613 798
718 302
4 378
51 442
475 149
855 168
348 479
181 349
361 355
113 406
597 41
433 443
273 176
393 551
563 98
967 565
189 494
627 992
869 53
830 888
932 736
10 183
468 534
371 817
354 356
864 674
865 48
512 96
850 821
191 758
449 895
352 830
78 275
638 856
290 871
457 359
563 300
929 74
291 424
260 911
329 386
506 70
323 16
947 664
994 94
617 708
237 357
878 843
913 811
147 237
16 272
759 310
175 978
783 553
868 648
537 715
697 108
763 252
826 858
795 446
71 793
216 532
162 414
606 54
999 482
784 357
32 212
885 493
497 557
45 422
933 271
345 328
522 969
850 619
805 929
806 515
739 708
24 444
340 976
786 944
60 805
242 224
105 428
413 474
644 8
941 581
109 150
158 785
428 466
55 948
356 214
200 200
609 167
84 343
507 942
795 157
444 186
729 312
653 302
950 854
669 441
158 935
283 335
742 44
386 359
65 353
614 211
913 715
684 534
90 108
857 535
746 96
626 583
697 283
96 359
68 45
440 934
117 393
709 429
683 844
57 192
203 744
486 73
83 177
821 147
462 4
826 677
522 133
423 301
540 142
916 578
817 260
958 482
771 728
229 60
322 925
646 44
103 149
148 762
792 961
41 738
605 337
144 517
524 756
615 549
305 587
499 266
594 732
650 129
586 253
682 767
684 864
800 382
538 767
87 188
897 536
142 527
530 410
599 565
184 53
635 805
407 198
527 723
90 893
450 90
259 568
37 367
476 848
269 882
166 230
447 469
958 265
381 726
840 390
517 922
552 35
203 27
565 14
251 754
370 771
873 519
494 31
462 825
723 642
445 99
684 747
464 145
483 865
968 813
410 117
237 437
588 263
42 548
371 647
176 873
80 439
309 449
372 429
80 631
425 82
105 995
171 788
432 314
974 440
275 353
728 321
862 629
656 829
877 361
754 635
177 629
608 248
715 228
442 130
293 43
682 410
252 833
775 967
781 449
307 144
612 629
776 277
454 727
986 745
107 58
613 353
358 744
917 349
675 203
131 545
40 751
583 463
571 906
310 622
79 957
143 825
217 936
265 484
554 263
644 438
77 565
152 415
862 725
395 311
416 106
156 365
745 806
208 896
41 61
775 25
402 141
195 447
767 891
122 887
376 828
561 80
712 283
540 87
196 110
424 38
564 521
583 453
834 613
731 31
878 147
134 48
730 333
930 8
294 654
203 307
8 263
161 3
773 234
687 814
896 528
706 290
54 726
584 667
21 978
640 583
737 696
605 210
192 588
521 663
798 302
93 469
78 362
988 800
290 490
27 473
533 730
492 726
28 729
571 503
729 427
242 831
427 414
787 428
295 714
844 901
148 666
98 782
461 144
388 351
18 741
930 795
108 961
194 689
133 634
110 447
624 381
89 767
435 622
296 935
104 262
283 993
177 368
401 770
225 829
963 892
610 315
184 329
191 784
267 397
497 188
460 306
565 885
227 452
582 255
323 132
132 183
973 991
824 316
872 558
491 394
327 819
624 572
618 581
766 527
968 47
349 710
660 254
303 745
563 515
626 274
680 470
167 729
960 780
468 131
208 920
390 35
767 572
916 42
439 80
892 937
142 472
673 304
970 854
802 491
339 979
708 792
120 376
503 451
470 431
801 885
448 314
506 30
277 125
318 490
569 38
441 477
250 92
169 596
749 998
258 13
805 813
429 339
981 130
269 495
651 847
482 665
820 824
985 750
17 438
16 702
697 552
711 247
949 796
707 606
278 910
619 596
779 744
328 366
214 621
804 218
842 116
877 411
296 595
178 547
288 678
615 798
323 213
535 713
544 223
89 35
643 323
589 804
347 607
358 69
3 704
423 226
60 803
900 844
203 410
676 190
628 834
627 717
89 245
401 877
930 442
171 338
153 421
328 276
75 944
178 981
53 981
821 624
865 510
919 810
69 25
406 108
2 967
365 361
283 145
492 669
382 648
946 876
149 889
995 375
450 684
472 52
815 360
918 636
231 295
149 902
29 304
765 768
359 401
222 650
975 888
724 877
310 549
661 759
438 176
472 204
970 183
490 807
97 347
911 322
201 778
230 4
886 369
324 667
717 311
371 325
419 773
214 566
872 378
173 979
503 788
859 521
441 468
183 280
396 224
762 996
500 506
589 143
970 370
626 21
378 914
16 178
70 821
573 733
533 435
528 648
147 481
89 99
723 149
805 265
118 469
949 646
556 94
396 743
828 253
163 800
186 700
670 446
697 60
729 528
487 735
632 250
329 35
455 879
835 604
31 564
13 308
843 598
576 338
344 21
879 773
135 967
205 770
349 271
226 85
159 337
713 408
321 702
55 519
217 228
319 732
329 294
32 303
968 38
844 35
788 357
57 306
587 195
548 721
183 430
997 796
902 814
624 274
367 333
683 385
38 56
294 373
772 924
170 308
448 817
885 307
725 611
68 268
345 533
56 467
453 595
410 646
927 336
883 495
731 633
925 283
999 859
461 146
872 438
73 293
862 185
500 246
367 546
503 321
171 297
645 823
731 131
562 940
761 222
807 475
34 328
193 156
586 400
3 373
749 966
561 204
875 529
821 543
351 768
804 408
122 686
39 771
388 896
603 260
870 867
408 257
389 224
432 266
864 896
668 131
906 399
885 261
126 822
493 826
171 128
248 72
31 586
601 286
600 376
858 470
33 17
916 880
670 429
9 263
22 823
804 543
213 662
154 352
530 524
264 177
849 743
699 838
935 906
551 642
220 439
574 779
78 175
792 818
110 97
612 932
125 240
659 53
219 274
145 803
726 885
454 743
716 575
698 514
31 865
818 598
712 59
88 256
415 902
647 514
14 824
692 931
332 459
646 860
139 929
106 683
977 347
250 886
418 844
304 390
61 948
205 474
831 715
461 750
220 511
922 103
76 402
553 789
215 4
512 386
817 775
174 105
831 275
582 559
759 96
851 57
65 322
847 618
422 152
630 842
572 6
147 81
581 668
638 202
906 955
694 172
88 452
770 947
787 67
900 303
718 838
850 70
854 595
932 109
587 408
704 696
672 423
305 493
929 130
585 212
509 559
138 762
93 447
551 208
472 309
154 170
561 320
247 44
465 316
659 22
887 760
447 596
647 384
98 846
772 53
815 7
949 28
458 432
55 119
505 708
921 114
49 943
651 41
921 101
146 586
709 924
348 977
872 371
865 468
504 153
538 460
532 295
198 762
463 867
272 6
966 701
928 852
931 100
769 915
821 882
167 33
504 667
985 471
406 935
712 880
840 876
714 258
397 163
309 101
770 620
483 392
594 631
371 788
880 905
70 543
790 170
665 86
414 72
159 41
359 175
225 277
888 602
433 718
293 650
499 546
730 810
102 320
58 188
148 16
964 74
89 275
160 123
255 141
776 533
789 962
997 742
569 998
565 206
694 715
269 676
595 367
595 535
203 785
832 430
574 655
368 601
339 282
301 325
899 293
753 493
659 690
821 753
604 803
600 625
216 138
310 768
441 720
851 950
544 103
824 724
795 758
993 866
906 16
703 136
487 438
580 512
408 290
865 703
91 300
12 376
380 134
785 608
287 973
878 472
472 211
272 629
77 165
491 487
426 784
794 335
414 384
217 190
440 105
784 712
440 445
697 717
506 675
501 733
539 487
711 967
700 332
451 759
49 943
654 401
840 34
34 33
186 56
7 245
310 540
382 239
524 432
179 502
609 29
732 40
602 582
449 554
27 155
614 429
779 672
217 903
38 57
976 438
564 969
109 676
385 660
873 613
697 911
46 457
243 494
40 733
645 466
392 580
243 282
324 292
965 259
341 45
867 42
156 178
998 37
403 396
739 504
553 47
638 877
565 608
721 389
792 428
663 974
421 348
532 233
174 805
880 954
124 162
322 98
91 682
478 711
923 628
662 22
928 577
251 349
57 117
262 167
420 407
315 934
868 717
924 299
878 336
970 959
510 175
763 98
274 15
4 746
621 817
669 452
27 481
797 390
304 120
506 185
762 977
216 389
71 881
703 551
385 830
834 414
838 489
819 806
466 891
425 854
310 565
994 124
390 851
720 874
50 425
507 651
360 661
799 42
296 618
273 494
571 840
240 583
941 338
778 281
992 750
1 928
347 912
431 927
214 956
346 700
259 901
278 265
922 859
425 197
723 603
987 392
843 410
402 7
737 196
339 842
474 584
198 847
69 898
88 36
302 59
123 630
588 437
430 190
108 298
906 164
248 746
935 170
760 67
842 508
754 78
942 258
699 334
967 559
290 937
401 894
604 607
326 483
535 377
604 214
9 6
261 447
917 242
911 568
224 153
767 899
304 689
417 492
896 979
646 596
315 985
666 30
145 889
972 791
188 719
796 515
61 667
536 849
578 869
527 871
611 988
438 146
391 849
926 371
364 400
347 400
841 722
370 367
661 152
421 34
517 832
839 535
302 410
135 502
670 617
711 167
239 260
118 425
881 849
334 433
320 408
449 132
837 536
41 969
593 168
105 982
548 216
574 516
457 694
983 400
225 647
740 362
61 827
789 690
165 262
259 799
668 734
953 147
32 217
499 211
6 122
823 575
376 702
478 911
778 960
513 155
979 636
947 968
994 244
392 201
248 317
832 546
44 695
293 203
679 703
384 392
837 775
285 157
816 664
185 672
65 368
952 276
37 687
928 993
404 227
224 412
27 810
531 177
220 822
159 281
332 635
720 986
413 828
362 483
4 997
113 564
246 7
840 819
634 680
651 310
163 235
199 360
296 397
464 972
758 581
514 690
150 951
884 502
607 784
802 905
230 358
106 968
348 62
937 207
728 341
410 991
520 250
352 663
501 391
437 363
950 133
670 979
489 152
117 979
351 567
121 726
71 759
298 780
684 922
744 916
488 130
968 945
743 190
973 122
663 208
641 262
861 683
174 836
389 634
354 160
360 32
444 434
990 462
516 670
894 431
292 523
858 389
107 65
357 875
636 682
492 732
546 573
537 158
911 715
743 278
548 537
233 165
667 581
274 543
688 645
291 425
48 422
386 164
26 420
311 906
517 226
575 717
55 754
956 68
231 602
482 254
856 627
826 843
722 385
824 396
127 315
212 324
126 245
423 898
475 231
556 250
630 147
750 345
127 663
768 508
439 534
22 557
162 139
282 638
808 947
842 273
181 494
598 478
292 594
835 929
85 471
511 713
88 837
384 800
859 129
203 895
694 737
568 936
266 56
192 330
409 518
682 620
601 77
914 872
979 391
985 414
851 162
605 938
470 999
3 855
121 756
508 566
894 569
273 346
412 572
29 110
625 430
386 227
493 406
522 396
994 745
362 476
213 490
633 303
310 915
544 888
657 281
962 62
241 534
766 837
898 840
527 212
105 222
563 823
724 818
728 911
948 657
133 461
22 884
650 303
125 406
106 207
999 824
743 999
733 150
809 932
52 164
858 153
938 969
221 735
109 20
44 877
178 713
79 266
7 776
312 488
437 487
747 771
110 128
994 685
270 924
620 54
204 98
130 212
734 969
15 296
902 656
381 716
265 953
26 457
986 774
89 814
495 333
789 830
142 355
159 736
751 439
605 452
101 895
114 994
870 570
978 257
178 547
564 158
69 257
502 589
944 30
616 43
609 507
183 92
865 659
803 948
132 529
947 528
197 574
568 844
390 918
416 574
379 839
864 436
830 243
986 157
292 780
283 64
79 128
223 784
311 751
828 651
904 628
983 35
829 769
250 321
98 110
920 601
528 536
261 554
899 125
438 119
506 691
782 561
933 24
108 742
509 953
489 448
367 459
161 170
560 779
307 114
682 337
222 465
563 246
627 703
740 345
891 563
910 22
169 175
930 30
586 421
159 842
123 750
158 658
474 499
690 22
337 980
129 103
67 869
510 4
299 528
726 849
762 811
359 600
723 528
454 3
887 56
859 830
490 946
796 534
818 20
689 871
840 43
562 891
656 105
508 174
965 121
582 185
393 128
66 192
677 533
188 541
206 412
254 193
66 942
649 787
864 34
958 98
604 892
51 963
293 664
151 310
564 568
514 876
673 54
719 583
609 972
224 673
600 921
368 487
184 728
659 84
907 711
399 240
116 32
978 274
279 116
703 796
154 429
195 698
471 416
33 193
716 827
632 437
235 143
965 170
123 460
429 657
491 183
981 759
356 657
575 700
121 519
242 984
139 720
788 283
989 482
13 962
587 131
602 272
515 735
334 406
685 437
876 777
522 688
552 894
96 413
693 104
701 218
385 214
319 110
625 604
870 167
773 742
714 336
564 892
327 604
479 82
794 573
904 333
796 963
203 364
494 229
154 700
848 123
523 855
453 37
141 565
913 549
96 808
905 418
664 57
618 546
317 840
377 287
582 529
506 700
248 181
315 136
328 439
596 6
577 387
430 458
659 248
840 659
446 356
521 764
235 591
198 156
790 342
880 736
876 948
194 482
766 274
864 50
605 708
551 884
97 231
755 356
470 111
677 404
609 99
389 114
244 495
367 862
806 883
205 241
977 857
714 85
299 563
424 134
527 904
643 533
950 169
676 189
312 173
29 705
127 988
212 209
816 221
605 747
613 664
716 29
503 429
479 983
346 48
176 383
471 18
367 232
160 543
593 378
141 444
821 727
989 655
554 661
645 4
300 863
829 818
593 208
737 510
632 261
98 747
794 799
999 833
541 952
962 572
33 587
323 792
356 742
931 779
626 526
912 562
832 845
699 981
403 450
142 77
768 913
826 329
478 928
125 39
639 185
938 651
212 680
820 134
177 491
524 292
158 516
551 937
882 304
782 976
223 268
783 92
275 109
486 300
610 517
432 522
218 96
931 389
932 436
125 629
265 680
973 21
161 873
136 899
353 781
572 770
896 765
842 337
765 38
833 15
493 451
580 45
82 286
716 315
189 15
719 805
576 611
104 159
718 181
592 253
407 49
936 823
796 108
289 622
635 842
488 616
301 719
713 595
765 47
294 255
559 700
343 511
226 660
209 636
810 270
723 7
589 106
892 643
813 365
241 552
425 365
499 837
39 719
248 113
167 456
869 297
517 857
73 683
681 258
913 670
764 241
484 673
939 937
35 985
134 577
909 906
120 746
385 693
163 189
622 882
67 665
113 285
969 794
894 451
585 676
690 154
449 398
170 304
470 879
485 845
851 946
45 83
905 832
658 731
474 966
844 821
605 346
602 377
796 184
424 362
101 455
452 227
832 927
145 225
618 182
694 158
61 723
345 471
855 399
466 572
531 105
969 546
957 900
359 308
966 554
65 839
104 795
252 976
323 135
110 52
469 545
330 171
695 301
119 979
248 461
655 960
516 202
282 410
11 772
510 935
880 539
454 34
817 896
291 507
875 669
784 31
669 665
310 454
603 78
325 734
944 206
192 401
727 574
474 421
774 488
855 405
415 85
275 273
38 291
470 592
486 218
305 896
421 495
141 385
643 461
221 797
303 436
940 47
539 534
477 713
629 424
714 635
394 816
185 510
625 852
26 278
440 274
629 143
274 189
252 686
245 709
735 80
828 276
608 911
213 896
939 963
880 58
382 208
531 355
392 636
187 6
442 545
477 732
293 613
522 875
84 810
535 3
879 691
649 57
888 738
695 990
382 914
996 775
219 600
724 419
463 494
792 845
769 251
250 356
791 74
671 590
281 233
883 11
386 867
966 535
873 122
114 141
403 662
607 138
506 637
372 217
792 442
576 474
364 228
804 479
729 776
114 256
757 191
389 514
425 894
651 717
509 594
767 113
637 825
361 457
940 987
264 762
571 221
148 190
437 116
509 47
293 577
732 987
596 428
688 369
974 106
99 48
124 463
835 425
417 471
11 258
11 490
318 768
52 757
451 45
740 270
157 687
859 618
903 166
294 794
860 112
535 435
980 544
301 361
402 925
557 801
377 325
6 91
271 509
895 307
197 582
479 285
414 190
888 972
918 612
593 521
138 575
565 415
923 490
501 326
829 275
151 940
750 533
74 58
142 293
331 845
772 76
76 228
364 491
427 805
445 343
868 721
76 565
960 478
104 464
46 971
514 537
88 950
452 835
77 651
141 391
942 886
235 936
422 471
586 694
913 854
593 575
335 942
613 551
980 347
27 713
440 316
898 688
845 820
914 992
229 711
328 173
485 202
197 217
834 351
975 255
118 987
616 952
327 283
428 286
951 800
264 783
172 744
319 824
589 833
707 124
898 78
358 376
195 162
102 618
608 491
160 130
742 482
613 930
687 827
195 984
686 295
843 257
760 445
836 818
630 148
890 106
158 584
379 294
647 883
961 538
198 718
482 695
276 554
204 761
868 576
586 469
281 186
852 576
287 908
42 452
50 381
171 996
764 929
325 233
760 709
293 126
655 60
450 408
413 178
341 392
268 364
550 554
598 654
539 70
978 979
75 707
966 923
374 730
514 177
290 228
994 972
305 632
592 978
791 325
378 604
92 699
376 841
835 610
4 868
974 696
869 79
29 865
524 405
203 244
17 153
740 362
384 44
123 787
803 741
61 676
878 636
883 154
199 253
830 356
68 818
257 97
443 195
71 297
369 754
698 880
904 744
958 286
658 174
904 151
409 468
745 73
933 850
23 423
890 709
885 515
713 69
592 64
134 658
565 195
406 57
867 604
840 770
569 26
122 654
996 446
174 857
604 511
837 578
434 235
328 408
616 139
406 178
333 422
798 567
299 810
491 176
97 73
288 540
729 801
138 174
284 977
846 405
615 126
462 340
680 301
410 866
307 429
665 813
454 38
457 798
565 555
992 484
231 65
89 524
791 913
916 406
98 783
307 972
497 105
468 584
10 515
38 341
7 944
204 741
707 65
892 81
830 103
347 314
531 557
774 9
806 66
902 862
167 174
101 124
702 789
394 11
866 508
983 968
423 558
570 425
481 718
790 361
543 948
838 432
55 224
446 64
923 505
542 465
589 287
651 325
825 864
531 298
180 374
508 521
545 344
683 647
76 811
499 521
439 876
461 102
349 957
682 641
111 694
234 562
3 842
307 957
323 23
557 790
764 94
502 295
438 69
160 842
84 149
813 187
352 276
868 252
266 965
742 133
100 650
296 233
981 935
360 822
39 653
672 32
402 58
661 715
49 873
411 114
101 483
597 401
640 735
582 766
878 677
556 753
476 168
210 739
988 676
852 260
442 720
971 779
319 876
666 146
416 175
788 243
978 947
41 810
279 413
999 969
183 15
871 208
233 820
372 995
227 18
614 80
388 417
552 513
995 973
534 982
812 907
46 710
98 787
210 522
834 146
799 963
499 967
428 361
820 680
672 762
740 633
515 272
682 883
671 917
772 740
689 116
528 156
81 693
295 925
3 760
359 657
205 679
353 643
670 49
660 470
115 123
552 646
490 601
86 517
53 457
521 800
647 500
948 364
511 652
377 217
594 339
18 747
801 200
817 890
727 957
50 928
688 735
321 224
343 701
741 319
61 403
15 153
756 755
30 234
665 780
552 443
915 477
989 257
998 844
384 847
946 835
135 489
822 668
388 88
372 445
53 625
798 919
439 260
793 403
242 360
200 91
238 736
184 901
86 298
786 29
251 824
323 71
792 782
43 130
599 266
959 433
612 507
659 984
560 500
114 822
494 998
846 682
379 738
597 344
955 622
602 397
15 663
216 898
256 489
981 355
87 735
803 252
964 869
865 911
684 462
294 937
414 988
52 795
300 55
114 734
384 925
340 898
930 651
722 829
642 132
846 411
328 768
602 614
908 220
103 551
2 142
377 920
884 768
548 211
110 113
785 809
51 392
614 927
953 163
