7000 4500
74 175
611 295
783 785
712 456
241 417
889 211
970 138
288 961
79 362
853 959
411 222
821 761
942 247
680 915
513 553
910 251
867 350
354 555
508 811
402 826
344 174
705 851
281 921
417 281
879 981
221 204
424 324
729 592
982 361
468 477
948 721
137 252
666 672
144 202
287 436
393 209
248 764
422 981
850 241
511 457
189 909
972 543
467 140
771 494
792 755
79 532
265 412
311 235
796 371
968 560
162 45
863 175
858 973
566 771
176 568
549 391
88 801
326 995
18 67
394 257
162 603
438 387
425 977
863 153
182 148
248 683
693 372
695 285
211 612
177 396
844 905
460 168
972 974
378 169
287 368
792 86
790 369
41 488
205 669
45 80
606 859
323 831
176 732
410 481
575 434
620 675
828 311
143 541
626 527
619 547
639 621
45 434
19 380
407 121
379 666
488 31
935 726
600 904
719 187
694 788
528 723
320 664
15 953
72 86
672 411
784 755
505 976
717 218
190 852
813 754
895 301
964 573
669 374
715 426
11 328
765 331
155 627
525 244
179 176
413 828
548 668
731 271
921 645
124 502
608 567
395 324
954 983
382 414
368 681
53 282
361 679
335 254
631 440
428 315
725 734
830 286
633 558
736 10
655 426
47 302
456 320
490 569
680 251
484 190
369 662
314 410
533 855
595 201
14 25
10 438
284 996
726 860
71 363
848 617
901 863
709 841
657 901
142 132
284 988
371 737
494 400
14 914
580 240
994 366
619 400
638 302
163 929
993 994
445 923
189 336
516 190
941 701
43 580
332 982
411 492
379 35
879 225
294 272
889 972
257 491
820 515
482 186
760 336
677 658
222 903
974 240
835 525
53 553
123 403
131 851
513 354
184 931
931 971
942 286
78 582
673 946
418 224
455 171
719 396
48 745
561 891
772 763
648 676
6 193
843 431
233 696
95 980
375 79
721 781
933 603
514 458
555 616
891 782
589 543
555 538
918 758
461 973
752 520
580 745
524 527
90 816
897 844
9 944
878 397
975 479
178 563
872 427
566 65
122 193
672 38
924 708
224 88
751 78
881 559
853 626
100 381
157 318
250 205
316 881
136 687
636 819
928 677
119 590
475 242
828 578
828 401
662 365
635 263
382 853
977 405
403 767
990 189
18 63
235 764
865 929
124 27
386 230
790 737
574 142
572 679
795 463
708 671
584 17
625 427
351 652
205 683
479 309
645 509
944 325
664 655
633 623
500 714
168 675
781 548
126 419
816 842
537 742
715 110
792 356
831 122
910 718
803 457
33 866
976 723
108 580
858 354
642 986
4 816
124 998
592 599
810 614
910 680
814 839
415 287
305 298
78 108
541 496
752 689
732 613
938 458
592 11
510 502
477 412
773 497
188 146
829 294
364 409
425 936
894 234
111 560
994 973
409 91
874 906
623 20
52 576
382 561
823 843
701 240
297 203
897 163
8 471
214 315
758 347
89 853
758 349
776 806
204 286
954 806
476 749
150 579
129 218
841 51
983 992
81 644
626 591
757 679
679 696
75 582
918 761
629 665
896 62
807 473
456 364
292 811
927 233
843 570
904 909
743 710
115 474
981 93
878 928
50 198
399 85
32 539
344 276
330 777
378 822
287 493
867 246
549 345
211 746
509 24
299 481
605 821
341 55
367 649
433 793
281 75
727 658
813 93
714 601
672 856
43 108
416 993
204 949
388 163
83 190
542 14
151 895
161 564
306 328
489 170
829 903
767 981
100 299
307 180
442 690
906 23
600 724
322 492
211 310
933 274
357 720
139 677
369 532
660 242
34 181
361 769
277 701
471 847
546 713
755 209
226 801
834 250
821 998
857 158
529 397
917 596
793 228
809 501
943 160
668 478
424 943
305 614
578 972
986 652
997 700
601 468
860 747
924 9
706 447
133 44
899 383
272 504
660 306
425 8
268 383
764 46
245 430
431 745
141 803
893 137
124 198
340 285
157 312
624 506
358 562
738 151
163 805
682 934
183 302
703 680
10 137
143 125
224 118
562 65
847 651
496 804
652 436
893 84
514 709
471 204
545 824
224 807
96 678
609 443
801 448
180 555
289 574
659 863
526 517
272 76
550 450
856 82
104 554
501 791
515 573
251 225
392 722
226 702
33 330
530 166
669 9
198 152
271 948
917 294
590 541
356 545
784 554
354 563
313 245
904 391
729 505
147 618
284 65
355 695
107 756
491 306
404 676
31 89
542 880
384 470
131 80
551 290
415 47
680 725
759 42
565 468
589 468
226 600
288 948
847 633
451 955
163 822
721 925
489 155
431 340
361 603
411 86
573 687
810 302
259 874
885 127
53 235
72 937
678 502
704 475
748 718
472 342
391 194
424 170
537 128
776 944
831 83
126 273
529 174
917 104
757 245
64 730
368 859
852 51
726 341
511 42
787 444
123 477
928 4
8 608
910 905
443 544
379 424
418 251
753 965
489 802
137 165
859 806
798 430
21 551
957 47
310 497
336 972
869 944
646 380
918 76
292 390
544 692
581 525
871 445
539 742
910 701
301 824
699 92
578 849
403 118
48 787
636 680
881 194
924 607
57 77
10 833
920 233
545 224
622 585
264 850
837 25
320 693
948 810
656 681
708 111
437 867
811 285
795 201
499 675
745 303
983 994
760 249
172 896
997 821
132 666
548 453
131 564
894 532
739 771
580 138
45 685
512 109
379 234
536 394
976 878
751 445
862 656
507 100
971 159
880 34
576 920
605 191
69 118
804 872
272 398
243 858
729 653
462 946
191 974
297 732
811 84
53 655
139 942
309 167
916 879
748 849
503 606
241 849
741 559
900 667
845 321
812 52
3 870
594 724
874 824
746 136
344 728
211 54
730 245
370 427
495 228
710 137
486 383
163 10
512 677
30 750
938 606
76 937
650 656
110 120
610 734
370 33
229 875
199 683
918 697
420 215
219 80
513 474
526 603
258 598
209 774
100 879
100 204
239 206
500 325
111 420
176 685
656 954
539 73
643 330
242 106
58 571
393 347
210 430
39 570
74 173
312 844
203 148
358 394
228 375
972 829
806 410
388 358
307 644
462 178
709 503
602 240
596 279
166 457
303 586
162 737
616 324
204 245
588 536
447 754
908 969
432 805
437 630
365 99
275 981
865 122
41 470
608 318
725 930
460 973
101 589
849 618
572 597
262 552
143 829
855 423
512 266
626 513
86 669
460 785
917 508
798 865
552 2
623 847
871 191
467 983
373 742
406 635
162 601
192 632
215 746
657 996
32 40
567 632
544 485
57 883
412 208
59 671
638 566
822 129
104 488
465 333
175 829
372 936
637 895
260 899
161 79
400 610
516 966
497 123
724 95
753 905
682 232
22 47
231 826
675 600
299 709
942 898
662 170
89 554
99 956
320 279
379 959
477 886
160 802
863 51
953 694
652 567
921 939
928 681
207 276
366 564
433 649
737 54
342 967
185 277
718 307
941 491
688 227
729 295
775 669
405 586
427 180
873 733
182 513
962 795
139 208
666 555
162 132
694 796
676 317
41 908
663 361
613 810
21 122
353 757
916 85
998 652
188 168
310 903
2 471
322 896
305 344
763 883
258 532
963 815
809 679
876 677
68 321
384 438
325 334
203 362
321 514
561 550
961 906
155 206
18 440
565 333
241 570
365 90
303 446
105 249
724 794
218 289
924 404
106 919
649 876
973 401
354 465
321 837
81 799
188 846
614 21
804 429
572 637
494 901
422 287
683 649
22 28
719 964
58 791
37 716
777 777
88 528
508 120
829 88
710 574
194 437
671 701
132 283
925 671
911 314
92 357
996 479
153 42
575 71
671 308
200 697
942 349
388 936
592 551
845 932
917 993
356 261
573 416
508 364
365 933
425 951
478 592
441 723
570 623
618 83
319 427
372 936
399 58
561 936
787 117
501 842
50 719
746 488
588 891
353 860
300 338
691 45
632 325
257 61
181 721
317 970
708 736
107 295
114 518
943 61
755 992
338 393
352 298
847 908
657 667
924 957
342 422
687 766
584 35
955 15
291 75
131 839
836 426
762 519
618 384
647 612
789 509
374 249
169 533
609 37
22 954
995 571
982 459
284 782
219 392
237 378
236 172
5 882
28 616
556 946
583 762
99 836
288 979
386 654
738 181
533 15
932 411
785 313
483 107
422 17
947 283
266 281
685 764
569 244
275 849
405 17
815 789
701 856
987 821
9 875
390 24
669 940
764 585
549 549
804 863
802 119
813 997
962 731
17 158
553 314
995 671
517 588
372 88
635 5
54 921
762 429
676 685
9 892
103 488
951 132
17 414
407 418
611 847
874 330
571 647
58 525
101 445
253 469
241 127
784 985
954 173
257 569
455 750
339 452
935 285
36 802
541 700
935 953
213 640
271 760
354 759
961 92
634 983
991 215
293 726
819 209
694 883
645 49
504 888
55 696
837 749
328 193
460 514
314 892
147 680
923 741
921 995
530 305
90 336
443 493
578 225
755 262
468 210
644 599
387 744
249 409
180 605
743 899
615 355
174 343
901 600
356 804
270 554
491 999
248 818
511 355
869 402
940 141
81 37
620 357
568 476
672 521
89 205
388 785
883 595
320 810
932 823
314 673
775 737
831 947
272 512
570 633
869 326
993 385
894 932
160 584
594 894
587 235
875 131
225 164
167 70
509 503
370 928
104 10
421 555
441 958
512 180
966 409
390 779
308 364
15 935
811 46
789 753
978 698
21 415
989 378
490 149
165 822
882 369
980 616
476 260
794 467
112 311
791 668
363 925
416 354
988 393
942 747
166 934
362 886
181 947
123 976
411 377
193 162
389 555
385 770
728 806
603 869
640 573
978 234
364 686
714 307
483 54
673 125
999 563
904 251
51 442
136 23
906 502
989 234
713 520
307 153
110 79
495 794
56 235
890 126
664 369
290 701
579 966
230 981
977 383
880 686
743 386
952 524
176 558
409 7
7 94
646 632
672 619
144 726
396 254
332 204
7 961
68 723
38 307
30 205
790 376
738 894
760 885
383 131
395 722
854 405
174 122
878 136
422 487
649 51
76 666
102 771
147 439
84 900
18 908
314 603
21 400
430 880
295 441
94 956
805 488
993 271
907 53
907 602
253 685
894 668
743 880
263 221
546 268
68 542
815 39
198 772
65 583
415 55
166 600
330 642
750 866
537 910
16 742
921 116
609 401
80 513
408 845
688 984
219 425
340 815
163 762
460 103
857 869
617 77
320 41
939 387
99 849
14 244
56 279
73 162
6 530
766 717
284 410
990 699
626 323
858 215
138 795
861 400
47 140
644 489
359 31
68 526
70 338
271 966
625 489
333 246
956 156
224 740
271 95
962 740
745 996
930 958
745 969
985 693
615 266
902 498
931 422
756 879
740 313
61 207
691 913
592 590
999 333
657 394
103 976
649 357
704 300
673 194
771 339
397 201
684 458
951 297
770 667
888 780
837 441
677 719
680 248
991 452
550 563
754 654
66 734
424 649
136 491
236 524
429 105
319 123
428 174
514 342
5 152
362 587
801 653
175 539
402 247
956 438
492 384
234 829
154 255
416 728
775 202
941 882
697 621
258 612
771 979
531 881
485 870
345 830
582 644
933 929
680 383
389 642
897 115
902 629
895 707
978 590
312 914
366 944
404 436
914 311
172 99
299 715
396 739
653 426
236 911
336 278
309 831
381 837
227 964
480 31
393 255
885 219
437 982
162 166
356 736
134 639
452 49
265 633
466 788
657 833
307 92
308 579
65 702
379 726
878 112
495 816
366 178
800 681
413 878
11 84
240 282
322 631
645 305
460 399
406 200
319 987
331 124
133 861
567 149
736 989
55 455
358 406
304 429
760 593
981 123
876 646
987 542
11 266
89 780
621 510
407 846
467 780
211 99
362 885
475 172
115 896
303 490
265 674
467 226
960 685
962 633
531 593
939 956
211 243
215 893
927 191
243 489
395 506
236 371
47 164
599 876
276 566
122 312
558 10
780 541
373 112
957 922
412 778
124 252
213 780
823 899
527 879
974 681
631 554
109 417
415 488
445 257
525 492
211 665
687 839
243 889
692 302
400 883
819 357
522 751
511 952
339 706
788 603
750 850
758 97
169 567
553 95
910 659
741 20
249 850
427 219
465 532
314 631
282 842
140 294
413 917
104 443
284 51
210 435
849 668
551 687
683 667
557 993
715 473
928 401
854 371
908 587
9 760
307 708
984 439
632 546
348 31
584 50
987 767
497 874
612 550
185 308
977 62
395 963
680 144
71 623
85 497
961 355
530 223
676 846
337 283
541 933
188 145
486 519
705 168
666 39
683 338
199 972
637 25
678 658
734 325
293 532
935 425
773 937
527 197
609 702
930 322
100 972
665 588
73 955
440 425
392 567
664 604
144 433
503 804
131 167
617 381
724 638
720 290
905 878
348 98
195 104
160 697
274 911
263 278
814 943
988 851
104 541
592 919
661 710
190 483
188 431
187 916
958 319
965 716
347 457
787 253
724 514
386 607
799 859
933 283
892 507
227 720
55 880
372 819
450 682
353 744
826 867
325 150
802 914
783 743
474 792
48 430
554 962
339 20
553 564
953 317
874 577
247 602
821 611
767 777
98 113
618 543
656 201
739 603
491 729
537 668
768 757
595 811
524 108
33 828
484 518
111 693
821 511
506 278
776 195
709 682
924 26
292 233
620 360
750 969
690 859
57 268
327 995
508 468
562 287
357 280
248 202
305 450
405 754
702 889
731 665
167 568
34 739
375 483
820 515
823 433
931 532
574 500
490 211
12 364
714 163
162 625
626 386
769 373
836 80
743 825
528 684
234 341
734 816
920 246
146 267
375 601
203 449
20 226
611 983
201 217
715 749
545 311
795 66
248 136
167 957
354 828
993 492
43 582
168 19
298 990
266 359
246 827
134 514
397 332
314 358
464 433
229 705
67 539
512 238
449 52
640 324
297 27
345 892
971 911
19 313
303 185
735 964
420 476
63 386
54 871
263 329
650 944
841 662
697 287
253 895
873 854
264 27
649 23
134 230
635 986
162 283
312 920
148 917
717 701
53 184
660 645
427 728
741 166
437 485
592 935
899 601
138 212
306 206
213 901
186 732
993 48
733 367
802 281
407 932
504 64
872 967
801 123
721 896
122 788
988 258
133 540
648 925
590 261
107 277
567 680
105 759
270 329
613 322
791 616
709 919
2 457
67 22
629 949
166 172
726 543
949 252
328 519
818 134
401 13
447 393
285 438
871 221
222 509
52 799
4 25
776 902
191 156
536 747
415 102
81 913
61 88
674 387
393 78
486 871
517 90
241 387
649 142
77 520
354 38
60 17
822 250
88 607
587 343
754 65
618 488
538 36
213 117
505 883
868 102
593 119
17 900
38 896
229 644
101 186
403 169
99 634
752 614
474 463
541 488
623 951
744 363
509 987
583 127
690 128
849 500
779 256
204 473
715 109
292 990
539 508
487 751
735 342
363 145
252 234
729 447
223 900
832 765
673 10
917 921
604 185
825 248
501 862
262 288
497 292
457 799
34 391
200 875
43 485
914 879
39 716
320 440
960 506
822 788
527 421
160 347
719 678
945 554
742 429
941 198
794 237
428 743
361 650
854 205
721 123
882 761
990 513
422 367
978 171
66 107
218 346
595 583
93 46
123 391
660 777
685 811
447 977
907 109
40 792
737 384
352 381
878 424
538 408
906 286
679 471
78 824
861 185
609 583
142 339
564 979
653 265
530 769
503 949
467 142
802 586
754 150
82 607
517 745
230 602
94 702
15 65
145 140
917 413
245 539
929 110
314 238
710 477
612 822
996 231
741 63
886 73
697 957
431 309
182 163
979 447
986 415
904 328
814 261
533 891
663 962
225 467
234 282
300 472
786 889
986 979
175 95
223 364
64 859
496 553
886 96
588 435
342 605
374 747
715 589
103 429
475 155
130 485
870 321
295 186
955 896
288 725
650 98
406 504
545 123
895 245
868 82
335 713
255 72
463 382
578 271
851 780
114 41
616 359
294 699
331 760
480 771
216 290
395 366
858 840
212 766
245 797
749 741
875 950
648 107
199 324
335 936
9 637
34 463
805 455
13 8
334 762
217 827
271 209
552 158
231 491
695 783
944 335
616 599
619 568
935 779
963 525
821 806
339 766
640 9
331 472
500 503
150 399
469 904
355 371
64 463
577 922
300 324
621 686
905 875
474 314
854 217
106 725
420 201
957 11
219 92
136 330
356 768
535 560
960 565
277 106
489 235
390 252
917 114
285 662
795 322
310 759
255 17
129 138
380 316
375 773
525 817
708 214
397 583
610 243
746 959
639 182
378 284
573 318
890 283
549 963
596 317
7 739
992 313
746 324
757 869
340 254
708 415
153 502
287 176
644 854
308 259
82 614
606 944
112 225
705 539
124 727
987 198
930 768
339 816
320 877
417 217
303 736
410 45
689 52
412 857
174 71
930 423
118 369
952 972
94 267
161 527
664 37
756 542
416 659
612 494
242 42
763 551
177 250
310 76
611 715
523 614
360 81
714 769
914 314
107 605
770 595
961 589
765 189
82 278
197 171
987 70
251 78
205 34
761 957
66 56
499 927
497 659
734 532
416 762
183 275
210 247
565 928
183 30
304 986
823 175
22 678
368 382
639 472
751 528
27 947
656 359
519 100
908 90
194 839
774 517
804 921
59 896
199 530
418 997
914 355
618 304
204 985
652 858
941 425
883 805
399 348
512 211
552 345
738 824
411 421
824 823
632 298
983 813
360 289
807 335
592 221
55 492
324 392
602 164
745 452
803 988
722 640
931 902
383 963
59 137
925 289
83 138
857 216
875 875
904 691
647 69
729 790
911 590
352 762
480 70
849 287
540 188
769 414
760 629
631 288
370 298
198 507
148 463
842 891
923 863
352 804
522 339
878 989
872 620
880 387
715 865
619 855
747 597
28 894
658 117
44 320
277 23
864 831
857 346
33 785
708 19
771 449
955 208
635 453
942 797
379 778
971 44
122 549
454 778
533 498
41 906
859 439
341 714
480 38
775 655
495 459
337 707
190 679
612 45
814 900
315 917
831 251
732 710
459 368
625 375
689 186
349 470
611 688
69 431
866 908
249 261
135 670
403 90
256 849
79 528
960 318
252 462
688 850
290 367
279 133
584 619
561 412
150 54
696 166
662 731
734 555
389 154
908 741
155 738
932 359
737 462
230 965
582 572
575 860
920 894
511 208
579 141
221 669
436 834
727 217
37 669
232 570
607 204
353 248
829 42
735 655
566 213
529 158
922 385
320 341
599 954
552 713
135 832
262 743
361 708
475 673
182 762
25 942
409 726
691 751
855 986
676 303
262 348
61 379
654 740
800 217
2 740
575 215
905 950
36 158
395 878
317 464
335 151
584 450
497 696
251 181
583 406
368 560
143 376
870 266
432 82
532 521
999 144
888 878
43 698
477 164
583 103
549 241
606 815
632 175
240 363
216 969
372 920
227 475
317 507
546 82
896 968
574 697
985 229
833 510
321 626
380 615
862 192
967 965
473 897
759 148
721 110
216 742
543 419
26 543
949 969
633 562
335 491
572 399
886 292
853 357
728 877
302 30
789 952
769 898
156 629
245 686
636 169
864 931
941 73
923 645
465 171
551 408
331 370
561 731
163 9
540 915
749 644
483 806
525 762
931 669
47 560
587 659
300 755
833 222
29 338
79 862
407 777
653 227
523 118
362 18
92 317
709 488
535 271
493 848
970 654
647 124
917 29
92 193
552 263
334 506
415 74
895 944
502 641
375 18
999 487
439 465
62 43
551 86
925 510
414 9
985 237
635 458
965 468
326 570
67 278
320 11
423 454
947 587
299 282
115 228
735 831
146 351
455 914
304 109
202 476
527 632
20 662
199 947
227 400
501 733
389 467
850 911
902 905
902 734
35 124
391 121
967 17
406 112
181 304
645 204
427 356
367 78
968 270
196 432
22 202
217 256
904 21
34 130
622 880
616 617
654 858
706 710
8 425
121 145
195 67
854 629
421 675
653 366
382 774
110 355
448 707
251 262
475 542
318 794
168 792
271 889
115 164
570 417
63 187
948 472
523 165
659 342
403 181
895 48
580 429
926 868
656 361
494 552
939 888
496 416
287 46
596 586
824 749
585 12
782 79
758 359
46 237
802 780
831 142
678 277
980 983
763 424
270 375
900 928
53 435
590 766
253 143
209 839
247 822
792 148
818 388
538 987
637 97
426 453
963 551
891 283
154 650
100 265
105 291
340 295
951 370
723 679
662 633
655 771
798 752
892 852
559 423
280 45
234 839
294 492
922 875
597 798
136 882
148 85
637 332
421 42
309 760
946 349
57 73
103 551
743 383
465 664
926 636
955 291
393 504
316 814
417 393
503 712
608 848
473 166
405 549
251 689
112 738
669 270
580 279
17 879
693 649
521 989
790 895
993 93
718 29
287 122
378 967
842 683
335 480
945 401
872 172
633 998
363 231
416 439
696 982
546 322
672 42
77 324
299 135
513 566
530 538
460 481
193 655
751 380
16 178
917 157
799 73
676 388
315 537
757 402
704 283
129 562
902 989
285 803
127 641
401 397
903 512
689 589
491 305
541 127
655 902
857 426
629 543
895 933
55 319
337 870
79 354
518 543
347 979
982 598
817 218
976 222
156 633
649 992
179 558
420 734
790 327
482 715
13 428
72 528
806 884
702 519
552 582
921 418
121 162
360 384
898 378
486 378
394 40
872 601
612 846
299 271
680 961
60 847
467 300
396 388
267 318
485 31
2 139
491 315
72 419
931 27
341 696
323 446
434 150
967 936
386 258
431 205
23 65
697 273
753 758
146 882
203 539
405 259
645 996
988 942
421 414
270 516
162 563
891 885
254 623
780 536
220 258
931 665
890 692
309 267
809 400
315 708
419 608
815 93
22 736
494 683
11 34
82 860
803 818
10 563
890 32
181 705
303 863
699 922
917 570
563 323
628 601
990 458
85 124
828 244
560 69
581 621
721 751
84 980
525 700
501 737
768 337
134 20
857 550
72 703
174 551
281 790
454 419
224 152
619 26
447 946
430 185
636 609
490 483
77 529
63 105
152 185
242 210
588 524
88 434
688 691
842 907
243 536
396 823
688 652
464 434
974 405
550 48
911 134
585 621
496 572
673 423
772 343
598 734
594 472
448 235
607 300
33 503
122 637
578 701
946 630
589 428
226 88
317 532
584 771
318 744
315 78
578 6
590 606
367 67
337 298
402 560
327 602
93 651
835 929
86 648
446 540
893 696
479 191
121 890
907 30
158 360
836 142
448 812
326 893
439 820
685 867
79 738
452 6
60 513
286 555
926 612
840 926
816 998
265 528
870 492
478 545
12 763
147 944
715 650
643 118
13 533
843 682
54 334
226 63
850 63
739 316
821 292
528 503
1 695
200 19
586 665
943 977
573 935
888 801
282 913
260 940
331 554
329 690
647 12
167 617
501 596
242 694
588 284
267 350
779 426
515 2
894 838
117 891
345 992
795 98
747 992
765 120
344 229
645 162
628 37
942 944
227 146
594 831
10 530
501 424
968 286
457 634
603 726
75 689
153 293
91 156
379 371
180 165
202 372
360 327
392 36
428 925
458 939
994 930
657 233
774 214
555 580
675 948
326 608
402 362
263 679
885 387
315 523
50 452
655 30
124 123
339 352
358 858
123 907
752 83
653 823
225 57
338 604
37 165
744 605
218 241
174 607
431 278
98 295
275 816
350 616
56 48
413 100
390 566
958 325
246 616
630 222
486 429
557 91
789 95
708 770
548 219
224 564
638 565
747 54
753 780
289 732
204 259
56 535
716 547
371 19
873 504
749 631
670 17
963 325
854 625
764 184
197 870
501 396
748 449
723 349
221 62
570 966
290 17
529 592
842 193
810 439
635 778
894 871
411 823
929 927
906 754
974 623
214 136
314 381
528 257
589 3
651 563
578 681
384 322
373 806
988 932
431 993
645 836
291 987
731 565
326 966
291 15
819 458
823 949
885 457
898 583
317 592
451 531
399 718
150 688
574 722
882 590
568 494
79 182
438 320
513 915
770 871
313 527
878 873
472 844
495 505
263 468
11 190
102 380
967 326
215 677
773 333
937 865
973 934
219 637
258 677
453 304
425 800
652 104
70 851
678 589
970 39
203 337
302 418
93 737
428 356
440 831
95 715
111 347
365 65
303 697
537 846
538 60
437 691
790 69
66 492
853 207
145 122
195 600
624 569
336 562
934 778
906 534
390 996
355 24
456 683
784 112
367 112
535 262
817 894
233 890
186 959
255 173
83 883
333 768
354 810
853 853
117 677
479 64
860 240
907 437
512 542
842 399
834 460
47 407
229 30
109 856
517 466
529 667
327 696
690 425
318 909
432 331
835 62
326 201
118 766
227 738
290 396
751 713
213 95
974 813
642 961
198 798
289 999
160 56
81 609
629 946
960 754
496 184
103 546
884 300
380 277
894 673
225 78
412 674
175 682
711 136
952 517
967 822
475 665
812 555
230 190
18 30
160 531
358 31
454 235
435 870
293 547
592 608
877 204
491 274
302 691
813 150
780 960
823 845
237 214
232 992
499 702
341 970
637 746
94 398
566 226
3 989
3 43
553 892
300 225
975 832
345 620
277 994
46 633
67 514
364 128
268 613
334 267
541 295
86 762
634 15
463 436
818 698
560 803
447 496
862 76
576 283
115 957
754 291
382 995
927 746
886 25
593 887
102 802
899 379
140 916
445 235
495 724
766 243
503 720
141 484
490 444
61 869
926 89
46 254
582 266
935 963
957 606
250 453
744 517
823 347
768 674
764 333
554 79
291 52
129 221
986 141
386 103
13 619
398 212
834 745
411 626
726 675
357 554
194 314
126 560
349 88
649 240
853 153
172 217
487 81
737 412
223 700
442 106
301 958
212 47
242 380
648 555
173 253
563 176
461 836
802 143
822 488
668 55
174 11
401 77
316 545
6 104
581 88
122 288
693 824
741 784
502 829
352 908
997 859
171 247
658 938
634 79
504 160
629 523
470 82
693 581
491 465
577 657
639 98
357 748
9 650
102 376
168 334
389 990
97 351
597 531
614 296
819 356
140 270
210 121
858 49
956 936
91 327
707 240
88 415
841 902
93 590
456 679
92 554
92 133
762 884
829 33
659 628
805 225
814 110
4 45
275 342
41 57
768 653
283 959
280 153
778 751
527 375
271 5
846 522
323 362
707 714
112 595
273 560
921 379
492 316
281 267
404 305
815 609
632 523
707 484
562 512
895 2
608 431
891 755
982 505
129 491
116 99
800 598
585 73
333 415
949 889
922 40
487 505
324 302
83 966
237 763
329 531
918 286
906 782
980 515
597 558
417 18
853 33
935 722
955 32
296 837
636 730
774 215
350 595
233 678
901 956
466 688
795 628
180 576
908 957
848 770
467 390
234 600
351 121
988 211
699 829
272 833
705 162
442 553
661 604
272 966
453 81
284 676
718 404
464 45
614 953
718 661
980 246
831 18
140 57
90 293
80 35
355 624
610 61
719 264
39 756
570 845
550 535
982 202
612 233
767 426
756 46
700 44
245 384
916 836
352 461
575 381
475 556
645 929
761 368
73 603
714 815
851 168
443 19
216 78
917 585
465 551
796 301
445 798
847 427
896 617
954 653
294 747
800 701
324 538
331 941
44 925
798 983
538 324
952 59
507 543
101 419
490 115
589 703
504 656
988 163
981 362
823 741
208 221
171 819
973 438
985 737
706 383
821 989
873 728
313 107
136 928
237 827
302 897
126 321
552 332
19 673
45 549
728 844
364 376
787 400
116 450
766 948
258 930
820 893
347 409
253 901
410 673
621 912
398 44
223 472
445 480
169 705
890 469
79 693
472 312
935 487
279 574
439 356
560 298
293 13
914 213
260 618
44 407
937 762
129 974
527 955
995 121
747 46
518 545
758 640
114 720
125 996
974 190
710 927
711 80
283 617
201 916
43 624
38 769
962 701
807 229
458 558
971 884
173 38
90 554
968 583
332 491
292 50
852 942
700 690
214 383
828 608
634 341
712 416
202 204
55 662
881 535
543 120
50 829
4 226
710 664
312 577
82 474
380 642
729 45
239 908
950 426
37 471
841 160
693 85
722 316
333 938
558 612
778 329
588 399
708 730
514 715
358 125
204 770
467 469
637 408
338 851
504 190
879 109
187 190
148 844
825 379
137 651
71 189
25 118
971 509
326 396
977 313
53 141
83 192
736 909
184 717
552 46
138 416
940 305
580 951
367 685
852 305
167 911
140 475
476 751
367 382
209 383
100 388
52 430
775 405
905 73
237 756
378 402
829 320
575 900
203 550
138 147
768 874
328 329
145 778
619 202
5 29
847 496
121 738
303 661
77 836
439 206
594 571
929 388
697 240
397 664
798 115
254 450
274 955
938 49
60 456
857 484
443 485
953 157
167 16
542 835
22 227
845 477
197 694
486 426
274 437
248 319
703 575
670 815
645 787
77 181
992 261
80 561
448 26
928 84
674 340
944 591
592 274
762 524
747 795
973 26
991 304
689 155
69 526
573 861
850 582
192 310
616 806
129 381
379 916
263 122
601 211
509 894
634 424
29 828
522 517
638 336
454 838
68 332
505 104
418 602
534 820
29 209
546 42
973 394
930 328
638 719
568 349
2 706
535 225
633 675
701 759
796 901
43 643
12 850
749 49
106 772
876 766
471 693
337 265
783 223
490 458
118 202
427 459
293 556
627 711
363 913
221 595
472 792
801 325
199 935
488 572
27 282
429 354
529 452
604 775
34 893
826 8
796 268
383 758
964 73
242 382
693 33
402 662
559 102
767 430
294 581
953 709
243 632
935 857
857 350
28 776
911 561
428 435
50 357
535 521
835 354
895 243
798 445
393 216
630 20
306 858
632 462
514 112
80 897
385 996
684 156
24 251
31 36
206 344
222 16
792 551
182 787
231 954
458 495
46 601
909 483
768 708
798 842
457 445
848 941
314 943
263 819
814 857
894 230
525 841
659 336
806 586
460 1
887 381
225 137
888 673
783 274
752 482
167 829
590 30
522 638
682 418
704 482
959 561
228 53
147 616
744 704
691 682
675 475
697 648
315 264
144 944
197 757
560 430
674 89
942 391
263 872
449 148
380 869
496 801
138 915
885 894
49 616
278 195
303 300
757 795
292 654
590 994
149 158
55 822
808 827
271 96
924 439
356 396
783 126
397 639
185 810
300 851
655 972
127 627
971 573
980 282
775 1
820 474
546 233
194 932
236 856
191 267
347 569
28 369
447 279
411 363
236 339
456 563
227 937
339 498
902 74
463 637
780 190
168 199
423 616
281 649
146 52
399 317
649 881
824 253
159 90
749 785
49 468
400 818
797 364
662 704
899 179
525 359
322 1
143 530
255 367
629 859
432 15
857 735
649 708
319 551
403 107
185 874
729 704
315 631
365 223
220 542
488 458
441 139
516 728
945 181
531 327
300 789
773 313
858 504
465 13
411 118
762 537
585 598
986 218
456 345
14 105
628 190
500 363
988 658
295 59
171 721
931 112
274 308
58 433
882 614
184 394
687 968
323 998
734 873
216 573
493 251
91 103
41 655
425 428
860 926
546 604
660 978
287 364
796 714
363 572
867 43
551 836
6 145
942 197
44 700
6 502
181 79
221 836
200 135
654 490
417 742
527 943
186 976
321 861
445 817
235 852
927 674
689 959
108 12
908 283
445 613
608 53
364 543
41 277
616 562
423 776
60 74
776 62
16 840
100 363
350 587
88 509
726 904
632 919
291 378
209 339
542 345
829 993
909 207
476 317
234 983
358 332
648 638
426 983
118 118
816 671
684 200
673 42
281 808
482 675
289 104
124 344
113 255
87 693
252 57
315 745
751 520
113 440
458 65
47 511
644 901
158 363
490 811
352 647
179 975
397 341
565 665
434 617
620 923
981 892
975 715
335 921
408 622
111 46
539 483
426 619
15 165
71 993
78 188
905 987
832 577
80 686
634 23
50 728
189 288
86 122
11 554
101 492
52 273
898 717
157 43
75 998
160 160
827 465
473 668
800 270
492 628
624 810
544 606
885 312
483 494
603 705
68 839
574 423
94 199
201 971
657 715
130 797
674 468
264 224
112 569
421 491
178 509
681 238
649 848
330 659
278 184
969 686
29 632
62 384
531 251
427 876
174 222
817 602
658 57
73 924
286 717
950 472
873 254
297 407
35 526
696 998
714 606
58 537
962 485
324 686
383 736
448 698
392 104
500 555
998 33
201 787
261 764
564 227
142 267
258 522
826 879
204 457
323 87
220 620
189 752
517 58
393 253
88 366
404 180
50 212
657 670
928 210
963 741
726 21
992 138
595 587
162 542
311 692
745 688
288 475
741 584
454 121
409 929
225 962
859 120
577 92
90 402
46 136
845 295
665 805
14 645
966 685
305 954
410 408
52 395
288 711
850 509
177 89
235 559
256 605
132 796
863 791
93 205
855 429
619 772
480 255
793 735
86 543
184 97
991 722
456 4
343 995
534 808
362 561
238 643
987 340
268 445
842 173
995 366
741 12
412 296
555 740
482 351
170 730
35 52
339 892
428 624
627 230
498 548
258 997
589 430
823 513
368 312
556 956
388 866
707 7
897 538
799 320
59 851
102 849
548 331
898 565
648 177
713 593
157 23
420 93
919 501
787 524
231 310
169 443
944 893
8 695
569 913
835 378
568 643
118 142
281 106
869 378
615 718
317 954
787 419
719 943
110 796
610 959
660 636
252 534
647 453
543 666
456 215
194 771
452 827
426 280
1 530
217 42
895 955
713 191
416 975
675 259
737 502
619 72
601 414
546 561
273 950
763 463
897 453
977 87
753 620
636 946
242 61
340 727
480 293
413 114
601 169
657 704
870 963
917 234
755 881
500 959
265 48
197 316
712 434
100 702
693 741
226 340
128 896
672 822
740 480
828 50
822 769
738 119
493 103
256 792
649 210
820 520
722 930
724 710
200 874
291 834
688 65
108 946
650 732
285 126
293 122
499 862
266 893
655 655
64 42
743 234
573 778
332 453
888 359
196 564
907 706
916 269
389 993
821 311
213 100
719 771
756 880
540 894
115 617
89 373
323 536
607 185
971 752
736 602
522 995
860 326
518 289
269 934
463 523
761 888
833 707
644 122
272 450
714 401
431 504
26 784
995 125
990 657
923 94
975 612
178 716
685 407
164 586
489 520
495 613
950 534
992 206
254 843
377 637
405 825
593 64
306 623
801 244
112 786
984 660
820 782
541 949
941 532
424 910
201 663
169 282
380 177
483 294
218 316
877 325
31 742
970 711
818 675
828 745
363 483
942 176
385 732
269 807
278 157
984 985
480 271
860 864
653 368
744 740
61 791
146 105
400 547
232 935
323 543
687 623
265 426
857 32
394 399
549 139
262 205
94 318
786 778
315 84
983 803
969 130
655 198
249 123
917 738
572 221
178 971
135 637
738 684
345 74
559 936
826 844
146 927
463 879
369 961
874 811
578 505
903 533
210 363
452 344
130 176
201 607
559 621
500 863
884 246
835 42
888 335
529 796
336 29
232 609
510 317
419 254
272 578
561 8
612 256
41 102
892 708
180 134
687 710
491 718
4 12
911 195
313 374
123 492
175 657
950 864
925 152
303 938
170 874
348 734
275 100
278 246
340 891
596 308
830 585
653 176
969 886
861 613
635 234
950 123
99 607
496 478
844 875
982 781
88 892
522 719
439 382
349 655
691 577
504 516
509 974
331 109
700 519
579 218
597 808
448 770
999 43
39 215
925 583
771 990
802 967
230 931
426 542
914 311
751 379
994 788
236 665
570 563
465 546
108 131
636 393
889 797
60 820
441 823
856 972
619 84
388 693
72 904
414 889
669 727
205 908
157 683
247 801
11 921
472 644
549 740
509 476
337 773
421 85
745 654
429 744
523 453
721 531
572 368
361 414
507 922
97 274
32 77
839 143
676 225
549 144
754 800
633 864
833 875
619 192
446 878
608 647
286 420
76 216
375 364
628 897
425 270
58 549
722 280
784 764
798 318
145 817
585 197
92 151
234 209
95 425
77 179
467 337
42 223
723 182
851 684
466 137
239 819
277 811
388 33
698 721
998 252
25 183
711 990
145 991
159 887
822 556
414 694
717 328
666 502
72 316
114 905
138 560
754 554
653 139
28 630
279 925
206 580
916 295
652 593
704 567
19 1
816 660
300 71
188 907
156 938
215 51
579 594
194 71
919 585
469 119
656 15
592 286
170 517
148 833
282 275
190 167
767 623
427 363
399 736
968 345
670 386
390 986
981 320
330 842
848 262
366 524
54 885
805 800
49 632
127 490
23 538
189 438
716 177
964 292
818 551
101 75
220 312
681 551
303 42
323 669
244 279
870 269
442 773
67 603
580 823
22 634
626 233
727 754
734 976
704 99
508 275
200 624
546 5
49 562
586 416
726 249
492 386
529 387
387 698
240 848
999 970
748 253
802 588
406 958
195 398
786 971
481 599
477 247
933 252
99 648
895 290
348 414
682 118
566 108
674 165
535 533
455 98
461 633
634 602
553 337
454 274
83 685
120 65
186 711
671 922
752 907
741 933
320 275
131 370
469 369
999 249
263 357
648 979
208 481
554 857
779 197
667 673
344 997
744 353
322 639
423 226
947 11
890 127
733 496
59 625
535 262
976 123
554 345
562 127
867 239
21 578
619 297
811 638
580 724
986 143
798 167
306 560
542 614
343 405
852 529
818 95
919 696
949 414
848 992
667 218
736 921
633 384
781 763
699 692
702 681
385 747
679 608
418 698
883 764
319 585
465 810
700 72
635 855
998 719
755 388
332 744
573 550
177 203
964 810
364 854
275 901
19 555
871 490
674 198
46 664
200 462
132 337
464 167
461 140
964 655
511 489
122 807
283 466
870 679
17 296
108 685
437 756
803 306
240 571
486 492
418 398
995 90
79 587
847 891
851 446
333 273
509 784
36 696
48 689
1 251
920 331
598 25
71 212
103 122
336 395
901 196
848 133
154 57
706 165
431 267
675 220
966 686
650 763
981 220
353 185
106 751
648 648
33 485
812 944
799 757
214 671
151 67
773 81
352 715
354 550
653 372
919 741
167 140
854 60
255 788
438 439
801 661
387 46
181 912
259 56
361 664
612 565
648 49
945 361
600 140
269 68
48 989
354 796
751 211
73 191
457 685
436 573
176 537
876 441
588 421
59 493
664 459
624 391
960 747
229 759
796 456
329 174
77 861
697 435
398 800
258 822
321 175
225 889
293 597
159 793
741 891
708 473
457 917
662 392
762 261
509 903
956 727
110 627
51 591
113 165
449 629
788 177
776 529
316 545
810 919
366 248
470 711
525 362
427 640
631 3
138 404
932 564
618 700
53 342
693 725
33 440
577 900
377 688
826 754
542 179
130 750
660 922
813 752
690 514
378 208
51 768
594 772
90 978
225 623
693 708
16 75
352 713
147 396
828 247
910 704
740 892
846 619
812 784
419 661
25 160
319 466
192 345
94 280
260 352
646 995
859 595
942 970
908 357
191 268
153 120
112 833
746 235
857 708
100 535
500 556
782 376
295 96
436 580
189 115
648 664
219 482
251 165
286 106
925 20
482 935
791 320
898 875
114 952
397 80
414 702
461 960
317 464
93 212
619 965
600 918
840 475
807 976
367 853
439 159
549 456
822 901
933 992
677 506
71 545
880 489
964 611
730 142
569 232
125 826
877 246
142 633
548 905
10 496
302 165
679 443
779 105
91 323
959 9
909 55
4 461
641 469
783 927
572 319
942 208
321 935
999 434
375 336
703 626
526 344
634 275
41 210
287 830
489 494
169 420
693 975
623 732
572 552
854 713
454 208
872 703
682 55
636 293
375 3
91 58
666 71
485 890
525 667
285 502
883 471
688 847
157 521
429 618
725 503
895 330
632 538
557 353
507 547
468 153
715 43
434 914
482 835
379 257
907 537
304 978
502 514
355 948
293 488
103 637
483 482
762 76
559 85
180 926
115 50
641 50
418 467
943 103
821 725
367 145
575 335
925 974
597 386
202 436
804 38
764 239
812 480
261 225
520 380
3 79
924 140
901 999
450 53
715 961
2 423
50 120
992 779
141 278
302 254
821 32
429 545
181 223
341 940
854 65
3 283
177 879
126 464
397 252
564 870
760 443
645 259
861 626
117 579
196 385
581 132
899 799
782 85
866 524
523 41
74 840
441 937
423 446
859 873
68 400
266 242
81 737
368 320
31 684
50 410
508 327
324 388
941 827
62 395
912 507
934 334
750 903
357 166
476 800
483 954
29 119
55 772
531 794
390 168
588 993
914 758
456 657
942 293
930 503
370 680
261 453
691 945
682 701
633 729
297 932
868 387
680 978
970 833
3 558
122 270
429 493
388 859
608 692
925 565
306 852
622 392
492 127
356 229
191 616
837 278
552 874
760 975
112 66
435 950
753 622
340 851
3 636
541 886
904 856
253 250
248 177
164 556
890 677
469 57
437 458
266 642
387 733
548 75
625 914
653 889
15 60
546 280
565 586
395 623
170 990
752 900
298 875
880 505
420 441
719 3
528 796
27 368
974 276
70 534
700 85
869 51
296 397
249 426
675 496
403 781
431 579
869 315
608 508
328 503
469 655
773 19
31 677
786 443
309 746
789 217
40 752
311 216
857 527
648 904
281 550
844 25
869 343
404 215
96 26
812 65
231 291
973 866
922 958
289 124
93 152
165 441
736 227
917 651
806 341
891 617
525 437
473 868
995 214
153 833
200 327
476 28
343 129
176 19
531 541
33 286
452 175
282 878
470 938
277 533
61 840
969 316
939 800
15 939
765 964
977 604
608 76
324 482
196 932
860 563
42 100
141 236
969 683
333 899
600 508
743 753
541 77
965 718
467 969
916 394
801 174
396 66
353 151
30 202
647 956
442 887
950 465
381 3
130 890
119 127
425 932
648 399
346 942
691 742
968 467
981 374
221 830
312 400
955 482
337 728
926 293
652 692
458 196
219 241
719 60
808 413
903 334
556 441
54 835
156 185
71 48
244 706
117 38
571 328
46 272
488 860
655 207
994 964
291 322
139 998
519 193
505 323
85 13
764 762
981 916
267 269
869 142
968 242
811 415
191 59
995 326
982 472
341 503
88 903
238 579
58 410
165 163
78 170
874 157
169 564
356 980
30 685
736 348
54 458
619 479
18 701
517 610
673 445
347 369
994 335
307 299
493 83
90 682
850 442
811 183
480 108
902 502
682 431
758 669
503 616
490 306
964 423
532 67
115 972
930 652
610 111
72 246
186 86
719 654
293 500
772 518
824 829
294 79
909 609
420 142
347 188
497 154
26 172
844 743
367 407
309 687
617 94
217 719
842 967
232 874
76 440
8 586
24 673
518 50
182 643
527 843
230 471
873 739
653 364
525 159
83 344
798 50
367 945
487 993
524 714
183 785
452 924
717 638
348 155
640 709
528 192
814 844
582 430
298 605
755 183
379 376
648 440
895 150
870 103
803 224
168 399
158 267
836 757
308 245
263 274
833 811
277 910
501 612
621 400
430 237
675 842
792 535
740 915
407 456
872 383
162 649
531 707
799 59
106 848
676 147
236 146
504 145
122 305
84 350
102 843
658 170
183 472
184 195
973 686
797 795
688 275
757 913
131 820
20 123
696 561
664 127
148 980
226 178
960 981
452 393
417 769
440 925
672 935
956 23
938 273
257 373
908 491
573 228
19 412
707 692
873 697
288 907
612 924
65 716
608 970
161 87
605 758
802 646
362 267
370 831
451 544
961 795
937 799
442 657
982 341
392 931
385 908
175 3
809 194
526 947
305 601
188 760
114 901
270 650
548 711
610 173
458 98
604 631
150 806
980 944
712 738
370 717
819 481
748 168
924 936
646 787
876 579
322 484
293 991
958 319
830 229
218 323
852 611
348 691
634 444
77 856
320 520
677 708
303 547
938 155
739 165
805 400
984 555
966 468
975 394
249 408
779 324
97 120
930 597
178 532
589 854
545 386
104 892
754 59
301 945
383 800
854 615
203 328
513 411
693 443
696 162
94 899
716 171
56 536
907 665
351 260
914 37
645 21
154 204
841 67
46 603
602 595
460 401
918 90
991 661
151 256
835 339
105 247
284 148
849 800
560 35
846 600
510 254
665 740
593 282
546 360
394 866
668 40
6 957
904 717
5 319
591 874
364 796
354 666
975 205
580 603
112 980
966 762
930 109
205 38
241 285
220 106
685 177
663 116
131 72
528 192
743 996
590 934
979 808
788 615
872 145
964 689
303 511
799 146
610 43
934 221
100 457
909 147
454 309
932 701
917 722
190 17
702 279
890 255
504 391
415 92
16 615
292 250
8 24
794 85
407 294
297 429
162 208
985 586
909 245
645 884
494 201
547 596
458 684
418 412
623 363
143 309
100 103
220 575
479 431
755 239
632 984
552 74
519 350
963 116
146 218
408 965
899 377
142 996
664 752
384 237
447 368
999 27
186 125
902 90
493 295
562 639
170 303
649 259
118 9
587 403
905 8
191 551
961 682
602 146
705 880
95 192
186 344
243 43
242 610
551 298
322 172
685 652
243 132
775 702
988 865
780 582
652 33
6 528
609 856
61 94
173 964
775 493
493 56
261 619
887 747
304 651
904 891
202 518
5 27
708 14
101 256
536 954
752 949
607 505
279 140
733 370
349 574
396 174
144 762
223 844
916 553
474 635
875 372
422 78
538 407
511 591
283 743
240 890
611 89
160 698
87 132
255 401
663 548
920 405
324 568
456 416
661 821
355 462
125 671
942 363
971 918
167 682
396 378
37 214
980 591
419 191
729 393
773 574
720 696
50 814
719 339
475 553
205 455
753 488
708 500
809 386
53 819
258 579
492 665
996 862
318 394
84 292
688 734
510 180
480 160
24 796
27 590
338 727
185 333
491 871
469 174
367 341
49 544
489 594
753 215
424 806
207 904
470 365
345 794
746 783
907 823
262 382
3 553
26 641
689 8
609 394
489 118
413 826
874 645
611 109
244 528
158 782
916 872
726 566
240 480
272 256
619 193
308 686
691 764
284 346
293 883
638 865
39 850
765 816
283 663
850 343
683 534
57 137
815 671
772 294
712 163
492 503
181 35
849 390
562 852
711 60
27 934
401 942
672 910
60 824
672 311
123 272
815 912
2 961
647 154
491 548
610 488
436 324
259 358
89 491
831 955
448 848
595 72
267 377
712 823
133 874
717 529
96 911
975 536
172 651
116 48
380 169
48 635
703 41
986 668
642 125
529 25
813 256
75 486
35 241
956 394
107 835
532 918
526 536
636 183
602 84
733 630
421 109
135 236
274 100
651 871
395 884
378 60
287 433
263 558
588 551
518 177
659 355
90 302
761 31
913 321
717 773
611 872
802 3
550 641
589 241
673 772
845 404
685 712
207 507
524 328
660 289
733 30
488 724
817 820
350 232
138 353
360 281
642 596
458 963
644 666
382 809
865 244
749 16
622 475
166 357
894 80
954 721
294 298
812 344
94 885
810 664
67 395
775 502
77 168
377 161
685 134
259 872
751 465
926 700
311 665
427 7
67 59
327 926
243 497
442 161
430 367
786 371
191 389
471 900
596 201
529 334
314 648
785 453
30 337
637 250
140 900
268 182
175 252
542 775
468 769
724 358
48 168
430 552
395 885
373 423
208 825
540 392
158 583
950 737
4 6
78 243
533 144
902 66
960 642
876 427
26 311
81 884
576 949
652 809
158 114
939 208
976 241
705 559
746 713
36 627
435 347
233 639
801 238
694 315
411 849
381 966
37 147
582 966
942 589
307 120
347 61
117 621
414 539
481 319
727 493
363 160
960 314
496 366
41 194
383 855
602 217
73 296
816 79
755 544
186 497
181 88
993 552
979 179
651 543
972 992
599 54
99 699
114 966
765 660
187 613
71 21
896 974
127 273
392 656
736 736
592 250
995 949
118 272
219 910
633 739
993 38
20 757
935 225
817 662
175 260
91 980
775 100
872 793
940 204
886 752
233 424
674 38
965 443
116 307
348 596
344 598
739 817
236 587
898 71
605 585
390 906
503 523
360 101
698 938
203 439
707 192
56 281
555 294
600 613
564 103
975 335
46 115
156 970
523 823
848 747
813 555
86 688
151 6
726 371
701 447
224 500
873 110
14 962
280 630
157 557
208 318
266 194
681 511
744 766
151 164
570 683
741 698
966 114
847 311
354 956
757 121
895 85
779 965
69 439
945 966
624 595
985 531
879 348
971 642
864 704
719 890
28 832
195 807
562 352
26 221
787 705
330 197
253 304
748 220
614 318
614 909
923 366
977 747
502 229
248 778
51 425
732 927
944 1
946 246
987 683
948 873
867 841
955 214
372 591
946 164
538 194
740 825
617 294
685 28
778 430
729 388
941 572
502 489
451 116
951 457
67 589
103 573
528 892
362 535
997 716
373 740
10 825
958 998
592 477
217 887
134 794
524 898
845 80
505 743
750 231
199 95
587 509
20 642
753 559
409 838
839 622
534 906
680 792
500 626
931 717
257 794
79 911
954 815
567 912
547 136
133 472
844 947
990 939
265 587
584 637
57 64
24 160
204 291
295 496
772 170
297 462
744 82
488 82
772 82
354 527
272 570
179 129
758 45
273 966
881 3
553 388
256 768
574 964
335 477
127 337
279 230
344 372
162 294
557 546
524 145
29 818
73 793
966 511
981 766
454 39
260 382
998 483
815 597
770 561
778 642
879 321
929 308
454 873
517 519
139 354
126 608
693 176
588 443
328 690
418 350
334 146
418 553
992 762
783 587
209 218
921 416
205 127
162 417
588 109
783 414
81 878
974 74
697 684
245 125
961 663
540 772
553 311
211 839
400 572
402 989
607 759
476 709
867 388
53 356
449 240
772 301
469 455
219 853
599 776
787 959
613 400
28 873
903 420
109 108
17 153
183 408
419 469
424 966
315 260
436 913
264 668
916 74
879 995
421 977
40 21
571 266
970 326
573 935
530 187
130 837
163 592
383 600
684 559
432 585
26 24
847 736
384 102
317 859
488 142
400 637
450 221
521 775
56 572
557 804
766 546
937 449
153 113
315 256
581 386
595 919
208 21
405 932
436 549
137 182
696 386
769 790
508 108
801 702
901 337
563 634
305 492
572 105
4 284
182 562
984 329
219 85
259 775
802 126
536 526
325 115
182 427
958 660
396 560
377 753
374 150
234 775
225 666
666 912
637 319
912 150
845 654
303 965
207 249
874 780
163 288
419 245
822 627
531 535
736 383
499 817
252 825
556 309
788 187
658 264
344 431
390 566
934 325
874 485
471 558
19 734
657 642
290 919
411 322
920 436
7 573
624 162
210 483
86 118
903 133
347 485
87 371
49 145
697 856
702 266
292 696
594 473
55 518
521 460
667 57
243 186
376 446
603 8
310 143
934 705
836 575
235 498
836 36
469 499
23 426
79 557
567 161
720 857
412 650
30 41
735 356
99 713
988 473
492 652
25 656
993 659
632 15
32 887
883 518
781 306
924 577
575 538
51 277
225 42
249 774
634 817
233 843
234 106
682 106
787 25
9 930
838 109
439 445
865 714
407 158
519 533
632 281
710 608
5 522
341 512
755 112
511 894
297 289
927 877
616 990
920 266
434 651
498 99
952 723
591 732
944 175
576 253
227 816
757 984
311 840
749 923
954 842
748 312
139 481
465 322
254 137
728 575
198 795
877 558
996 960
890 711
219 292
156 568
186 272
960 189
3 574
378 329
614 408
541 85
671 135
945 108
60 580
763 538
727 573
618 307
595 814
645 9
839 717
983 62
902 758
233 18
971 202
822 968
620 571
610 822
411 629
340 228
626 176
43 459
316 19
984 467
934 928
658 550
194 900
760 568
150 166
370 38
273 975
62 743
87 666
860 788
972 405
857 981
632 403
572 622
534 386
683 859
547 142
297 62
257 326
10 558
955 509
492 917
351 594
937 576
236 999
685 374
67 722
538 991
344 375
871 371
527 360
228 916
85 62
434 659
159 649
235 94
342 977
56 148
756 347
477 75
335 31
97 318
67 616
477 873
624 464
757 160
640 435
142 518
352 904
582 578
830 284
679 176
677 910
161 288
169 83
668 606
515 843
456 233
231 854
873 437
629 439
641 793
145 164
191 14
215 54
547 322
3 384
361 746
498 869
633 424
760 107
999 25
889 950
35 969
13 529
896 357
260 16
545 627
301 193
598 558
907 379
145 429
525 769
386 28
853 650
561 973
682 538
769 459
507 972
665 122
751 621
464 28
629 315
14 459
930 778
840 83
171 62
178 239
53 366
102 939
592 26
497 160
163 671
646 765
971 408
215 956
673 502
736 116
670 712
517 14
394 549
682 229
704 131
401 932
688 139
560 9
720 656
248 727
898 740
887 704
81 318
443 571
826 252
938 480
509 843
886 352
653 158
329 287
937 735
47 72
147 796
383 487
501 989
179 668
624 886
839 778
174 548
331 399
254 561
669 586
372 176
954 787
562 220
927 42
454 305
913 733
79 136
334 798
251 346
286 434
895 212
49 587
462 892
749 577
888 424
96 767
65 694
495 689
845 349
190 873
857 721
707 730
308 66
475 835
420 53
823 235
869 244
949 584
384 30
534 289
908 741
143 52
660 818
714 412
421 39
554 124
306 478
650 739
99 692
183 672
788 15
977 955
556 719
751 902
324 842
491 22
522 628
633 991
140 371
5 320
212 568
564 318
591 840
419 58
163 952
561 531
418 197
36 707
336 201
151 807
98 648
993 76
665 555
982 921
574 604
450 495
601 407
963 200
112 72
734 717
150 372
77 435
575 591
713 133
663 685
399 505
657 929
623 871
246 638
767 897
705 417
826 606
512 80
988 716
294 336
156 949
688 234
52 488
929 361
7 343
921 478
53 594
816 423
283 483
850 199
587 362
23 63
289 270
142 374
425 739
391 870
489 138
454 503
808 591
929 274
550 874
350 685
872 195
156 528
96 866
736 993
244 58
695 777
776 504
310 510
201 314
400 618
233 659
179 779
114 42
392 637
778 295
293 513
21 850
14 738
853 393
688 278
830 574
13 208
813 587
313 408
505 925
59 431
771 164
92 517
974 238
565 462
422 633
246 36
226 506
762 162
86 324
192 319
811 52
228 213
838 259
891 923
866 381
711 384
73 473
534 181
29 132
577 129
472 769
707 319
635 512
706 471
332 580
168 226
158 964
951 589
108 432
896 883
855 725
197 397
282 181
199 585
262 320
718 14
417 673
684 367
838 96
830 592
65 510
761 789
655 407
701 37
570 951
523 683
398 180
317 563
634 207
106 552
281 735
727 271
166 185
8 25
100 402
355 365
3 243
585 294
558 161
883 900
804 600
691 632
308 296
109 652
508 342
65 859
178 992
557 789
113 798
11 343
410 484
130 95
719 114
296 248
354 781
576 329
869 563
22 290
28 903
164 82
346 634
41 147
758 40
507 598
950 565
493 378
217 586
729 452
400 351
840 198
808 308
106 409
18 676
631 56
30 927
385 772
418 286
796 745
802 829
127 241
832 919
291 515
500 866
642 257
886 924
912 984
692 493
511 190
33 203
81 64
476 311
993 313
676 672
649 652
658 489
811 293
490 322
173 120
203 713
624 672
773 775
300 13
701 118
748 431
381 120
617 631
956 912
439 790
612 100
659 485
341 733
540 401
511 369
564 222
397 693
375 880
752 306
712 644
119 719
580 979
674 619
241 504
81 139
991 531
469 94
688 395
900 985
49 7
374 332
771 17
49 308
520 586
758 773
459 368
927 732
516 592
30 643
809 604
619 794
396 173
866 134
734 831
273 37
641 572
59 281
598 125
60 529
491 256
559 242
675 321
959 381
18 586
159 504
26 42
505 196
114 598
350 902
390 809
109 199
351 693
781 960
125 856
361 178
865 34
120 16
193 604
525 364
982 391
807 825
606 101
102 118
487 234
838 125
790 844
623 573
327 631
652 383
900 432
785 199
496 661
375 220
88 156
31 280
716 974
443 346
38 760
116 923
528 75
396 383
258 737
384 9
746 879
154 931
993 731
647 245
283 280
738 45
111 630
297 956
594 86
805 783
791 821
821 752
91 192
24 442
903 406
675 264
419 633
671 37
593 341
379 476
473 507
326 458
815 330
126 257
48 983
567 445
555 239
242 919
349 938
998 174
50 250
946 920
277 51
715 67
45 525
260 120
566 309
50 859
18 714
550 648
454 372
140 82
140 193
293 506
283 867
774 559
330 382
847 582
71 219
190 804
589 267
949 532
763 287
887 799
891 324
408 142
339 363
362 682
986 143
510 537
780 43
193 52
564 619
969 858
537 245
143 977
294 256
897 62
71 884
190 432
222 821
501 472
416 886
282 339
281 167
217 243
112 132
757 182
234 466
840 767
786 400
51 969
861 854
468 361
80 689
564 433
11 535
863 268
679 879
636 77
242 503
701 166
941 780
592 630
49 146
281 482
777 465
988 924
336 468
267 559
1 374
455 986
756 726
376 790
246 824
317 374
721 856
306 485
289 11
658 895
429 759
338 805
383 133
241 597
966 262
904 921
285 333
172 251
595 774
850 909
128 231
673 152
47 705
533 623
474 724
692 498
573 558
99 674
559 74
808 658
895 369
851 721
418 826
19 993
863 264
380 136
122 155
682 303
27 105
701 820
767 179
635 47
865 916
283 651
302 554
160 311
894 249
21 280
369 780
769 701
970 209
145 296
338 625
94 995
59 960
663 449
236 378
41 103
335 309
146 802
459 198
595 807
762 538
636 224
515 939
960 764
39 16
528 484
563 395
310 546
96 210
365 609
711 994
271 238
434 975
715 652
768 389
849 416
462 730
741 55
127 572
50 685
771 223
531 628
347 588
772 16
769 388
522 683
165 142
433 69
907 226
305 311
490 622
901 387
657 524
839 744
657 64
623 894
412 642
531 446
329 137
524 83
176 664
109 74
439 49
674 928
778 13
505 246
466 986
24 175
745 352
442 568
278 336
357 417
938 383
146 660
958 516
628 369
250 848
546 354
141 971
759 823
244 97
87 722
37 213
536 441
676 129
167 30
136 803
474 696
781 233
59 898
152 953
206 13
875 349
656 841
998 209
988 973
39 180
414 133
847 481
485 800
896 171
702 798
736 309
104 25
916 719
416 107
706 179
966 125
605 782
78 57
301 264
265 152
148 48
794 762
728 873
333 561
748 761
984 643
862 868
327 751
648 172
984 300
65 420
341 122
328 548
427 226
532 797
765 864
286 826
179 980
936 143
187 613
728 661
669 149
557 457
105 558
270 922
202 906
669 951
906 225
162 460
197 269
207 114
77 212
602 719
610 926
253 845
172 606
493 38
498 837
269 797
539 459
799 857
817 375
776 954
630 893
184 703
91 193
587 963
163 138
846 555
941 951
871 426
875 884
564 99
709 539
103 542
933 739
599 880
791 491
191 727
498 939
296 549
610 791
289 489
545 339
490 855
633 986
164 269
749 765
724 692
115 793
908 228
183 105
771 155
877 387
450 417
372 360
50 154
28 531
276 690
898 492
61 303
73 372
137 421
902 998
824 108
161 986
44 994
275 252
709 840
796 601
824 378
599 315
805 591
163 567
727 391
427 761
237 309
149 996
745 563
783 757
17 772
375 722
625 492
743 526
975 352
882 443
952 511
509 500
593 563
398 615
701 449
311 270
594 328
655 472
904 265
857 373
478 82
154 210
350 608
463 437
706 28
388 225
97 269
252 647
512 148
186 35
628 194
56 875
441 244
182 580
349 590
454 367
446 40
507 261
503 943
138 986
255 189
727 843
947 325
984 470
683 942
954 154
469 853
383 24
64 42
570 69
227 659
553 166
408 794
605 744
275 611
330 292
2 264
144 604
456 706
907 905
879 973
800 900
221 494
254 125
259 191
493 108
444 328
198 884
694 708
832 926
732 630
149 155
92 470
512 586
278 16
455 973
616 386
134 652
368 656
605 194
33 977
57 481
853 410
862 420
752 258
900 870
354 199
421 559
788 1
440 966
267 985
875 239
870 702
127 429
530 373
722 754
313 302
143 338
169 645
771 813
430 218
118 600
922 288
707 189
284 961
613 133
820 532
784 85
104 557
889 707
301 581
312 565
243 891
738 999
44 493
44 606
950 330
24 763
372 596
133 425
551 80
182 966
81 601
900 596
518 187
330 866
69 208
872 612
704 234
700 509
469 450
763 240
114 236
314 637
948 127
756 846
693 330
90 260
417 820
440 577
240 854
345 574
20 829
127 944
61 307
970 523
990 443
609 865
234 854
676 25
351 21
546 110
478 877
477 259
390 906
425 599
112 940
695 452
5 218
590 676
756 285
52 217
869 717
309 303
801 97
206 544
341 870
776 650
638 635
142 891
618 523
617 849
39 521
103 103
625 246
212 97
964 854
309 464
258 772
938 312
370 23
852 526
499 402
737 641
576 27
235 209
720 108
280 521
778 237
472 84
353 254
476 696
88 946
484 572
364 118
850 8
451 401
998 638
220 588
224 570
516 320
56 96
997 522
965 983
206 494
847 546
206 578
149 921
985 808
421 929
779 922
898 237
934 164
528 849
614 91
835 729
705 881
419 511
948 488
605 210
787 867
984 239
868 935
361 907
271 523
418 382
796 120
24 680
824 533
204 702
805 847
332 326
48 832
281 135
758 823
392 372
942 797
192 742
186 308
579 833
391 549
877 792
864 932
539 122
764 181
129 239
928 529
379 567
482 912
246 591
870 92
711 537
37 218
904 478
681 634
404 509
941 481
178 966
360 141
956 998
659 502
502 711
255 209
444 138
665 28
27 390
665 749
999 415
440 471
618 542
828 694
339 834
34 436
714 673
566 307
945 32
836 83
39 435
345 906
478 300
261 343
677 264
636 697
204 405
380 80
487 407
971 1
768 499
204 680
345 742
454 794
667 272
109 739
269 247
847 228
868 743
347 977
687 767
226 847
702 27
53 942
519 118
49 189
159 66
451 931
487 271
845 280
72 614
272 174
394 422
958 127
947 484
995 92
243 79
974 720
138 561
207 583
403 121
601 36
104 983
648 62
798 33
221 624
887 820
36 502
247 617
641 694
96 627
948 64
867 356
891 400
757 290
911 641
781 514
931 359
993 918
884 41
970 197
676 688
596 190
627 549
446 209
467 542
326 429
520 384
961 635
447 903
222 894
506 648
988 776
489 14
186 415
892 662
981 800
710 297
255 721
740 350
780 733
677 776
73 300
521 639
299 901
345 919
388 781
27 311
704 493
80 378
111 614
572 285
40 66
302 175
348 75
758 386
967 285
667 790
228 9
479 339
887 633
749 230
426 282
13 194
32 164
171 688
357 4
662 2
720 251
322 266
257 322
462 313
556 702
539 216
120 151
59 492
776 475
327 535
902 396
387 683
455 672
36 848
12 258
724 933
436 773
828 477
848 362
332 516
14 604
807 923
727 899
531 557
978 231
893 331
354 476
649 187
104 778
361 811
875 799
961 200
834 453
424 330
203 358
305 14
28 476
679 686
193 137
953 305
227 637
217 715
