7000 4000
866 334
16 555
577 983
458 493
51 610
762 557
370 286
805 847
549 931
534 479
963 885
142 667
578 932
709 946
798 136
89 672
655 674
368 994
521 964
190 462
317 403
703 858
628 49
882 519
998 490
182 643
80 811
917 900
544 248
69 168
594 115
965 634
616 196
232 380
410 699
427 703
895 291
591 500
365 704
328 553
120 75
168 139
350 726
48 785
451 998
138 655
481 695
50 761
981 817
756 81
519 691
471 753
556 439
894 124
182 674
198 168
855 658
846 58
75 533
719 367
501 178
227 263
561 80
644 871
638 432
789 561
377 800
85 743
722 129
551 205
581 836
3 467
694 233
837 116
706 191
647 742
229 620
723 367
632 123
866 871
914 380
264 313
304 57
744 797
596 478
401 958
147 613
204 684
937 641
847 753
886 847
611 975
74 374
317 464
193 990
290 4
703 35
956 518
611 435
318 283
775 248
534 648
287 477
263 888
275 967
270 414
533 947
527 85
169 557
638 508
486 124
2 561
134 129
28 820
354 17
729 811
581 671
987 512
908 829
248 767
67 160
245 548
153 358
862 742
997 167
814 587
570 566
806 176
880 512
877 588
554 901
690 913
512 967
169 420
367 842
801 511
409 317
400 355
334 886
398 677
467 142
780 344
614 542
825 809
720 541
571 459
803 845
735 97
111 330
642 819
805 13
343 227
605 178
829 332
584 748
53 67
157 975
626 942
892 156
133 802
650 202
914 950
96 14
248 221
334 357
647 999
396 734
960 292
944 920
375 461
345 31
279 550
648 977
94 403
616 565
795 972
866 549
593 666
240 256
614 196
118 591
665 635
487 183
657 919
8 324
340 71
883 171
273 182
398 357
763 85
810 855
820 444
212 965
820 537
721 848
55 372
444 14
80 666
216 192
312 258
332 150
430 479
657 355
752 269
719 120
146 934
622 601
254 535
130 710
342 532
743 715
86 775
65 239
943 247
26 442
580 154
46 658
162 461
513 100
341 933
763 238
535 854
214 533
128 516
669 720
513 445
289 925
815 617
135 579
645 594
891 821
334 605
893 677
753 761
98 829
711 376
436 149
641 801
306 611
713 815
284 337
933 132
527 88
701 93
450 29
206 925
795 893
527 346
756 262
650 241
206 97
144 676
883 917
858 515
869 572
57 221
392 21
87 65
377 943
236 703
111 844
701 475
666 25
947 520
778 847
480 374
255 176
363 101
373 155
534 620
187 38
821 631
466 85
953 785
962 327
697 342
599 265
375 532
101 803
344 247
481 634
619 58
318 302
427 59
419 468
79 458
901 886
223 988
978 120
746 712
228 666
39 652
209 538
19 173
384 122
360 663
364 546
299 867
870 132
945 77
157 621
214 25
358 377
440 833
352 139
290 237
570 326
954 313
623 781
321 786
792 504
757 585
393 59
71 61
209 809
216 490
282 827
682 623
412 357
875 149
237 334
562 594
566 790
172 788
6 463
490 70
567 857
805 40
393 540
190 379
570 263
793 6
546 690
574 334
236 258
268 293
105 26
416 580
361 378
856 730
874 5
520 274
919 617
182 625
887 568
489 918
925 664
204 173
727 117
419 485
725 431
523 125
539 586
901 128
957 730
497 553
828 873
917 651
71 843
183 995
678 800
500 673
984 874
830 492
566 254
512 180
118 121
312 639
610 130
243 996
529 834
273 9
732 603
681 403
217 518
340 587
616 697
99 199
604 827
821 904
669 630
726 622
698 386
834 256
596 821
928 491
343 535
147 670
384 77
374 89
946 564
902 727
9 436
940 982
114 771
339 381
127 938
234 659
548 675
727 966
17 229
212 471
679 32
806 362
837 567
768 33
998 868
319 192
464 457
877 301
571 942
121 442
314 409
897 136
946 168
127 965
395 857
917 66
556 10
869 386
662 336
538 158
978 319
26 26
60 920
443 238
29 289
482 670
616 362
103 329
389 489
534 31
657 298
157 302
680 829
307 52
292 867
441 820
332 359
613 310
783 580
902 362
323 686
463 628
714 80
317 492
668 231
255 839
43 868
151 455
146 873
318 877
602 907
166 647
231 125
296 865
379 444
802 983
508 627
327 346
80 544
853 800
450 518
345 761
369 84
162 917
497 64
825 292
749 400
971 615
717 894
713 99
779 840
208 610
535 278
108 133
174 274
874 954
143 334
452 883
512 976
916 501
435 604
614 33
54 419
153 597
113 297
681 229
228 18
709 902
917 350
766 111
53 283
755 669
438 525
843 390
480 745
259 592
560 217
888 226
670 33
834 27
613 885
831 497
291 385
503 249
842 374
183 23
487 161
623 384
569 608
249 269
671 802
949 950
798 275
611 406
561 937
473 653
549 767
696 603
697 357
760 64
446 730
71 63
172 657
122 870
609 431
833 827
505 716
884 433
226 167
892 227
763 226
195 523
856 958
987 583
404 372
779 164
483 84
681 555
399 814
140 626
905 453
321 925
705 645
332 457
15 514
555 528
963 123
411 644
140 379
848 803
292 677
536 742
116 71
312 744
935 879
269 881
307 421
901 19
615 999
586 189
354 243
736 812
526 567
137 985
152 669
45 130
172 759
816 810
665 534
328 265
655 916
422 553
439 422
414 949
243 334
497 763
734 840
911 706
176 774
868 901
684 159
157 981
304 131
553 416
886 704
328 693
545 318
475 407
247 955
32 90
866 952
36 534
99 233
28 490
808 974
542 798
801 109
722 765
348 802
771 786
625 798
954 980
116 240
186 964
497 143
318 297
774 391
70 681
102 839
342 543
777 956
365 416
419 849
739 363
432 587
527 705
791 975
633 745
580 802
737 55
226 416
642 658
57 783
324 699
18 349
166 729
439 507
150 100
708 164
357 641
777 682
681 900
908 896
384 610
198 736
90 394
832 761
812 567
963 697
574 22
530 666
274 444
77 600
712 453
194 139
747 804
287 618
222 354
454 371
372 833
627 391
995 735
104 436
26 538
80 456
612 654
711 919
274 470
808 516
952 438
167 859
328 727
931 807
726 792
584 952
669 516
237 59
887 996
509 102
126 747
673 711
288 423
387 281
698 100
730 296
496 492
40 648
49 682
866 895
650 590
391 229
953 44
360 568
111 683
499 191
114 152
877 359
720 882
319 306
124 193
958 921
1 15
698 285
690 64
144 617
30 882
154 483
1 139
769 890
799 252
824 513
158 730
969 243
813 227
901 224
264 167
902 228
215 221
915 166
120 570
301 372
742 72
714 145
359 591
425 311
275 294
373 176
647 718
634 426
265 954
446 833
373 175
931 74
45 546
877 564
70 995
184 565
8 688
867 205
51 225
52 670
297 346
509 806
456 244
303 138
689 996
156 790
369 660
799 127
350 403
604 364
603 899
923 768
839 83
85 764
227 294
714 184
622 30
113 465
736 934
421 483
475 535
682 987
313 14
891 800
450 62
13 704
425 874
923 630
234 272
880 329
440 391
741 332
208 905
769 561
939 370
710 291
270 114
482 52
569 757
132 355
369 485
795 471
773 579
911 934
480 391
442 583
604 922
633 246
774 567
572 728
75 429
913 396
609 297
119 445
714 288
209 832
36 802
476 893
268 923
707 529
260 346
183 539
890 999
284 903
158 370
804 626
645 490
768 459
551 377
444 122
860 319
959 881
345 864
894 996
118 298
805 792
390 855
810 145
403 304
802 108
52 423
37 934
709 536
469 283
724 169
578 769
399 858
311 845
228 836
837 162
279 693
885 76
873 430
229 454
493 483
629 683
96 128
708 943
295 152
648 799
402 663
84 282
727 409
922 31
597 981
270 619
830 250
830 835
615 506
368 102
796 68
625 769
312 544
244 454
431 682
182 992
505 538
371 384
874 584
643 48
427 861
445 432
127 285
330 483
673 293
502 766
266 948
805 772
510 978
987 383
99 753
774 172
351 380
805 391
469 927
469 595
978 838
975 506
733 690
349 602
767 989
79 270
849 336
200 426
798 710
475 776
681 804
544 471
232 227
871 957
462 331
194 216
386 708
782 247
328 764
265 692
419 742
32 930
661 964
964 290
914 729
397 404
789 210
403 250
97 886
905 825
289 529
225 808
653 71
754 816
146 551
335 907
199 468
53 878
392 202
15 409
227 205
276 6
116 942
872 354
723 581
555 841
260 347
386 72
554 990
601 599
801 802
73 609
616 738
215 851
632 804
792 961
302 628
927 880
711 406
536 741
649 220
23 975
643 793
392 861
849 749
862 980
30 674
26 821
73 360
729 758
445 621
331 251
772 606
801 336
312 986
844 582
183 699
478 748
503 582
716 342
83 325
121 120
489 434
695 845
704 438
590 778
952 672
717 749
141 759
582 177
949 353
824 465
69 831
972 875
898 161
664 330
845 849
175 910
972 744
663 410
67 371
870 128
905 397
582 838
501 28
389 176
97 557
317 340
810 601
20 32
357 266
927 104
373 882
590 524
126 716
106 948
851 799
513 44
323 832
9 53
477 142
142 156
338 77
430 976
328 651
440 681
31 743
26 885
894 240
790 828
868 916
267 436
810 408
370 924
83 589
867 893
900 69
975 884
946 417
462 431
67 904
497 170
386 598
42 349
632 334
74 509
897 752
335 659
675 940
303 33
142 700
538 482
659 48
378 432
925 576
148 511
546 938
923 800
131 222
284 370
964 670
515 159
76 590
746 411
695 63
455 652
991 401
485 723
548 575
922 959
201 233
758 177
699 845
680 524
11 18
200 444
400 723
50 734
377 646
776 554
472 487
311 776
989 560
473 571
27 462
685 919
381 303
876 242
186 781
82 342
230 100
165 561
256 940
175 460
657 651
254 309
715 211
287 830
441 826
498 89
531 842
30 254
854 844
154 40
293 395
194 690
551 764
822 667
198 334
882 120
410 201
497 441
198 591
946 283
392 988
323 580
49 334
435 656
222 152
865 657
904 410
405 786
62 497
947 163
704 358
798 657
113 439
511 514
365 246
521 206
321 981
469 554
23 615
176 110
477 556
992 125
482 419
27 351
643 33
221 407
654 13
751 225
604 100
426 915
496 694
154 250
276 260
215 705
251 755
274 70
823 601
398 35
842 287
558 204
672 84
853 633
884 73
309 709
819 748
856 653
721 784
755 413
114 844
337 11
522 326
849 163
423 58
242 755
921 285
547 962
187 197
266 787
540 641
214 102
397 515
338 255
625 688
498 375
889 966
27 84
697 525
494 987
933 240
961 513
538 225
753 456
591 778
625 755
159 633
6 523
527 606
172 919
274 652
262 501
23 713
766 678
501 584
494 511
396 697
666 446
848 476
135 170
251 774
60 19
942 526
98 606
673 298
908 838
74 908
311 233
949 207
286 946
359 330
350 80
622 182
673 150
930 351
126 360
735 853
838 800
496 86
948 448
205 751
847 696
348 601
518 576
895 384
810 459
242 981
717 860
513 401
157 642
537 710
384 989
693 26
475 555
460 507
280 251
828 390
325 262
714 974
485 627
609 918
423 378
224 141
312 389
72 427
407 251
758 206
383 471
427 387
188 262
146 456
654 297
841 958
172 678
574 283
506 518
552 991
983 743
540 455
45 964
324 449
84 68
918 441
478 425
602 596
746 360
444 50
670 885
182 486
377 378
687 252
148 340
824 514
820 941
208 163
67 123
660 314
5 66
66 373
289 274
230 724
468 280
954 592
871 939
313 89
485 186
631 909
76 41
263 718
183 524
834 886
208 312
377 680
946 250
277 804
48 773
939 884
758 178
903 46
369 118
349 680
476 604
585 408
298 593
395 223
390 972
441 256
970 511
848 159
693 549
967 178
592 398
407 656
672 399
749 210
925 603
154 221
408 249
110 841
379 607
815 13
286 288
174 848
887 839
46 693
562 6
640 301
556 905
824 950
44 190
646 851
84 134
82 106
316 299
708 931
165 902
343 621
276 367
432 89
137 419
212 189
869 353
696 188
514 774
730 655
937 828
642 970
156 156
933 26
612 621
405 230
709 539
185 351
514 356
230 529
476 474
731 736
661 459
74 211
494 65
806 37
507 705
349 344
598 463
641 246
563 541
191 699
657 776
330 791
391 365
552 870
240 290
700 420
598 740
323 179
361 658
710 297
223 982
618 642
594 919
341 63
332 41
618 253
93 806
344 338
421 754
73 585
778 349
135 435
244 428
217 212
735 497
647 356
504 67
106 397
138 288
69 123
65 821
787 199
637 115
834 61
414 902
262 584
221 965
888 36
433 785
918 227
49 11
693 879
748 315
250 690
869 416
961 451
766 154
569 765
834 223
237 427
536 707
204 208
953 543
636 825
478 217
800 826
74 732
138 117
721 803
793 632
620 368
186 243
260 285
315 710
838 259
814 995
605 939
998 379
852 687
744 874
427 42
713 666
279 990
103 166
332 8
216 319
923 333
11 519
272 215
519 483
554 451
921 232
154 548
456 9
349 288
615 557
997 461
936 414
677 331
709 455
424 218
833 893
514 206
633 368
812 32
791 188
291 613
32 676
652 449
724 973
378 48
227 954
185 270
411 511
513 547
4 793
823 82
435 193
905 892
230 468
134 992
19 757
452 412
165 865
346 711
281 435
577 168
422 811
157 792
800 890
210 730
81 443
81 339
378 172
784 551
503 224
585 678
587 681
128 997
244 741
547 720
955 357
552 445
193 985
99 680
976 575
626 882
508 945
850 488
300 410
812 787
153 394
58 552
584 340
394 561
770 237
797 432
909 739
978 384
539 814
380 239
677 575
412 14
119 212
194 538
665 447
62 475
703 90
666 958
440 106
898 641
936 651
810 255
528 348
11 826
663 94
330 193
796 370
489 8
159 926
682 97
233 992
311 27
15 408
676 564
405 628
296 641
757 821
590 641
433 693
524 62
487 246
719 298
673 733
563 955
342 808
338 525
176 721
351 643
149 33
365 810
728 309
403 330
306 571
784 15
643 492
735 964
22 114
551 87
303 308
900 500
189 788
488 767
347 987
535 210
711 899
746 397
427 45
546 49
630 591
32 277
766 764
162 455
867 148
718 583
834 316
731 899
257 928
789 383
352 740
782 694
194 490
954 191
338 615
49 720
363 26
880 372
284 73
998 857
930 85
840 86
787 157
397 420
30 942
734 503
691 361
191 533
968 983
65 972
237 64
780 985
885 341
207 881
632 441
210 679
687 105
535 55
422 639
458 389
472 171
839 520
856 200
765 695
912 896
659 679
382 775
475 324
332 630
162 678
798 993
578 707
77 207
461 953
219 379
415 347
692 406
579 287
180 478
333 231
168 900
628 761
522 37
911 155
507 642
742 385
158 258
666 191
6 58
888 914
72 149
253 310
871 148
314 38
715 99
114 239
20 94
260 347
770 12
392 19
622 974
129 569
467 591
704 12
30 126
250 625
511 761
271 243
615 139
584 522
480 414
492 159
600 421
30 573
55 148
998 581
653 490
383 106
574 697
870 945
902 794
811 572
511 592
336 928
306 445
146 665
991 924
979 537
625 262
178 293
359 55
915 735
979 411
665 232
445 610
698 775
819 258
898 566
733 740
568 624
601 953
644 920
103 842
11 179
140 41
474 427
7 269
656 803
10 52
991 820
675 958
367 914
256 837
858 738
287 645
515 135
566 749
725 60
175 970
769 889
525 890
120 875
206 930
292 346
538 883
366 190
272 920
812 455
841 418
579 802
177 763
585 969
107 846
410 22
277 795
24 833
573 344
149 480
580 309
148 729
135 143
770 6
219 863
804 32
592 438
34 121
232 7
172 81
595 291
153 226
490 138
716 438
414 821
67 982
577 553
434 441
79 141
37 590
450 920
520 407
387 995
591 979
790 95
680 89
512 426
741 192
484 52
782 188
74 881
375 786
825 907
85 501
129 242
210 211
292 913
343 479
211 425
893 210
601 196
177 692
758 828
521 100
35 492
420 543
278 507
798 521
433 747
909 243
985 55
35 479
352 34
817 13
796 43
120 372
239 903
541 487
463 317
519 564
287 22
932 658
924 536
96 859
178 827
382 795
376 750
585 164
258 113
802 624
15 160
684 390
685 13
832 690
206 278
232 698
186 84
815 657
605 470
256 694
576 570
153 196
413 674
247 992
105 169
902 668
703 563
738 598
523 957
334 758
796 482
590 481
373 766
690 921
267 308
296 6
484 454
216 417
179 474
212 931
797 401
138 820
749 712
501 691
203 211
703 883
488 835
757 765
797 565
853 762
765 893
544 288
946 119
542 722
513 712
980 566
990 171
513 408
155 828
962 283
381 94
504 935
561 551
754 51
681 724
340 54
821 305
507 786
929 541
296 854
583 976
981 646
148 426
114 47
733 95
572 133
788 680
588 171
625 429
721 463
470 387
420 176
446 202
447 400
951 45
4 210
452 17
719 557
557 671
702 269
32 995
529 364
206 210
73 818
442 38
554 329
190 772
794 519
82 738
681 604
459 432
699 273
795 567
344 57
7 479
788 906
412 485
385 688
265 964
359 767
740 590
103 788
599 617
585 908
400 936
801 358
329 241
698 61
907 948
262 479
478 316
253 396
351 516
671 9
503 27
161 666
496 394
750 335
896 782
28 206
477 67
314 138
291 486
749 755
711 486
365 877
835 37
649 364
601 816
289 636
3 119
637 577
681 430
174 386
996 76
813 231
511 801
837 976
860 631
459 833
464 566
548 652
375 108
163 332
194 442
688 216
28 528
226 218
232 791
778 177
503 105
611 527
775 561
43 675
799 60
812 865
434 554
359 378
21 202
855 178
140 540
999 120
785 378
646 152
920 709
523 8
808 119
913 942
470 271
505 668
14 172
746 933
37 329
351 410
685 305
16 295
361 11
763 377
196 112
743 624
593 644
187 496
854 347
254 88
484 710
748 315
848 725
345 724
217 695
651 126
704 952
379 867
880 223
496 506
157 894
575 169
978 849
937 964
383 833
377 846
838 861
180 116
767 688
856 322
667 207
36 282
765 884
802 499
849 603
688 220
518 848
740 908
352 101
241 399
711 707
991 125
498 206
749 567
68 815
634 656
754 144
765 78
256 271
81 382
112 868
718 54
109 380
870 314
409 519
722 272
917 21
499 256
930 708
584 752
163 80
811 468
800 433
874 298
359 875
947 617
257 746
227 212
558 479
980 626
77 834
536 865
58 225
42 432
885 98
931 485
987 368
67 85
379 960
59 29
344 457
550 893
975 672
899 65
596 921
35 432
469 257
813 251
514 313
65 315
264 715
880 614
963 48
932 393
223 415
280 274
191 806
562 271
214 245
35 929
466 832
322 211
154 883
524 344
133 102
140 636
465 977
936 393
507 203
430 145
396 462
382 286
374 967
803 321
435 233
346 804
972 32
519 727
733 32
81 160
321 357
296 717
222 91
185 723
574 424
593 669
461 271
742 228
156 715
490 441
908 635
725 104
903 639
563 911
971 427
339 368
548 722
374 605
361 614
266 198
359 702
106 833
52 336
900 527
436 918
205 476
775 99
992 573
136 309
12 117
326 781
681 53
659 958
485 817
323 726
94 930
58 159
389 836
81 364
153 283
903 620
333 624
549 689
77 35
990 324
443 800
34 77
677 477
18 528
574 890
146 234
789 62
954 337
330 221
773 197
504 639
905 884
744 560
248 976
6 955
618 635
473 644
410 337
689 278
913 458
67 940
780 535
296 136
290 149
22 2
151 157
247 227
742 216
903 879
186 405
75 515
287 341
999 417
616 216
15 354
607 412
631 456
22 316
761 304
242 496
784 934
591 36
593 481
817 532
737 151
770 909
786 461
530 503
683 716
19 561
127 989
798 135
170 633
394 544
768 890
913 958
707 215
971 103
319 233
750 667
294 477
327 948
314 888
167 916
924 510
236 755
580 424
573 324
755 808
161 667
162 3
522 531
923 776
287 318
182 418
433 682
305 770
445 995
360 820
217 43
626 437
495 949
687 950
421 846
892 428
686 815
6 503
470 294
595 933
507 526
583 722
319 812
181 287
606 864
78 829
289 107
878 235
170 367
370 656
717 271
509 109
435 416
404 456
596 908
914 941
422 440
45 480
93 937
818 757
761 898
899 620
572 604
32 719
231 458
862 380
85 375
578 290
739 169
437 632
146 247
836 736
520 730
791 899
973 41
666 721
486 638
489 421
109 984
221 260
620 173
272 24
964 176
672 903
505 291
892 889
130 596
569 715
277 576
214 756
604 968
15 568
259 65
413 421
1 253
163 447
922 147
267 655
859 259
343 863
14 480
656 328
704 654
788 940
11 510
806 91
944 682
239 821
570 43
243 174
163 330
877 387
632 745
274 893
627 96
809 47
792 972
818 868
573 132
95 652
829 267
597 177
98 777
43 366
259 208
348 571
109 143
867 79
138 7
760 958
632 917
933 198
975 992
833 939
977 393
883 987
23 493
311 31
251 873
965 193
84 993
805 514
869 932
459 869
597 817
807 456
644 455
631 818
827 73
84 154
705 710
106 711
80 177
490 505
379 21
368 253
760 924
761 771
836 390
728 782
698 487
740 86
931 107
659 854
880 369
610 898
466 333
25 984
28 941
791 728
768 123
459 523
203 751
144 136
472 408
257 859
645 634
736 115
545 786
164 630
751 60
213 257
156 470
462 365
804 437
352 993
544 811
800 405
544 294
163 282
517 81
390 986
683 904
738 919
438 138
360 449
986 15
105 744
227 26
843 220
862 314
3 6
961 748
241 405
990 346
155 268
673 40
114 529
526 558
757 126
844 742
961 64
859 554
633 9
333 958
24 499
536 248
638 713
563 989
8 423
873 67
28 946
544 937
520 556
560 555
775 748
837 303
694 428
813 126
995 290
666 461
208 335
552 226
926 592
12 226
399 248
391 135
881 988
345 816
4 820
578 871
259 103
739 183
333 105
18 79
927 835
62 836
753 550
214 205
704 138
562 189
596 423
304 492
490 887
197 855
408 98
260 574
950 202
352 378
847 67
906 276
293 869
436 211
715 816
106 884
61 187
219 105
315 384
748 179
740 237
620 811
578 228
759 265
840 442
473 657
947 859
437 809
478 520
550 4
379 801
302 704
999 688
443 449
665 267
826 77
396 925
638 620
450 545
612 539
420 696
279 785
661 531
351 395
968 875
653 559
273 828
78 26
223 213
124 531
836 833
55 105
940 363
704 369
108 808
960 655
354 704
780 446
397 86
275 971
717 817
633 363
196 545
71 558
943 682
93 425
903 976
169 159
826 616
27 792
288 208
293 497
948 988
89 220
305 648
289 308
812 482
52 659
162 159
875 133
715 994
673 823
704 898
148 851
283 497
34 31
716 541
297 272
420 62
716 912
712 578
407 282
179 328
136 53
52 150
528 882
123 808
13 307
187 539
855 337
570 562
757 136
194 399
944 555
351 466
25 590
853 29
487 501
116 312
628 108
400 91
642 458
30 178
582 600
561 702
784 689
796 997
596 740
215 992
805 502
432 777
200 764
536 856
44 208
912 801
325 311
621 821
653 244
267 645
743 749
544 268
93 696
426 205
984 708
908 474
450 70
597 267
4 339
839 125
138 908
929 112
276 125
93 875
261 297
818 799
952 411
534 945
679 348
101 846
422 816
391 735
723 116
164 417
540 191
117 678
955 973
33 549
448 825
843 283
824 928
582 659
423 795
952 19
354 282
398 398
499 779
371 185
920 272
109 949
840 36
955 385
712 566
664 874
372 975
982 822
905 315
951 208
697 949
647 317
40 899
693 455
131 219
248 257
869 462
710 665
12 186
438 242
402 143
742 485
345 101
64 206
19 154
322 201
678 565
589 694
439 965
157 168
440 773
302 957
445 667
832 453
886 908
123 495
154 101
858 776
639 985
923 812
118 991
562 926
882 946
329 812
93 774
453 206
521 402
297 10
804 662
174 462
175 104
256 115
751 823
389 464
663 787
96 237
342 744
765 482
739 652
318 379
907 49
84 435
426 174
89 411
241 352
328 637
993 740
312 598
86 929
594 873
315 399
549 204
707 403
560 889
440 520
204 316
323 945
663 252
394 238
4 378
842 597
944 247
273 756
471 174
938 535
814 906
916 96
905 667
232 102
321 722
516 883
119 676
850 893
959 729
627 721
880 450
537 4
432 883
967 139
957 53
196 268
762 925
147 997
361 742
898 376
956 127
795 627
410 445
660 287
335 583
954 271
66 848
81 834
83 119
594 326
427 410
797 449
885 814
421 328
941 527
581 227
606 939
194 309
38 313
243 339
18 722
722 868
25 717
277 678
541 738
833 912
51 987
451 10
961 845
792 807
554 863
919 25
933 463
795 873
164 940
686 147
272 64
181 441
917 693
549 73
18 426
584 314
197 42
415 577
223 725
524 158
335 468
801 744
121 134
805 319
235 260
553 772
935 226
275 159
408 249
624 179
108 330
316 932
141 803
370 253
80 689
416 853
224 181
342 916
820 60
9 649
209 112
692 83
131 476
369 919
564 440
185 391
130 24
858 512
766 664
741 545
352 506
303 314
451 220
367 200
573 473
719 90
79 655
205 799
806 125
312 713
299 427
224 426
727 81
138 529
462 449
597 496
13 632
837 254
513 188
85 897
898 133
214 750
288 933
248 385
215 546
629 258
576 199
286 673
557 815
10 319
355 316
310 242
737 896
129 636
953 602
277 538
120 709
579 734
33 14
280 998
291 765
947 338
859 174
468 979
838 780
222 521
56 843
574 658
402 503
446 654
306 687
692 654
96 880
172 855
345 181
928 133
810 284
897 262
541 319
70 101
900 461
753 811
624 359
572 882
529 868
189 107
902 863
917 230
917 505
996 647
728 337
138 561
232 35
979 575
733 827
468 795
786 807
345 591
224 150
168 100
171 824
620 95
1 481
595 643
90 741
433 288
798 208
278 661
167 209
68 805
860 664
350 722
341 44
689 699
98 448
80 625
324 490
534 167
814 365
947 955
509 279
530 407
969 198
592 241
926 973
359 834
10 758
315 779
61 165
142 555
546 256
527 451
970 152
698 838
476 196
460 36
522 920
864 585
382 66
742 800
91 248
75 56
864 967
225 541
184 247
907 570
353 300
954 205
961 232
312 598
78 774
504 199
654 496
744 552
537 107
867 254
74 99
198 888
203 824
90 97
819 262
369 464
234 627
571 823
707 666
180 644
412 654
325 481
865 447
857 965
224 516
528 533
301 734
943 73
992 2
930 622
814 83
95 742
305 925
266 982
917 740
96 313
359 351
172 855
408 13
471 680
348 542
946 811
495 74
62 751
842 956
877 701
338 48
262 918
522 225
741 19
942 170
446 205
924 361
446 41
518 392
948 40
36 359
914 430
236 869
216 602
280 277
846 511
430 388
763 295
382 722
995 649
75 351
158 539
127 169
150 485
527 526
300 752
755 206
181 670
637 408
692 110
587 921
80 841
732 287
17 880
961 105
719 410
540 471
473 444
554 740
285 344
555 20
907 396
279 538
196 12
941 35
780 988
922 403
322 626
455 173
756 819
527 611
724 911
715 971
211 544
802 959
651 929
830 17
924 762
122 644
291 605
905 498
60 350
535 431
676 838
770 215
410 166
842 575
844 968
627 768
15 768
211 719
854 368
925 905
169 490
828 452
928 943
62 635
305 239
810 48
822 4
334 122
144 207
488 712
599 972
701 203
969 956
314 970
539 180
825 337
886 867
929 210
194 121
951 734
110 525
141 482
310 662
756 758
424 626
242 772
467 924
361 689
112 625
230 453
404 676
57 721
225 484
305 393
449 843
196 791
672 682
180 384
498 137
602 257
705 318
31 737
311 122
729 333
658 588
90 530
708 312
354 467
547 599
195 737
22 911
281 754
916 685
552 443
792 660
408 867
460 68
698 991
272 808
230 826
140 65
405 389
255 287
803 656
342 736
720 402
80 150
686 756
181 419
215 334
940 431
138 734
204 930
987 140
787 865
522 248
634 386
139 513
123 215
281 35
563 223
314 641
33 975
497 558
146 851
281 940
27 197
724 720
773 231
714 673
309 217
811 797
377 745
853 7
945 39
183 209
222 842
59 310
382 582
284 359
722 398
98 911
369 201
866 488
373 702
81 779
34 107
253 515
483 95
606 748
260 700
731 734
974 635
636 456
836 61
309 914
353 658
726 723
92 135
65 268
89 755
993 550
268 165
829 287
61 483
139 626
75 862
409 519
959 223
91 635
162 743
20 954
224 321
939 27
327 44
542 200
635 240
113 374
202 793
527 732
710 512
305 445
516 629
895 188
472 848
842 287
460 960
81 674
318 27
476 163
613 101
414 528
51 964
130 121
591 537
990 582
120 75
260 999
659 815
558 951
791 637
600 719
273 624
492 596
44 212
346 936
329 734
707 337
221 158
388 904
4 846
968 222
830 239
775 970
857 403
617 998
45 648
360 240
88 396
108 529
612 843
580 12
794 193
25 687
982 114
373 103
949 982
470 213
807 953
511 669
495 752
864 58
79 230
551 142
958 352
405 287
735 829
895 902
139 897
649 412
894 841
128 724
67 329
28 930
720 570
593 370
602 929
464 204
60 806
50 337
426 371
487 146
32 759
665 535
684 93
144 895
246 932
614 392
190 119
33 927
515 405
178 90
632 674
912 665
37 292
258 253
648 382
598 425
577 991
755 48
845 317
205 431
854 483
18 18
269 858
596 403
142 141
303 209
242 466
71 312
641 488
361 837
74 251
690 347
743 638
352 107
675 935
218 822
850 823
203 498
24 314
696 582
407 842
11 835
851 910
704 639
633 439
64 718
738 158
832 994
872 99
820 508
946 428
676 227
222 655
805 119
548 406
740 510
632 56
632 738
976 203
909 926
269 674
664 654
157 893
881 64
634 666
537 245
766 757
956 738
188 546
934 744
85 432
581 796
873 924
816 948
751 361
392 770
140 933
90 458
153 786
645 694
320 711
582 141
348 468
814 12
829 260
727 758
463 845
478 55
504 471
333 979
180 654
587 317
840 737
787 109
233 139
759 265
803 107
783 201
808 818
625 178
220 413
151 330
209 659
890 355
625 508
180 121
293 736
673 4
581 389
452 235
761 171
611 456
694 609
852 955
31 646
245 260
58 881
536 340
613 385
181 761
171 229
142 471
790 938
869 106
294 861
678 283
299 842
326 987
207 523
817 234
288 685
638 533
486 466
190 506
939 248
945 953
971 69
730 674
303 427
682 151
249 179
209 952
869 525
197 524
318 812
450 122
367 655
771 806
792 683
264 203
570 525
521 470
675 575
912 242
152 83
526 331
428 597
684 282
892 772
952 459
498 451
608 922
676 748
428 959
568 458
302 569
155 382
86 81
286 579
753 951
466 823
122 829
963 284
351 206
494 918
743 188
210 296
464 206
746 211
198 95
141 193
896 855
151 708
865 355
257 660
702 44
284 641
95 622
697 723
266 701
387 80
498 949
24 774
965 157
450 898
163 491
892 153
98 155
950 843
629 970
157 600
303 313
953 685
131 719
733 259
22 485
326 519
405 792
453 892
357 615
268 464
298 837
991 638
221 187
705 98
98 521
286 654
109 772
239 431
185 201
872 971
313 338
672 699
601 139
864 623
932 615
75 777
5 964
293 519
886 508
244 144
179 177
554 494
513 653
400 992
802 147
923 64
642 290
531 434
669 958
923 831
912 549
527 919
240 304
866 645
219 400
669 180
882 397
401 991
667 569
412 88
572 454
53 839
92 347
307 958
260 573
733 983
133 739
276 822
842 425
840 778
121 619
39 230
796 461
879 749
208 805
95 148
873 650
657 979
464 622
290 11
946 351
732 449
819 653
359 152
360 795
163 375
887 629
756 560
358 973
275 547
515 621
566 770
176 551
933 668
654 830
351 156
840 959
781 233
927 351
320 279
282 458
306 39
584 986
156 706
32 44
65 152
181 553
220 568
797 234
225 93
425 951
367 974
234 486
235 794
457 946
572 610
685 83
349 950
41 87
160 971
416 308
200 6
286 369
71 440
11 781
90 678
981 787
721 638
130 934
325 581
635 721
289 859
105 922
171 190
97 295
188 555
327 642
609 826
723 198
205 718
130 950
167 875
225 668
416 826
435 276
592 593
404 905
791 82
474 664
138 704
735 865
755 528
322 324
330 159
931 700
682 216
260 906
937 758
704 304
985 145
389 283
478 930
385 86
446 84
91 199
140 720
767 256
232 819
934 455
947 315
579 709
346 556
88 846
497 569
854 640
280 651
214 867
265 828
511 782
562 16
657 889
792 285
464 7
544 457
264 230
106 923
169 596
333 309
578 447
646 203
643 993
106 526
147 103
330 110
360 28
925 752
366 988
287 43
645 257
786 857
510 404
51 464
107 341
887 679
963 210
538 368
32 820
444 300
805 724
649 420
832 515
197 913
254 966
552 196
24 861
961 253
961 489
274 222
316 183
259 805
445 790
697 104
262 371
914 363
456 942
682 225
296 319
700 372
225 959
18 909
29 633
988 869
360 231
551 8
488 289
286 499
630 995
872 51
492 157
48 270
630 271
881 11
556 330
597 663
217 622
710 156
866 259
797 600
496 783
37 164
441 809
962 273
291 923
590 265
118 341
774 57
845 442
859 477
210 710
105 503
151 226
503 58
38 457
279 968
740 537
719 503
540 857
801 467
752 692
359 166
117 827
250 472
209 589
629 678
26 161
932 214
746 68
748 469
420 779
255 861
694 933
107 861
928 169
978 176
895 226
887 22
568 373
396 575
720 139
854 52
227 26
632 291
535 945
484 8
633 392
836 822
993 967
208 750
968 107
750 186
764 585
25 932
569 964
31 162
983 728
188 850
889 118
342 927
126 307
953 849
737 871
806 918
201 87
748 557
758 889
743 196
144 377
245 301
557 682
348 786
902 161
386 274
622 666
252 496
880 263
806 198
6 633
8 610
404 552
239 541
647 424
516 736
566 840
997 536
949 967
926 178
275 69
236 36
170 162
333 508
332 170
365 216
444 809
60 284
753 867
175 676
387 428
480 782
47 12
548 637
454 546
255 270
371 595
603 534
467 102
404 424
938 141
720 335
65 949
108 74
597 308
947 259
451 988
892 245
711 185
774 820
321 658
972 966
966 279
698 173
103 741
718 780
145 491
810 107
446 829
236 684
21 815
202 933
937 740
302 493
657 14
98 645
262 937
316 652
58 724
431 186
341 743
721 10
925 790
397 612
374 551
166 160
926 41
908 776
24 561
57 690
574 428
984 26
875 537
625 446
396 184
405 985
238 178
891 485
545 227
604 57
837 819
175 580
121 924
259 563
822 664
788 610
791 50
37 583
819 906
362 356
270 198
136 689
691 433
594 58
638 332
319 343
248 898
378 193
466 50
179 599
647 750
393 267
801 390
612 46
538 931
21 434
457 317
71 78
656 215
575 759
495 58
109 151
490 263
818 177
593 48
696 596
347 814
597 381
197 956
167 413
165 465
682 377
152 466
740 868
490 518
498 406
356 795
501 656
473 236
384 250
508 592
629 18
519 373
376 470
929 418
996 893
409 582
79 570
4 138
378 65
332 957
352 943
308 27
92 31
561 508
725 163
763 928
139 142
371 87
594 726
743 665
643 454
430 929
106 628
419 356
916 561
538 884
81 455
531 853
7 113
109 19
189 872
993 246
309 632
804 740
909 36
80 369
564 724
870 519
480 290
803 189
376 236
650 543
448 554
993 869
317 878
346 400
988 790
160 935
763 920
519 205
553 485
335 455
167 378
951 358
884 980
332 678
527 268
931 396
213 116
468 315
302 307
60 421
793 278
968 337
393 33
633 650
168 88
55 335
822 873
761 473
137 288
414 705
122 8
234 909
285 835
861 727
189 641
848 346
797 304
716 772
24 640
279 891
410 897
602 698
598 771
562 999
201 103
869 16
673 982
950 921
753 240
286 849
526 690
975 356
374 726
28 906
296 15
886 96
547 393
389 105
479 142
403 767
372 337
478 38
46 408
677 50
288 25
229 679
853 164
716 208
136 452
22 185
577 189
117 133
946 191
85 67
425 285
258 485
987 587
365 961
381 754
271 790
81 876
87 547
455 15
607 680
644 647
184 546
826 960
30 945
56 666
328 513
153 489
456 737
335 470
321 412
382 635
391 842
226 119
98 652
276 347
646 767
318 460
585 890
917 535
125 232
491 470
592 756
48 962
40 332
221 744
680 945
140 53
64 651
726 825
649 779
195 722
614 420
473 912
459 700
222 496
388 152
760 235
432 461
357 463
301 944
170 406
644 765
63 33
237 793
549 289
574 3
778 641
27 47
300 895
497 908
508 924
683 239
363 296
160 264
371 181
731 274
407 741
592 249
638 262
27 697
646 428
29 261
797 230
337 505
79 71
749 633
384 406
511 438
249 754
940 394
43 107
187 573
989 676
735 894
415 578
561 485
654 311
250 432
841 469
239 462
964 336
882 65
660 995
987 205
801 865
152 404
231 321
765 276
675 981
106 907
546 744
738 69
662 527
888 389
134 88
535 406
136 966
20 558
822 342
847 529
276 611
864 604
50 114
2 717
62 919
234 307
555 70
772 189
590 348
627 408
556 379
505 639
798 616
993 461
908 396
26 236
417 822
839 69
980 849
311 842
611 87
254 419
161 113
520 664
702 45
593 174
541 988
21 71
710 430
744 106
623 644
11 152
388 915
861 687
203 681
518 675
245 379
557 426
197 555
189 23
412 566
923 931
461 875
206 119
579 404
504 240
425 799
379 634
420 840
900 572
280 531
884 107
423 13
676 210
491 224
237 249
261 844
99 504
496 837
390 327
658 49
744 371
194 378
841 305
128 659
829 672
833 253
793 880
242 569
729 278
533 369
176 917
929 363
865 118
8 64
362 171
610 172
686 434
948 94
145 471
136 850
498 384
552 881
356 66
686 248
893 987
250 387
860 338
465 491
488 502
94 660
175 174
182 849
961 86
788 402
385 499
995 13
690 754
359 546
529 102
491 905
722 906
784 353
770 180
134 650
454 940
151 987
269 308
247 41
1 461
994 748
724 996
638 728
363 747
206 82
795 432
385 325
550 149
320 827
332 54
523 193
472 399
990 281
89 382
649 304
205 887
569 485
725 856
15 426
526 236
507 708
341 692
48 927
611 963
648 251
129 453
133 35
491 715
831 709
775 263
259 19
533 233
656 721
569 310
241 847
82 575
787 918
764 344
745 405
373 257
977 112
477 19
86 547
104 386
505 134
296 404
851 20
550 702
918 342
468 637
21 145
68 836
148 874
969 868
302 878
858 731
53 744
470 895
194 419
151 238
632 126
859 982
859 727
912 669
755 752
641 77
130 587
686 456
534 26
693 265
930 837
456 47
10 107
446 618
253 420
704 450
149 216
259 893
101 523
827 370
694 294
888 958
489 348
289 845
454 931
13 318
770 576
139 858
703 169
974 917
410 703
48 760
404 895
683 621
372 766
354 810
530 154
920 669
244 715
996 78
186 843
212 671
573 132
746 790
335 924
213 908
534 338
646 40
569 133
421 915
247 368
135 701
184 802
839 217
310 453
81 312
872 668
895 412
35 59
18 816
440 364
165 222
737 320
358 458
930 451
234 977
343 232
686 792
297 309
772 47
661 556
168 847
285 16
769 469
66 981
732 77
1 439
872 364
734 754
38 99
896 809
62 169
380 309
526 829
759 706
495 152
283 702
100 140
181 878
449 242
933 360
143 202
619 676
494 721
890 421
731 542
408 11
895 292
639 842
41 337
897 596
197 181
648 206
796 852
575 14
980 522
960 410
286 211
738 226
873 843
447 239
514 147
538 139
420 636
366 711
464 320
513 432
668 855
187 875
701 429
807 292
179 405
638 285
64 346
4 133
384 843
55 16
302 424
155 989
66 714
769 825
602 8
862 23
593 561
702 520
494 234
719 775
464 421
375 658
637 426
435 325
165 110
495 425
165 239
476 635
781 681
763 671
558 630
972 543
445 668
398 194
807 892
701 894
750 867
600 366
942 995
222 605
734 596
671 20
658 13
846 446
647 643
255 985
73 849
270 776
645 115
929 817
347 392
258 472
873 55
979 596
438 338
589 945
292 479
25 566
469 415
126 146
142 339
570 755
388 399
255 456
714 384
849 522
419 731
225 501
548 846
844 374
199 815
365 490
34 354
684 614
393 859
216 101
102 555
378 854
872 85
7 92
23 345
504 36
969 690
520 875
818 290
25 408
174 608
228 130
921 634
558 774
606 862
458 786
996 870
999 707
774 802
455 290
717 405
730 412
628 72
749 346
151 454
30 280
13 38
646 259
747 742
225 814
662 87
358 588
183 225
378 542
76 61
563 345
403 369
938 239
203 889
652 856
190 280
336 390
296 190
825 663
246 115
559 386
855 802
275 813
291 107
304 507
527 337
74 994
318 250
750 146
294 186
445 289
76 764
93 67
211 461
626 601
396 102
682 12
289 106
70 197
92 27
113 338
652 533
247 158
456 656
614 693
985 940
270 140
322 398
181 726
888 813
634 765
222 959
78 626
674 40
633 185
970 414
93 832
516 115
629 65
344 344
18 971
279 308
214 339
349 288
204 656
714 94
395 844
162 534
728 707
323 204
522 488
441 742
719 317
717 619
479 248
600 594
973 543
232 74
703 19
887 154
150 744
69 122
410 294
673 469
919 388
401 546
39 944
294 866
811 377
930 13
887 202
717 289
12 59
393 583
837 29
455 410
219 961
372 693
679 900
710 711
117 619
469 844
735 915
630 117
371 311
908 787
64 795
56 860
546 413
454 664
418 768
397 212
572 34
348 16
414 452
330 893
159 218
585 147
724 135
970 595
634 343
817 858
685 334
829 480
267 385
931 118
710 392
302 266
131 613
179 682
129 858
834 388
648 606
479 731
278 243
756 787
418 634
975 641
823 471
358 932
370 755
20 789
905 622
840 544
260 17
20 935
976 915
880 130
555 560
180 956
107 727
580 56
568 25
868 714
746 994
994 173
162 889
893 37
67 216
262 555
854 374
487 942
506 91
519 706
461 568
941 385
171 47
190 262
948 492
31 270
91 832
654 15
860 120
227 158
778 482
130 361
319 735
301 140
958 944
817 331
308 963
162 325
679 435
601 403
970 49
935 320
370 84
304 643
690 463
86 604
915 77
786 178
370 881
118 88
300 708
320 991
833 144
391 20
505 190
938 619
236 957
778 664
897 526
390 564
259 583
451 46
946 500
983 950
709 173
293 731
836 660
233 40
641 802
108 611
466 666
345 878
440 893
158 253
104 852
189 184
232 694
657 947
387 786
444 47
873 211
341 863
312 502
441 828
972 979
312 608
217 626
841 631
398 872
882 13
463 111
577 223
514 707
71 153
249 149
464 374
482 62
876 439
823 977
659 238
52 795
130 939
24 80
287 522
203 349
761 275
122 691
634 353
360 278
817 235
586 522
466 558
812 707
376 366
211 455
537 573
374 738
935 967
96 300
686 334
625 230
17 1
386 103
262 264
35 521
552 293
54 678
569 805
542 220
362 15
623 456
188 275
719 7
163 218
430 181
592 116
580 529
1 979
933 111
642 844
57 557
492 236
771 121
660 804
226 316
537 545
266 339
421 67
499 986
833 637
446 392
112 196
192 760
558 779
31 538
678 991
736 404
981 714
51 66
445 278
479 309
954 287
189 254
862 269
401 244
256 75
643 153
238 850
950 609
746 557
240 553
743 409
633 846
409 732
520 288
502 839
610 933
633 561
181 231
523 916
426 782
224 304
279 969
588 301
114 123
175 811
180 176
355 107
697 187
894 111
900 98
744 242
2 863
529 291
321 214
741 387
453 64
286 560
854 603
347 878
754 706
593 751
340 625
34 300
334 13
898 300
428 663
300 161
479 300
582 940
654 916
126 945
900 722
281 814
561 600
197 672
395 828
289 743
644 844
523 166
92 965
203 708
435 363
957 549
260 802
639 415
508 289
875 658
624 356
600 411
285 710
625 553
634 193
86 223
558 543
102 956
52 641
721 112
639 718
745 509
831 168
900 153
961 516
924 87
677 688
375 579
809 840
688 113
407 364
863 69
720 55
760 465
941 451
849 87
27 852
226 784
198 15
258 264
590 790
589 804
871 307
771 520
170 918
313 243
614 292
701 381
116 111
630 812
573 265
80 811
41 61
71 677
506 887
613 193
91 44
692 540
786 55
582 867
281 614
24 646
464 119
298 952
691 762
527 215
721 906
101 546
862 672
881 84
478 914
472 142
760 732
694 841
70 138
341 509
431 647
122 870
562 918
234 982
479 37
357 432
556 21
88 275
200 548
10 725
13 693
369 498
99 207
808 149
591 555
174 904
509 627
949 952
921 280
448 791
309 38
119 807
590 658
886 584
891 231
806 555
907 42
531 499
351 197
994 581
876 920
316 340
975 890
346 490
102 881
337 358
16 682
870 221
113 592
261 37
4 608
856 678
410 491
250 716
605 397
918 221
53 552
517 879
240 779
441 687
59 173
174 290
222 50
494 282
553 641
458 845
204 924
151 786
851 734
159 83
135 418
124 273
584 549
51 245
209 560
454 582
863 960
651 399
242 18
135 551
668 489
386 92
462 143
899 617
877 801
662 340
501 523
214 242
662 79
994 259
985 72
9 377
971 199
347 285
256 821
449 582
286 513
271 541
330 155
290 997
692 834
897 804
362 329
960 912
798 223
248 796
857 6
478 195
327 599
227 188
451 474
857 328
905 180
534 219
5 265
516 83
587 19
910 770
453 353
499 903
868 12
324 376
785 780
859 153
196 521
449 383
673 574
24 972
90 457
907 235
35 494
477 333
448 592
203 299
168 375
50 496
649 351
838 195
543 67
346 769
911 48
962 660
298 465
997 55
26 248
561 649
782 460
469 391
451 543
403 82
230 348
562 599
686 785
420 158
415 456
374 676
45 990
133 722
25 975
742 190
322 835
87 146
550 825
125 730
68 223
431 386
969 394
376 720
225 49
935 779
875 456
835 506
724 327
28 690
977 586
396 911
111 365
945 935
372 974
415 836
861 957
519 100
434 552
39 836
656 866
580 549
15 936
160 578
581 684
232 621
262 592
571 82
660 523
839 822
104 780
650 869
996 446
523 55
20 689
848 245
717 496
980 525
695 339
758 840
781 382
120 729
164 854
999 430
562 823
330 649
995 355
664 404
258 55
499 60
367 107
577 827
224 26
524 567
95 836
389 850
293 356
517 221
69 881
801 634
372 718
931 26
836 989
520 624
773 876
277 376
375 787
623 882
629 454
176 455
167 855
254 825
305 62
689 624
400 281
922 679
334 509
441 238
213 823
611 212
298 835
136 512
909 125
132 750
40 503
72 824
698 394
820 737
83 455
909 567
501 943
610 624
956 58
906 428
810 109
150 209
770 474
377 645
321 831
823 624
99 636
593 956
104 187
898 607
695 377
845 332
918 656
296 675
19 650
931 362
415 652
266 904
150 514
486 43
501 669
387 976
201 955
619 236
1 811
30 755
275 145
416 271
968 261
187 307
981 840
897 125
659 722
957 398
374 960
301 655
888 21
459 151
688 333
716 475
483 723
211 982
980 981
143 418
54 504
232 165
923 85
10 798
464 944
368 630
937 44
401 915
448 636
302 910
557 101
888 50
185 459
364 495
492 298
379 48
772 197
836 896
641 657
501 271
373 710
167 846
271 3
127 259
357 155
418 701
187 435
486 79
71 2
734 268
611 259
797 109
988 422
704 639
886 781
912 602
943 949
317 739
724 738
67 254
600 331
79 803
288 527
522 934
171 539
312 999
513 722
729 690
370 137
49 18
325 126
637 480
688 377
7 931
274 769
212 21
242 57
536 793
273 989
843 524
631 513
917 619
4 47
233 439
397 601
846 583
954 80
419 828
16 182
14 795
832 529
205 25
769 707
391 26
895 861
852 729
30 728
190 861
431 758
729 120
327 172
49 167
344 473
456 692
332 478
476 790
978 849
948 696
782 702
140 596
688 991
950 738
203 80
222 595
943 767
306 114
688 42
610 890
781 859
611 674
790 39
408 76
810 210
429 515
984 789
575 350
365 8
994 898
695 294
769 99
31 207
199 671
479 110
605 506
505 30
422 613
175 658
319 754
310 250
175 815
107 706
863 964
286 68
245 55
859 707
714 393
812 96
631 715
592 214
837 567
225 641
227 264
436 579
875 371
667 216
709 148
805 727
899 445
816 624
446 799
492 331
546 998
770 309
850 76
830 441
390 736
180 377
234 348
983 36
977 380
772 280
829 904
89 737
532 465
537 899
682 740
979 263
581 30
348 933
679 611
801 965
286 154
238 771
762 309
447 980
22 710
906 832
140 320
196 856
644 185
239 126
902 10
18 339
382 481
853 812
234 984
680 485
149 658
711 503
915 521
346 532
276 491
101 939
348 837
608 505
223 911
3 585
990 973
25 888
172 460
408 331
751 398
74 660
670 836
910 361
927 607
868 720
467 269
320 544
687 405
871 82
427 354
424 140
960 306
236 437
636 665
188 422
93 31
340 723
843 548
89 201
624 829
421 234
191 206
267 571
868 312
288 308
152 566
25 343
934 638
667 18
773 889
731 415
201 148
235 759
161 480
256 857
839 127
325 973
898 636
159 248
980 281
704 759
452 141
390 731
882 675
483 65
433 175
137 889
302 325
138 953
125 124
722 737
32 756
557 154
800 717
367 647
50 923
88 644
475 51
681 16
678 208
253 712
263 406
83 657
534 978
777 135
921 411
16 47
345 79
797 727
213 688
946 507
570 570
420 338
878 778
408 192
183 276
867 668
259 777
80 911
924 93
114 628
18 794
536 64
12 58
637 684
593 471
276 669
19 645
348 59
432 273
543 106
850 201
556 315
881 986
75 257
401 213
675 677
409 719
225 637
660 713
796 817
896 614
138 708
307 793
179 335
701 253
129 960
476 738
325 35
531 84
16 491
751 990
144 609
655 678
168 288
482 840
405 845
46 246
671 543
405 421
152 778
88 979
4 496
82 659
888 724
481 765
284 300
863 336
860 50
760 18
452 122
42 661
950 323
189 629
115 961
990 260
557 482
9 534
864 49
685 993
457 543
11 986
144 295
862 405
495 361
854 978
885 964
200 829
617 126
513 438
893 485
398 640
412 347
223 398
771 303
766 293
860 242
882 42
504 518
663 115
782 786
408 193
223 306
532 468
736 192
98 53
650 914
969 692
384 729
959 92
521 93
409 299
539 587
896 475
740 629
247 956
659 221
546 119
957 140
147 79
494 464
567 921
776 203
484 978
533 139
212 536
355 437
490 727
658 306
582 797
683 665
897 651
78 234
483 838
285 84
223 960
509 285
279 146
967 426
511 968
158 893
112 53
31 750
429 807
287 879
725 78
996 650
610 756
669 319
536 626
384 267
916 590
817 684
264 499
541 496
1 642
753 326
57 653
712 562
779 657
190 771
1 449
377 681
150 397
991 443
127 854
372 793
989 928
29 163
302 643
918 34
810 480
136 853
307 136
623 496
598 690
805 193
47 425
979 620
428 823
20 391
783 90
561 213
178 974
843 460
484 821
46 35
694 594
805 590
327 321
834 447
630 384
937 857
269 843
131 481
252 590
906 880
533 478
383 861
190 469
295 191
371 357
928 767
266 574
61 388
7 695
123 705
973 990
102 484
461 247
883 216
824 818
850 610
46 821
818 124
793 880
301 520
744 334
343 628
906 588
756 871
164 371
995 502
443 596
501 738
202 775
340 71
700 930
508 26
616 800
348 55
190 875
767 329
696 403
15 823
965 845
775 404
233 21
434 732
234 846
677 766
948 825
258 817
768 536
391 529
233 489
99 276
911 614
765 502
501 126
719 447
176 295
5 152
989 268
60 325
210 993
863 431
49 817
719 336
617 855
849 849
656 955
707 819
806 851
341 701
727 595
801 589
540 694
7 950
68 650
490 154
227 367
764 582
854 764
141 555
812 100
265 14
801 58
460 179
415 378
331 50
353 269
12 834
799 318
670 57
475 505
326 534
295 698
497 686
123 717
623 550
472 771
585 43
815 509
255 433
718 866
455 906
53 897
422 459
784 32
419 79
838 208
435 782
399 296
823 958
880 736
168 626
926 570
500 885
69 905
728 686
425 875
349 623
137 638
352 384
529 603
525 333
824 472
517 43
144 799
342 369
640 505
886 747
555 819
927 612
17 485
850 581
777 724
188 286
130 522
671 692
713 442
918 651
336 222
827 966
271 202
188 332
185 158
875 562
377 238
988 303
864 499
879 438
601 679
214 368
904 841
268 441
128 27
320 415
552 184
434 234
112 837
842 815
712 542
8 258
182 769
293 459
267 670
361 278
656 380
768 101
762 421
553 638
381 19
255 649
764 805
642 57
823 24
7 862
455 59
418 357
310 178
424 539
254 913
216 574
304 421
940 702
743 97
70 553
596 382
388 687
970 390
514 529
911 247
746 571
495 499
71 843
37 272
364 699
105 726
982 81
372 968
744 298
480 182
473 725
376 584
586 488
794 127
569 542
397 706
986 252
220 842
420 292
268 460
606 662
65 359
213 778
969 326
48 236
100 499
858 816
223 868
464 663
452 542
977 723
90 868
635 546
65 421
74 234
515 768
971 701
961 68
197 87
515 567
103 998
656 640
479 426
749 503
904 39
421 660
811 354
633 780
44 741
848 916
69 752
258 136
157 898
47 624
181 173
257 381
270 451
304 874
762 148
78 130
938 714
633 979
980 302
341 48
67 354
513 973
545 605
672 907
317 868
297 638
352 273
166 262
688 497
310 277
650 503
745 966
549 399
214 340
711 809
636 305
54 700
873 173
894 893
305 119
406 371
504 759
18 102
797 278
223 27
940 426
682 385
631 174
277 367
491 490
386 236
283 339
542 79
87 168
321 869
49 229
629 181
330 44
129 669
425 308
712 951
432 90
800 753
737 975
40 676
119 44
943 693
958 798
862 890
601 495
79 757
185 908
302 618
796 122
18 998
699 445
690 386
5 889
862 314
112 57
183 252
331 520
918 854
288 461
381 928
729 591
143 790
204 11
415 250
594 643
745 626
624 267
704 303
722 971
233 154
371 270
961 275
736 642
38 406
467 802
630 68
887 582
703 364
867 389
561 949
949 394
634 276
938 280
52 936
725 735
239 881
954 80
106 850
325 743
480 896
611 979
474 609
573 696
499 80
405 835
914 880
526 599
973 497
164 351
652 255
696 937
872 943
186 848
533 948
670 656
746 78
42 206
966 734
559 493
269 829
477 554
574 251
718 894
90 7
237 71
499 385
178 950
352 949
563 78
598 399
700 201
254 32
903 422
660 85
502 402
249 509
894 421
46 41
206 540
628 535
752 559
117 92
36 204
627 808
751 157
112 776
347 560
816 292
217 891
908 678
988 552
417 61
628 956
922 850
750 662
384 394
706 478
820 122
21 742
805 925
488 513
476 800
53 343
692 491
173 650
530 855
321 95
941 604
239 394
197 120
639 563
948 423
565 329
472 317
864 676
621 806
36 846
270 398
654 781
422 570
178 962
924 574
271 666
592 629
968 456
626 321
488 306
472 683
478 673
181 828
416 607
877 692
562 958
152 402
73 826
294 730
210 518
741 546
158 14
671 226
682 846
386 570
294 966
174 909
148 808
805 110
539 900
188 181
88 613
437 534
47 523
972 561
656 803
497 262
617 357
634 174
105 811
582 434
531 637
394 679
238 9
14 523
594 932
336 243
158 674
253 774
782 400
200 180
950 752
841 649
408 720
801 195
280 748
665 944
76 974
659 134
854 46
805 14
134 723
201 695
189 853
42 396
736 418
373 117
794 225
795 662
928 564
435 177
978 232
997 504
612 22
360 94
687 722
962 576
934 119
223 613
348 136
293 825
124 244
269 263
41 56
878 196
720 724
576 958
126 672
34 205
633 620
729 306
911 532
713 585
93 112
854 60
314 496
680 319
429 233
404 812
198 853
639 600
192 327
625 944
202 45
438 490
989 448
425 570
693 886
876 852
801 531
74 873
532 591
334 584
682 528
60 498
933 112
860 78
850 346
904 706
727 986
941 869
362 403
727 298
61 486
292 957
589 504
234 531
904 14
929 3
321 774
689 164
77 469
286 429
344 36
512 638
375 450
208 329
77 457
459 65
459 716
551 932
418 18
963 41
16 809
323 41
835 355
729 77
142 781
513 620
367 609
109 337
635 79
51 514
510 871
516 406
673 677
601 304
969 421
232 293
919 860
250 778
196 7
244 88
563 520
492 581
892 808
980 33
182 656
555 164
344 325
866 93
557 352
295 19
187 766
651 608
595 752
509 478
649 729
421 276
577 201
372 444
538 966
334 422
453 69
88 30
571 236
241 282
834 648
202 54
53 89
12 916
30 122
246 882
696 993
626 188
350 891
895 156
406 233
96 163
451 832
90 239
325 166
550 684
540 559
999 10
627 792
907 908
702 116
682 274
256 555
680 626
40 177
921 668
328 289
521 661
181 254
254 820
112 304
828 303
356 583
102 759
458 373
687 918
700 780
772 361
842 80
892 369
998 699
132 505
791 906
323 25
561 177
87 656
10 696
425 757
669 509
744 39
852 211
170 419
158 959
576 862
998 788
899 917
190 527
537 170
946 728
45 582
689 581
966 164
313 521
672 718
816 120
331 46
848 945
552 188
492 610
524 946
961 956
152 24
974 111
496 877
378 901
749 4
134 776
856 117
378 838
253 200
766 114
78 236
422 81
665 675
732 266
990 433
887 882
643 186
766 788
495 809
53 592
991 444
389 676
676 420
271 751
65 492
206 885
932 875
275 836
571 392
530 338
641 457
703 47
142 545
285 61
918 292
470 271
920 440
843 898
387 864
801 539
945 80
615 95
726 8
329 528
650 969
586 879
182 776
638 773
747 421
48 588
757 756
779 180
397 604
547 588
236 818
256 500
328 40
883 942
561 464
98 847
369 569
759 183
715 497
462 796
640 639
24 110
757 786
755 357
198 656
962 652
945 848
735 848
452 503
782 376
383 788
269 870
450 717
47 753
28 632
647 348
145 607
804 22
455 829
698 781
67 680
909 556
291 44
231 519
462 348
822 563
655 866
945 938
856 387
135 210
878 576
290 905
189 895
179 957
546 227
332 245
912 878
402 780
172 136
653 273
289 961
301 119
783 347
617 325
632 13
935 987
108 645
927 579
945 738
316 452
996 956
271 484
686 104
832 666
572 352
285 140
184 911
482 179
769 272
462 940
430 559
32 752
742 259
863 314
215 804
388 550
360 292
553 426
368 881
265 693
776 11
404 167
923 552
951 240
623 296
480 233
671 292
227 688
906 512
590 707
383 657
609 27
702 546
422 496
418 109
540 518
113 202
884 986
426 34
701 450
402 44
958 712
122 491
516 576
774 478
594 859
834 591
64 500
93 102
270 850
453 566
6 957
19 154
560 448
158 585
427 483
210 523
670 395
244 320
581 240
628 747
959 540
338 885
19 224
801 772
635 591
795 584
364 928
541 644
431 135
399 342
818 179
652 472
948 376
73 734
885 645
186 127
60 195
131 236
768 195
42 158
377 927
100 747
42 993
908 245
622 217
63 152
218 528
762 415
130 733
349 380
802 271
910 7
281 955
528 326
721 852
105 826
389 570
534 664
851 494
191 48
829 238
637 926
258 110
222 142
761 222
788 921
460 317
673 457
427 738
551 539
654 303
371 500
947 315
594 374
415 10
63 397
803 142
346 489
414 162
580 117
269 341
355 738
786 535
950 241
344 34
60 556
964 430
55 715
87 190
318 577
697 16
476 443
103 970
118 332
731 309
637 592
546 115
243 58
184 297
812 445
874 873
947 543
3 521
787 54
14 784
636 877
540 921
624 965
176 293
925 737
760 563
27 633
467 363
818 733
340 790
4 752
318 601
266 702
421 527
249 738
699 790
81 208
41 872
188 79
624 338
416 581
757 404
906 267
980 273
482 646
142 774
571 745
430 483
471 384
464 204
156 251
622 561
33 922
979 344
800 342
751 534
240 652
402 355
631 325
709 789
158 706
943 443
183 339
921 724
289 238
996 594
679 281
264 691
791 690
469 631
356 880
891 22
761 824
729 709
623 499
704 990
253 576
669 177
994 709
939 253
461 617
947 384
494 349
486 653
983 217
918 214
170 577
602 80
543 319
729 60
480 141
71 395
238 563
875 128
275 40
134 135
736 357
919 965
959 937
940 290
331 749
654 550
244 773
355 709
913 215
771 475
140 921
329 562
923 103
945 332
550 142
924 435
44 485
209 123
719 305
586 929
395 526
414 190
421 709
852 698
715 467
632 57
936 632
447 985
648 332
447 502
387 738
599 192
480 488
839 404
731 141
182 28
675 439
184 962
319 2
135 214
301 641
579 98
420 398
823 786
265 38
597 811
103 220
276 913
926 114
114 468
881 441
389 172
265 774
747 352
384 104
933 866
718 596
661 850
384 567
870 95
435 186
633 870
575 355
876 688
900 206
872 673
339 479
898 102
524 170
537 387
21 761
750 858
645 465
148 206
729 844
221 185
962 148
848 617
992 303
143 447
149 133
898 512
596 6
373 912
308 837
705 573
904 907
994 432
138 583
829 850
936 265
47 183
547 59
735 17
996 195
831 424
505 796
548 603
800 19
566 139
358 227
607 137
437 853
934 879
525 554
356 760
204 612
544 998
463 911
451 418
451 98
346 950
459 538
53 956
309 856
779 834
449 31
257 315
615 838
867 131
995 447
338 428
574 403
318 503
351 630
336 140
728 36
872 618
833 244
608 461
258 754
839 293
33 872
855 234
435 551
166 870
624 11
903 82
955 261
227 302
500 608
538 568
675 773
990 983
934 147
654 375
974 721
642 147
160 480
4 184
142 925
845 532
385 662
901 330
394 598
607 598
708 123
699 261
156 370
648 438
738 856
466 910
587 223
148 770
560 797
492 632
591 866
692 517
788 523
344 70
673 153
265 591
849 165
854 70
112 947
58 44
643 846
739 518
333 379
356 827
80 513
846 564
198 548
451 775
796 771
717 33
43 24
65 527
900 895
743 911
66 962
799 287
602 631
428 218
935 557
221 544
145 197
73 183
769 159
565 912
27 253
359 949
756 429
926 478
770 481
692 950
518 213
471 26
48 119
411 568
173 527
472 597
89 875
743 322
326 865
60 843
544 90
615 137
297 718
671 129
509 586
284 612
445 520
444 809
660 974
173 871
630 363
331 458
265 528
925 253
40 105
813 283
133 667
235 272
635 438
837 322
153 490
851 782
766 55
282 745
842 814
14 736
522 585
42 331
558 951
285 46
689 824
580 416
763 179
422 775
354 73
133 71
199 311
965 780
210 814
142 324
653 178
828 352
852 318
377 369
550 922
281 742
114 523
739 282
967 132
444 980
957 194
313 261
771 83
718 569
870 807
221 119
109 517
118 106
688 237
287 851
791 512
546 796
125 549
573 437
63 450
944 556
683 290
572 719
371 329
547 745
762 434
424 748
681 864
518 965
258 669
541 501
893 173
690 566
415 874
414 797
861 846
779 550
222 885
942 808
679 923
610 419
332 615
777 410
717 885
398 199
936 81
880 777
902 47
782 133
541 853
498 100
779 461
586 462
335 723
691 565
406 71
608 108
456 839
746 289
570 263
944 96
302 339
647 199
75 44
