7000 7000
846 782
78 919
778 281
411 699
913 520
265 610
529 901
846 69
963 16
423 999
945 785
490 23
882 542
520 957
861 641
385 969
185 590
233 163
448 381
959 892
426 467
690 570
130 97
447 688
719 845
505 299
904 339
546 475
88 749
349 291
251 274
809 995
816 537
761 336
433 884
367 273
43 344
543 776
867 729
900 58
847 450
213 37
582 957
411 115
412 775
248 373
464 592
717 835
253 305
792 820
128 733
809 972
810 461
671 930
587 837
199 880
617 149
869 284
473 736
416 452
406 50
855 721
821 401
915 774
983 84
823 523
801 695
469 838
421 235
31 624
481 226
830 148
139 543
441 17
996 857
596 755
870 941
633 171
790 71
565 922
746 279
415 7
453 737
81 975
644 356
983 339
918 46
271 954
224 364
777 644
614 268
827 344
907 942
673 249
817 878
559 50
344 518
109 188
797 194
889 956
594 235
128 711
753 176
803 219
809 512
295 129
625 181
784 627
119 492
206 769
812 627
299 740
525 342
680 575
735 540
337 762
436 120
949 825
729 82
883 41
766 74
695 721
318 673
374 819
526 454
523 539
669 303
161 433
134 396
473 230
28 605
47 706
735 353
17 789
157 870
896 627
304 782
707 984
796 822
96 853
619 481
550 189
711 433
203 931
173 428
65 357
441 842
377 266
22 515
46 450
361 921
611 31
949 539
923 217
315 299
481 417
251 452
448 719
881 111
652 138
15 644
61 362
197 369
426 213
378 494
109 834
776 409
866 74
962 754
48 826
615 880
2 11
278 869
225 858
804 281
536 685
49 445
186 543
370 492
87 945
659 410
699 302
253 417
951 794
482 610
689 385
868 733
254 302
802 802
12 525
248 255
617 730
304 673
24 252
104 126
292 766
607 48
420 636
492 187
843 874
351 698
73 525
723 696
696 977
356 349
163 951
875 879
10 997
70 687
91 136
327 323
620 207
902 333
845 396
475 59
972 972
34 724
108 618
856 996
8 301
76 530
957 621
327 992
114 532
899 569
51 940
510 369
142 506
409 424
542 522
914 570
582 86
643 317
987 162
366 554
321 420
570 758
663 407
412 432
57 717
15 636
392 804
337 179
998 159
16 338
345 489
658 647
45 418
121 802
832 497
179 804
921 61
3 967
884 254
948 117
112 362
98 222
922 608
59 178
663 298
496 394
419 822
959 209
770 229
988 964
468 499
514 383
602 101
183 519
880 975
472 994
557 167
956 225
902 491
531 536
199 399
271 814
966 13
720 97
329 786
956 513
971 951
499 374
685 877
146 242
479 785
710 371
865 270
23 917
604 857
553 698
794 643
200 742
158 13
543 267
614 87
907 921
1 438
877 266
19 791
583 310
804 773
874 901
154 255
361 700
574 609
117 919
622 158
713 585
834 331
750 615
810 854
786 82
361 110
165 363
280 684
819 331
208 741
816 112
769 960
554 921
885 622
697 710
229 703
893 954
166 524
159 468
208 772
974 635
191 567
448 284
596 824
3 237
27 632
760 809
802 330
846 942
718 162
494 809
865 74
533 27
514 145
681 123
499 566
564 813
468 222
539 474
28 845
16 978
271 913
445 250
43 118
351 132
64 747
499 618
511 674
714 92
540 968
126 986
541 195
270 305
111 673
29 853
601 394
41 11
360 323
695 194
848 283
456 275
160 186
809 174
826 466
246 77
358 78
747 672
124 430
816 344
611 294
29 302
621 877
527 84
433 518
839 427
959 549
147 69
696 182
156 852
729 993
486 972
587 865
507 860
974 583
234 625
812 243
11 384
184 712
558 363
31 461
365 457
262 131
618 865
405 531
553 536
794 770
203 238
518 829
460 87
243 992
982 817
550 863
742 429
432 701
346 227
261 613
978 524
680 294
234 409
206 527
484 79
837 442
748 116
787 251
207 235
763 363
57 931
906 294
852 583
773 29
750 811
687 999
214 454
32 61
636 697
326 989
238 538
295 852
155 861
934 285
251 414
310 895
141 23
133 812
726 488
203 455
976 413
819 497
911 219
478 40
211 821
417 856
763 808
921 710
647 219
135 296
861 677
723 929
382 328
362 759
757 499
379 526
409 140
455 658
204 721
540 457
409 452
540 827
485 773
529 762
546 51
900 165
993 561
718 950
40 851
322 968
190 855
69 214
845 37
126 796
644 167
690 715
170 662
802 216
802 39
923 92
536 345
27 78
38 208
91 158
597 161
925 254
210 184
908 245
218 397
607 195
951 256
145 831
387 453
678 417
806 507
535 842
676 745
414 949
528 271
507 632
515 963
808 436
522 464
228 17
570 774
39 810
395 627
247 288
58 517
326 48
138 799
658 472
522 84
430 740
15 960
586 798
856 103
110 135
558 411
381 953
187 377
464 735
788 97
912 568
88 380
801 828
217 495
828 700
147 649
938 702
332 662
178 903
902 738
558 314
916 828
466 141
575 97
557 38
13 866
448 641
30 705
663 285
187 178
907 300
123 459
726 415
837 26
918 495
263 990
498 742
715 123
38 778
81 625
438 566
575 728
181 933
294 210
671 240
694 989
266 818
899 523
974 787
232 432
607 532
764 958
86 342
285 668
808 751
883 518
215 763
14 796
518 503
455 23
616 892
827 813
186 810
694 715
318 46
935 297
693 879
134 396
666 895
13 864
471 456
898 337
73 935
755 17
788 445
685 722
856 863
892 461
254 724
349 597
930 168
792 841
389 936
207 544
153 994
122 784
610 37
144 806
769 851
92 479
59 828
52 953
255 702
957 634
559 171
128 190
713 634
360 162
264 189
465 833
618 352
307 243
642 667
25 342
149 60
131 833
742 764
851 73
299 827
442 804
295 285
995 967
412 842
580 667
294 319
749 971
357 345
984 257
810 753
615 576
457 990
110 465
432 372
237 595
402 253
136 388
436 980
143 281
712 671
2 985
794 369
562 315
930 15
472 480
864 673
248 269
221 826
651 217
288 98
755 483
666 83
41 419
475 758
218 176
732 62
716 828
834 742
747 159
603 391
824 154
304 13
684 241
693 71
251 569
987 954
131 477
834 556
881 566
29 262
277 159
875 487
487 107
210 797
390 597
286 476
358 449
931 340
646 800
658 60
479 637
717 332
957 131
207 344
738 760
174 78
315 712
250 895
571 197
421 599
748 401
781 948
97 410
64 105
363 129
471 906
504 289
6 814
233 499
929 940
814 318
675 326
404 19
245 898
510 884
849 604
990 214
624 113
488 133
304 171
615 501
720 505
698 874
332 515
634 947
683 625
42 378
129 959
667 573
2 435
887 632
588 876
127 196
19 163
105 888
347 982
739 996
896 159
862 748
84 532
189 200
978 365
449 460
944 725
556 381
874 129
374 233
366 57
357 337
194 916
34 94
782 556
938 243
331 673
820 548
899 91
111 260
335 555
433 170
154 139
937 130
227 537
355 591
760 556
276 316
828 840
163 610
41 717
439 343
732 55
543 412
888 218
54 986
952 852
332 466
922 630
938 185
875 522
876 609
28 313
279 470
227 546
796 277
754 539
297 162
639 386
8 358
598 176
568 888
562 899
946 999
807 18
758 993
805 512
500 248
474 705
208 845
232 372
671 364
129 780
232 854
709 386
166 813
340 777
306 668
446 122
25 386
316 858
745 618
633 402
145 897
408 710
714 852
680 613
366 366
112 105
462 413
17 592
475 491
417 311
826 356
165 49
221 500
839 509
788 685
156 56
669 2
668 496
535 508
238 47
221 590
204 990
280 303
628 256
104 514
456 156
882 176
549 54
108 249
484 684
244 165
474 336
43 410
354 310
757 187
688 76
750 711
785 692
563 868
722 215
16 265
295 208
187 875
754 753
613 186
584 515
675 80
885 534
70 331
829 269
451 182
186 602
389 350
783 761
354 770
955 493
608 307
681 563
516 449
771 893
191 13
201 47
522 95
617 526
774 870
970 160
853 504
950 775
35 593
782 132
216 872
74 685
106 680
577 568
356 770
721 215
831 379
982 570
428 931
782 985
317 603
123 226
764 986
839 235
776 798
892 534
940 817
100 41
406 914
46 689
384 65
311 68
390 257
316 452
890 358
655 471
300 968
813 609
817 757
739 34
47 446
218 919
71 337
986 983
296 74
406 983
144 971
32 629
926 18
427 187
385 749
809 829
13 459
675 727
801 625
424 27
657 757
862 769
946 666
820 425
450 828
853 455
557 905
860 443
857 315
647 166
737 345
762 786
696 615
615 230
272 228
734 847
735 148
613 188
415 579
151 365
686 783
92 862
778 789
135 258
924 969
385 318
356 223
645 739
944 780
827 607
153 792
250 72
468 638
453 635
648 233
266 67
930 761
610 291
686 987
458 725
435 211
211 735
516 826
847 382
2 416
102 663
86 573
493 154
838 611
630 759
244 645
739 950
800 998
575 341
640 544
11 838
165 88
361 86
441 233
710 925
993 769
813 846
905 878
673 192
53 76
634 56
320 287
786 609
728 264
452 172
757 784
176 179
926 148
358 160
366 350
92 832
700 283
128 807
417 953
596 163
380 601
423 377
612 421
317 157
113 53
941 591
321 848
54 439
902 685
874 322
670 956
451 727
358 742
165 511
402 848
958 129
691 801
97 341
341 4
355 326
862 308
145 159
689 499
52 125
7 347
788 671
996 590
919 956
381 646
343 446
828 341
645 950
790 593
810 977
861 465
910 222
646 593
726 840
432 175
290 1
389 829
276 765
581 407
942 815
27 607
412 803
717 554
614 924
935 509
561 370
403 338
413 10
381 196
301 920
500 414
768 469
364 636
660 921
496 378
531 694
930 113
543 600
896 634
455 870
185 554
656 138
812 904
224 504
138 868
579 79
415 676
424 50
63 971
26 187
141 687
768 630
812 503
775 492
927 399
68 825
402 266
474 764
503 546
8 704
695 498
92 190
11 774
358 847
425 666
32 358
917 716
373 738
945 489
238 283
464 196
696 96
928 764
83 952
545 998
625 425
985 826
969 565
960 812
424 871
824 632
118 711
52 9
894 457
781 148
890 452
107 369
158 607
226 37
837 904
962 28
187 766
212 868
127 22
436 953
888 70
704 226
944 125
976 560
506 967
18 971
17 277
48 223
508 503
595 220
388 249
768 715
785 318
517 233
689 433
418 982
514 118
691 711
812 499
346 33
803 36
239 408
774 947
748 661
864 459
453 475
403 731
917 840
842 464
229 402
545 463
287 857
231 636
964 847
310 988
229 477
652 705
117 105
483 941
901 898
639 325
679 30
44 522
634 590
257 876
844 364
344 901
538 584
309 327
864 553
102 274
454 835
508 224
804 775
273 502
897 992
608 911
984 46
699 572
453 170
737 209
825 58
486 949
985 292
801 333
697 308
622 227
482 476
960 162
66 380
112 3
735 750
261 560
598 632
906 292
844 532
675 626
701 28
625 840
917 32
763 74
44 493
594 397
704 38
211 146
937 980
244 872
222 874
410 965
349 953
548 212
893 975
506 628
539 101
234 412
570 478
121 629
269 457
393 717
330 519
578 55
582 985
529 439
159 858
470 639
433 720
568 966
846 864
496 741
271 251
218 464
376 536
262 698
911 28
952 237
974 442
82 617
276 628
851 121
477 958
456 279
739 948
196 320
163 416
671 896
898 928
55 372
843 535
747 508
892 326
117 14
772 177
496 385
234 658
350 411
832 804
771 880
660 810
902 592
776 417
447 138
834 862
116 802
312 976
585 923
13 658
209 446
582 51
404 103
561 466
704 421
356 734
37 312
367 242
224 777
135 429
381 379
342 402
486 452
171 296
622 441
559 951
180 599
310 552
80 721
422 168
406 348
474 770
825 49
161 740
514 923
155 870
616 570
899 947
900 425
581 340
810 915
445 905
508 958
333 130
669 120
844 810
832 513
595 485
400 667
966 803
49 570
243 485
440 762
281 881
683 718
451 513
339 968
603 890
503 543
210 177
226 148
322 927
843 411
256 147
483 139
715 314
173 171
553 223
266 470
406 680
222 698
23 100
220 463
387 854
422 719
398 510
515 37
442 112
956 13
512 137
148 947
43 464
534 53
438 4
277 257
395 679
213 611
643 514
769 981
439 208
216 676
296 21
553 188
944 189
232 8
715 979
624 286
976 942
195 588
336 535
878 826
927 431
179 435
905 447
447 267
23 547
165 686
385 73
937 110
436 859
180 401
960 304
769 779
897 472
80 584
100 883
815 232
904 933
693 506
178 349
667 886
789 308
976 656
382 372
474 779
106 225
504 935
225 788
578 306
74 939
726 716
233 663
395 97
940 735
169 430
778 851
591 84
875 677
864 955
548 714
216 448
188 70
614 827
560 621
463 550
994 21
808 139
332 292
423 182
995 994
145 856
710 979
592 858
195 163
366 792
102 60
784 843
367 521
107 732
652 457
337 590
984 882
751 533
778 79
316 322
637 840
149 824
834 442
308 116
512 148
733 211
393 933
266 552
123 720
781 307
80 195
509 777
444 298
734 201
809 921
373 998
486 820
33 650
636 682
203 966
191 707
440 850
212 239
2 402
96 988
526 903
110 820
360 424
682 232
855 519
454 654
49 646
170 651
160 424
102 815
181 587
463 764
720 272
232 926
790 753
366 88
888 284
874 924
428 161
432 420
258 486
783 71
159 688
625 318
674 657
698 710
157 700
805 188
909 246
394 625
720 46
53 857
639 432
804 928
349 825
525 414
837 39
716 68
578 407
202 279
918 253
799 14
516 999
141 553
408 305
357 289
956 79
97 127
209 442
450 786
945 149
410 916
794 719
240 500
410 646
205 585
414 789
635 941
420 330
881 360
43 393
427 514
563 5
801 384
442 617
856 855
500 290
264 578
535 898
602 702
867 636
648 490
984 961
835 436
906 128
967 875
999 89
154 980
483 154
472 857
264 388
251 991
77 468
843 346
973 745
612 810
670 888
178 724
388 282
488 318
917 847
104 664
874 886
116 995
776 373
738 64
213 521
330 585
76 409
816 711
336 842
187 249
503 538
353 225
282 681
154 361
152 537
305 222
42 752
270 615
427 392
502 766
787 974
826 492
930 184
972 693
549 350
10 200
217 307
75 126
982 687
84 148
246 72
882 300
109 580
202 630
121 593
48 273
208 919
366 901
478 181
528 576
331 319
439 884
792 174
366 376
208 24
612 242
752 149
974 805
559 206
970 381
801 227
30 175
528 924
334 249
595 809
759 443
637 76
153 202
740 771
335 791
661 348
462 516
637 158
24 668
417 633
348 730
47 586
616 508
533 97
283 820
776 306
252 516
465 881
324 309
341 795
575 479
111 961
121 529
133 279
347 680
297 181
496 590
657 82
698 999
640 737
312 741
1 403
558 352
241 767
801 67
923 691
551 818
632 518
453 879
54 231
903 527
595 170
928 842
79 733
628 54
839 366
858 718
254 82
815 702
21 595
56 551
397 468
844 832
324 530
175 664
915 547
27 143
824 536
315 864
500 535
808 578
358 437
867 591
17 594
942 193
66 165
923 325
455 708
850 299
364 259
388 553
168 839
629 702
888 650
310 695
848 249
445 531
265 896
375 749
569 433
952 641
204 387
45 468
46 101
731 23
110 250
772 181
869 268
167 869
291 224
552 288
461 740
959 888
334 213
251 309
760 85
757 90
222 903
675 769
579 887
344 689
781 108
577 165
994 200
233 821
78 350
583 149
709 868
787 820
341 913
22 541
760 398
500 426
820 925
526 749
952 467
335 89
710 61
410 799
242 911
870 689
745 385
615 859
731 986
268 133
154 770
545 225
338 942
150 759
969 583
911 266
301 119
437 252
208 379
21 488
186 35
332 635
274 696
281 675
707 324
588 42
496 604
668 857
851 855
460 890
419 236
210 226
924 688
190 148
329 828
71 650
861 636
88 497
686 682
482 902
86 544
791 868
146 314
482 756
59 128
426 67
103 805
223 773
163 931
834 683
935 749
18 300
19 67
384 676
814 112
20 625
13 864
265 664
380 529
648 129
794 354
531 646
103 186
468 509
554 246
72 266
479 473
878 526
918 998
931 191
858 258
707 279
185 108
111 511
558 950
811 881
242 322
590 191
874 957
76 665
548 305
163 995
700 268
270 959
986 975
213 937
149 607
171 568
305 168
315 745
284 232
190 689
909 506
89 91
606 69
164 893
632 950
843 75
295 373
769 691
445 629
52 613
984 721
729 331
287 859
92 677
312 857
609 840
883 632
575 95
611 99
468 503
169 469
142 784
6 40
695 127
247 597
378 683
925 391
998 495
885 291
904 663
502 194
337 188
466 116
780 891
471 150
881 798
942 161
655 126
85 986
671 465
828 531
648 631
13 852
686 283
32 337
935 331
255 822
840 731
803 580
386 516
129 111
680 878
436 924
847 689
250 522
638 688
85 157
390 627
628 186
367 718
562 679
384 654
484 577
370 900
423 757
359 631
41 850
546 831
355 469
758 510
267 787
914 31
301 49
592 504
428 506
770 824
486 54
596 287
958 680
684 991
310 26
460 709
897 97
487 25
587 877
22 853
645 623
512 241
810 782
149 530
333 239
172 671
637 504
405 394
325 777
878 815
65 678
709 393
629 151
898 364
568 877
683 300
350 317
723 997
60 824
352 719
793 136
196 416
142 775
769 33
375 91
916 435
162 441
777 575
645 539
668 552
619 800
927 408
528 223
605 779
212 435
50 728
434 998
34 446
680 151
55 902
275 170
358 973
123 328
989 406
37 113
939 18
722 895
449 645
694 740
3 25
580 220
714 642
205 348
219 269
43 94
230 105
255 193
249 631
432 587
709 341
639 250
887 749
642 605
955 363
257 843
714 683
247 32
487 291
466 525
787 396
354 508
695 58
368 88
105 932
431 349
221 418
153 738
423 793
392 526
576 965
897 260
952 16
208 117
192 148
817 60
857 587
41 743
318 455
651 835
890 807
816 950
503 107
522 584
59 661
727 509
511 703
872 664
642 633
153 133
194 724
545 6
463 657
95 893
926 717
956 366
546 672
96 540
912 251
442 640
179 464
816 375
734 282
466 97
958 392
136 256
186 29
760 432
118 648
191 664
470 464
249 648
932 392
368 142
790 613
886 180
476 373
221 272
23 697
75 565
599 6
736 114
406 465
516 23
541 399
702 774
946 17
441 738
96 811
202 836
82 683
603 569
192 954
598 797
166 392
93 492
476 370
479 780
688 426
71 823
639 856
191 71
141 513
160 125
344 968
649 147
801 387
76 611
783 268
609 976
274 719
775 831
774 277
117 109
56 275
332 223
224 80
658 524
99 26
364 499
743 282
840 775
797 643
926 382
354 781
597 185
897 948
641 295
821 685
231 893
199 977
235 80
92 803
783 43
669 51
472 741
600 522
323 62
871 787
906 876
660 868
665 929
927 152
3 457
290 900
184 911
312 297
325 5
850 326
797 246
296 335
53 12
733 308
328 774
24 789
932 308
44 758
237 690
576 630
279 508
391 272
89 432
195 859
259 780
609 594
142 421
761 377
319 597
465 663
642 572
160 158
546 200
732 746
474 249
150 47
730 627
568 293
451 266
473 544
50 647
189 110
301 577
418 664
186 685
658 526
404 185
882 430
643 907
286 788
390 138
468 679
234 696
516 556
219 455
993 501
390 317
208 560
154 616
774 138
163 89
299 623
596 900
662 676
795 52
748 17
283 475
968 341
869 987
923 120
671 415
39 197
49 866
955 218
364 980
523 827
637 891
327 85
399 95
436 671
584 151
197 226
334 417
635 360
87 108
503 52
37 573
260 672
931 875
272 802
84 789
690 801
45 880
143 759
290 899
382 562
236 625
297 795
135 861
885 603
1 38
278 683
511 442
868 133
277 229
622 416
196 334
223 404
380 388
632 598
240 454
294 302
312 657
314 776
938 367
211 462
127 305
266 803
403 854
776 554
899 478
291 630
48 98
822 164
391 765
455 721
917 410
786 448
371 100
462 828
139 870
586 984
399 943
307 444
308 848
271 85
334 781
770 16
480 296
243 544
135 947
262 510
413 371
974 994
38 462
537 42
402 421
532 438
939 577
491 460
67 633
899 409
353 926
659 102
379 813
148 582
407 147
252 648
480 535
784 141
775 593
418 447
419 887
134 349
260 980
718 464
126 514
515 368
435 469
784 299
672 4
397 278
483 742
482 972
206 907
170 841
341 921
433 7
399 910
190 977
349 898
788 380
841 219
361 915
291 15
141 815
775 961
401 394
927 548
138 754
708 949
281 699
957 383
927 887
772 229
245 797
793 451
248 190
985 303
441 779
515 578
841 910
800 208
159 488
688 716
295 332
44 569
86 571
876 274
4 791
548 725
435 276
557 667
384 94
211 331
220 510
107 604
799 777
387 763
441 356
356 449
798 172
302 99
159 39
316 937
499 318
625 831
925 741
791 115
290 136
769 516
385 592
240 577
766 932
616 292
195 115
304 913
367 111
497 593
477 29
1 518
275 362
141 246
889 980
905 503
595 78
464 794
352 912
722 797
444 347
342 798
506 663
949 442
440 758
342 711
284 2
310 97
455 937
576 637
814 925
490 710
818 548
23 540
928 378
337 59
15 360
941 292
641 804
834 717
799 256
956 479
396 655
20 419
272 159
846 668
730 4
398 644
428 504
788 654
148 976
648 982
248 993
838 87
940 305
172 405
407 743
543 454
299 113
997 237
977 956
91 875
400 925
501 221
516 351
532 547
719 71
560 634
921 110
436 613
583 693
848 599
664 445
894 683
554 293
742 662
547 928
391 602
553 655
496 735
868 319
407 821
614 354
130 117
674 46
679 423
651 754
528 960
81 322
43 829
886 626
368 320
580 316
635 939
419 951
978 222
745 405
763 2
715 412
840 723
341 624
200 820
493 704
928 998
14 31
257 358
111 325
296 302
401 110
508 370
823 936
303 932
227 687
924 206
931 115
243 562
636 789
537 784
485 812
205 151
89 104
640 949
216 972
792 317
852 451
534 444
569 481
263 132
150 266
117 372
935 372
92 876
395 301
309 446
201 497
904 711
235 326
22 642
974 44
915 556
564 428
277 192
543 660
978 734
495 511
173 436
375 813
688 480
127 778
20 857
956 273
637 754
184 677
906 467
617 429
561 369
604 874
863 737
449 250
365 526
167 811
366 565
585 977
876 872
795 744
220 935
350 465
637 635
566 841
975 205
435 617
889 986
329 510
805 757
742 796
781 906
378 39
329 838
636 710
782 396
911 581
512 147
747 919
217 466
128 4
610 280
109 82
954 314
371 489
374 145
327 928
796 367
546 95
901 256
918 387
774 803
787 63
657 133
214 985
628 735
822 229
362 303
394 895
614 176
860 782
453 671
181 688
378 560
584 79
446 420
517 379
258 139
614 393
771 880
579 819
570 756
180 525
650 415
25 74
558 243
51 387
281 600
427 405
301 876
19 591
575 833
121 876
78 414
282 788
176 538
544 220
399 530
934 674
931 550
147 764
868 681
683 139
347 159
422 882
881 768
848 511
227 493
574 606
50 64
852 621
630 800
37 680
452 52
898 131
954 57
232 682
588 755
493 905
882 669
607 141
138 474
102 44
178 996
734 502
802 528
808 401
484 630
600 518
328 304
649 951
116 929
932 299
151 934
463 878
974 588
369 406
596 791
943 818
995 495
510 406
372 776
583 932
628 412
331 933
621 530
714 685
44 214
141 868
965 361
898 637
29 747
353 318
518 544
657 529
508 495
893 691
251 474
951 196
711 580
283 193
278 523
860 948
913 359
603 221
634 477
307 837
769 593
929 117
657 396
952 93
346 15
284 652
388 380
738 707
878 815
89 751
17 288
197 177
185 67
118 563
128 28
160 703
673 716
993 793
373 166
90 612
536 317
176 983
977 487
865 776
708 127
411 888
894 35
375 708
232 297
732 58
981 703
457 864
886 37
345 691
309 288
918 944
71 132
977 998
592 189
942 66
112 878
579 19
43 720
575 122
600 829
880 877
198 926
18 59
959 992
52 567
164 721
938 579
177 684
33 357
198 461
767 127
462 610
876 210
649 82
319 656
850 174
790 835
151 928
341 937
385 194
547 58
531 875
111 758
288 660
783 736
250 757
894 624
318 413
862 382
921 509
181 618
619 894
467 89
807 841
596 859
611 657
667 901
270 63
400 941
3 642
885 704
370 100
868 616
588 245
751 136
721 239
814 123
202 216
698 577
565 654
469 341
561 718
442 571
280 14
514 539
113 633
417 743
417 160
415 450
920 894
381 709
549 634
597 497
705 646
371 399
664 200
610 516
745 80
424 691
686 323
404 230
882 682
490 489
757 474
581 944
339 150
602 109
320 255
789 897
595 797
61 160
360 923
357 36
911 76
252 781
104 347
828 449
732 100
437 797
688 109
406 679
80 451
501 889
887 109
754 136
157 540
822 226
986 405
730 462
305 657
482 238
988 501
116 562
844 174
54 301
447 237
233 915
314 815
973 920
325 106
305 31
378 325
327 490
40 887
939 886
906 506
798 44
922 120
331 834
873 632
174 828
93 685
771 639
34 406
440 802
587 726
208 674
925 449
718 854
436 123
286 23
387 919
576 61
459 772
172 32
514 400
887 50
779 817
56 641
999 18
519 986
786 676
176 401
847 810
941 359
497 861
825 291
406 794
482 92
673 107
747 722
318 77
559 465
382 956
544 355
439 292
890 566
264 499
233 510
668 250
967 711
913 346
689 383
925 577
281 832
770 469
542 402
312 768
567 664
863 687
715 523
225 381
442 511
494 793
451 266
268 993
263 467
70 876
183 988
579 648
356 374
45 932
298 188
581 821
270 663
505 507
268 853
873 564
607 322
268 79
774 18
196 131
787 389
819 64
501 630
870 773
14 125
87 906
726 919
283 912
787 74
815 600
30 168
909 483
191 548
256 396
696 263
298 668
781 9
857 517
389 883
490 32
319 139
810 604
784 78
266 46
534 594
771 215
611 941
235 254
30 782
976 146
178 413
668 434
153 39
657 215
755 84
981 502
995 603
611 345
221 508
45 51
444 995
994 84
140 308
262 847
13 290
657 618
373 141
824 896
444 594
762 228
347 879
755 282
166 363
939 791
752 468
597 223
16 492
903 272
478 214
236 818
556 318
529 775
535 333
584 621
779 517
118 837
437 330
796 267
918 347
49 463
330 267
476 256
83 43
137 426
676 645
556 848
838 631
797 179
388 211
648 195
237 657
680 546
747 225
867 36
857 628
811 710
779 874
500 335
984 187
472 388
337 811
632 627
515 754
263 645
740 156
350 984
559 172
572 211
851 106
352 484
45 690
820 868
409 135
916 788
108 770
996 822
923 43
989 151
200 980
317 743
886 688
389 433
686 610
562 154
724 594
49 235
64 735
303 880
597 395
205 622
463 33
186 385
816 180
806 767
745 612
175 586
760 207
242 83
604 818
66 789
409 644
121 553
738 876
722 483
590 659
9 133
305 782
499 570
929 609
799 670
662 421
474 295
867 414
864 409
549 884
545 181
390 483
562 354
245 905
581 311
964 651
615 122
103 49
121 288
940 629
763 888
336 347
433 868
884 12
201 454
886 181
780 8
995 743
608 754
937 319
272 615
178 809
147 382
407 50
445 402
958 723
384 792
976 748
333 403
848 731
882 830
886 870
90 871
792 367
895 391
228 950
413 89
105 768
132 67
690 496
267 52
907 163
185 51
309 545
985 882
964 585
562 973
717 98
333 279
252 337
858 943
41 341
514 842
698 384
278 608
771 487
867 162
808 222
185 245
57 925
182 93
165 35
677 444
981 929
382 817
37 189
757 619
416 870
193 230
941 915
194 313
662 796
532 283
43 971
988 703
945 914
100 655
468 178
600 76
124 686
524 154
455 951
205 108
834 574
810 820
66 597
403 352
182 661
568 495
397 284
310 808
90 842
311 982
155 770
118 603
102 19
53 809
124 682
979 828
648 834
983 574
517 157
995 841
606 819
890 976
150 548
170 911
371 832
921 953
438 525
373 223
17 512
35 474
110 662
77 710
588 377
215 592
327 386
873 279
827 212
437 116
21 91
574 244
779 542
899 314
409 24
508 458
616 55
169 404
555 758
338 307
52 972
210 957
982 321
255 973
792 916
195 116
440 286
557 673
308 166
922 306
101 532
373 988
59 989
484 293
527 391
771 901
742 556
746 533
906 205
307 352
103 602
769 754
846 403
215 154
985 255
518 793
466 647
676 850
622 329
266 790
502 768
90 626
257 643
233 273
188 172
916 551
594 935
864 339
173 460
423 937
138 216
763 108
578 575
906 778
724 363
927 381
567 989
353 1
769 972
35 98
991 253
660 633
878 756
938 963
501 565
192 949
182 938
510 348
651 771
78 287
507 480
863 946
699 214
352 517
640 898
258 546
333 487
540 28
240 855
30 954
936 272
322 808
231 720
718 155
890 121
219 729
362 767
52 64
848 856
157 910
582 20
690 332
34 993
758 547
670 448
705 609
36 516
84 46
710 769
807 407
669 243
271 32
902 168
5 751
667 2
791 531
513 534
680 717
552 89
48 242
408 510
728 979
370 983
667 567
950 207
102 48
481 631
625 56
962 885
877 900
273 528
449 972
654 102
380 925
698 70
763 168
238 317
48 179
370 602
515 880
443 971
918 399
161 488
407 430
743 261
694 872
336 167
712 969
342 756
711 629
905 449
913 95
498 758
208 160
151 611
631 944
389 665
818 524
823 295
241 27
686 510
766 854
982 966
861 350
67 999
350 75
928 543
620 514
543 876
231 341
576 897
281 868
647 420
393 276
791 94
633 13
528 130
307 958
61 130
76 894
619 34
487 748
653 637
252 426
883 528
644 721
884 53
835 72
823 27
912 611
673 852
612 511
217 705
118 405
919 665
320 747
626 588
300 138
478 669
649 221
855 243
958 467
831 748
479 680
522 816
656 722
543 828
196 369
459 732
136 336
667 408
913 881
418 17
737 187
6 929
797 363
838 918
80 688
650 753
347 648
327 175
427 261
485 202
329 426
295 287
704 368
995 814
714 973
823 983
717 764
99 412
897 693
688 755
427 578
147 187
278 106
495 494
379 795
398 715
213 777
213 974
211 505
275 502
167 527
848 338
803 474
369 377
136 187
794 713
199 57
87 682
895 405
119 600
590 518
698 900
995 488
545 161
81 644
607 590
427 80
382 973
571 940
596 411
405 754
807 30
507 924
365 698
129 143
844 116
846 499
843 419
605 698
995 672
236 802
656 945
738 49
626 862
324 447
193 29
289 316
413 247
924 609
868 847
157 597
915 661
392 597
975 490
520 461
277 790
77 700
224 744
307 14
793 358
859 815
540 869
560 736
701 636
704 975
600 163
459 222
885 533
288 719
413 526
39 508
650 253
171 978
41 244
380 620
323 969
996 325
750 633
801 729
880 127
107 970
289 202
472 164
298 643
172 464
592 469
188 757
795 98
316 490
656 614
141 705
487 186
438 337
549 860
120 972
118 612
524 607
547 383
647 151
240 667
279 689
104 325
646 695
437 854
839 263
168 460
627 44
302 302
764 692
950 844
264 875
144 164
161 394
29 820
347 400
259 30
287 202
234 434
923 240
344 881
666 671
764 325
437 389
941 910
325 516
588 23
580 862
459 814
40 389
797 530
393 130
219 535
744 97
155 981
781 545
348 281
406 254
486 527
655 380
40 516
840 715
232 160
134 739
85 333
590 611
321 18
341 988
234 975
11 358
162 425
46 22
96 769
387 995
804 540
327 258
316 73
982 744
359 857
608 223
601 262
833 134
355 138
678 496
609 673
697 729
605 743
893 267
561 382
461 90
133 143
912 255
468 573
959 224
297 231
604 949
669 112
846 407
599 628
163 438
38 505
119 190
694 419
178 710
581 248
830 658
411 710
188 74
998 446
264 655
138 794
401 557
278 70
980 679
732 589
694 625
441 953
165 397
502 524
105 401
623 777
773 362
160 964
331 46
848 189
856 866
589 586
38 778
613 24
24 874
462 531
747 585
959 878
140 85
957 692
882 749
597 445
612 138
104 476
667 448
427 653
277 252
129 633
185 587
864 241
240 122
901 908
861 103
544 225
553 969
539 763
13 499
243 424
912 980
899 488
447 409
743 389
930 693
423 184
710 890
476 994
794 430
151 213
241 347
972 270
232 873
258 609
47 387
564 947
421 896
217 653
132 647
737 308
504 40
167 907
152 375
627 396
481 857
154 345
61 731
697 871
378 237
425 950
175 627
975 740
985 640
826 925
883 454
690 885
352 118
404 944
31 647
316 794
472 342
35 260
821 992
172 154
393 728
865 470
147 404
102 367
661 339
687 364
105 10
46 191
866 908
207 278
62 404
136 248
15 495
157 674
867 837
739 88
70 500
370 220
468 221
290 303
5 66
975 246
71 712
17 511
840 647
253 136
918 551
446 582
802 725
741 604
941 140
615 336
886 881
778 919
425 820
334 150
165 426
487 578
407 586
391 133
96 731
160 18
335 984
896 68
594 811
357 864
886 476
340 897
514 563
163 376
3 963
538 354
689 771
123 832
408 742
286 948
465 992
469 869
962 698
415 416
46 513
497 863
937 799
108 508
741 898
219 376
82 838
414 665
642 916
487 292
499 706
443 841
61 391
415 804
4 217
659 341
509 910
994 400
329 85
887 295
179 834
184 669
204 526
587 772
568 867
187 464
949 500
822 313
802 205
372 866
545 323
742 14
200 399
422 833
289 557
873 205
591 390
396 908
335 198
93 149
547 117
867 132
240 442
832 409
659 696
467 596
407 387
436 820
20 538
695 63
476 328
280 726
78 645
514 584
920 968
304 383
930 617
773 873
12 9
144 839
46 788
878 413
131 697
466 576
533 242
651 930
14 538
53 718
201 38
762 71
822 20
938 310
181 100
371 456
699 198
186 457
428 143
345 548
172 529
259 247
954 921
826 64
589 267
724 841
694 283
891 873
984 891
184 400
625 165
270 982
447 207
830 905
238 166
263 57
370 326
560 636
815 585
485 688
825 781
799 332
990 548
175 46
783 659
81 397
979 860
118 825
349 931
428 184
136 256
282 60
282 968
188 422
509 902
898 9
824 514
353 996
678 494
781 991
789 5
647 891
772 410
241 44
131 598
813 987
471 647
237 126
918 153
242 906
379 507
523 167
698 728
663 226
940 213
409 158
427 968
427 590
687 786
254 487
76 397
611 50
328 448
242 906
4 100
810 483
587 28
175 351
729 75
487 655
471 630
606 832
876 951
426 887
260 167
438 571
920 502
232 834
831 592
688 665
604 913
132 910
550 281
941 808
142 854
772 922
898 226
760 660
175 558
66 190
220 691
187 971
716 888
199 215
89 562
559 781
808 343
954 871
803 898
904 624
466 713
49 963
74 734
225 996
110 898
651 575
326 272
890 786
787 176
855 162
879 820
105 570
868 868
819 262
623 812
447 637
584 890
323 167
722 586
66 636
451 475
940 874
177 115
386 603
442 773
551 314
11 294
779 859
45 972
138 399
606 641
883 925
897 243
688 337
467 186
905 373
278 468
701 595
239 632
312 989
122 825
34 744
938 224
914 592
725 509
470 666
918 213
14 148
910 531
89 231
518 856
939 503
677 852
961 819
473 903
694 105
609 911
251 268
381 969
106 235
413 945
874 511
417 777
216 963
770 587
181 532
887 433
463 525
532 380
818 614
98 676
127 487
201 366
961 864
56 710
441 922
126 525
430 453
266 248
946 808
329 850
116 371
346 68
164 462
62 736
753 78
945 681
818 255
841 837
437 748
910 955
245 333
354 345
32 366
666 317
548 152
395 181
771 552
476 957
301 300
265 770
537 586
619 306
50 158
273 752
573 782
206 145
165 697
565 709
210 874
890 413
375 782
482 492
630 249
56 202
768 104
248 303
833 333
950 893
678 429
879 436
564 309
55 402
223 706
787 180
195 101
674 875
102 339
351 268
788 383
358 381
738 312
338 159
880 13
581 159
456 951
126 385
49 3
577 831
873 834
226 365
898 810
126 602
122 824
846 877
81 217
380 680
964 961
568 612
140 49
736 166
885 863
601 698
472 635
361 991
202 192
184 330
141 612
411 871
799 868
826 558
54 813
525 332
517 880
942 308
436 845
469 251
901 799
92 210
953 722
488 241
195 701
896 971
229 12
68 668
165 820
512 618
790 150
945 633
736 916
900 657
628 368
540 325
578 737
154 487
541 562
920 825
432 123
899 634
944 651
372 67
512 724
153 674
852 706
366 907
335 885
170 339
524 368
375 854
670 227
997 883
496 618
760 820
879 589
244 850
266 549
671 784
444 320
974 685
176 58
430 978
449 116
442 139
986 279
473 449
421 534
433 661
97 420
266 319
445 22
613 464
251 657
448 954
716 400
130 212
428 422
97 550
714 298
322 472
348 999
192 606
175 290
93 96
857 505
875 70
832 671
756 273
402 798
164 372
481 506
335 418
963 822
689 65
559 162
827 900
779 189
535 254
806 805
888 967
275 369
11 405
625 169
598 684
56 393
258 570
908 219
380 926
703 621
630 949
318 240
110 688
420 6
864 554
897 357
450 849
111 9
103 563
69 851
875 958
330 473
607 731
150 356
489 643
600 217
298 59
63 900
351 473
609 855
738 212
640 589
707 784
197 147
544 287
37 948
10 513
584 43
548 126
87 881
743 79
103 973
540 928
374 4
140 456
455 866
591 623
989 540
889 701
847 5
94 837
374 611
53 600
688 737
924 740
113 103
484 784
709 25
280 6
913 532
145 290
514 676
489 945
374 304
258 379
17 229
949 441
567 806
982 291
916 219
432 584
614 200
838 107
148 12
661 879
471 285
705 970
870 485
774 781
74 790
310 55
705 303
433 185
645 285
874 133
719 948
914 737
861 818
593 365
894 985
52 729
390 680
81 625
99 152
605 179
495 228
906 198
248 718
864 742
830 147
703 100
314 885
31 603
170 748
561 721
149 824
23 113
202 606
110 942
93 738
156 84
890 948
619 494
600 725
104 390
29 516
469 234
50 740
195 483
17 756
804 496
278 460
470 642
550 876
901 85
396 731
642 911
678 543
693 378
496 771
950 795
105 430
766 993
780 195
248 549
319 649
134 527
233 954
124 751
103 858
206 575
123 829
539 698
404 475
996 135
946 502
449 668
427 795
65 532
576 373
792 424
975 297
601 587
454 102
87 627
490 542
740 948
512 699
587 405
149 84
15 425
610 100
133 730
36 251
412 990
962 999
663 752
300 899
920 879
287 921
490 657
525 208
439 991
95 750
448 387
689 839
448 464
406 714
583 948
682 982
199 278
100 902
201 486
655 247
304 970
741 389
71 689
19 625
118 220
187 631
232 86
470 34
755 832
335 469
221 686
448 68
499 22
360 846
412 389
996 181
972 886
769 879
13 304
251 51
128 254
811 567
487 84
410 669
153 126
851 16
381 39
359 59
688 789
671 86
861 53
143 936
644 266
850 988
296 682
326 606
175 454
705 371
78 996
301 15
551 975
330 689
197 507
654 205
7 173
933 593
607 830
26 202
509 658
529 803
938 199
891 639
556 376
351 619
639 421
818 76
612 491
180 348
253 658
386 332
754 579
239 574
859 891
778 14
289 272
922 713
770 21
646 743
190 599
175 864
790 299
103 807
403 524
666 459
371 317
62 44
265 619
492 49
278 62
741 920
562 863
705 726
335 461
24 346
592 818
321 313
12 97
178 312
995 876
973 549
677 213
246 311
652 388
902 901
344 683
151 612
557 279
519 933
203 347
912 151
461 253
108 353
279 583
690 752
316 695
581 493
528 593
271 337
324 627
733 920
554 787
255 100
178 592
466 285
928 736
742 625
71 59
492 691
767 174
414 124
524 17
388 153
386 286
163 678
967 747
10 150
371 24
733 567
378 543
383 90
24 323
260 613
796 627
208 608
455 960
873 823
996 944
550 134
466 663
848 337
592 317
329 9
896 755
383 201
391 534
909 274
808 395
828 310
12 662
531 840
657 376
461 41
781 182
866 28
552 944
678 78
170 288
609 266
299 720
502 709
655 361
565 760
669 873
619 301
110 224
422 381
342 465
785 924
676 604
131 403
30 929
31 251
142 141
21 686
778 35
201 483
82 35
177 212
359 259
832 33
753 829
931 807
16 465
903 581
596 838
914 528
345 170
370 962
294 129
876 171
227 610
85 222
262 477
500 11
671 920
991 43
83 442
712 452
732 133
447 481
246 10
184 272
5 852
207 36
619 192
360 409
928 307
788 955
139 642
57 335
146 999
122 62
4 191
762 563
50 246
149 416
721 483
945 614
459 657
220 133
103 466
544 933
910 17
996 983
856 283
434 563
232 542
701 179
126 236
776 123
563 232
769 886
827 523
369 585
377 46
366 278
627 925
290 838
692 823
6 975
735 304
333 705
480 182
221 30
126 896
50 625
812 156
809 353
889 714
11 129
486 708
801 628
939 596
97 628
839 739
841 896
775 676
131 368
964 509
706 106
739 778
732 449
18 324
517 929
922 563
834 31
496 665
250 218
688 896
692 492
158 723
718 39
926 736
640 378
796 890
989 320
98 807
987 91
587 56
416 653
229 153
301 112
422 464
974 537
392 214
282 894
365 617
122 488
249 936
382 882
342 381
212 809
963 656
692 586
439 983
22 929
88 744
722 43
56 351
458 757
981 224
100 187
331 125
310 312
660 443
824 52
29 370
487 461
154 425
150 199
957 638
226 166
285 727
833 811
394 777
17 159
234 974
724 780
499 553
980 732
909 36
412 212
146 554
800 818
655 969
933 68
893 139
234 690
469 285
826 323
299 987
118 34
160 188
231 540
160 200
462 950
537 864
535 6
611 232
300 263
690 12
642 622
813 877
277 853
872 823
280 38
284 814
661 911
939 665
513 37
757 291
864 805
52 420
965 163
906 697
988 796
625 459
251 440
372 679
79 620
281 941
145 944
826 93
618 901
354 311
3 919
646 633
568 537
885 375
713 260
425 318
461 264
36 292
466 144
45 827
933 66
278 331
18 586
844 112
286 86
106 339
894 95
410 179
196 644
941 881
129 155
67 359
830 285
987 326
254 908
578 594
864 891
264 803
232 320
400 877
531 473
931 901
114 445
814 756
6 35
699 338
928 632
237 521
194 785
174 781
975 281
423 751
353 999
800 351
94 595
512 760
346 785
361 596
597 525
687 156
892 232
142 835
692 42
820 406
612 186
758 547
468 818
974 470
87 385
516 367
58 269
491 923
864 716
133 256
236 550
328 914
482 342
231 271
121 59
902 826
207 25
370 332
200 380
408 38
424 683
91 819
901 601
725 591
572 471
214 701
627 207
338 841
148 398
662 744
577 831
616 902
556 614
863 744
936 114
65 931
747 222
503 464
867 347
251 185
548 568
160 618
229 979
503 851
18 47
574 753
378 770
577 793
970 263
615 397
909 408
75 65
514 430
602 438
283 152
741 913
558 546
866 167
958 28
103 421
240 221
273 552
636 863
3 144
542 547
612 359
261 276
603 300
498 827
355 328
602 219
189 389
736 429
96 445
524 178
153 500
361 896
703 514
523 567
352 949
394 121
249 88
414 267
759 360
886 521
6 189
420 447
613 603
202 932
478 806
197 997
8 824
917 71
805 728
120 232
121 785
524 864
935 848
317 404
112 693
845 130
326 218
598 82
253 422
281 551
206 662
739 658
618 295
834 347
168 877
543 91
457 83
956 245
222 669
406 829
771 458
862 251
165 979
791 862
305 221
78 315
418 190
700 47
972 84
865 87
733 774
31 317
820 375
775 2
996 264
579 252
791 797
642 181
439 582
357 583
615 574
36 289
703 375
486 707
148 620
797 158
772 634
765 598
38 642
768 619
611 942
547 509
896 2
361 355
875 652
213 115
555 624
669 216
887 195
62 738
358 579
247 621
965 293
489 796
509 423
109 864
476 462
364 660
783 629
831 541
659 493
535 97
206 728
641 547
157 144
577 283
617 761
614 715
493 516
552 335
280 895
820 929
947 451
178 428
147 803
336 945
579 307
265 508
502 465
972 409
335 854
853 666
402 321
534 300
335 92
594 981
38 996
128 332
533 427
557 334
181 148
303 141
85 123
631 167
32 6
568 813
472 89
537 517
27 813
182 667
336 365
241 911
574 631
52 181
482 550
111 519
667 350
675 799
981 501
634 794
98 372
307 268
856 806
87 235
674 874
322 109
662 157
845 286
723 932
200 533
116 267
244 746
43 400
845 865
747 961
92 266
777 325
838 663
286 280
478 461
443 420
529 352
560 281
374 13
742 381
101 222
306 158
665 803
660 472
380 461
667 35
625 85
807 558
132 611
286 346
905 168
98 902
945 311
183 899
113 843
503 987
49 628
886 223
858 768
488 258
747 998
532 276
184 799
651 853
81 216
726 13
221 161
439 194
197 912
889 245
244 796
51 950
187 180
847 769
40 984
710 99
463 208
315 826
237 846
545 968
106 817
898 885
806 952
547 330
906 829
897 864
157 437
194 525
804 647
654 577
834 493
995 659
386 150
961 759
610 643
549 449
561 316
428 100
373 16
489 296
94 437
805 483
713 280
984 718
322 687
493 612
282 592
509 336
578 401
717 563
188 969
540 907
545 210
803 276
184 931
305 977
900 75
408 632
235 500
18 854
527 705
96 364
215 904
628 347
822 972
526 13
376 882
871 432
723 806
643 226
306 254
197 41
239 735
71 245
167 716
178 811
642 946
719 895
336 306
581 832
123 832
31 602
153 180
778 608
658 966
892 75
518 354
839 800
603 447
932 924
991 759
434 392
361 739
981 952
387 438
37 719
324 564
610 458
673 600
573 889
346 88
539 528
591 156
880 130
893 348
348 518
651 136
213 881
483 23
882 752
540 517
9 773
579 456
143 195
86 116
993 780
859 744
740 995
662 560
306 673
443 628
23 781
415 564
678 204
605 928
180 221
805 758
59 952
888 114
458 676
424 600
121 672
73 511
892 356
105 918
499 508
810 877
542 979
685 297
2 684
124 14
929 179
165 256
9 207
805 649
546 123
512 445
354 33
218 827
175 210
612 688
970 587
601 263
974 384
847 632
324 35
496 182
191 741
578 365
809 666
450 641
546 970
146 730
420 111
790 889
749 770
571 111
517 905
856 710
660 394
569 256
601 184
958 826
421 555
583 662
9 798
985 361
818 901
528 887
745 597
403 550
458 416
68 45
441 132
325 10
596 466
940 40
520 669
338 944
822 232
663 990
453 199
369 716
344 810
259 906
372 223
615 806
620 540
167 821
837 207
109 108
310 793
688 117
464 2
487 595
239 328
113 214
87 123
587 415
893 950
926 846
546 237
581 461
272 78
986 886
671 752
285 675
753 432
248 759
668 875
696 434
579 908
816 116
403 188
275 863
889 532
254 547
770 314
377 486
676 17
601 481
583 661
209 582
431 143
604 788
948 982
816 800
944 554
783 767
420 904
945 953
50 493
496 838
818 943
40 11
671 414
313 893
27 344
231 661
409 941
446 247
259 730
448 712
313 965
519 716
771 712
915 564
344 88
494 554
542 107
772 126
40 130
951 969
188 688
30 408
722 46
631 795
688 355
205 412
635 373
564 668
298 523
173 904
160 986
814 274
187 443
894 337
643 162
744 407
17 503
379 283
884 195
11 929
610 795
713 941
48 189
615 720
487 504
76 803
599 269
188 552
317 18
950 106
301 905
688 511
698 733
78 347
99 360
923 968
831 684
374 329
2 516
409 437
40 657
46 527
949 585
117 106
120 165
633 48
916 327
468 299
550 115
574 6
217 805
851 419
200 314
809 301
611 662
570 274
588 27
986 291
976 49
506 462
305 178
883 895
874 53
420 551
809 849
452 44
207 50
773 699
491 759
52 8
411 753
362 936
272 100
367 52
382 889
39 218
136 124
535 258
162 254
476 676
775 477
384 814
944 48
798 891
167 466
342 236
535 522
381 928
481 970
643 252
193 255
789 321
782 928
592 1
882 200
304 69
43 312
588 347
296 992
125 661
669 190
724 113
896 407
485 807
193 421
771 258
127 406
824 567
117 394
156 1
207 25
707 573
160 508
875 11
762 453
73 14
820 316
882 814
397 94
528 567
830 103
190 392
716 397
847 610
348 734
293 553
83 985
997 703
910 188
246 335
809 805
743 289
182 649
776 581
838 69
807 805
162 417
919 350
404 240
232 97
980 453
341 9
620 58
984 626
214 149
252 53
251 877
546 382
379 210
414 260
258 961
629 813
365 902
832 565
156 914
544 853
396 480
94 694
230 206
455 998
30 344
814 554
228 553
990 232
229 264
643 281
713 350
531 290
784 407
700 225
488 66
231 587
811 636
162 150
845 937
60 231
156 381
439 992
808 206
138 671
448 876
239 835
797 44
893 816
2 948
715 772
732 62
86 427
130 731
817 6
455 951
438 339
114 737
139 163
32 4
895 429
806 21
731 983
995 892
473 204
147 152
812 608
918 37
11 372
729 982
165 878
392 174
859 531
336 776
126 501
370 525
760 500
122 976
649 230
271 616
849 343
772 842
734 598
521 207
876 115
290 999
341 843
36 851
284 42
143 199
559 418
431 735
485 796
409 696
539 994
79 6
18 288
259 52
412 744
272 710
43 319
102 218
131 727
718 787
348 135
792 108
343 510
401 876
197 303
131 467
165 648
649 926
864 739
267 373
620 923
644 101
363 242
885 581
347 97
289 360
221 56
857 189
724 84
639 510
903 67
377 895
986 485
371 410
321 2
177 398
132 256
783 744
401 723
437 720
235 543
650 602
556 285
492 557
404 89
766 701
715 562
422 255
749 785
837 264
489 31
719 903
264 175
953 319
750 582
957 348
339 735
116 951
517 584
299 317
286 577
552 168
587 946
896 381
766 15
398 424
960 143
571 744
665 345
970 906
689 117
270 924
159 399
301 390
920 93
628 474
847 289
207 870
135 714
830 510
160 459
619 328
226 460
704 440
980 826
919 281
203 44
925 55
559 33
818 161
14 727
412 395
230 737
938 211
315 950
97 807
775 627
988 7
359 969
770 229
100 771
625 666
550 179
150 938
549 965
484 772
639 776
801 134
336 615
768 6
181 257
960 237
547 618
407 568
228 359
230 224
674 567
431 575
449 561
651 942
139 152
953 929
547 396
901 389
279 711
50 863
470 530
547 9
11 452
650 454
228 449
905 900
623 29
415 105
336 506
328 893
252 735
272 619
853 783
802 237
942 387
766 667
784 938
690 335
12 158
46 189
486 174
582 640
71 644
200 136
299 23
32 276
970 238
576 790
532 155
694 649
392 853
596 340
146 632
299 876
697 635
684 841
784 498
61 967
422 461
497 891
304 589
139 108
889 361
196 260
776 276
925 641
756 773
849 691
289 246
87 773
430 61
268 266
50 706
216 583
482 593
184 157
644 282
40 719
202 776
921 163
842 529
863 413
711 196
958 744
807 717
861 549
276 137
9 433
138 689
557 54
502 430
820 636
567 702
403 216
747 245
244 153
840 659
289 829
359 274
401 129
401 51
586 426
865 141
972 210
668 517
370 208
324 451
658 145
544 606
990 778
920 47
551 586
90 681
91 904
309 95
163 893
548 982
811 829
596 518
860 783
433 3
54 947
135 241
226 443
313 770
288 71
930 61
541 829
695 916
307 834
68 249
761 309
921 15
786 632
689 469
122 999
5 117
934 690
557 611
779 922
445 731
183 221
462 796
302 506
922 302
62 327
887 699
728 648
550 122
847 743
535 103
83 790
884 430
992 829
61 504
928 945
782 521
513 523
823 580
298 915
225 803
486 79
195 975
174 626
457 518
255 292
950 272
44 233
316 274
67 389
152 514
410 39
821 352
316 331
777 82
23 641
350 187
730 8
341 667
774 156
758 4
623 365
606 95
543 101
871 906
575 742
541 713
421 607
157 180
288 317
399 901
679 285
67 45
935 841
126 315
823 793
344 214
344 296
735 150
929 272
561 626
264 278
210 319
89 536
900 147
314 48
911 648
590 572
922 747
298 172
792 981
549 844
541 824
458 398
518 326
1 991
904 17
836 501
357 935
137 127
260 383
644 945
681 615
614 472
231 233
666 62
57 700
56 332
491 751
472 56
784 878
95 375
42 210
51 638
826 125
767 497
722 472
332 556
613 639
4 204
845 764
866 524
476 124
236 432
40 595
131 414
963 557
870 682
67 878
331 246
192 6
353 437
651 220
149 360
427 177
878 575
161 115
28 730
716 256
743 430
596 724
82 490
74 208
698 350
422 803
792 416
856 419
208 648
513 677
441 998
2 511
252 57
907 546
206 118
627 918
34 42
48 137
919 629
510 33
355 586
797 236
923 141
402 40
669 702
136 38
609 600
169 72
492 14
175 408
89 151
938 185
366 386
72 336
77 589
751 181
890 409
412 325
288 434
991 807
126 927
290 341
537 691
996 450
194 500
366 513
742 647
293 897
816 548
316 117
235 369
51 170
414 226
239 65
892 854
57 642
132 427
639 103
949 149
207 777
651 497
676 723
634 531
697 93
229 940
43 716
160 637
444 328
166 267
125 49
286 533
461 431
974 811
425 179
301 45
932 626
218 211
265 303
718 441
812 808
557 802
714 299
499 63
711 194
121 134
554 766
772 945
906 735
968 59
375 633
680 835
717 132
178 763
536 243
396 566
505 293
70 639
414 518
362 669
107 53
451 28
624 718
963 466
44 249
969 885
725 441
829 881
205 742
640 762
409 594
503 58
728 403
31 3
458 325
910 120
649 614
686 381
414 92
424 886
540 445
645 64
299 604
347 739
545 626
373 570
473 731
598 299
335 406
177 158
77 33
171 995
391 103
288 388
86 260
996 559
804 10
76 28
732 16
234 846
931 317
172 514
291 625
322 536
618 771
42 272
613 964
218 351
13 633
283 96
526 323
581 800
775 893
445 143
858 816
625 908
472 551
152 417
438 194
259 676
464 140
243 806
270 572
533 311
59 750
277 370
800 707
670 160
199 19
62 873
460 945
465 426
767 216
530 94
741 250
315 262
301 830
628 160
672 368
24 343
872 733
766 549
88 270
922 453
596 293
807 760
340 533
688 417
897 678
538 930
241 591
553 290
939 623
392 328
694 4
333 684
741 44
952 544
637 361
273 798
484 736
895 436
164 5
122 351
564 612
921 304
980 889
780 548
512 820
690 859
768 328
922 578
949 949
665 536
317 155
735 127
532 352
285 783
274 972
431 812
689 359
240 692
572 943
610 117
850 960
883 32
851 234
999 203
566 987
407 641
902 942
696 422
116 264
53 432
23 660
763 236
991 135
525 338
130 61
454 602
746 571
846 798
836 247
743 512
557 264
75 646
759 605
473 917
546 511
479 406
539 530
697 930
186 786
939 780
582 357
693 671
721 202
547 917
754 114
415 527
180 691
895 459
492 594
513 166
360 603
503 92
112 45
108 222
572 682
190 504
824 132
789 357
872 430
801 857
601 272
101 75
284 718
775 893
112 948
881 672
788 17
885 470
790 691
961 549
5 586
426 379
110 604
967 544
397 490
936 388
377 798
813 932
846 953
192 455
182 197
651 27
69 903
173 456
123 773
985 185
708 991
656 78
833 479
854 175
981 162
572 250
646 838
682 57
362 217
675 4
639 158
230 231
62 463
986 160
56 152
575 370
998 34
554 107
852 174
133 77
868 300
578 161
167 793
993 315
862 221
729 794
752 763
280 969
202 375
986 271
297 37
917 418
31 425
198 61
730 295
347 555
733 511
858 343
365 267
851 21
826 788
817 792
569 529
585 911
593 124
380 575
893 262
378 847
504 922
531 213
104 4
481 287
805 808
369 770
724 241
355 703
565 236
172 836
603 35
733 869
49 664
937 964
306 913
246 998
925 436
630 516
355 422
402 958
548 832
432 165
899 965
722 664
805 778
422 650
806 521
894 501
252 204
543 978
173 198
110 280
714 447
329 811
300 944
953 292
273 773
178 768
274 330
297 131
648 869
98 331
997 59
972 439
526 49
430 608
136 905
628 81
961 437
937 229
319 63
585 764
353 874
860 296
890 55
774 190
451 238
623 644
376 512
132 417
657 216
362 479
349 139
172 856
334 79
149 765
187 694
351 819
53 674
495 628
583 476
392 27
103 540
662 911
256 421
137 294
96 473
488 467
771 995
566 299
309 289
132 686
530 808
717 3
479 795
372 955
7 22
823 98
123 96
993 879
192 510
791 6
505 346
464 39
594 176
721 725
282 924
795 130
135 797
880 840
54 144
624 167
689 817
629 844
793 738
69 77
419 403
321 598
926 894
728 232
800 922
347 750
769 148
79 754
446 175
844 488
960 988
759 602
270 140
695 735
672 330
863 870
563 203
945 111
210 37
134 437
627 795
446 602
72 204
48 4
972 199
947 965
476 375
98 422
411 150
473 386
864 654
978 355
596 862
794 542
251 544
229 77
331 686
604 560
143 340
51 52
992 491
120 332
863 868
161 952
994 931
256 228
753 388
741 864
76 509
979 55
314 386
732 924
266 834
365 787
296 808
267 557
56 142
233 232
148 186
904 447
627 844
422 72
591 376
361 182
386 876
615 111
910 425
233 475
189 600
402 333
379 122
291 276
957 157
734 372
738 663
684 158
860 649
569 327
70 247
386 565
914 349
302 470
442 887
732 93
860 14
303 917
38 848
203 619
193 263
442 856
946 992
609 918
161 708
361 763
766 700
842 193
902 123
468 32
210 356
7 845
680 882
784 775
774 416
591 120
983 249
2 541
794 261
781 685
516 855
297 435
159 871
186 936
774 667
740 283
751 191
103 936
789 714
213 21
784 504
809 170
167 800
61 556
743 987
308 21
633 194
298 156
198 330
852 916
642 774
971 885
329 816
419 168
802 594
821 244
31 634
667 875
532 397
938 226
143 386
441 943
110 299
319 349
422 799
279 85
191 76
368 193
442 47
913 933
418 761
720 701
276 586
194 439
547 120
202 333
309 870
546 70
436 874
973 891
202 103
489 644
421 869
778 470
342 290
331 172
231 229
213 814
212 864
765 76
715 387
19 414
731 182
399 162
543 383
673 955
207 899
970 923
581 533
724 559
100 774
869 443
233 841
678 692
935 358
244 143
617 388
103 210
860 344
316 535
658 227
655 826
633 81
881 921
984 50
646 38
126 191
357 808
712 449
699 508
752 920
730 129
154 831
340 28
405 435
263 28
917 478
315 629
210 89
103 779
179 284
684 540
802 145
244 407
833 656
9 921
771 156
529 932
58 396
587 643
973 581
858 598
605 538
636 55
824 783
47 187
953 354
867 545
483 987
413 138
660 27
300 175
504 324
416 941
433 523
641 856
542 5
512 507
101 130
526 545
991 323
154 656
215 953
173 415
215 843
376 497
246 818
859 845
153 206
674 700
612 328
599 53
514 398
325 835
117 124
490 48
194 568
819 975
552 525
361 193
853 209
645 9
381 587
333 7
606 819
367 721
233 440
974 761
909 464
367 676
223 530
660 819
285 316
929 226
627 863
563 950
183 612
145 588
957 793
833 717
886 409
674 656
356 306
42 474
115 238
834 32
336 477
312 439
422 112
661 840
898 509
439 589
98 633
883 740
97 894
196 144
33 476
652 538
420 866
492 259
944 640
217 347
274 555
949 665
533 400
952 710
351 612
959 248
811 514
227 517
399 594
864 140
728 67
169 525
950 244
688 687
412 167
929 585
824 196
228 959
799 557
788 327
621 447
929 18
248 513
440 573
177 93
380 423
691 614
675 668
43 288
613 144
488 245
165 966
37 409
664 279
366 125
929 271
485 524
241 719
529 396
628 861
920 670
263 549
260 315
812 75
666 537
400 164
56 106
330 895
831 820
98 109
575 243
600 671
760 867
536 545
697 219
717 903
42 289
44 479
422 801
344 522
453 897
691 45
241 260
414 653
388 782
548 541
328 192
273 432
444 463
65 226
247 800
563 717
158 45
897 480
881 757
626 575
218 114
639 778
503 540
424 338
128 547
984 635
972 393
998 552
413 453
199 495
141 344
21 256
145 399
299 680
420 73
570 432
990 947
204 38
665 114
292 42
734 89
969 158
498 925
285 530
970 691
932 132
888 302
781 361
91 721
541 846
256 174
327 272
391 512
441 721
869 939
85 918
543 98
395 983
565 721
416 5
561 653
70 921
337 361
540 130
899 42
518 912
536 76
650 511
832 165
72 280
739 401
247 836
533 5
147 600
731 907
846 301
115 124
332 159
421 28
726 646
492 318
472 846
51 83
952 535
988 485
391 50
325 248
215 729
367 676
762 178
803 793
92 555
821 315
283 292
406 506
884 645
160 207
991 110
522 132
310 416
855 598
164 551
84 276
114 182
607 41
910 26
776 107
503 476
320 694
661 68
794 105
264 607
990 336
408 268
681 557
240 397
772 648
271 927
86 83
555 410
115 834
671 876
559 246
166 507
874 462
885 626
244 521
592 279
105 692
88 247
270 618
755 751
319 832
830 500
781 380
146 276
668 944
499 475
149 400
112 802
278 414
311 204
534 65
672 40
281 726
984 645
504 449
328 43
894 850
831 603
710 984
127 208
809 767
67 502
555 663
40 361
307 859
597 983
392 153
464 489
442 944
648 365
850 778
260 120
974 293
312 177
996 416
427 178
954 758
840 226
574 208
194 251
614 828
423 182
990 770
70 386
569 200
544 46
144 965
677 128
390 967
450 488
967 312
486 397
973 809
567 770
228 580
186 874
313 121
193 77
300 218
290 611
655 985
47 751
477 570
529 329
735 612
763 854
34 677
265 463
535 16
310 239
399 2
548 35
467 446
433 115
80 975
751 57
815 989
612 613
362 28
352 79
34 395
312 718
276 748
640 891
163 593
542 87
116 733
556 916
686 578
829 961
378 192
810 50
131 289
199 190
540 379
731 709
552 279
496 888
813 205
884 645
752 389
677 850
98 890
649 464
201 716
805 140
763 382
991 347
986 492
476 409
598 98
615 994
311 344
276 121
528 339
312 305
14 212
220 438
906 370
391 911
297 726
285 720
568 862
372 800
429 935
158 971
191 371
169 708
696 773
863 333
511 139
468 912
232 610
726 413
934 646
434 596
231 494
742 532
401 48
658 580
750 279
541 176
594 883
278 526
649 363
173 546
902 562
821 551
726 253
466 25
272 447
623 592
182 61
996 78
271 185
900 51
655 410
764 510
128 359
353 533
677 72
649 936
211 237
573 222
332 878
707 720
358 46
967 762
226 640
869 89
534 781
327 179
609 998
116 646
363 522
828 572
340 194
468 131
907 798
213 123
400 903
185 492
493 869
925 97
368 301
131 163
955 361
253 67
462 143
189 704
452 758
170 51
517 625
100 775
989 712
976 61
919 791
998 852
870 461
272 929
534 505
338 383
283 231
775 755
237 650
396 886
405 564
340 958
559 377
142 70
820 224
229 749
1 14
281 230
533 13
26 452
531 586
634 914
91 876
591 543
933 652
855 869
318 864
606 985
225 127
536 396
813 472
929 379
517 264
372 973
345 820
449 707
934 41
366 272
758 613
934 500
74 297
132 406
717 892
151 112
249 311
196 777
528 696
544 586
680 343
146 240
