7500 5500
441 691
225 695
524 902
294 842
998 429
267 946
968 94
358 327
476 768
457 546
686 837
346 38
177 868
227 143
527 910
247 491
537 648
721 482
596 409
754 963
480 684
342 60
693 69
562 570
979 51
530 35
252 322
623 120
673 997
686 537
264 732
324 994
610 144
258 127
987 254
556 973
507 370
897 844
307 320
171 693
428 978
408 960
723 647
913 451
226 710
423 153
814 866
982 261
637 461
677 547
969 580
661 938
954 897
357 509
39 804
181 716
724 424
280 615
238 510
615 740
309 637
768 863
24 699
518 216
196 580
446 343
315 812
996 492
83 575
479 238
987 709
569 1
693 940
208 860
100 995
995 426
967 5
361 462
790 509
507 81
8 441
773 59
112 326
914 693
450 550
607 112
159 125
596 23
814 940
589 840
86 278
206 155
824 842
963 181
667 699
259 467
90 540
795 211
175 50
523 146
802 857
62 659
20 46
600 339
996 968
877 820
572 723
311 506
91 725
179 204
571 550
649 869
422 803
176 501
738 833
596 717
111 160
625 550
859 896
962 636
690 207
28 893
238 451
198 420
659 269
488 937
606 841
311 62
857 383
844 42
730 111
498 14
872 810
162 84
361 725
613 919
857 61
638 254
769 590
616 992
202 255
86 485
919 922
987 848
155 53
86 292
375 521
302 402
12 589
356 978
839 227
609 234
452 50
555 551
923 287
84 971
590 761
66 586
871 946
439 1
347 152
835 384
635 485
409 65
480 195
88 617
637 490
467 371
11 513
458 452
621 294
843 80
156 228
920 874
450 711
611 83
990 669
153 353
975 753
583 185
580 660
698 104
657 860
612 344
341 219
646 324
719 121
655 667
493 353
611 660
262 200
732 595
120 904
736 596
145 771
14 41
582 773
315 923
615 686
844 481
331 9
256 569
986 319
409 363
317 96
25 194
351 498
391 266
650 470
833 474
596 265
311 503
468 377
332 248
969 768
740 359
90 272
813 611
498 607
788 480
665 314
713 880
668 384
625 142
819 638
30 799
966 327
464 192
417 122
467 155
942 461
244 93
888 325
708 842
246 328
611 502
726 302
703 251
874 520
383 799
655 397
574 281
733 422
676 35
744 504
164 919
319 885
888 596
410 191
509 773
220 437
417 971
402 50
381 591
960 630
698 993
50 998
554 565
232 478
924 366
498 448
418 464
616 911
425 46
439 294
84 980
191 341
133 269
535 129
132 493
862 703
845 943
665 741
184 325
970 763
230 75
166 496
709 405
215 839
906 527
456 56
127 217
523 81
343 353
353 731
56 553
562 300
353 436
440 681
804 961
787 365
270 169
873 239
815 350
309 405
275 415
695 391
694 17
771 231
653 874
416 12
774 459
76 811
281 680
610 176
374 469
151 586
876 584
720 415
796 260
629 493
52 307
273 96
249 203
406 44
961 859
798 469
377 556
467 46
285 876
945 387
143 665
127 477
517 83
169 705
171 290
610 468
910 85
538 985
698 30
351 695
97 252
271 725
7 45
242 764
19 78
764 125
376 535
805 930
578 679
198 569
963 431
792 877
260 663
517 742
429 368
538 900
608 262
401 167
855 471
318 482
857 245
471 722
159 903
834 883
296 666
535 382
60 726
723 378
272 726
308 52
401 238
3 51
932 403
326 664
849 473
97 975
38 34
475 266
220 591
415 197
644 243
24 63
510 572
88 513
140 575
194 561
265 41
217 651
790 187
237 563
153 966
112 48
191 279
850 460
787 495
925 745
57 619
672 104
651 534
659 530
249 642
833 739
804 866
4 843
654 601
702 988
43 985
866 626
501 74
870 587
247 506
85 900
950 767
18 487
411 566
496 391
50 34
418 465
812 259
776 307
330 593
4 862
208 894
247 52
806 118
245 110
317 488
25 726
584 293
207 678
653 162
470 250
425 961
257 472
240 80
606 529
521 590
493 558
655 199
743 124
439 736
314 202
329 245
216 66
962 637
298 861
629 131
324 263
810 990
287 860
691 968
775 317
208 864
543 344
986 58
999 604
336 184
407 981
394 235
43 817
211 40
118 719
796 910
657 274
516 604
551 464
201 388
629 853
558 678
449 392
354 19
306 592
664 752
277 87
938 421
412 456
991 109
867 941
613 993
8 395
934 420
101 955
694 714
238 462
34 767
608 970
914 738
118 375
185 211
841 565
666 831
656 848
417 59
898 688
119 750
876 439
724 6
171 379
18 997
47 622
214 64
492 448
636 46
537 661
520 676
795 880
282 337
292 446
882 637
10 946
949 256
412 129
930 321
380 200
257 372
931 721
523 783
134 893
41 115
252 594
728 979
976 992
933 503
927 343
521 738
529 911
407 438
967 217
177 233
458 701
633 156
188 698
162 937
521 18
521 907
310 830
713 725
56 184
477 317
353 616
864 674
295 647
147 974
37 681
456 820
830 472
920 913
790 753
770 218
210 803
785 806
551 207
918 54
693 548
547 239
175 335
459 476
431 194
948 722
37 149
236 645
471 619
681 357
614 744
765 415
817 73
229 386
400 534
380 457
45 92
607 396
553 539
200 789
164 254
321 988
693 727
940 963
507 177
472 628
134 326
200 331
936 741
667 55
498 881
735 515
185 38
919 782
146 9
674 182
532 888
250 541
392 496
582 291
116 870
300 99
364 950
580 198
18 81
331 98
206 163
974 957
599 797
272 901
39 626
660 423
116 291
726 850
477 433
273 603
986 71
617 204
616 399
315 728
722 510
892 610
151 832
399 778
677 24
557 368
472 306
971 702
278 71
392 84
874 45
975 494
372 480
838 237
299 795
199 892
393 817
455 556
113 188
246 609
126 91
293 365
904 481
169 501
465 808
210 267
847 144
152 700
172 412
156 838
797 786
341 460
644 348
621 349
321 421
780 325
547 331
482 606
784 193
476 807
225 675
727 799
58 779
851 245
439 473
915 693
779 859
122 282
732 725
982 965
259 918
880 830
307 151
831 729
560 793
415 973
73 604
200 761
417 861
379 84
802 385
779 903
283 739
374 616
363 164
670 525
550 524
468 383
810 328
34 368
926 553
355 800
581 162
534 770
49 156
817 404
198 752
794 416
893 929
766 564
384 22
43 805
51 350
27 1
696 29
774 356
917 472
894 455
443 876
478 135
559 705
735 199
614 859
871 49
739 285
208 345
796 173
389 710
248 486
713 71
536 584
347 118
181 458
656 745
270 739
635 673
182 937
617 137
355 309
487 496
597 135
593 721
716 766
541 703
368 446
116 389
996 842
72 274
673 977
989 224
934 404
398 892
883 596
367 658
221 865
513 556
858 668
376 545
534 970
355 415
130 19
966 989
53 862
859 555
776 936
980 578
564 265
476 540
188 678
884 577
143 395
729 267
603 53
882 314
120 188
981 934
790 105
739 99
947 981
558 48
456 429
754 150
914 886
441 670
346 275
635 718
407 17
989 695
831 717
674 188
183 116
930 839
745 150
908 367
225 221
699 984
897 650
407 849
810 819
530 986
535 36
793 861
112 60
212 711
412 805
238 457
913 242
712 21
866 89
404 305
625 385
684 449
643 861
920 197
741 793
484 474
934 607
849 746
404 36
887 321
372 344
768 438
381 199
758 84
290 896
291 941
122 995
515 891
841 265
136 592
425 683
562 683
463 211
138 784
480 265
177 394
865 150
218 214
346 2
256 411
890 965
176 427
607 179
128 453
978 591
681 382
665 458
58 654
146 938
95 915
259 456
960 296
881 43
339 903
963 398
79 589
389 419
17 114
133 776
582 156
196 15
720 170
200 447
772 775
141 684
283 680
379 876
101 763
925 553
920 799
624 77
627 765
113 307
300 586
869 247
839 3
654 65
141 847
685 222
969 593
433 327
374 396
551 609
856 330
470 725
372 43
130 527
870 421
492 591
560 195
70 739
800 352
250 774
499 526
504 728
292 790
87 222
302 513
6 878
874 559
146 634
764 63
985 672
568 217
877 118
327 394
756 378
748 107
118 230
108 856
688 77
464 432
207 609
501 89
955 181
202 663
174 204
920 396
459 551
532 288
842 98
986 909
622 132
881 303
179 895
177 355
866 458
809 495
106 250
793 198
70 439
738 379
436 393
585 934
24 104
557 943
498 820
839 939
103 228
631 430
898 263
163 71
441 95
129 863
441 56
920 575
662 201
844 366
54 773
763 519
220 365
314 160
172 943
778 535
35 625
86 699
85 817
695 362
776 163
353 26
492 401
539 969
231 84
291 602
692 107
409 167
356 541
791 735
830 536
485 460
239 817
998 135
169 156
130 165
401 746
819 981
935 325
532 619
741 804
489 595
13 17
513 751
623 486
136 598
75 412
594 119
4 169
298 348
934 332
152 303
814 589
491 740
434 695
108 68
657 863
454 27
469 616
145 596
143 21
150 989
760 709
869 587
760 271
509 574
590 86
537 183
663 959
251 430
890 102
257 662
812 505
667 764
324 909
479 312
882 199
307 393
647 843
586 207
773 178
122 868
582 667
869 603
435 76
407 697
48 397
897 100
228 782
710 633
532 76
521 416
43 477
893 780
896 146
817 343
116 850
63 637
775 190
990 244
398 189
208 33
353 652
455 372
684 616
657 153
23 468
881 89
133 959
278 952
474 456
533 902
765 966
566 741
935 78
585 502
740 347
911 562
254 659
137 211
122 111
877 654
807 826
111 988
176 969
579 918
788 551
189 458
867 209
32 693
318 663
156 486
575 69
488 720
866 854
776 701
482 256
974 42
809 404
385 167
598 103
237 711
527 919
187 726
218 159
180 61
584 758
573 309
990 409
706 509
603 737
597 283
330 133
393 848
305 785
641 450
610 176
752 111
928 613
748 575
351 585
148 325
967 17
160 998
19 32
637 699
257 27
357 274
259 580
553 887
675 82
793 723
854 815
957 261
50 391
718 888
294 567
386 172
239 905
157 589
206 688
883 224
954 977
353 808
17 235
332 559
83 906
885 489
887 20
138 10
377 340
160 378
583 828
820 670
442 351
970 926
369 379
461 251
9 908
798 104
488 334
270 494
484 608
856 181
653 594
22 59
588 463
757 343
252 908
941 568
979 764
161 354
588 575
807 398
817 266
525 354
290 303
61 224
789 84
570 697
978 434
179 495
397 779
513 864
827 870
833 565
924 950
761 757
621 684
279 977
543 780
337 732
926 546
952 573
602 883
42 446
565 553
662 812
929 154
497 2
880 653
951 666
61 884
343 813
249 903
49 33
290 404
10 411
737 376
514 928
369 364
117 358
335 726
927 378
281 68
554 317
382 74
985 178
404 904
177 196
461 618
433 412
955 935
741 125
805 364
865 699
539 138
726 790
779 743
295 238
510 478
122 818
393 221
947 507
986 483
639 425
391 821
917 382
830 699
72 869
768 705
170 669
150 290
572 959
43 784
250 361
929 391
596 437
182 381
21 630
702 421
593 820
454 662
435 332
375 318
526 196
751 597
546 753
670 462
450 91
308 73
363 406
292 276
985 699
954 684
994 572
696 144
314 349
472 508
330 190
153 347
633 704
805 846
99 63
236 975
533 716
461 778
806 395
157 115
522 438
724 999
419 182
500 903
93 113
139 640
57 656
964 753
698 981
949 649
97 383
267 312
127 838
756 596
357 847
836 937
921 649
476 641
431 879
129 146
468 745
147 652
635 42
251 704
240 363
339 636
979 532
466 530
451 809
532 735
327 327
589 7
340 595
230 410
407 401
260 746
467 387
711 402
84 379
892 476
446 931
764 223
610 599
787 390
524 179
884 130
361 699
260 599
427 196
25 867
27 963
19 732
221 532
993 270
993 613
342 79
415 345
562 579
806 900
988 77
233 874
256 666
905 786
598 849
998 982
782 32
11 221
752 296
791 968
481 600
259 654
954 288
980 295
946 813
71 349
875 106
758 416
808 394
164 888
260 341
409 944
495 652
579 871
130 106
74 846
375 974
214 41
405 667
281 4
616 422
260 560
995 821
227 667
267 340
376 361
317 602
333 454
122 586
858 526
221 479
393 79
460 970
923 73
326 74
695 321
11 524
35 383
896 356
938 50
74 647
227 766
187 661
676 989
565 825
283 778
686 568
291 692
713 663
863 49
342 238
635 912
71 454
529 432
964 964
907 54
118 492
330 774
258 794
442 674
86 190
1 52
927 960
442 93
163 412
374 699
406 551
260 263
233 951
572 110
784 186
798 778
488 775
561 990
791 148
825 952
580 773
26 542
783 218
465 841
579 531
847 878
963 333
394 443
606 680
221 402
859 552
660 465
70 949
974 710
84 97
142 412
229 888
634 299
561 88
472 699
429 947
904 196
696 232
220 362
809 298
820 354
780 454
206 296
894 825
467 338
773 793
194 148
711 405
639 890
879 923
745 506
681 678
861 601
130 999
729 147
178 490
6 648
263 464
765 314
577 761
640 861
421 352
582 222
302 803
104 989
932 794
917 144
940 965
606 42
911 837
649 51
536 405
294 802
163 71
44 445
436 976
147 776
889 525
658 272
634 548
904 966
698 399
166 896
131 894
499 912
349 450
164 267
513 234
862 881
899 70
701 670
972 814
134 578
768 480
919 397
375 531
99 366
503 143
919 444
370 388
649 456
866 827
779 776
224 971
682 251
445 180
550 399
250 632
699 934
807 658
28 354
372 884
617 610
184 385
731 994
283 362
271 863
57 33
815 604
158 757
871 456
761 223
856 851
505 611
518 521
710 934
61 841
726 254
923 309
928 976
554 815
973 99
198 225
661 652
55 712
842 268
101 213
729 666
636 729
932 105
627 891
267 388
436 810
289 59
541 19
635 820
109 742
883 381
811 787
86 815
620 899
255 566
214 654
786 986
820 223
301 794
245 187
772 394
436 543
613 363
933 85
770 752
270 346
459 387
245 596
328 49
868 364
467 150
227 433
182 358
325 805
423 738
335 103
261 973
323 238
609 768
181 504
476 473
857 97
352 973
836 912
442 632
808 348
602 693
668 734
163 728
268 84
849 977
211 316
912 973
275 50
248 859
605 682
507 348
3 40
146 574
86 500
64 985
649 137
421 896
547 406
355 552
628 788
729 414
910 191
812 829
812 613
205 973
286 249
551 250
174 655
795 178
47 626
899 917
966 588
763 359
791 345
538 44
601 18
172 224
180 632
64 31
733 889
137 575
164 52
356 858
150 86
857 445
636 238
494 699
459 337
906 512
323 802
103 970
928 477
509 685
127 822
520 863
413 302
759 882
239 177
236 637
329 482
9 284
802 583
878 668
261 210
167 905
170 459
175 28
545 178
986 397
733 124
467 374
776 65
260 712
799 105
665 205
415 758
653 316
475 985
505 943
503 38
216 585
797 766
638 30
790 977
241 581
33 79
527 989
685 772
101 509
683 266
886 556
659 897
726 219
640 262
316 436
234 127
506 21
468 295
960 748
104 504
847 91
851 198
659 618
535 568
114 701
443 585
341 631
173 449
402 951
13 188
175 633
158 560
23 505
788 781
3 593
33 758
395 194
422 525
640 991
896 191
326 965
851 876
782 781
755 846
635 8
296 305
663 433
462 94
97 902
149 372
940 309
133 623
139 29
286 197
122 615
772 494
21 172
298 842
555 986
731 488
222 586
708 135
726 89
826 331
837 33
737 733
61 135
319 584
678 70
84 156
112 97
212 450
8 68
378 783
460 548
829 344
249 388
471 577
737 890
248 668
365 534
20 268
222 442
68 823
198 684
868 337
149 330
379 853
265 697
132 139
325 671
742 680
693 279
239 186
680 617
171 946
242 161
246 168
188 955
344 299
990 979
59 411
223 936
304 485
272 1
581 718
279 866
195 240
867 301
336 309
988 368
726 453
242 118
498 212
472 946
885 599
231 685
249 703
433 138
682 38
865 223
821 391
478 152
613 129
763 69
61 374
707 349
171 291
25 95
464 882
626 632
657 783
804 953
966 258
571 474
537 17
403 740
486 232
14 877
895 863
743 752
955 305
180 916
539 341
727 276
925 887
653 979
944 367
602 760
254 611
963 384
6 403
486 262
556 651
161 569
13 899
10 880
81 851
978 905
371 490
767 705
922 990
749 57
927 499
56 999
397 269
268 516
324 436
249 587
303 986
531 872
504 755
209 911
532 647
331 839
118 751
36 285
446 57
268 220
812 541
606 198
640 261
595 673
88 515
994 936
800 333
766 453
97 609
160 469
587 539
692 897
851 148
883 424
830 647
898 904
181 439
707 214
889 559
319 787
152 582
231 595
578 709
801 91
733 933
310 368
569 655
59 697
276 82
694 129
17 248
676 637
680 739
784 750
738 104
264 873
550 710
87 854
274 617
889 262
272 409
932 200
579 852
65 623
729 754
377 896
449 160
760 826
919 690
862 825
993 74
195 611
498 949
412 877
165 971
681 687
604 451
331 348
234 142
943 308
70 870
292 789
80 838
539 991
198 361
350 471
466 630
462 761
313 507
389 629
868 403
604 754
630 274
8 245
608 123
267 55
916 521
724 975
333 668
237 777
627 809
327 105
152 185
977 244
150 114
361 752
243 916
193 432
152 584
178 436
85 248
80 239
45 992
274 74
268 766
992 692
733 35
921 610
519 321
307 578
342 894
777 884
970 807
165 799
861 698
167 375
718 186
395 485
182 257
619 998
704 657
20 672
495 525
76 480
80 322
464 28
977 191
537 854
656 874
900 655
58 939
389 954
456 335
791 282
889 894
918 566
320 899
81 824
248 999
610 311
834 200
385 270
664 778
792 139
767 585
874 956
436 817
958 984
639 569
642 177
547 498
907 459
876 335
659 216
88 624
447 717
485 451
662 964
131 256
152 424
645 964
862 61
907 23
146 616
166 932
166 559
787 931
637 442
658 552
116 740
369 486
269 635
359 484
430 885
724 569
371 319
440 279
567 315
894 727
249 454
595 638
8 538
754 84
384 652
939 620
154 777
142 863
783 778
864 383
177 933
174 48
221 168
661 664
442 526
894 447
136 614
2 297
638 749
835 202
889 20
382 349
899 163
951 695
748 951
176 373
449 961
907 676
344 900
183 20
69 442
935 776
898 933
800 145
777 562
197 965
862 348
893 743
281 255
554 348
945 234
147 471
307 770
117 559
356 307
124 98
550 519
530 168
129 606
331 838
523 686
475 697
855 645
710 203
288 570
895 709
435 747
587 597
216 80
164 668
170 103
859 748
917 833
726 205
67 936
530 592
44 979
368 818
78 345
605 289
566 346
500 575
639 205
549 427
602 165
487 260
105 739
996 354
376 683
614 1
883 821
197 62
882 81
633 68
821 24
264 704
659 111
637 432
853 231
373 304
181 700
596 678
302 571
657 472
768 592
871 651
634 277
908 4
380 98
421 128
519 24
452 653
46 372
829 621
738 884
810 392
80 589
820 255
726 107
648 88
565 890
390 638
365 658
509 244
174 154
211 322
488 786
335 235
364 736
351 775
584 550
574 309
923 165
847 312
434 472
146 272
161 226
162 33
758 424
240 742
157 886
237 665
257 992
495 273
319 701
47 68
936 32
305 989
583 997
566 343
698 631
694 705
540 984
705 530
750 825
481 662
226 62
844 381
67 709
217 368
659 389
612 860
203 344
201 921
94 930
503 65
77 318
147 712
144 984
435 772
752 422
479 915
832 181
931 991
842 159
418 657
73 767
831 520
775 876
577 176
563 900
597 548
640 699
792 154
565 585
793 981
776 352
12 949
915 761
11 896
214 8
831 342
372 66
631 672
502 201
13 62
158 960
575 104
309 275
395 406
814 784
193 724
156 810
712 477
275 766
264 68
528 914
880 560
82 595
245 384
668 455
570 247
754 177
722 592
116 23
520 354
200 242
366 820
952 24
810 293
526 829
263 309
654 371
907 682
3 516
569 41
612 705
303 617
896 202
256 907
336 160
333 998
727 736
357 735
69 34
666 445
642 745
894 798
273 288
841 484
608 412
750 414
232 643
241 235
917 579
964 270
961 600
431 737
260 688
424 207
501 267
854 568
344 650
90 753
358 828
985 411
943 862
975 569
531 365
47 596
133 409
375 997
255 784
907 988
546 294
718 115
711 60
171 839
644 882
147 148
161 143
407 824
60 265
971 852
547 824
630 122
97 747
207 120
51 777
83 507
693 328
962 803
650 743
120 111
365 250
43 586
878 599
971 448
134 243
533 7
990 312
46 732
858 562
433 588
383 392
174 785
772 171
180 734
584 651
400 343
854 517
101 968
826 598
287 400
422 232
557 602
682 732
73 107
763 389
99 578
740 289
214 258
361 818
49 657
40 104
133 268
347 76
291 727
398 603
74 710
677 253
403 798
911 361
639 348
716 93
522 132
60 304
104 968
268 343
148 844
559 139
395 203
716 589
736 930
629 309
308 440
358 797
588 949
23 669
104 898
85 588
872 142
287 570
341 326
492 553
167 238
406 208
171 754
179 113
338 142
477 93
690 274
939 624
546 350
12 726
533 458
249 807
939 636
734 265
93 265
785 231
49 60
815 971
27 13
59 493
475 680
36 522
789 873
353 724
456 616
400 654
207 337
399 488
299 560
911 439
387 735
473 464
421 837
420 581
933 343
264 139
557 184
50 376
952 167
38 186
940 749
603 508
247 900
668 924
408 42
806 240
919 811
300 511
627 695
168 715
950 78
598 546
155 12
785 646
13 197
912 375
381 976
895 688
87 249
867 650
995 622
647 492
666 460
907 263
954 90
175 873
737 877
659 543
243 462
272 562
76 775
431 975
20 347
65 997
311 361
496 969
374 238
339 624
32 172
909 275
190 669
338 397
694 982
979 249
365 807
264 985
41 759
292 992
522 130
913 134
20 471
207 390
283 389
139 748
416 455
867 528
125 430
830 833
368 346
462 596
519 428
279 937
592 97
880 657
861 11
171 951
973 957
695 403
62 353
140 172
686 610
776 975
744 296
526 273
80 926
50 517
594 31
40 967
317 791
568 578
992 699
334 376
342 977
974 421
929 882
364 225
88 993
344 665
265 202
56 638
686 88
679 446
703 883
148 946
329 59
907 784
321 81
189 469
385 410
685 539
381 581
16 71
337 201
626 337
555 653
154 866
554 960
446 481
176 888
345 576
636 817
688 220
666 144
676 309
221 542
305 434
17 823
435 520
174 803
24 660
147 967
505 740
845 763
443 682
325 463
549 94
618 602
818 159
671 195
806 609
610 313
779 455
477 899
625 791
109 530
832 196
816 583
214 773
142 989
791 183
422 919
795 160
919 228
795 101
540 869
297 971
249 827
410 107
411 506
810 365
105 360
625 592
184 761
139 280
786 710
149 211
204 30
920 107
529 434
397 329
836 410
431 694
54 395
684 705
246 891
296 159
767 559
56 885
817 274
404 713
639 455
238 703
699 507
437 798
646 190
456 622
170 902
871 270
852 511
521 968
709 582
822 462
768 793
512 596
123 771
926 533
108 173
468 900
996 145
869 679
899 90
991 115
524 287
247 170
670 5
792 523
624 251
722 963
797 407
937 644
481 106
571 166
103 882
736 123
880 153
514 736
217 581
42 164
280 505
854 339
716 890
722 311
286 540
635 520
630 659
44 322
281 738
330 793
601 956
301 420
297 982
468 501
726 182
341 592
580 616
635 516
908 23
360 661
441 363
41 966
624 981
724 753
176 652
508 916
742 725
834 867
169 253
638 908
378 943
472 387
602 27
57 446
357 862
450 359
690 711
71 940
936 436
276 950
365 196
346 650
525 802
633 644
59 232
355 825
648 648
602 365
356 898
437 326
608 536
662 798
659 653
613 722
517 828
258 882
841 456
75 142
414 681
285 280
336 616
932 972
405 36
558 305
127 602
515 152
301 774
272 979
529 891
893 1
927 123
260 287
209 862
916 89
373 697
9 18
533 908
685 473
218 97
703 869
214 463
108 856
18 207
22 727
362 130
611 531
415 206
593 701
492 189
118 925
267 336
734 208
443 904
758 162
878 298
788 790
434 386
992 319
587 944
880 654
349 59
755 631
877 868
401 771
459 780
776 745
775 358
55 407
830 691
98 333
686 3
384 15
188 262
3 74
315 405
165 81
499 494
901 780
493 510
68 935
867 409
595 258
805 756
346 221
495 545
294 108
375 238
197 635
600 72
393 642
179 474
365 654
290 986
398 307
425 128
541 832
109 655
920 543
961 737
593 266
126 31
957 737
872 853
80 221
332 478
495 159
464 190
138 401
9 527
207 659
40 561
637 12
817 613
549 349
417 882
93 569
488 265
929 249
629 651
372 668
669 411
621 946
248 795
110 363
838 758
737 86
226 374
301 316
451 847
105 694
460 839
752 263
79 802
578 244
540 58
712 86
484 986
132 655
489 390
5 847
528 964
404 666
357 950
36 651
447 787
772 659
146 408
652 257
143 953
643 893
835 947
582 797
886 20
489 429
547 512
881 381
547 785
69 868
654 672
698 297
828 732
58 112
589 430
42 226
682 653
932 199
391 9
988 135
928 76
965 446
774 267
966 818
123 660
161 933
141 646
469 245
481 405
428 859
446 68
477 474
599 600
416 123
410 898
342 484
260 823
896 426
873 798
868 748
615 157
445 698
315 655
136 424
211 447
207 614
168 889
299 831
548 702
651 365
613 173
894 839
288 119
76 745
926 697
538 241
880 274
124 264
140 424
327 196
529 241
14 100
97 606
848 286
574 388
78 28
797 962
8 454
534 874
90 317
283 275
329 677
226 310
181 940
772 949
611 965
133 989
198 148
982 89
560 67
820 971
244 968
859 559
22 744
619 884
698 355
10 882
638 11
127 297
972 736
55 989
141 882
921 573
788 865
57 410
799 369
444 483
743 562
574 242
202 997
884 272
321 42
42 364
992 571
673 349
367 56
830 311
678 737
547 237
779 944
918 462
933 639
690 217
703 32
654 477
806 789
662 368
369 263
669 43
944 241
626 62
118 243
205 871
251 2
458 798
786 570
971 543
945 394
897 691
74 229
137 669
521 178
37 358
260 864
926 40
704 623
11 946
51 180
972 619
861 285
611 412
65 729
871 921
881 272
244 548
53 72
820 259
330 664
47 758
780 742
686 313
975 417
784 794
994 254
760 420
758 861
257 943
205 440
602 510
567 936
230 614
439 601
53 371
304 522
457 252
859 463
348 559
123 850
330 4
571 227
459 619
54 689
522 745
569 112
521 299
85 756
250 994
77 920
511 928
160 490
210 237
361 400
403 622
748 256
256 554
414 151
176 704
670 857
365 351
867 231
249 51
393 797
815 515
360 290
467 255
324 704
6 566
154 728
21 461
622 29
671 116
740 803
437 929
791 819
119 906
611 918
82 241
732 702
454 444
896 588
543 628
24 593
212 553
133 696
975 880
195 560
591 631
58 188
90 413
398 451
538 484
386 774
297 192
771 451
86 620
67 532
615 840
673 653
503 747
353 433
116 682
474 19
339 126
850 224
646 314
338 149
504 18
235 337
435 102
112 411
770 431
825 664
526 34
922 747
312 210
532 136
574 801
690 403
948 781
469 747
119 298
684 506
371 322
462 339
512 590
384 598
183 820
410 914
350 75
304 481
221 992
839 641
989 564
130 496
955 937
340 863
959 454
74 289
541 396
669 461
309 223
847 676
961 242
191 596
66 912
457 484
236 927
72 426
121 683
800 536
332 564
927 317
386 562
112 670
881 749
868 423
940 571
563 271
835 97
809 380
604 820
111 227
118 332
976 772
823 725
771 907
315 431
717 471
3 960
348 590
681 889
624 948
761 525
574 281
428 854
846 337
126 993
829 571
980 975
990 482
440 965
808 888
302 93
528 911
597 468
624 113
232 976
268 617
184 267
794 188
543 11
913 308
219 3
776 176
342 550
952 960
519 376
196 696
304 322
321 439
973 969
761 257
783 760
863 645
680 18
143 28
56 478
355 10
871 313
546 851
938 551
344 559
695 760
36 704
838 345
326 818
345 922
552 994
874 176
3 503
77 703
188 544
700 39
160 691
687 939
284 377
160 601
269 45
931 545
247 709
979 505
932 539
301 417
401 65
183 71
2 485
936 72
253 845
799 162
904 378
970 788
684 461
103 960
395 783
187 82
177 155
766 301
235 51
842 221
317 526
189 505
990 967
312 247
869 774
925 728
698 191
304 380
398 226
996 380
478 726
664 642
528 779
881 776
906 397
647 338
881 89
284 466
803 505
567 396
77 801
445 235
602 916
968 802
785 629
507 522
779 818
329 965
506 660
761 646
454 510
536 640
99 338
606 585
572 281
775 396
539 24
293 610
43 734
143 607
879 163
585 137
646 38
422 182
600 548
353 159
169 142
484 993
270 290
53 566
542 808
737 84
639 222
583 151
217 173
920 950
27 421
224 476
444 601
437 300
93 409
224 580
418 942
803 301
776 938
433 570
314 780
687 196
565 36
497 399
643 449
546 374
788 643
483 365
595 64
155 699
330 501
383 912
875 364
489 484
457 555
311 972
28 481
234 688
129 474
821 584
61 357
20 836
658 457
832 841
489 75
839 223
651 940
74 434
457 260
848 372
373 905
257 744
714 76
180 903
814 202
378 60
517 724
44 121
627 686
338 882
952 213
372 151
895 137
141 838
656 118
41 389
446 45
704 247
242 486
523 843
171 700
851 621
761 532
904 480
587 552
503 492
818 872
513 110
937 884
313 723
576 950
238 543
889 429
566 845
494 570
578 11
778 832
510 936
303 656
868 766
338 610
18 346
171 468
504 981
201 411
57 20
477 229
8 842
319 835
715 708
690 461
661 352
717 935
515 984
96 885
309 756
593 93
116 344
267 1
952 582
794 808
969 624
800 521
587 142
597 928
294 676
490 580
284 677
348 347
330 408
365 686
463 878
390 101
214 282
106 305
209 741
624 477
203 541
855 581
552 675
111 605
833 954
169 625
239 944
310 370
86 620
964 165
996 196
140 535
384 109
159 606
880 285
580 204
98 414
560 243
915 482
844 854
14 75
822 292
768 648
468 928
762 168
111 800
811 200
430 581
180 724
430 921
405 415
682 875
138 215
764 361
742 673
376 21
167 784
198 129
292 323
534 394
731 784
280 644
497 902
363 452
350 547
478 943
853 857
323 394
823 434
44 56
850 817
21 726
144 338
658 462
11 314
871 81
386 92
221 526
547 65
79 950
960 513
129 423
10 20
476 530
869 95
972 526
652 759
953 266
84 67
452 570
433 627
364 860
756 181
663 45
319 492
750 720
187 490
899 652
635 676
94 104
390 290
999 541
193 796
938 745
986 998
621 23
922 161
744 777
609 947
75 879
396 816
956 784
132 227
983 423
507 588
324 218
807 750
737 549
68 545
486 526
42 509
684 62
81 427
131 720
497 770
98 493
984 415
834 512
218 324
914 215
48 632
500 405
725 953
295 628
206 543
660 370
609 989
44 798
838 947
143 846
290 371
876 12
962 115
172 821
622 79
500 849
522 210
416 668
232 918
909 719
9 396
415 525
666 71
992 384
924 729
751 117
446 314
577 826
730 462
358 526
428 373
612 695
350 503
727 435
293 221
46 913
309 807
156 812
182 184
267 820
488 66
853 134
172 703
909 845
375 218
776 617
596 218
68 159
257 151
496 981
267 19
104 237
731 819
232 164
476 722
898 450
100 239
60 281
490 618
503 377
73 36
686 797
229 738
632 531
669 598
92 924
378 421
85 642
123 829
10 214
465 602
731 237
820 913
803 198
541 600
18 832
226 527
803 286
608 723
868 333
850 915
481 243
622 768
98 342
373 164
160 819
389 111
304 884
703 86
357 652
933 512
501 2
275 765
820 334
139 981
551 761
993 278
566 888
594 435
147 429
184 774
326 458
725 344
341 426
816 741
983 11
542 211
469 819
525 863
319 656
288 278
672 35
959 151
33 219
53 876
936 238
544 10
69 720
237 295
786 92
633 894
620 650
670 736
50 757
249 569
980 466
799 436
904 95
617 928
957 486
828 48
875 186
367 162
667 996
933 457
471 979
483 29
72 272
194 568
527 500
949 636
841 215
763 470
990 755
988 754
253 116
310 50
997 632
675 201
970 590
417 725
133 565
506 168
944 600
415 118
438 58
467 994
105 241
32 596
993 629
370 59
416 735
588 115
633 740
408 430
173 336
9 356
918 968
970 386
576 719
29 946
202 700
939 193
807 326
668 581
613 472
567 523
912 635
187 2
163 376
431 793
666 307
58 401
274 191
840 162
466 969
970 842
36 675
265 334
919 181
603 458
768 853
224 123
985 59
137 939
901 402
642 690
192 680
240 145
931 402
954 727
653 379
450 911
487 985
949 867
677 889
751 152
157 933
941 898
656 888
306 340
577 489
458 125
912 877
148 381
314 233
411 869
458 476
424 587
21 779
150 192
961 174
725 241
352 138
161 948
187 379
738 959
439 586
347 878
917 525
542 753
808 293
727 486
708 75
717 739
160 876
576 759
366 81
791 773
266 564
74 693
299 76
879 654
709 856
808 641
615 716
909 927
276 938
637 173
739 837
591 883
532 419
702 646
710 864
34 930
172 845
766 245
200 165
183 848
470 823
866 640
781 589
621 357
646 935
437 985
534 973
147 220
176 379
224 906
169 688
652 274
368 134
672 693
607 887
642 846
792 508
427 358
763 956
283 155
328 291
507 73
844 691
698 598
439 304
289 565
346 423
636 114
465 781
768 428
435 731
111 188
418 386
773 819
12 574
22 345
505 940
966 274
532 311
68 994
414 463
820 985
521 410
300 745
483 620
730 136
160 830
575 226
590 505
72 669
57 780
27 590
585 253
912 733
680 583
516 717
102 259
885 627
460 981
286 142
617 542
723 170
350 211
25 453
740 239
383 996
793 750
720 365
181 573
202 477
589 500
438 974
131 373
364 565
781 864
524 673
153 965
419 444
419 727
867 411
314 496
412 968
898 689
156 136
682 174
53 960
344 37
811 116
152 622
493 802
309 933
299 449
886 795
867 925
881 589
120 716
38 144
210 453
25 27
983 234
646 826
570 247
13 202
252 967
430 129
219 677
12 738
752 751
897 860
207 785
216 511
680 437
828 291
478 984
261 844
150 150
936 416
120 54
220 628
692 149
404 23
555 831
889 964
976 545
773 320
33 223
710 388
188 187
37 391
509 615
630 402
163 825
895 186
936 561
916 731
660 152
476 201
346 730
461 555
481 186
244 801
128 361
114 2
803 125
129 84
218 926
101 587
452 509
265 986
699 639
534 201
769 363
356 100
312 703
442 191
5 655
52 390
182 235
602 411
586 281
308 120
83 815
61 178
549 442
638 456
902 121
529 114
92 218
147 904
855 783
69 162
48 162
425 688
683 496
950 32
905 496
691 586
538 489
741 889
516 237
871 988
721 76
888 382
367 253
152 22
341 321
478 958
405 421
949 600
1 911
920 810
196 324
882 371
916 171
713 122
484 57
366 819
567 990
993 675
23 761
601 599
756 734
390 642
857 154
827 910
597 497
935 457
321 223
736 333
107 579
210 698
780 171
591 331
355 728
845 575
720 108
277 473
721 682
850 911
203 592
114 683
833 697
156 885
721 243
122 908
477 329
988 988
382 495
581 741
131 6
311 577
67 407
388 18
557 438
365 736
421 119
573 878
919 302
576 773
403 416
494 193
334 50
667 227
307 779
423 713
206 853
260 372
693 616
627 797
915 884
204 710
596 908
882 299
703 314
11 472
761 362
66 247
329 337
167 306
106 691
915 653
364 679
4 361
868 41
588 800
384 723
564 342
808 338
667 569
838 333
437 494
332 22
64 356
737 700
351 831
866 546
552 911
887 329
25 63
98 76
782 491
64 717
713 130
556 192
458 677
221 183
119 423
521 707
258 953
231 233
890 990
827 907
215 386
661 525
482 42
434 889
406 860
654 382
753 987
561 911
117 263
459 100
460 667
87 155
391 216
297 445
574 566
119 952
973 892
556 451
823 28
765 560
308 3
266 122
116 514
226 355
703 754
957 773
905 647
781 452
682 962
664 601
51 791
488 642
210 821
543 542
722 155
98 475
802 430
496 221
891 301
578 594
122 897
17 475
548 96
156 504
177 149
337 800
458 992
520 835
70 331
4 395
350 160
956 230
306 541
52 200
693 320
298 871
5 937
580 441
314 772
899 953
257 983
358 332
122 406
757 871
663 425
787 809
86 985
651 348
623 613
631 615
694 210
392 712
372 405
377 501
342 879
552 549
912 591
994 546
394 898
107 631
899 529
591 392
168 745
626 757
279 870
847 8
535 834
127 36
166 527
767 394
644 891
211 65
966 626
807 355
258 258
898 19
665 652
222 441
442 388
33 568
733 541
691 572
703 842
224 930
495 345
777 85
383 123
212 558
959 212
583 962
903 488
457 405
315 44
620 475
540 67
868 822
314 182
206 234
520 654
978 888
57 254
528 162
229 491
195 804
758 406
41 822
615 514
271 529
733 860
537 776
668 870
270 995
853 928
509 460
686 916
525 224
430 845
128 105
625 865
202 521
260 499
145 319
453 264
917 96
588 925
371 159
859 714
301 115
355 80
33 319
139 984
923 469
585 383
799 473
456 866
397 88
111 602
662 850
796 81
136 64
55 225
587 201
458 922
197 695
712 12
180 61
13 564
195 884
959 927
244 142
597 794
346 158
999 899
558 233
419 550
580 287
892 330
889 336
144 565
406 460
929 691
624 562
425 533
373 792
972 44
191 627
278 304
430 288
463 462
462 70
667 808
392 454
954 471
810 790
336 124
887 631
489 266
153 196
527 776
153 440
888 636
831 26
469 145
574 67
386 310
398 150
329 1
162 831
281 905
785 563
549 737
652 987
51 311
771 909
262 685
704 81
543 771
766 952
904 42
543 965
552 86
837 100
215 211
808 741
419 322
76 691
955 252
553 532
606 333
335 117
52 4
124 738
306 851
321 725
840 807
965 812
285 65
526 952
671 736
680 706
304 651
893 725
58 152
64 515
714 509
238 93
71 550
232 35
825 180
621 968
730 934
965 844
659 391
126 679
299 959
501 685
291 138
711 694
81 452
771 691
336 916
885 979
46 660
975 331
79 623
236 356
528 411
865 207
636 818
885 557
932 63
129 245
238 259
349 821
774 773
771 124
67 482
504 580
270 125
28 632
839 287
553 871
395 108
671 690
164 595
202 700
582 130
852 482
249 550
594 124
213 809
493 825
646 239
883 259
858 813
601 761
642 848
419 776
993 945
351 544
69 810
926 699
366 481
732 452
331 268
166 963
994 36
703 715
746 660
417 793
73 299
540 277
655 524
42 141
265 496
673 677
203 68
560 670
859 470
823 364
355 138
766 540
565 197
217 90
541 918
672 370
342 335
238 294
749 329
731 90
846 335
747 673
120 646
981 553
318 935
904 466
549 891
575 358
462 186
628 920
472 231
969 891
666 364
967 203
56 508
222 482
655 696
206 814
36 701
775 98
921 425
249 226
355 434
347 893
340 512
89 310
112 137
967 880
713 594
70 795
892 99
113 117
416 683
8 612
464 509
366 282
259 97
652 773
414 31
22 323
979 631
127 275
300 888
385 535
10 561
723 335
197 722
309 416
872 682
756 739
83 329
552 316
100 607
176 459
118 41
288 249
596 411
46 3
925 265
438 971
962 301
191 324
818 961
618 873
70 960
279 29
234 468
176 695
781 815
681 934
10 378
596 579
475 614
690 125
318 586
988 935
670 905
645 793
756 341
798 949
475 71
394 561
783 382
688 95
318 523
578 689
904 674
796 829
539 876
241 379
716 761
358 247
65 675
52 638
282 12
376 13
487 489
387 651
110 11
662 651
638 967
68 360
626 829
78 141
778 870
380 373
601 715
461 75
115 516
738 392
602 593
671 601
576 301
74 113
89 373
857 859
993 689
268 178
157 460
246 601
737 628
981 471
787 830
61 891
574 795
306 984
988 622
864 486
332 397
21 302
287 735
445 900
279 904
650 343
853 166
540 537
48 59
555 64
243 688
696 459
630 682
539 238
729 133
946 427
934 309
594 954
182 622
746 329
920 372
18 114
421 450
129 692
302 879
103 983
483 100
51 656
233 722
10 49
946 991
668 142
803 829
983 698
171 283
844 236
970 582
543 698
231 616
152 69
224 651
773 79
168 616
97 878
129 974
483 944
483 236
347 821
611 62
497 230
216 743
193 186
773 524
960 270
695 860
716 209
637 854
382 311
794 163
232 308
766 779
501 533
206 635
155 43
45 539
301 833
287 132
789 315
310 13
923 280
454 825
231 239
430 33
919 842
81 882
458 827
831 654
223 406
339 731
842 262
527 898
871 807
632 794
544 295
256 494
572 37
756 752
657 492
127 397
177 239
728 731
901 638
674 114
698 598
926 36
542 287
854 722
781 583
316 291
898 823
217 361
818 753
510 118
295 490
142 13
197 397
710 285
64 772
38 968
386 92
224 196
504 841
781 967
791 516
350 13
870 164
229 862
615 940
406 539
769 990
460 433
825 19
257 522
834 580
76 37
32 424
452 422
854 872
288 102
697 173
61 328
851 893
660 735
374 611
462 68
825 666
592 787
314 995
430 535
661 54
533 596
176 432
864 323
475 728
18 811
599 714
646 190
773 19
579 293
224 710
957 756
526 999
858 601
50 146
852 935
219 310
251 967
987 854
519 16
229 97
421 351
694 852
573 153
832 59
542 78
992 90
530 287
546 109
932 210
387 932
41 345
35 417
530 542
194 271
220 847
61 168
762 401
533 746
940 475
93 903
613 236
119 308
638 137
3 463
921 732
44 19
722 148
187 102
433 512
506 592
101 816
945 640
116 927
712 371
1 487
818 413
289 168
379 527
371 866
586 755
766 566
562 83
735 461
213 578
511 462
633 477
606 379
283 780
72 898
218 194
887 325
922 294
449 940
859 289
458 105
60 8
380 651
398 565
732 861
221 232
426 167
470 425
992 687
822 824
767 412
974 166
917 147
330 407
206 665
774 964
148 775
503 141
665 551
563 725
919 879
579 207
928 188
850 401
425 644
730 810
442 458
448 809
751 253
555 774
103 715
135 52
264 632
827 88
875 350
579 571
944 902
37 718
90 742
724 886
813 511
277 958
436 787
715 479
304 449
546 671
430 868
932 72
375 748
977 884
708 610
821 688
810 479
43 598
415 658
878 924
312 235
532 438
162 282
211 113
245 832
762 257
796 843
757 594
631 297
96 500
806 12
217 424
685 334
431 69
4 390
551 679
546 724
654 901
869 956
605 58
136 805
869 909
207 105
880 426
804 721
912 906
957 709
430 637
689 933
739 191
688 713
926 958
616 830
763 570
503 385
517 933
117 545
625 274
944 496
422 691
297 839
439 712
829 770
495 83
58 876
56 668
120 686
909 792
612 686
540 600
535 301
672 742
50 630
741 199
230 80
347 990
334 791
684 811
802 252
904 602
817 460
359 670
453 489
697 489
385 138
594 41
724 354
868 260
649 576
919 934
628 850
698 191
230 105
803 458
215 887
38 682
97 750
644 792
569 128
952 965
301 801
150 603
996 807
542 953
914 503
220 486
844 76
371 741
7 828
551 224
634 653
88 447
952 778
646 499
65 24
432 22
130 853
384 672
542 320
954 559
805 725
457 658
400 19
304 278
208 220
146 148
794 389
856 985
632 79
203 711
396 775
320 495
435 514
148 451
186 739
158 706
773 309
982 638
906 113
38 564
701 493
686 560
552 314
309 638
224 750
949 242
106 559
623 443
749 424
568 173
506 271
571 855
576 948
830 57
311 244
514 770
583 252
289 390
796 871
483 592
591 543
513 552
304 538
493 990
294 515
777 10
582 295
119 130
677 130
894 25
252 970
27 433
569 757
946 610
65 725
744 457
849 761
165 3
466 607
106 285
139 466
814 774
868 19
457 603
40 887
277 556
812 93
613 497
828 555
927 169
247 383
160 460
895 581
131 241
316 912
319 545
89 47
394 689
593 183
819 927
327 192
794 920
299 784
943 634
524 643
313 655
975 461
610 683
848 67
354 805
38 783
537 145
700 658
771 828
863 863
305 333
588 445
473 468
701 509
510 637
623 152
534 682
752 434
234 770
785 761
575 972
898 388
259 489
601 710
350 786
900 737
243 872
295 229
360 309
295 749
794 478
16 151
805 539
845 349
698 158
152 853
24 713
52 295
543 974
493 783
208 964
371 617
929 120
337 36
350 774
303 394
10 971
629 994
687 373
937 238
467 744
700 456
87 278
267 518
524 879
753 566
740 716
476 160
496 271
377 53
712 780
848 10
169 385
341 585
527 11
868 484
500 450
150 555
677 511
369 101
715 957
396 145
23 208
872 468
579 571
526 401
366 824
86 637
928 426
632 309
959 644
990 477
94 920
920 527
466 5
51 598
567 645
880 337
459 375
684 173
77 740
120 175
91 644
17 711
208 436
29 163
741 657
865 877
558 433
430 106
262 371
900 770
874 11
62 913
86 824
516 120
632 799
696 132
335 315
583 193
826 147
692 183
184 595
779 451
109 388
727 636
415 42
763 558
706 560
768 485
623 522
130 784
902 768
230 47
957 630
953 186
624 741
109 762
480 581
652 706
664 562
660 874
30 161
632 167
796 434
283 314
14 766
542 449
507 740
586 286
394 121
375 90
258 282
792 639
55 580
358 413
8 277
99 331
659 461
332 26
267 182
71 384
589 687
135 799
358 444
521 427
686 819
133 149
190 576
133 462
134 866
557 731
490 232
527 351
832 152
487 595
710 378
473 469
387 887
859 16
759 261
622 566
272 340
274 211
277 376
334 856
781 711
526 472
64 419
375 367
456 742
257 476
565 993
836 674
626 427
124 517
722 702
762 682
888 368
228 958
127 270
176 354
681 315
730 186
313 976
935 814
794 785
826 772
511 878
663 539
755 513
893 725
880 639
54 180
759 13
126 554
13 957
908 984
642 456
389 406
226 658
67 97
77 466
127 743
777 879
990 136
761 898
976 583
107 61
220 372
384 582
753 928
662 562
805 54
382 199
151 7
555 858
518 800
605 403
678 13
799 289
241 59
750 258
38 265
795 589
482 725
430 396
157 988
713 478
324 318
917 339
958 353
669 539
519 468
762 908
293 294
531 273
517 417
732 59
488 738
193 530
502 318
910 301
868 863
662 470
735 784
700 85
59 931
457 926
818 862
775 335
516 629
230 901
673 336
806 125
523 126
320 845
906 966
3 95
728 553
981 434
450 514
609 862
545 566
871 75
44 798
63 415
306 578
277 202
639 332
142 465
480 158
974 210
299 847
168 614
250 280
442 658
302 641
261 553
398 148
628 843
897 99
50 994
228 33
522 596
734 884
387 97
834 911
276 993
981 739
961 526
305 691
210 548
827 229
623 681
643 528
528 219
675 459
227 288
165 846
920 43
249 810
582 110
876 331
527 452
816 43
846 342
796 235
190 695
329 321
102 861
763 261
172 917
731 714
480 183
812 705
478 551
830 674
235 101
229 55
482 210
185 176
971 556
57 479
772 925
665 350
404 736
469 353
159 805
376 27
604 407
692 495
81 875
695 32
973 504
558 206
880 845
309 192
526 755
177 429
813 943
324 718
111 969
110 272
445 792
149 430
963 43
617 328
858 334
778 491
897 729
291 720
463 619
953 841
125 772
635 110
4 300
634 140
168 151
336 964
540 814
111 875
502 705
643 404
92 819
467 850
153 809
806 110
434 305
648 371
786 548
94 583
115 575
689 819
99 435
50 790
474 35
611 512
85 670
620 563
631 611
315 343
601 712
602 475
523 365
976 355
5 354
852 15
128 106
465 381
430 782
243 104
937 440
23 614
984 156
100 669
888 355
138 884
446 422
441 657
585 603
326 114
168 695
136 576
605 732
957 343
185 499
157 430
161 924
130 790
545 15
939 180
41 209
134 708
460 695
192 647
759 892
419 617
879 706
995 676
380 965
988 508
445 796
8 742
250 329
264 951
743 531
470 133
281 878
168 105
248 538
910 761
90 326
547 46
105 992
792 542
231 33
948 156
47 761
559 890
290 33
380 793
204 40
238 218
206 450
252 325
934 778
967 112
879 775
713 214
890 548
956 905
545 370
210 552
234 394
58 424
268 546
494 644
364 419
95 741
950 411
460 6
598 743
943 478
199 676
504 105
930 548
983 277
973 866
808 327
852 332
314 571
824 752
225 759
172 854
183 582
642 510
151 356
467 403
87 761
697 954
623 857
266 570
782 167
696 156
541 640
419 160
758 171
165 282
875 163
654 852
597 377
794 796
569 737
592 364
437 616
146 509
227 718
910 406
57 71
885 808
274 73
29 924
674 59
209 911
196 411
355 34
709 759
964 605
547 701
657 174
23 134
91 319
295 864
617 672
103 538
522 51
10 504
905 59
539 219
540 229
246 546
842 873
694 10
140 606
386 483
334 45
642 418
258 33
940 839
545 427
273 528
851 157
22 651
141 619
400 394
809 5
724 347
62 623
327 189
914 285
274 879
274 56
409 990
287 519
539 776
570 562
91 864
784 605
505 503
692 22
656 427
559 716
36 519
835 48
810 893
304 246
178 786
767 549
541 828
337 425
111 282
721 884
362 854
254 530
1 845
408 75
370 129
969 45
599 27
737 223
170 418
130 402
226 142
59 236
801 420
296 326
445 136
710 493
206 3
753 363
989 590
523 65
706 647
432 461
472 867
570 5
527 398
295 662
203 352
328 622
214 687
697 15
643 909
423 231
471 383
201 912
960 892
804 520
747 421
770 56
78 620
877 323
260 717
258 56
861 192
313 288
616 238
215 934
911 809
384 209
387 916
357 292
665 613
904 864
210 650
4 907
242 451
310 19
479 331
625 273
987 675
950 403
113 567
767 923
87 598
543 906
80 347
594 158
701 309
519 381
580 283
671 675
863 908
111 289
259 130
233 638
577 522
478 239
906 615
258 512
926 596
144 89
284 472
630 399
582 494
417 869
772 423
40 34
561 929
204 3
351 746
577 260
553 127
433 934
732 665
728 717
713 783
959 124
292 242
484 578
420 590
529 620
635 867
155 524
59 428
719 969
29 929
596 978
257 695
792 210
811 96
361 140
61 15
705 377
516 980
808 493
729 97
506 787
292 761
87 493
237 791
492 639
681 356
437 804
106 463
184 10
167 355
915 566
623 246
776 720
719 718
366 296
31 526
239 600
233 455
367 34
262 551
108 334
715 262
493 312
596 904
136 925
980 301
673 91
236 191
552 857
10 721
673 16
180 701
943 905
330 25
228 393
800 915
653 376
824 250
909 410
51 77
169 632
746 702
841 897
592 655
926 305
972 20
436 873
469 488
748 576
525 265
933 920
200 260
289 407
218 296
735 801
446 426
566 222
686 781
159 167
550 489
18 612
886 542
880 426
878 369
732 847
380 936
18 749
235 884
866 962
351 603
775 759
984 111
434 292
491 4
63 222
594 75
157 190
525 503
189 239
354 482
236 295
118 679
376 632
296 778
260 342
861 708
25 502
198 659
595 793
411 645
252 177
520 940
329 713
170 421
420 885
321 667
21 55
863 493
403 283
587 330
626 151
725 463
467 710
180 103
204 819
888 458
317 639
116 296
280 889
316 653
559 857
922 801
21 707
149 988
614 711
9 684
534 287
562 388
656 39
619 63
421 723
104 38
150 531
599 661
11 246
78 250
682 244
941 282
408 333
537 496
596 921
852 705
362 163
547 340
628 194
609 728
351 635
376 788
859 977
596 718
113 534
920 448
962 585
14 906
245 937
993 510
491 779
400 302
807 448
45 410
904 263
654 467
224 375
165 823
870 608
96 955
150 869
425 135
331 946
242 612
995 467
264 331
941 903
650 450
899 805
128 694
191 415
912 623
597 827
535 785
155 196
889 339
341 429
538 93
569 926
132 115
674 566
768 224
811 692
453 149
827 372
29 900
965 729
563 152
135 813
866 563
33 631
76 628
540 978
858 654
891 402
291 19
965 541
155 786
91 367
210 402
554 371
529 766
849 304
68 869
63 95
383 680
886 784
488 942
678 128
337 527
446 670
986 538
291 321
165 107
251 247
291 927
506 92
597 263
615 339
866 867
515 12
131 602
41 685
862 822
519 535
44 445
554 196
659 786
188 525
465 418
867 600
137 903
422 101
853 369
611 199
724 275
883 209
716 124
788 753
328 763
426 7
834 656
913 380
224 660
509 869
665 492
219 512
328 33
51 796
39 39
615 490
843 444
882 709
342 76
692 867
296 992
479 626
192 399
961 541
954 110
554 176
3 794
247 265
837 690
411 305
679 377
709 346
840 98
391 410
448 118
570 96
165 436
516 625
82 750
366 477
398 194
728 528
515 134
650 166
654 470
741 607
145 157
427 192
475 827
459 730
479 641
530 876
371 113
183 802
554 462
233 330
199 52
459 436
70 704
573 237
23 273
154 72
393 988
599 320
368 70
810 179
117 954
173 362
333 944
973 11
519 802
31 317
636 961
590 563
784 368
429 814
719 770
542 290
354 975
643 508
830 255
775 637
221 324
573 884
412 912
625 687
469 346
635 299
97 331
105 436
503 490
330 239
775 53
513 934
271 572
991 189
212 290
394 434
315 906
102 944
187 963
365 299
20 805
44 268
294 858
936 607
211 302
624 210
331 444
859 73
207 369
546 406
23 449
943 126
90 617
957 811
93 69
425 440
511 301
634 82
387 151
20 343
135 62
495 535
854 482
135 421
436 971
324 279
403 649
708 196
153 198
608 443
547 595
254 568
780 183
742 797
224 409
855 495
858 93
215 227
152 395
423 171
488 152
347 252
233 102
185 714
853 585
950 259
645 703
432 723
825 820
212 9
244 660
218 489
412 743
542 513
251 427
315 671
551 897
684 799
3 477
656 843
369 778
336 269
280 228
479 696
690 914
876 155
530 912
782 900
772 660
979 248
170 991
396 602
486 72
687 462
22 264
436 318
758 505
552 930
695 994
773 128
448 841
138 401
340 736
378 786
525 171
80 485
226 484
477 43
760 819
186 431
37 877
970 346
855 250
718 394
317 224
765 327
983 842
553 111
562 317
651 692
152 742
275 809
239 691
500 27
661 559
916 935
491 129
625 724
153 539
928 897
172 70
751 679
119 624
758 406
353 413
402 795
379 448
879 833
126 699
104 886
453 618
914 50
59 576
101 178
863 844
19 802
549 459
996 81
700 615
254 955
50 457
616 194
186 49
397 549
196 129
969 85
376 680
57 467
130 424
151 644
663 797
272 319
208 464
647 561
612 510
670 930
894 122
451 114
314 802
125 60
17 27
491 30
981 799
910 511
704 469
259 916
44 913
384 109
855 901
93 610
56 886
441 374
656 61
77 839
955 226
748 454
857 665
254 133
629 646
835 673
585 553
791 402
501 184
123 946
383 45
54 88
841 450
659 914
545 798
614 933
855 665
236 547
328 375
927 542
309 206
16 672
867 633
565 297
552 33
293 729
912 198
833 475
460 870
614 561
111 162
768 105
465 991
243 458
595 754
80 969
452 776
644 917
308 8
800 632
737 57
94 161
291 766
369 802
929 841
754 14
143 709
389 557
252 188
767 478
964 190
730 95
889 625
789 736
434 716
642 37
495 221
995 417
508 861
357 229
180 859
765 287
994 185
448 329
62 939
171 109
917 529
950 79
226 347
941 263
566 618
760 750
685 889
461 772
912 328
738 651
431 155
671 921
460 559
170 35
746 22
904 28
87 312
172 769
885 694
546 350
359 114
195 149
273 794
208 610
188 293
982 585
2 996
801 346
309 674
497 461
239 663
500 745
845 604
349 900
54 473
47 596
799 607
712 824
753 652
158 599
253 203
144 941
338 532
833 930
8 667
789 700
14 728
393 355
148 288
671 93
860 281
584 265
185 83
910 783
296 976
443 86
978 631
303 771
264 284
4 952
635 681
674 461
791 747
649 901
654 643
930 295
862 216
760 352
591 796
923 554
467 597
131 998
678 423
818 832
600 390
562 259
275 172
112 220
934 703
933 668
345 674
699 717
620 827
749 156
212 117
283 488
724 573
864 318
861 951
451 637
607 654
919 873
846 874
154 144
769 841
65 504
33 538
431 316
454 692
48 800
995 447
557 445
790 503
614 359
53 946
644 746
347 730
298 844
901 759
437 75
412 605
27 396
473 672
497 402
445 593
385 705
227 308
527 451
145 528
788 72
684 645
717 757
360 139
819 981
687 637
237 286
483 876
100 726
192 252
196 204
407 102
654 714
588 550
572 425
797 585
831 726
911 806
384 635
318 418
649 564
303 608
908 124
702 579
615 177
2 532
466 109
19 805
844 563
403 521
584 907
828 44
937 605
132 253
904 58
42 56
545 684
517 342
136 475
153 287
598 578
876 445
795 639
823 511
544 633
871 658
442 517
123 374
527 404
55 217
481 439
543 98
471 223
118 796
965 183
462 911
912 61
710 427
815 279
296 141
513 721
497 74
849 776
491 552
662 393
859 631
203 951
952 806
542 884
119 878
777 749
206 343
998 870
976 489
632 249
130 383
588 422
767 365
489 618
551 73
261 987
779 19
911 171
649 151
185 591
750 464
553 747
494 849
179 724
219 514
707 381
268 988
638 884
263 83
44 257
872 944
145 193
395 898
934 425
819 683
981 943
646 337
373 694
720 264
221 967
828 973
74 903
281 885
459 332
21 724
492 421
591 160
792 987
178 64
654 776
130 92
910 152
760 381
872 406
162 320
924 586
731 586
687 380
578 5
453 397
991 278
356 487
415 677
322 711
861 735
797 972
932 986
625 465
995 19
560 185
434 514
643 584
130 980
634 797
499 244
223 991
292 710
528 581
533 345
801 829
719 468
783 733
983 547
937 557
691 972
497 766
493 264
689 580
941 387
985 374
83 71
881 585
608 777
481 626
198 219
972 297
580 20
859 514
200 858
822 511
334 241
616 85
189 987
931 7
967 387
409 411
558 865
712 67
952 588
171 169
929 743
208 840
425 419
841 414
595 209
923 832
724 300
856 987
349 596
786 505
843 961
286 590
890 773
12 354
290 893
400 491
578 216
102 82
640 18
567 764
342 747
933 708
456 35
576 567
95 26
533 348
958 279
127 816
229 856
103 444
495 382
628 833
936 243
163 863
717 766
876 841
902 657
507 677
54 475
141 935
646 420
146 393
304 913
795 103
511 904
433 868
871 654
448 135
588 569
511 968
855 736
470 501
317 225
808 872
30 813
791 518
669 953
157 339
853 503
145 829
580 233
601 14
715 934
995 516
870 944
814 777
72 421
720 837
984 950
353 929
525 712
281 313
896 296
844 988
911 278
427 776
403 173
282 740
764 127
781 929
290 609
67 609
975 953
455 567
39 129
271 972
68 86
424 269
942 62
334 165
452 148
159 922
511 803
627 799
157 767
835 820
605 708
257 589
60 589
866 608
734 183
745 116
283 681
304 624
308 201
50 746
722 977
107 340
553 235
398 11
555 329
424 989
139 10
306 965
852 340
489 78
957 747
636 310
668 166
212 147
900 683
570 756
788 639
708 565
552 657
760 394
365 245
274 365
880 965
869 50
240 301
962 692
201 416
184 21
82 368
271 376
597 6
107 789
640 504
257 208
756 546
407 340
756 468
549 472
320 255
473 749
367 136
101 301
914 595
185 993
594 220
981 458
429 617
178 392
519 851
972 584
893 310
35 886
134 649
985 506
208 31
336 750
46 817
840 793
29 428
130 953
490 568
88 514
495 544
848 259
710 589
802 689
846 563
422 16
701 752
631 710
757 178
62 566
98 997
859 281
273 748
674 513
508 115
428 9
754 604
851 918
538 316
135 515
707 416
64 736
307 68
567 716
951 457
59 640
435 575
355 981
340 220
364 766
728 512
642 1
499 924
944 683
941 182
369 903
907 144
795 746
860 157
846 811
441 827
628 949
37 340
248 909
488 655
273 490
140 549
714 63
284 765
267 391
407 169
450 278
373 641
599 136
709 326
273 109
251 67
312 299
812 394
927 592
957 332
236 930
955 872
85 131
966 812
904 52
573 70
269 90
834 30
210 520
588 406
606 837
562 130
377 320
904 554
350 25
562 972
137 998
90 831
98 628
139 552
925 116
857 684
84 222
475 47
635 983
905 162
898 237
151 190
115 583
860 413
20 862
181 882
816 471
914 270
383 332
595 210
458 824
221 206
246 478
927 976
118 767
68 578
931 977
397 164
648 156
616 169
751 711
944 793
615 996
497 892
270 709
11 345
895 540
256 546
352 931
76 291
102 78
621 489
135 534
492 968
24 696
98 795
634 527
454 483
237 574
650 974
833 88
108 96
118 812
461 943
77 825
827 995
199 823
244 106
183 896
60 833
307 735
519 831
956 46
227 73
417 180
628 835
789 698
244 342
409 371
457 679
248 366
185 368
289 958
857 263
775 842
972 786
365 975
194 169
532 636
378 138
795 211
609 578
82 998
426 916
631 67
642 716
836 793
732 385
717 206
721 812
955 8
816 216
545 356
215 782
126 488
320 387
961 891
518 169
661 715
501 327
7 382
311 708
212 499
320 360
384 788
914 183
406 909
587 832
403 47
33 602
101 270
861 683
491 888
138 462
245 382
286 920
100 500
321 35
707 563
35 479
246 51
902 759
861 485
832 822
273 478
478 147
721 658
559 541
414 200
294 462
408 652
134 51
915 337
92 478
106 744
77 710
689 591
624 592
46 342
494 131
936 636
563 638
42 120
611 299
568 301
998 124
750 234
107 32
391 404
348 79
699 918
299 609
798 963
983 556
793 811
385 891
316 676
497 360
574 369
64 9
242 615
248 579
150 941
646 375
808 130
357 817
570 667
60 833
930 800
270 769
646 452
591 980
867 668
363 106
217 948
248 811
918 592
263 768
114 92
917 735
44 531
199 618
805 60
287 344
770 256
662 23
414 925
838 570
141 129
352 205
798 155
253 519
40 967
851 782
240 439
172 377
707 505
929 276
177 770
585 939
170 150
169 289
634 720
680 683
323 307
722 764
910 970
560 730
454 711
313 966
63 540
928 70
285 501
279 304
54 299
818 229
969 497
338 390
699 403
104 770
967 804
46 641
449 994
403 242
295 333
684 580
571 171
125 378
152 700
751 312
849 21
890 141
130 382
592 875
599 966
237 745
297 242
637 41
465 948
161 566
146 312
983 968
468 107
201 210
374 490
850 678
723 675
817 310
421 848
484 782
459 282
422 923
970 151
437 31
878 545
472 388
104 677
449 937
453 449
548 829
649 944
794 432
242 154
196 338
121 566
550 836
280 510
858 777
642 473
963 215
326 370
816 736
199 958
514 869
37 836
388 772
966 329
69 505
573 848
20 232
921 674
436 789
657 121
344 136
779 665
179 275
763 960
641 61
245 95
181 531
68 797
113 697
553 217
350 626
458 271
882 750
765 796
262 896
313 414
329 6
591 297
568 898
461 622
629 724
599 351
165 343
647 608
410 6
107 102
715 517
722 209
402 568
602 521
273 851
836 606
389 444
709 328
715 407
605 796
636 700
239 208
427 394
466 731
610 699
87 803
253 773
994 196
874 180
124 355
919 573
241 931
474 949
591 676
953 55
276 622
696 468
762 228
695 602
274 57
403 409
246 507
94 964
393 44
617 97
67 546
674 815
641 14
216 596
94 222
580 82
592 136
901 753
76 495
382 662
768 731
388 33
361 39
106 227
744 32
920 603
954 361
972 370
201 177
9 929
246 70
215 770
82 603
78 233
508 903
656 542
936 664
971 302
993 292
850 944
58 462
914 164
133 316
360 46
80 218
952 662
912 193
866 349
413 507
812 798
918 881
371 768
367 643
999 882
611 723
97 824
746 885
478 830
435 942
613 104
387 487
649 733
774 491
26 151
560 381
100 951
820 81
163 939
950 612
58 446
421 695
7 404
876 221
355 8
609 216
585 331
414 894
23 318
408 46
447 704
470 638
546 862
857 206
83 544
487 32
872 355
612 60
246 587
176 56
145 208
134 143
982 715
137 230
639 170
527 251
213 333
124 675
807 987
2 338
126 302
577 674
941 763
398 601
589 633
926 757
659 797
996 268
588 484
106 737
286 899
690 653
446 620
184 333
533 575
942 277
182 202
862 249
137 83
113 74
422 846
203 315
481 970
974 283
947 474
240 75
350 978
408 249
754 261
147 182
334 583
192 750
57 473
454 62
922 879
597 830
905 860
804 561
36 321
949 395
668 85
163 481
997 145
480 523
97 146
780 716
122 200
504 750
676 315
307 641
676 669
264 646
404 210
515 504
726 667
71 442
736 34
505 326
231 608
501 326
360 633
69 253
526 788
884 671
32 161
805 95
214 675
586 811
76 857
335 832
673 731
958 896
317 6
133 983
359 643
457 991
853 292
842 663
382 854
244 319
286 394
296 164
290 468
823 153
570 948
784 277
857 932
164 143
735 565
59 600
407 792
523 886
12 735
844 581
676 683
991 476
111 12
657 758
236 100
862 871
264 657
613 49
744 837
851 266
705 49
757 803
711 783
962 212
623 615
884 555
949 946
516 138
125 440
670 847
682 171
277 786
323 341
365 523
701 832
253 109
798 125
106 338
507 301
271 413
71 283
398 958
680 317
762 295
248 599
955 615
833 267
499 798
601 13
558 174
953 698
721 575
122 99
498 734
684 833
469 541
256 830
886 991
760 616
73 456
658 237
66 500
488 820
526 465
513 821
206 838
709 358
905 323
754 688
954 923
210 564
720 585
437 898
713 245
885 267
882 235
27 336
739 978
935 398
891 498
16 970
384 937
275 15
659 420
214 225
341 407
19 231
453 117
617 926
394 750
888 592
420 370
925 158
976 988
717 728
696 220
932 80
620 967
353 737
152 208
709 851
157 882
770 31
297 23
738 327
694 200
145 278
900 962
714 492
496 505
41 10
194 336
146 748
731 518
242 263
624 273
775 451
241 684
945 594
218 373
728 174
292 643
260 311
552 420
137 507
55 243
802 177
54 835
405 969
432 325
268 381
521 569
71 892
459 497
716 981
872 655
122 43
89 766
990 919
162 779
702 358
730 709
187 338
762 498
979 256
926 860
544 6
818 460
669 686
420 246
429 945
589 228
933 934
144 440
789 482
920 949
68 556
837 753
453 391
196 860
931 762
757 864
229 389
627 464
539 298
100 16
569 862
376 166
934 167
492 234
617 253
259 76
387 132
659 45
929 685
662 697
602 9
953 809
118 552
327 480
284 833
688 441
54 28
298 810
183 419
188 91
235 920
309 300
92 275
513 94
677 25
725 932
157 69
367 40
925 724
209 72
770 375
391 901
428 415
774 535
176 432
265 350
480 920
650 617
440 831
958 648
699 852
184 107
554 103
870 609
978 120
562 772
167 656
453 8
439 434
17 103
240 741
682 605
888 402
968 528
857 836
41 609
891 119
27 888
213 887
537 950
929 946
989 213
927 666
148 768
399 190
742 262
974 753
711 433
614 830
552 586
460 803
359 936
773 96
143 821
984 406
213 156
144 293
630 333
3 477
478 28
517 851
349 489
11 272
299 156
521 400
53 231
66 774
202 68
443 134
897 661
770 633
768 514
72 693
277 350
628 53
458 708
417 75
523 811
999 757
713 47
555 353
47 905
537 58
880 946
221 487
301 977
936 401
927 796
613 879
141 688
215 157
629 166
584 601
695 925
576 592
322 559
371 510
881 22
745 819
960 324
66 283
281 306
962 793
102 940
116 933
350 572
290 631
230 86
50 365
622 731
983 850
761 624
31 614
815 228
980 747
249 658
167 928
919 206
142 764
432 123
52 37
53 192
71 73
306 208
53 647
256 959
265 7
615 118
771 920
635 801
339 981
712 9
733 303
606 834
181 248
256 210
735 522
897 942
