7000 3500
630 403
422 893
708 626
357 522
64 746
68 80
64 930
365 852
284 965
645 577
580 781
806 18
952 793
402 335
307 875
709 820
962 637
680 690
777 537
958 254
101 925
232 452
427 576
790 526
460 627
531 14
384 281
709 198
648 517
580 666
632 31
704 850
861 214
110 906
343 202
514 624
498 60
415 855
246 547
242 34
816 519
122 972
591 577
762 448
360 750
305 966
215 712
251 481
407 482
857 48
147 213
145 746
398 367
479 868
957 141
483 713
465 267
277 429
984 967
28 933
634 958
560 109
659 510
91 120
152 150
903 215
275 730
479 731
595 417
335 100
493 121
886 159
297 310
568 905
432 457
404 547
734 733
878 558
462 355
588 130
386 863
943 605
547 662
926 989
461 990
522 922
409 346
36 815
104 435
518 786
326 423
848 728
854 638
331 908
42 583
557 457
978 575
33 144
944 618
357 890
400 969
763 216
909 139
658 771
691 939
241 195
806 458
682 181
513 937
43 240
392 947
509 351
469 729
926 159
392 569
307 624
155 987
821 948
204 662
411 992
683 221
917 275
213 23
592 264
95 980
487 965
412 931
589 448
526 797
261 857
118 857
598 263
180 33
877 46
207 314
168 404
206 861
152 969
812 570
872 287
679 351
261 427
80 954
124 62
437 654
456 285
912 766
64 23
767 635
107 322
874 549
318 575
805 372
175 872
176 145
696 474
713 229
697 631
36 896
114 645
86 714
783 556
427 920
935 368
342 703
112 756
559 958
531 443
823 713
63 134
496 225
482 966
15 914
417 11
700 435
522 449
893 915
411 701
415 127
970 810
305 391
517 682
188 131
255 796
490 395
550 897
886 300
853 856
860 482
181 587
279 65
308 27
958 846
992 885
453 109
668 505
859 235
875 481
341 388
913 268
508 517
915 662
183 362
870 341
95 270
779 707
264 271
321 632
179 478
351 48
46 537
963 868
819 482
683 600
301 850
231 17
877 37
36 169
809 938
509 955
991 786
886 981
388 211
98 632
948 745
502 390
320 909
791 590
356 607
953 703
570 684
939 910
492 200
316 558
760 178
574 815
823 566
788 923
187 350
577 73
290 466
289 444
325 199
59 650
811 967
829 467
415 105
171 944
265 216
467 917
467 885
298 434
430 434
585 928
949 434
281 826
793 489
846 545
273 865
1 284
468 830
228 152
346 783
870 735
428 985
535 788
104 603
175 424
991 631
765 944
640 81
61 719
13 278
631 165
291 940
513 884
76 549
184 843
293 282
957 831
525 737
982 41
269 933
104 119
332 841
616 114
303 119
169 617
250 780
549 110
152 292
873 381
647 842
594 401
648 650
546 882
686 973
495 625
2 125
905 678
820 284
480 164
673 292
306 351
773 905
602 672
30 391
684 250
553 220
820 885
535 338
259 265
705 361
186 208
237 794
220 318
352 350
213 898
31 992
57 514
999 942
10 931
381 549
103 481
988 942
723 194
150 365
566 465
877 634
992 160
182 981
640 748
654 814
196 530
977 418
999 501
402 36
15 494
362 430
825 104
422 658
732 497
485 434
44 994
454 207
635 921
209 341
541 312
857 335
15 495
124 860
586 359
763 873
300 425
638 400
98 65
639 307
703 64
364 666
881 130
550 137
50 966
304 835
417 440
925 953
933 312
808 54
458 207
377 861
350 73
858 564
972 641
269 154
47 803
542 425
581 395
379 647
52 869
985 274
801 104
181 345
44 772
224 742
552 882
84 976
936 232
963 214
49 354
481 307
309 839
694 967
246 123
939 656
271 460
629 899
481 456
998 589
292 48
94 164
249 89
459 400
298 180
706 14
301 951
80 978
592 557
871 859
797 300
900 936
496 503
335 429
346 751
53 436
842 981
932 237
282 415
20 580
812 898
584 747
328 376
963 161
684 847
109 380
960 374
706 558
183 996
895 14
111 465
21 444
705 869
418 6
494 89
507 248
915 842
389 980
443 769
782 416
606 694
173 607
381 174
375 699
614 375
71 379
458 656
523 77
155 830
680 797
315 286
2 94
57 650
299 827
616 949
148 498
535 495
960 180
532 289
20 836
814 273
515 473
399 162
375 295
645 220
161 582
653 160
871 207
41 463
430 995
129 774
732 210
421 747
449 599
325 600
614 883
445 269
268 180
529 715
83 637
139 975
996 418
931 840
58 506
805 169
922 171
905 288
992 66
97 903
655 71
150 708
952 407
675 220
20 152
772 571
974 387
987 971
607 448
590 752
385 237
350 914
373 199
701 644
307 784
695 213
643 988
836 260
165 92
328 110
491 898
549 406
984 798
310 52
716 701
997 327
857 172
858 138
397 522
282 610
186 991
563 805
568 237
703 986
118 630
223 799
719 871
421 365
637 49
508 275
797 110
65 211
21 590
29 931
849 580
423 762
693 928
420 310
633 421
321 676
27 947
836 78
791 342
261 387
772 175
485 75
159 248
886 260
947 947
296 417
974 701
445 58
900 83
401 681
592 171
652 1
963 829
80 174
296 388
883 359
840 905
790 792
603 620
641 743
917 650
745 607
434 89
694 684
194 909
341 709
687 994
972 278
156 382
114 975
194 187
858 377
859 214
559 987
514 594
448 165
715 155
324 181
718 724
215 869
991 286
12 897
773 75
706 986
257 777
446 823
742 232
110 931
96 931
310 78
831 39
382 629
930 21
179 164
389 430
823 891
736 989
904 358
231 261
209 284
585 364
245 164
73 25
453 1
439 272
821 372
257 356
861 250
621 633
750 574
633 215
843 745
291 739
391 870
584 755
238 311
2 404
208 568
359 470
912 126
238 507
336 902
288 682
772 133
435 711
654 103
606 618
271 638
974 121
43 278
540 879
461 329
26 340
550 276
892 309
908 69
793 699
442 208
132 871
600 776
166 14
434 388
808 384
781 908
653 845
925 493
573 889
285 160
319 920
69 445
91 221
593 169
422 61
994 183
242 492
207 369
949 499
238 243
446 184
644 622
983 232
605 826
636 756
770 750
189 265
27 592
69 557
587 810
825 631
723 959
420 783
824 78
350 28
940 673
978 456
787 517
87 444
869 44
38 338
927 400
695 815
4 727
233 797
661 527
109 17
662 828
819 719
994 937
236 455
538 609
907 201
969 540
835 155
331 837
739 625
536 959
435 395
283 216
232 49
647 364
429 223
776 964
597 506
576 534
246 62
481 816
253 765
501 827
677 509
510 318
503 739
255 741
848 661
61 801
836 926
619 738
640 34
452 97
242 617
161 576
510 686
196 109
935 618
953 541
232 123
142 678
252 122
391 195
1 469
913 883
556 790
48 350
543 432
227 63
56 693
682 302
794 58
938 926
99 344
136 463
130 602
634 857
387 225
922 997
892 829
917 849
324 923
643 945
713 516
81 667
40 598
5 653
228 263
376 638
715 464
513 959
425 887
725 500
618 135
131 823
429 727
755 604
632 160
212 118
179 511
772 921
82 177
843 564
369 482
690 9
752 783
418 79
47 418
974 999
477 778
241 402
226 100
161 68
34 881
117 959
47 848
202 255
230 435
278 44
298 906
174 291
508 926
495 705
450 728
759 722
730 886
31 506
459 930
251 570
173 95
447 46
342 94
252 140
104 360
590 477
253 672
914 325
467 161
574 920
623 373
478 239
855 707
288 359
387 397
198 161
67 439
104 371
109 139
695 527
95 160
884 200
394 796
144 534
309 576
781 782
210 676
829 211
199 887
758 195
761 453
498 373
202 753
14 240
366 728
185 999
522 953
829 93
139 477
136 567
551 426
954 683
703 86
784 539
596 322
760 151
819 139
295 351
997 149
739 820
501 361
61 237
906 159
495 844
902 984
897 204
521 535
513 513
181 548
929 183
980 809
460 361
539 25
607 892
932 491
957 273
9 781
72 848
755 208
467 285
635 247
475 847
295 66
672 952
224 880
300 952
568 78
601 717
227 900
521 549
484 813
803 430
674 811
855 188
87 370
145 374
433 995
711 273
232 96
995 775
185 829
398 357
53 397
76 881
785 822
281 285
392 786
113 673
930 990
386 179
312 671
869 517
689 233
510 40
9 601
545 915
485 413
464 535
281 565
40 655
209 593
129 132
129 473
868 27
718 286
444 69
682 824
808 726
798 390
510 886
987 398
103 857
376 975
337 441
298 416
745 840
591 482
93 557
387 953
840 68
654 873
264 610
238 109
228 334
190 527
374 160
241 300
187 572
975 424
365 739
820 698
437 49
577 682
141 326
518 156
48 916
320 588
915 828
794 679
98 865
18 720
833 87
850 645
363 83
727 193
101 260
230 925
259 902
413 152
696 244
525 918
679 639
344 614
978 17
195 128
675 667
544 257
248 172
666 882
676 73
280 304
141 673
523 80
612 214
164 807
60 314
344 869
930 757
231 290
224 772
290 303
962 833
404 197
536 311
557 603
420 458
241 331
443 616
193 583
696 826
224 381
896 591
873 646
898 252
223 627
502 506
686 321
537 438
217 283
757 897
693 721
280 911
516 234
176 899
276 480
95 708
481 142
889 214
378 901
182 535
88 849
660 574
15 606
401 192
252 962
453 787
284 465
805 969
118 979
592 555
429 682
156 65
203 493
554 783
220 779
825 313
239 714
36 709
162 684
262 816
669 858
797 882
827 629
539 215
173 551
268 228
149 490
999 202
237 871
792 263
323 90
204 620
122 787
410 772
811 891
839 536
666 362
756 405
921 857
918 432
685 351
804 847
336 888
184 780
591 296
899 243
888 62
683 126
929 719
974 412
698 859
176 846
819 665
462 71
733 351
924 156
3 329
355 652
747 380
242 383
311 46
380 314
687 497
888 817
22 386
552 669
393 870
66 424
153 660
208 979
367 866
133 422
833 240
986 78
54 58
817 448
972 836
268 142
427 520
141 819
825 622
898 647
103 519
72 574
270 229
860 627
948 179
140 973
14 221
407 193
694 359
932 59
256 125
582 492
961 438
795 668
348 399
721 563
921 473
521 726
851 583
788 45
749 892
418 818
318 266
612 551
217 946
801 481
295 374
44 811
326 38
947 832
470 386
801 969
646 833
300 988
393 286
205 833
909 599
528 141
801 322
948 496
727 508
115 566
691 859
374 982
477 943
708 818
49 610
399 317
606 806
540 548
158 199
74 188
49 1
830 440
772 487
774 690
925 363
198 611
414 944
350 478
8 450
942 137
744 3
58 540
819 979
556 383
461 450
651 547
981 723
726 43
80 12
560 335
899 508
458 819
254 778
453 682
695 489
479 503
90 696
3 587
420 920
807 234
681 913
323 601
785 579
773 181
443 670
555 157
480 478
848 766
734 301
834 164
727 739
942 995
971 576
603 850
481 897
293 264
8 279
360 26
720 375
780 379
942 230
638 811
890 362
646 365
897 239
405 387
344 45
704 171
848 395
202 507
817 116
342 374
340 341
194 143
679 136
979 532
678 515
155 77
220 654
921 564
822 991
978 720
349 785
198 757
216 900
502 936
323 156
5 818
361 793
839 338
281 466
727 299
954 532
284 924
241 151
376 360
91 95
598 579
387 680
248 996
823 345
225 682
743 842
60 732
406 254
879 783
282 407
612 768
609 397
531 748
374 774
639 110
834 859
656 253
636 947
183 683
611 663
282 55
585 110
213 989
33 711
924 737
123 326
553 696
371 978
651 914
970 683
558 771
14 713
264 847
607 831
472 561
6 132
320 887
847 878
371 231
542 67
233 917
620 386
247 532
273 177
224 245
991 454
6 687
12 799
878 417
365 214
14 564
551 109
603 345
741 863
426 392
87 237
924 516
535 753
854 599
915 292
551 240
733 740
874 857
740 885
753 728
441 372
224 559
409 379
748 699
215 960
290 186
678 52
577 653
175 195
796 721
757 216
801 494
842 436
4 533
832 100
503 310
956 968
982 470
253 501
211 423
496 854
70 868
965 726
453 693
28 868
932 137
14 548
866 529
812 490
16 697
689 336
337 971
566 316
480 289
715 788
159 705
472 43
153 221
422 868
392 323
829 555
853 545
666 725
415 48
717 825
410 685
808 891
739 114
378 827
457 479
723 666
792 106
170 607
129 990
301 821
648 669
184 923
510 552
143 74
226 325
226 427
628 906
325 432
97 839
55 481
788 962
435 623
232 732
957 284
402 840
249 224
797 396
317 253
493 177
916 308
426 180
764 859
958 233
772 646
790 418
26 831
99 753
489 696
413 192
917 699
985 674
10 28
889 266
136 560
806 534
920 907
647 941
515 281
810 649
136 223
988 183
58 428
172 215
502 178
868 675
803 344
579 243
380 464
979 542
77 527
10 214
576 471
391 362
674 712
207 395
763 733
202 557
365 6
278 510
540 540
992 404
521 197
66 586
294 859
610 38
279 410
793 267
738 646
207 230
685 326
823 751
957 993
361 894
812 674
890 191
462 748
768 527
537 481
754 791
208 512
63 533
295 631
788 146
243 246
405 469
969 574
245 363
342 937
954 478
988 510
264 542
388 906
237 965
121 84
100 626
853 558
735 852
823 624
199 510
89 651
668 718
256 196
306 794
987 459
563 473
868 792
909 856
421 169
456 876
817 920
398 646
487 785
706 454
446 752
125 22
211 781
226 146
751 892
94 921
780 989
417 731
546 395
713 988
113 910
94 570
880 484
330 201
772 362
568 927
532 545
808 766
77 947
704 350
146 224
36 914
912 919
439 878
41 897
291 29
581 79
926 305
345 660
623 751
8 112
473 551
402 237
332 347
877 20
545 5
171 478
215 452
669 562
162 770
825 301
3 188
36 510
224 333
533 20
876 791
582 80
409 309
322 771
477 745
172 405
590 853
16 437
508 95
388 962
943 795
53 408
480 285
738 464
954 461
916 269
121 505
966 116
262 846
856 51
380 24
704 922
954 949
827 640
466 121
624 638
14 981
470 129
750 781
474 482
394 79
21 882
957 174
254 346
590 402
215 899
300 155
877 842
378 881
10 626
291 989
184 179
476 657
606 617
943 67
972 829
16 100
746 625
334 421
583 784
763 445
627 288
897 450
252 733
379 370
90 251
965 698
231 387
624 269
940 79
634 26
981 567
853 879
509 492
358 333
639 611
979 189
621 450
121 236
777 284
275 841
554 704
15 241
508 160
69 395
695 798
707 102
289 846
75 334
788 839
967 325
986 43
576 718
970 6
100 73
24 446
265 791
415 417
823 292
403 202
189 189
669 696
403 222
348 682
483 158
996 739
855 810
325 234
136 926
125 181
311 249
881 447
894 661
952 551
357 556
423 667
654 649
855 304
661 390
298 76
717 611
627 827
203 34
406 44
687 527
765 653
146 748
26 464
261 25
183 38
281 258
960 133
960 662
665 391
415 607
593 959
772 587
509 390
129 479
647 983
442 882
406 826
399 526
985 195
334 776
148 706
116 442
254 783
459 572
719 867
48 214
596 825
681 203
529 485
366 168
808 996
779 260
848 332
657 586
17 948
461 474
354 499
619 617
884 823
505 208
440 141
968 726
460 791
761 939
228 644
570 955
735 212
376 32
758 134
172 997
324 922
704 999
636 99
280 808
579 602
389 947
524 767
218 459
836 719
352 437
400 537
996 495
777 416
499 938
473 725
584 223
399 735
188 493
533 761
470 20
140 228
40 48
995 641
822 190
65 802
336 787
757 312
398 355
596 756
41 921
576 865
511 760
906 150
692 354
220 287
690 413
661 732
342 784
616 859
664 771
838 755
523 491
90 890
395 665
939 341
531 877
813 347
721 144
628 166
884 355
756 34
494 698
619 70
519 151
233 976
616 104
885 963
450 842
266 726
896 253
595 744
822 240
404 267
743 685
652 237
186 875
808 937
303 68
586 286
19 228
144 31
210 779
238 556
421 547
196 741
370 285
928 363
637 950
884 628
842 195
387 987
238 739
277 872
148 424
386 634
115 298
100 739
947 563
231 199
381 851
404 519
115 276
82 632
547 840
259 735
136 462
638 601
756 405
161 998
586 552
880 785
867 346
828 340
600 837
829 851
866 640
797 446
245 155
107 491
833 665
880 476
251 821
315 44
823 911
232 181
687 919
317 961
497 640
969 651
629 406
383 827
230 856
427 369
194 151
522 879
641 240
957 171
751 318
238 552
641 356
927 217
947 220
909 909
4 2
536 127
671 547
330 760
472 710
219 200
877 51
828 889
301 951
691 947
34 545
956 184
114 969
253 739
327 928
731 14
184 360
400 604
230 888
945 112
375 220
843 127
465 469
209 609
240 493
661 725
967 24
945 967
421 182
502 310
505 536
386 419
578 584
684 539
610 678
347 941
353 99
599 241
138 556
476 962
323 286
877 921
300 247
557 419
152 929
583 688
753 889
852 146
370 6
419 598
284 497
832 841
159 314
839 407
188 309
810 896
577 553
601 180
27 116
32 543
276 78
411 166
597 813
823 274
557 743
943 551
288 655
474 671
806 523
11 5
307 172
510 298
894 558
548 237
883 953
758 405
748 397
516 154
580 145
104 137
451 268
598 451
42 384
642 726
77 175
151 389
568 840
726 300
331 943
480 154
977 873
721 509
112 443
222 268
204 347
918 101
522 923
160 21
412 226
648 453
989 499
308 424
776 923
143 889
307 794
245 294
811 978
434 174
492 247
923 754
921 331
912 86
864 496
762 583
873 201
888 522
306 48
738 694
981 717
28 258
125 894
444 300
311 667
162 574
696 68
299 128
829 570
931 25
145 287
964 248
275 846
736 943
333 407
288 248
621 959
180 524
820 656
237 556
412 148
604 856
554 216
892 378
355 949
676 651
43 152
589 196
300 701
774 303
706 202
466 11
890 18
84 142
842 823
17 200
745 527
164 100
735 298
289 908
607 498
230 415
965 565
658 971
222 143
654 974
625 645
250 267
728 740
295 331
998 82
951 899
953 839
962 158
850 704
684 480
392 147
347 62
61 451
500 670
538 958
309 934
392 399
181 625
100 137
649 794
87 347
504 674
95 481
211 429
509 512
125 706
741 416
667 424
770 849
115 982
489 884
518 454
362 140
508 645
379 453
575 405
253 468
856 396
23 305
336 554
281 401
822 329
457 809
130 960
306 356
59 659
242 944
966 59
91 817
866 53
434 610
646 678
550 104
790 782
70 564
229 467
104 866
921 789
79 409
885 129
190 949
257 24
662 841
490 415
879 455
162 969
217 136
394 121
607 132
177 668
859 850
543 732
333 955
618 508
782 143
631 829
455 636
916 176
345 448
611 174
171 135
947 598
699 38
505 73
704 645
432 743
919 412
516 167
132 735
289 223
903 615
384 668
726 85
747 611
332 659
394 937
836 436
728 337
115 401
575 787
404 835
415 114
922 217
224 426
241 633
394 887
842 996
925 285
225 971
965 837
316 450
383 284
617 641
500 56
112 898
532 177
958 416
569 720
533 147
73 537
775 336
253 763
318 705
550 81
405 284
718 181
133 642
550 430
98 350
918 552
831 237
811 131
150 816
385 223
12 81
593 797
286 493
248 707
956 756
480 377
460 270
671 708
954 955
830 464
91 459
133 253
525 370
411 517
447 777
181 867
528 447
198 636
555 645
273 719
78 966
764 964
313 654
188 871
439 841
161 863
906 714
907 238
419 213
303 68
89 406
441 379
112 284
584 830
506 884
110 339
738 580
948 463
920 682
146 391
556 988
333 713
299 989
206 134
307 973
377 509
669 451
689 814
848 160
516 597
451 463
977 777
594 624
610 520
298 683
147 525
900 202
283 70
671 619
145 974
681 502
889 697
826 71
890 367
253 581
548 732
987 248
354 925
735 166
25 343
276 316
244 70
972 591
403 437
271 465
907 12
817 650
821 18
293 217
952 249
244 928
410 77
269 86
156 846
800 817
625 713
451 16
332 893
192 954
930 32
525 348
54 105
918 57
739 926
847 844
432 44
27 638
782 906
412 154
146 255
314 422
649 85
791 53
459 640
46 44
28 486
961 247
651 735
70 628
913 965
181 809
905 171
924 385
26 520
233 407
510 708
910 629
611 47
54 910
952 964
600 692
735 49
790 218
240 961
257 233
751 696
126 899
911 92
311 220
214 499
546 751
969 432
835 177
728 661
888 185
660 906
75 543
110 563
709 739
24 489
755 575
753 869
343 215
844 6
968 300
969 466
185 207
869 420
683 622
591 723
400 422
910 556
219 841
6 948
200 658
495 927
722 399
413 77
107 636
544 818
106 302
155 877
998 635
592 779
646 965
108 335
615 290
576 647
450 815
591 745
574 789
714 510
486 130
652 784
794 596
963 930
804 82
852 32
914 362
914 653
434 171
256 813
903 770
586 947
839 741
609 985
884 866
746 500
833 668
389 857
412 114
63 94
394 576
370 492
941 467
23 784
44 452
225 482
430 902
735 492
209 191
826 218
870 329
447 547
858 634
109 557
208 724
939 245
6 112
435 560
45 387
913 770
686 470
701 934
853 656
87 443
684 120
242 119
745 856
603 52
561 954
686 790
742 648
282 912
520 345
624 299
567 251
141 79
634 765
904 55
596 511
586 730
901 373
948 7
538 590
967 771
783 178
917 212
384 418
867 859
774 990
521 92
30 221
181 14
422 134
876 332
22 108
225 754
58 776
847 471
85 915
871 866
151 421
1 49
232 806
75 415
807 880
925 568
398 422
933 666
349 438
529 498
640 401
229 967
678 247
468 957
347 45
956 875
322 180
713 991
735 520
66 803
404 128
150 77
306 241
220 417
619 186
39 98
575 610
363 252
480 681
925 74
203 423
869 720
488 5
803 635
281 539
549 17
202 568
467 357
983 285
627 692
817 901
141 360
790 975
843 144
466 965
163 280
229 626
318 309
340 485
613 451
871 793
939 669
255 596
116 105
771 363
956 123
355 857
579 124
758 594
257 115
365 396
152 727
605 480
68 911
97 822
26 321
807 820
372 504
553 780
289 100
279 193
378 938
696 259
854 260
320 894
175 992
339 255
882 321
706 195
877 382
45 748
89 231
583 754
2 987
957 758
314 628
408 793
108 569
610 130
676 975
453 40
151 166
409 290
248 998
804 359
787 372
215 601
540 22
397 164
114 168
592 708
821 387
423 437
756 679
341 163
345 69
299 662
291 325
945 128
390 497
585 941
931 437
757 111
638 220
691 177
240 574
946 58
437 99
882 570
510 511
562 615
373 746
657 553
11 341
608 264
842 257
72 163
64 800
442 44
222 680
983 740
130 283
938 552
757 279
735 523
564 873
389 63
461 707
349 983
136 976
937 747
250 642
47 598
139 166
99 516
267 71
853 271
94 157
299 532
878 584
41 747
761 712
937 6
925 707
460 494
873 512
1 345
746 170
237 696
427 421
670 714
372 341
885 617
563 264
841 964
515 138
609 769
877 172
322 216
268 447
92 822
116 98
854 255
893 547
238 161
681 243
241 813
687 604
628 8
360 727
314 890
626 148
976 893
380 186
122 532
937 835
775 966
209 405
367 361
471 153
746 298
418 246
628 692
666 289
456 443
721 246
440 566
299 716
197 903
569 129
769 28
625 543
541 532
779 843
874 777
392 213
887 95
208 466
473 307
73 819
881 396
348 357
349 110
235 563
125 805
158 181
67 662
25 359
187 35
133 951
647 691
684 815
697 268
282 287
962 989
366 375
106 265
786 763
329 917
875 125
547 695
38 715
610 604
276 76
765 129
226 382
640 61
952 107
654 735
626 58
459 997
969 291
376 93
90 253
665 558
547 153
654 626
224 149
654 313
527 796
926 931
497 603
921 880
587 623
637 364
590 712
254 836
51 44
917 142
575 862
246 540
62 572
105 764
363 869
486 317
374 661
66 782
236 237
261 422
647 19
873 884
897 988
570 390
782 386
476 344
493 532
490 930
695 661
959 191
412 741
994 818
333 920
353 87
599 851
911 389
443 573
142 975
797 756
523 866
805 197
228 528
894 529
27 888
328 568
332 593
424 490
799 488
84 917
101 59
269 817
242 389
829 190
906 258
337 328
56 896
931 85
940 861
666 326
97 675
404 910
622 77
408 104
613 539
60 275
72 560
868 775
394 844
915 572
573 685
686 789
599 89
835 412
204 39
547 771
189 834
691 417
24 764
832 193
621 770
294 686
53 103
18 736
618 548
714 244
618 929
367 92
781 375
994 351
474 241
83 907
781 313
734 186
828 196
342 340
58 347
823 719
106 367
328 906
197 245
16 16
171 227
97 237
390 536
78 831
229 955
153 46
309 709
368 156
487 288
861 39
966 376
664 860
662 390
122 739
895 903
9 731
567 672
540 847
124 314
49 72
914 315
460 717
289 531
688 302
691 839
37 123
659 413
287 868
651 596
268 44
860 505
21 321
948 543
604 98
805 329
343 277
852 795
890 76
636 669
505 841
307 747
506 108
141 541
734 17
917 76
809 497
843 68
422 54
945 948
519 216
217 233
777 185
680 149
727 879
429 982
755 640
975 388
623 383
519 156
206 122
462 442
942 739
158 89
596 307
397 363
461 178
801 206
429 859
333 11
737 69
580 403
529 732
548 482
780 939
505 623
928 757
311 497
76 4
381 318
424 155
113 592
896 494
521 160
854 586
514 892
644 366
951 256
25 104
447 218
942 76
996 742
466 451
984 817
561 882
819 391
75 516
917 473
248 266
443 549
438 844
472 412
696 4
424 863
561 783
615 524
565 705
990 925
688 117
771 7
748 956
849 335
997 204
896 600
780 49
203 348
845 67
330 835
437 995
655 631
32 958
965 528
263 325
222 255
116 326
489 369
813 845
349 763
576 337
744 495
275 123
936 741
501 201
514 924
444 914
115 417
360 674
685 490
986 784
423 878
588 539
244 853
227 109
826 542
522 669
173 460
581 24
383 405
616 495
559 850
557 378
256 950
215 57
244 374
975 515
940 425
711 868
94 463
382 425
356 374
874 61
776 252
133 676
24 411
516 701
688 576
366 80
942 766
111 383
518 954
519 673
598 841
354 847
706 971
48 474
957 653
499 810
194 244
594 57
251 969
220 956
844 86
463 460
159 977
932 903
363 958
90 500
266 593
78 751
8 789
332 444
637 223
743 466
790 239
490 854
207 293
692 535
677 270
423 400
696 714
63 425
732 92
689 143
759 226
312 495
586 381
947 281
865 31
228 840
442 981
1 266
491 73
60 167
73 235
34 546
797 630
215 534
397 171
509 253
9 987
350 943
353 76
808 662
614 772
356 712
729 153
984 947
730 943
819 32
640 897
328 497
99 991
207 175
93 698
947 910
70 219
360 757
440 583
279 735
238 662
695 894
946 647
120 245
321 531
481 601
15 479
271 131
197 304
642 421
840 231
845 404
780 107
119 143
265 868
896 314
527 135
762 535
681 317
226 46
297 627
342 149
815 817
511 998
556 816
675 530
285 703
16 177
623 149
255 510
686 907
489 310
630 57
64 433
952 352
416 567
226 633
85 849
152 568
101 887
150 305
829 370
446 303
791 57
575 526
748 72
308 39
546 443
460 386
982 413
378 335
384 639
717 165
612 896
380 446
351 709
627 927
805 49
590 360
847 435
241 138
333 670
35 893
542 66
457 508
654 318
595 581
159 44
286 28
384 664
284 260
384 835
524 747
686 678
336 159
616 253
991 773
699 929
88 902
938 732
729 706
430 742
689 344
133 297
344 742
127 257
408 555
376 833
77 669
667 274
243 481
739 318
981 463
251 893
903 793
301 565
580 878
681 180
285 950
491 353
989 480
241 923
385 503
782 347
843 989
916 840
613 23
560 623
797 455
951 136
363 405
578 952
618 113
588 637
735 154
443 152
244 217
968 251
799 488
730 330
869 192
843 127
739 759
593 416
61 50
367 163
759 727
150 624
859 835
212 409
346 422
97 228
107 527
512 229
992 189
914 436
521 233
625 852
950 171
164 352
640 513
870 143
526 836
66 175
744 223
144 934
151 250
224 974
654 208
957 44
996 168
455 380
777 302
108 109
573 793
260 72
895 491
193 582
217 663
960 985
472 49
557 614
298 289
78 531
841 464
610 348
618 754
185 293
174 40
402 507
936 322
779 591
429 371
836 382
908 452
652 34
143 668
838 285
846 635
714 406
361 438
554 7
460 484
734 827
80 131
437 959
599 889
633 711
340 280
503 813
122 873
78 869
488 93
412 816
718 151
449 432
606 869
153 357
227 628
439 26
659 624
779 553
965 632
8 53
487 931
336 732
261 891
852 256
558 302
931 528
773 450
180 327
612 966
401 905
243 566
891 483
300 612
414 202
659 896
71 446
378 608
684 163
500 226
162 835
100 384
786 237
567 525
311 733
334 468
128 496
704 502
248 395
566 61
608 630
414 286
140 197
140 800
816 299
34 852
639 134
242 584
431 829
676 7
733 13
328 759
110 488
430 414
518 84
771 232
602 562
315 364
771 70
264 141
4 288
605 707
502 805
367 477
195 742
442 748
793 92
483 471
931 177
981 579
994 135
95 977
144 284
297 116
782 981
275 780
585 672
668 135
749 369
638 87
954 748
265 179
540 636
370 80
34 719
881 107
646 764
202 472
106 901
857 676
51 643
300 343
610 229
409 939
225 768
459 233
189 952
648 743
958 837
863 395
500 414
819 490
820 263
44 848
8 839
379 598
82 14
146 429
999 356
374 678
989 574
746 211
501 426
711 26
765 126
291 877
573 512
164 62
249 973
508 910
853 778
792 566
687 615
167 457
367 285
452 139
985 789
368 777
759 969
985 768
814 263
860 997
81 293
534 540
896 61
277 671
819 734
147 843
728 48
239 806
400 620
322 637
466 804
879 870
373 474
815 722
667 685
503 699
245 833
163 923
585 661
261 899
758 523
380 916
857 358
721 430
43 972
94 816
132 550
845 884
539 582
774 974
751 996
95 637
676 977
48 8
732 676
572 299
919 847
822 79
97 359
620 602
572 152
253 799
660 433
321 202
734 877
53 927
717 541
237 847
472 970
384 147
860 572
251 465
546 391
781 227
786 68
622 382
408 159
528 569
243 649
57 309
862 62
658 205
537 703
394 114
581 242
387 539
545 872
510 496
680 817
54 84
496 784
507 458
981 932
886 934
345 796
813 897
918 138
487 336
351 217
54 602
248 941
217 473
859 487
702 993
78 823
556 605
332 523
293 711
540 326
462 387
306 799
751 609
306 842
501 42
404 926
187 487
536 579
755 957
212 364
740 42
663 279
221 475
998 88
65 394
61 66
977 576
427 320
100 378
75 882
860 469
635 884
154 875
208 534
280 968
449 777
899 780
901 359
705 667
162 430
401 723
502 775
955 226
212 351
830 144
519 532
283 804
12 47
178 681
348 17
71 138
584 364
541 924
681 936
6 20
619 746
875 799
305 132
955 527
136 600
502 426
104 761
95 352
650 861
195 136
379 36
785 204
48 3
976 973
730 124
737 961
745 829
258 798
600 947
128 477
516 298
17 168
768 448
850 943
754 36
709 830
624 357
778 123
283 571
778 661
894 79
298 312
325 809
234 623
773 629
841 176
80 65
495 522
628 617
426 464
55 304
41 389
329 532
736 410
814 393
984 252
47 366
13 756
26 60
477 802
628 181
615 849
614 335
663 927
379 766
639 238
278 90
787 617
968 282
501 665
263 822
815 587
461 729
836 436
176 421
475 441
630 648
181 947
772 194
94 485
972 222
47 13
597 676
976 202
211 591
814 336
165 930
618 120
652 334
939 928
125 161
771 748
899 124
95 509
744 541
177 183
851 156
171 444
488 907
394 374
194 590
789 140
325 478
911 175
960 11
862 1
893 293
519 820
256 480
860 853
462 931
634 364
194 992
673 5
875 983
347 316
49 728
102 710
69 335
475 823
369 9
835 85
323 856
974 397
22 626
532 38
892 729
919 528
845 9
144 330
858 884
392 60
219 803
12 293
719 41
996 958
506 288
762 937
492 941
203 115
638 582
529 105
913 127
680 311
896 117
864 127
976 559
654 795
692 858
600 318
356 639
275 525
327 20
143 801
904 76
489 43
460 580
704 879
234 217
425 797
879 419
227 370
122 119
108 190
851 241
410 195
238 493
820 67
433 524
156 285
927 268
870 222
718 492
253 407
935 181
355 471
151 820
353 68
386 665
569 660
746 430
84 570
904 518
703 86
231 527
564 808
839 540
721 710
567 120
601 746
977 643
542 982
593 809
371 964
683 145
921 680
181 854
628 559
800 739
716 61
257 393
71 798
280 519
821 800
397 394
534 767
82 596
325 996
381 388
873 935
913 609
219 328
337 696
484 482
122 969
397 615
356 688
282 435
463 779
42 153
33 396
631 856
448 205
489 778
184 120
867 912
436 331
926 680
954 575
779 650
50 883
331 783
168 868
783 5
716 515
718 74
233 469
494 210
956 479
892 132
600 524
91 637
185 344
812 914
722 167
714 435
372 651
76 467
699 149
271 541
902 506
808 302
631 14
258 718
472 455
970 365
381 448
266 875
786 182
79 746
671 781
39 295
833 371
393 433
363 51
984 570
953 734
921 100
550 819
428 847
154 789
342 545
823 459
693 13
503 696
483 991
813 617
613 68
462 602
427 478
899 9
876 383
206 87
847 667
277 44
23 932
228 143
896 665
168 308
683 707
306 605
330 304
739 850
938 491
388 942
166 886
726 851
60 897
418 673
907 467
23 663
171 154
238 837
45 824
488 768
397 623
148 570
73 460
586 541
418 585
33 96
984 125
645 139
432 818
614 389
307 12
831 697
938 663
34 826
126 496
510 878
756 299
802 934
658 74
719 424
568 255
825 795
928 557
52 878
63 346
733 929
642 81
415 693
92 182
864 866
497 559
2 379
719 612
640 423
130 107
7 460
779 319
82 734
527 367
941 535
98 477
82 853
858 215
96 26
808 965
68 122
9 491
600 627
652 211
939 824
5 44
134 929
348 217
378 462
811 626
565 309
211 177
158 313
406 228
72 442
788 805
683 609
802 641
575 369
237 321
566 933
166 896
577 141
194 202
954 851
584 519
527 515
941 823
11 296
340 173
872 476
354 293
668 583
880 562
917 943
563 546
431 764
881 356
18 747
94 331
868 14
35 918
565 814
6 937
134 392
227 992
593 831
792 700
434 258
605 627
642 210
48 415
329 669
958 589
786 435
849 567
124 684
205 598
486 78
214 784
661 831
783 974
54 729
925 440
481 359
538 317
637 68
988 92
494 285
769 673
214 750
95 628
148 885
594 971
134 593
809 43
539 256
40 359
533 814
164 642
221 319
388 651
466 630
807 527
940 582
362 780
39 687
290 44
228 674
162 986
913 212
727 847
669 307
414 406
864 509
944 192
887 243
957 859
19 318
721 287
796 684
452 443
111 767
611 376
461 668
58 850
506 559
791 473
976 647
357 353
956 358
239 511
35 248
216 695
406 148
347 276
312 374
602 112
477 736
672 398
51 622
211 206
13 116
116 145
668 933
587 337
25 906
348 748
64 68
863 738
823 505
733 624
630 276
954 346
54 396
807 330
720 444
531 826
361 128
315 993
891 774
395 825
688 355
195 951
428 349
814 573
573 322
586 647
909 109
10 291
872 125
47 210
949 793
254 521
739 89
2 623
869 629
520 155
70 529
828 760
686 37
987 857
809 37
518 437
480 809
776 159
869 130
834 120
238 331
331 337
382 148
238 988
392 747
400 781
270 429
920 428
189 260
747 638
478 376
44 336
29 297
383 325
85 755
303 802
460 829
593 481
627 420
876 921
53 985
382 31
239 365
631 704
254 166
235 690
236 661
717 374
445 319
567 578
331 511
634 27
209 369
869 867
373 611
594 758
762 453
933 815
854 209
556 857
952 895
320 819
269 726
449 236
711 503
923 943
868 151
423 398
305 10
331 790
627 34
188 603
139 101
280 457
2 651
392 451
674 700
192 729
848 932
345 119
702 165
368 338
908 8
981 171
255 532
952 841
698 992
721 768
813 635
804 161
910 995
427 257
333 909
808 850
163 290
51 247
17 774
475 102
997 350
900 142
187 847
240 989
581 840
486 35
960 394
237 461
470 305
521 83
106 713
889 262
788 723
540 661
400 591
874 744
621 530
708 50
693 665
458 516
657 91
799 158
771 868
85 764
708 478
12 229
576 4
627 538
307 465
125 364
997 382
561 726
985 154
77 68
374 882
221 630
522 301
751 20
466 428
301 422
58 151
686 120
183 109
10 869
566 877
696 171
798 758
158 550
261 210
735 442
464 84
414 732
355 971
276 688
521 213
277 657
718 158
279 474
136 508
426 837
538 126
643 172
783 545
269 549
587 222
325 757
134 93
450 183
666 848
684 378
9 81
149 6
434 509
550 555
871 967
667 810
634 823
218 544
514 129
532 978
534 855
608 794
985 472
850 248
56 643
783 621
49 68
465 914
618 338
287 443
983 99
122 352
178 854
539 955
772 93
529 889
399 179
220 328
127 692
167 210
726 240
588 816
292 21
744 662
374 402
478 649
573 273
301 375
534 844
725 765
352 853
475 808
661 840
172 557
834 645
808 253
744 751
640 660
123 943
680 976
434 670
813 770
117 859
524 39
26 842
101 992
150 462
152 182
301 404
439 65
526 880
87 863
438 328
496 732
343 18
407 834
354 244
741 656
482 802
860 413
784 137
84 642
584 12
650 87
593 386
992 245
752 977
778 943
403 493
802 141
521 177
941 230
890 311
491 220
290 920
667 367
902 884
472 385
316 65
346 266
433 634
323 873
832 139
67 594
454 206
448 666
316 522
376 189
637 301
944 679
669 657
803 809
294 742
814 642
228 787
621 316
577 395
168 555
595 501
678 698
182 507
439 626
464 970
566 901
889 636
229 870
620 238
821 133
257 737
322 436
19 237
271 886
372 956
684 324
142 597
627 221
819 353
553 5
336 918
802 940
373 954
428 661
83 774
419 715
385 456
520 244
625 312
241 625
288 423
143 89
277 272
846 40
794 783
773 300
299 721
413 152
206 361
242 326
483 603
567 574
946 39
256 100
499 749
273 857
724 779
211 892
93 308
185 687
827 119
575 601
69 765
942 61
836 129
449 708
959 985
763 402
213 943
393 458
567 655
116 275
698 885
947 735
960 152
255 157
939 611
947 397
760 778
309 21
803 589
375 609
574 387
100 867
18 54
510 99
985 728
120 527
613 998
728 522
131 816
368 775
617 152
606 678
728 176
115 609
746 494
254 678
559 173
798 997
944 898
6 70
563 181
516 10
45 683
347 199
207 213
866 520
571 475
535 71
890 40
743 935
155 933
941 168
43 264
149 486
920 396
172 358
861 937
569 360
890 316
435 518
344 195
482 818
254 477
63 84
859 531
312 445
656 310
484 935
453 800
533 361
150 389
680 839
948 891
722 770
95 385
558 577
924 174
175 100
579 623
597 116
613 187
7 373
431 865
982 257
309 43
489 695
270 632
388 812
431 990
704 633
899 778
131 952
399 240
617 240
103 704
924 443
590 663
936 996
95 732
525 839
987 492
765 610
198 835
224 616
401 565
911 25
539 265
945 654
330 896
665 130
416 839
289 869
962 805
885 326
838 577
976 834
620 194
971 83
940 330
372 210
584 501
866 314
585 617
539 532
824 392
274 439
503 697
328 361
209 254
247 714
942 46
630 739
702 902
804 381
207 522
998 740
255 486
345 21
974 288
923 916
161 589
814 136
115 189
369 143
149 224
340 622
116 939
406 991
469 127
611 212
140 643
201 172
470 305
369 462
656 120
343 710
998 425
675 726
308 539
549 954
878 629
534 998
204 415
550 147
18 283
591 343
332 219
682 242
455 580
706 522
152 805
232 994
160 730
845 651
93 501
652 661
190 766
633 266
18 485
576 901
931 227
67 458
442 665
932 806
163 334
292 518
328 522
254 680
322 706
819 394
763 269
280 830
554 632
480 379
148 916
649 33
676 557
531 952
515 737
800 73
216 945
570 295
369 261
550 908
57 672
362 61
185 963
295 36
949 506
764 569
849 953
783 166
155 653
730 565
678 68
652 970
445 300
528 83
5 671
963 807
753 544
951 178
462 795
453 980
940 777
437 559
777 107
141 246
240 172
155 477
812 804
539 227
125 952
893 720
328 890
937 55
764 61
631 282
856 511
568 330
439 278
111 104
478 300
607 590
160 915
469 178
885 225
427 453
851 452
454 376
738 27
290 449
803 902
488 662
213 376
752 635
598 191
400 523
251 407
334 814
792 439
502 261
147 340
722 890
800 986
541 948
706 263
712 418
799 659
50 353
142 495
278 193
509 645
132 217
44 8
386 907
217 370
318 207
142 27
556 594
637 56
216 136
488 341
388 145
965 654
151 317
54 111
116 380
955 527
583 517
153 60
786 676
975 426
524 454
400 726
774 268
733 654
729 61
993 717
161 801
545 825
262 744
30 819
715 171
747 209
973 802
858 770
710 570
665 394
821 637
817 560
448 53
135 891
491 281
601 919
299 164
285 480
745 842
170 468
91 768
512 317
758 427
217 904
678 171
519 506
795 436
340 51
632 568
880 766
42 256
699 246
479 95
961 311
969 359
255 783
848 685
145 25
776 68
788 381
241 423
231 922
214 837
387 192
599 870
164 560
360 855
977 589
530 528
75 495
484 946
659 189
407 849
399 583
100 529
837 541
38 839
879 729
193 31
249 750
263 235
27 128
92 950
647 812
492 558
685 512
754 214
460 87
34 82
827 145
940 556
77 709
337 94
745 730
974 918
228 393
687 489
807 628
356 639
575 12
952 693
154 319
383 866
928 814
289 642
408 686
880 321
875 475
693 124
75 632
201 969
962 460
425 969
773 42
23 753
765 484
194 866
338 862
566 628
922 97
684 591
992 586
702 95
819 791
883 34
47 426
963 1
562 922
767 20
12 272
41 7
560 50
532 678
861 780
67 767
427 655
740 674
409 730
918 435
8 190
423 898
56 371
401 328
995 172
427 617
808 595
632 257
271 290
861 577
135 401
685 948
187 422
110 59
789 351
606 744
195 272
237 134
783 220
22 486
979 531
730 742
658 498
966 39
918 690
309 556
201 51
278 706
183 333
242 653
835 91
5 947
582 862
882 31
523 870
782 219
62 352
501 877
644 904
574 156
14 425
67 897
275 157
38 361
946 222
284 305
996 336
159 520
154 348
690 813
255 534
520 144
13 467
731 225
377 279
826 575
976 103
433 607
254 49
952 457
882 925
732 318
256 609
957 569
235 574
344 183
392 250
74 117
688 877
529 552
897 194
431 145
471 959
863 332
360 168
628 281
618 290
617 346
708 171
813 859
729 368
675 625
670 683
404 42
629 281
739 587
248 806
131 932
909 487
42 389
574 954
130 224
358 559
605 8
508 498
752 978
654 36
643 958
975 8
642 524
72 184
805 266
24 405
887 673
332 575
741 294
946 957
133 794
890 453
862 487
920 413
722 38
309 137
500 611
117 833
83 838
424 820
49 250
119 673
26 746
199 649
208 943
26 979
995 289
254 370
232 223
449 627
900 905
973 76
661 485
852 178
872 644
362 72
240 118
715 966
912 886
879 429
657 620
323 62
920 280
521 678
767 178
981 935
573 760
300 552
493 444
727 150
728 984
870 195
801 209
686 27
70 965
71 733
198 135
887 925
190 113
836 578
797 886
82 743
347 416
616 342
809 941
88 321
717 261
155 260
416 9
945 98
320 73
394 645
922 768
621 783
663 946
523 880
711 808
876 449
291 216
241 172
477 987
124 712
523 806
482 326
886 665
667 320
47 778
668 47
294 987
832 322
618 808
539 284
340 200
947 305
411 719
996 197
750 705
656 52
29 721
918 980
113 693
212 298
892 552
271 293
81 574
818 550
314 973
889 487
37 876
563 871
3 224
18 172
536 235
890 672
853 18
768 628
38 1
74 150
627 834
716 7
974 7
783 88
817 277
525 899
823 105
925 282
82 277
471 431
186 65
68 612
577 832
159 237
205 965
192 577
565 264
528 708
726 759
494 84
731 729
212 603
733 828
651 31
895 453
792 662
547 11
491 467
28 588
791 932
426 572
45 13
845 491
246 370
762 909
869 975
648 358
627 462
204 308
941 636
925 18
303 535
257 765
280 744
342 990
982 177
191 350
256 647
831 109
988 234
908 300
501 727
185 268
182 984
34 557
825 378
89 37
155 45
838 602
325 311
701 610
945 120
335 594
484 564
11 922
826 221
848 938
585 968
768 311
894 224
438 406
739 146
945 427
192 764
394 737
69 619
575 113
273 673
659 508
756 472
592 268
126 23
110 483
898 385
373 328
785 758
132 703
510 462
75 782
375 725
41 837
145 528
991 147
550 401
607 308
898 74
949 100
180 39
535 593
398 40
260 344
944 114
386 603
909 706
737 716
57 925
147 6
188 470
904 154
221 59
554 463
504 427
39 717
519 452
295 551
760 891
581 263
887 846
448 874
105 851
35 702
396 545
258 555
286 264
809 80
308 479
987 272
636 977
287 968
666 229
411 541
596 317
109 327
320 493
721 605
66 683
949 360
810 840
495 936
502 548
195 373
622 266
202 559
120 773
259 699
491 575
908 607
564 263
760 696
581 487
943 526
309 916
489 974
537 220
941 607
95 883
927 645
519 877
811 18
183 629
301 942
115 379
883 42
397 248
410 437
9 462
663 196
856 60
855 292
165 333
806 381
452 758
857 472
602 477
73 958
90 81
840 798
424 853
818 640
392 899
38 96
197 259
504 75
576 80
612 572
927 309
995 406
984 137
140 999
762 610
915 945
516 478
890 965
874 815
249 318
599 786
992 156
567 48
92 231
573 15
806 326
588 513
539 45
69 973
375 34
394 596
242 832
61 562
285 342
574 621
336 241
260 876
416 229
521 999
599 791
332 616
707 283
404 871
589 758
139 495
137 780
95 361
483 264
638 739
592 645
463 747
17 549
391 515
77 182
802 186
322 891
539 71
153 771
978 857
30 692
673 890
770 118
430 837
267 903
355 218
411 18
979 559
612 15
889 139
367 357
4 271
443 341
960 316
81 531
670 447
566 186
283 927
107 904
214 752
374 595
234 412
323 784
841 613
726 711
542 383
480 296
735 980
790 706
824 986
565 578
438 242
654 809
738 988
716 30
837 760
488 619
987 565
270 592
781 330
627 309
720 843
110 998
626 301
571 475
675 951
777 426
684 150
758 214
624 647
429 898
956 59
162 807
123 664
536 908
456 93
413 98
68 855
421 160
133 880
309 889
739 153
874 587
596 612
186 825
178 125
972 933
395 630
101 202
272 716
401 452
773 143
114 572
792 217
644 307
168 386
132 947
791 901
629 847
190 761
42 677
24 232
427 603
514 866
166 322
572 448
825 415
150 339
551 787
914 827
883 128
470 330
552 258
754 131
892 669
830 816
452 577
77 110
571 416
847 250
798 678
210 528
284 522
254 566
843 98
837 301
881 972
182 260
38 780
213 792
338 303
883 199
421 758
425 749
975 826
308 966
531 471
965 144
993 726
63 585
273 796
259 319
933 3
976 515
105 176
433 642
825 91
272 417
473 408
280 727
314 282
47 228
479 421
911 3
575 14
318 628
504 253
886 384
386 75
655 453
170 89
576 382
14 195
1 34
193 511
459 688
124 599
926 350
621 916
80 936
627 652
523 400
770 428
446 952
756 93
828 341
655 960
78 864
710 370
324 845
416 571
161 937
508 388
368 717
265 412
606 213
956 671
519 693
349 629
498 435
48 331
169 730
782 638
813 318
643 572
567 909
772 978
723 546
612 558
857 602
2 805
556 728
89 450
494 825
113 880
527 135
977 99
435 122
216 990
943 375
851 529
266 923
273 575
970 204
669 512
656 459
607 35
976 489
400 422
192 341
869 46
503 835
458 280
525 20
44 532
45 259
219 629
495 241
884 612
103 573
883 629
808 180
122 213
776 463
770 458
23 740
554 163
224 726
156 584
704 881
611 632
397 29
481 355
954 804
498 680
630 721
806 935
549 160
807 796
585 635
661 172
183 33
605 365
450 170
599 118
955 958
672 488
315 539
493 772
70 279
163 57
318 588
48 641
727 877
352 473
373 995
308 224
388 701
408 94
691 408
777 175
470 919
242 736
415 432
334 221
663 800
738 54
680 175
880 137
147 343
574 384
264 382
829 158
93 665
345 10
921 628
970 834
355 109
358 33
470 809
982 372
383 217
603 620
65 769
977 432
327 666
493 520
19 815
411 202
553 715
824 888
685 907
300 917
666 676
283 950
508 868
268 590
861 302
611 329
450 530
105 967
524 617
24 501
859 296
321 412
857 145
338 428
687 946
710 258
314 950
281 334
810 705
607 424
865 87
708 579
873 924
957 2
507 360
44 404
814 320
274 423
325 107
276 393
511 548
406 388
539 46
897 487
56 464
166 339
282 493
291 468
149 413
952 444
110 976
637 917
66 65
250 645
121 769
262 118
134 599
739 397
533 755
304 687
298 600
493 471
812 115
454 816
133 862
682 99
78 494
622 8
153 75
386 309
266 607
807 614
382 915
751 623
995 433
451 768
663 821
371 420
415 264
3 122
932 931
692 563
198 219
409 323
267 641
37 845
813 48
849 776
60 373
826 467
872 626
690 465
581 80
957 715
998 716
821 612
612 136
50 268
998 581
647 84
868 894
85 955
12 609
521 655
351 533
205 337
104 469
8 99
596 485
716 283
843 192
670 944
343 475
987 182
253 492
679 669
352 520
569 221
419 540
685 546
141 723
530 119
504 885
310 800
488 996
177 763
899 171
870 972
617 521
366 180
622 164
71 268
163 567
344 258
571 661
28 310
21 82
583 782
13 455
816 780
992 739
983 563
498 735
281 397
41 408
113 174
453 865
574 825
161 203
63 942
174 234
69 816
595 661
577 385
219 62
797 996
262 961
435 709
680 544
137 785
280 500
27 212
986 280
376 62
543 906
880 508
425 684
479 990
209 879
492 115
399 553
188 600
58 777
881 157
590 700
227 266
713 593
642 500
191 587
117 502
772 413
625 605
239 698
688 389
374 722
25 37
182 134
297 598
454 348
110 869
750 605
120 190
948 813
414 776
531 88
533 563
243 634
403 169
711 492
842 434
716 22
655 276
597 263
803 832
5 503
905 845
471 762
292 956
178 901
374 580
208 256
566 909
899 344
739 907
715 137
41 386
642 981
920 482
775 394
690 205
936 104
625 566
438 524
617 886
363 61
200 956
462 256
578 99
889 515
279 429
101 104
260 900
605 446
2 538
407 260
530 311
142 65
605 580
992 966
581 882
778 789
220 166
475 729
178 970
667 161
407 474
999 887
298 40
591 39
456 320
104 563
568 351
697 505
806 178
964 244
166 326
106 620
277 749
436 175
925 418
338 708
63 697
810 355
56 183
691 158
769 524
406 285
402 384
823 17
83 847
736 765
334 110
202 811
524 697
128 657
78 434
453 872
91 275
976 243
478 952
342 235
341 823
400 358
319 137
655 203
412 389
139 545
736 473
374 845
510 559
697 29
10 283
993 123
782 563
697 55
884 112
19 350
49 509
556 487
552 125
142 133
273 435
75 692
259 400
5 362
279 199
660 288
227 806
263 673
205 804
13 679
2 505
93 142
862 885
557 859
702 856
316 499
555 211
623 394
430 875
989 730
851 493
804 411
92 454
120 790
176 704
261 760
818 387
426 600
315 286
783 917
819 8
359 229
74 219
423 589
395 599
194 228
463 1
608 131
473 322
493 507
359 218
442 950
987 51
310 972
539 768
247 841
186 319
463 412
862 449
556 872
406 677
219 265
655 749
103 791
217 388
700 316
866 212
459 991
191 10
107 744
720 438
583 729
529 929
82 969
335 767
942 787
369 940
636 237
969 262
477 845
458 487
229 440
616 207
237 560
301 826
439 682
783 669
988 549
149 443
732 142
937 513
596 486
331 450
507 146
703 210
865 510
508 151
180 147
34 297
130 432
182 235
30 7
966 322
413 384
823 163
429 532
350 201
735 830
889 719
960 531
978 690
103 970
624 780
61 965
176 8
493 618
403 880
165 929
232 621
580 590
660 469
778 292
965 238
116 11
318 262
98 430
696 56
987 308
984 108
336 500
56 414
568 343
129 217
521 135
560 108
448 646
784 291
17 897
811 254
96 292
429 570
382 994
76 274
241 350
346 750
676 332
322 625
877 544
354 726
317 973
90 236
384 543
228 298
367 480
980 42
24 199
563 310
637 682
686 300
252 736
707 33
814 575
46 115
954 670
618 508
76 561
596 456
608 954
204 143
808 26
754 909
426 355
1 858
255 335
553 574
160 323
977 351
331 34
91 456
90 240
152 647
667 794
906 604
61 208
674 817
436 142
113 473
634 581
930 175
800 367
663 661
474 34
498 974
335 833
127 218
259 655
344 854
367 614
483 948
309 221
177 61
205 733
90 491
644 104
115 256
600 634
231 809
173 355
214 82
419 198
386 183
373 231
90 152
303 355
71 827
501 819
200 926
16 207
141 558
465 301
196 417
245 108
383 933
996 939
867 969
60 300
194 524
527 624
696 139
752 955
938 594
349 894
940 388
655 931
838 496
567 851
939 655
629 346
663 802
812 453
380 884
712 600
718 390
697 75
340 806
376 466
668 939
190 357
995 261
490 656
778 549
532 533
464 934
562 548
710 722
272 163
555 362
742 177
677 394
44 502
827 429
878 209
417 460
90 269
611 920
510 170
491 199
21 505
767 531
660 851
769 842
646 513
993 440
747 743
220 444
902 774
316 182
894 82
828 749
222 856
169 738
155 839
742 590
741 470
879 688
365 64
902 391
62 713
670 201
866 894
168 880
989 243
432 699
917 699
117 837
699 4
152 759
350 261
420 24
378 907
899 387
320 456
305 35
927 72
452 836
593 758
581 272
337 476
930 302
799 97
484 303
766 755
750 127
888 828
167 269
120 557
901 578
174 553
364 422
834 529
653 733
928 138
634 629
399 227
800 449
403 270
248 496
538 516
591 999
127 852
895 441
412 547
631 331
104 157
226 210
329 817
564 364
498 535
195 731
364 196
142 508
551 845
667 310
669 832
114 90
792 619
863 536
143 941
922 830
448 491
639 355
714 466
633 204
99 99
428 541
313 965
67 370
963 639
711 461
67 697
48 916
758 793
212 523
395 419
126 880
193 479
685 46
932 320
487 737
542 658
818 667
106 710
553 513
222 864
767 646
403 493
815 148
236 799
10 907
856 826
139 950
589 288
815 770
456 352
555 643
29 357
559 599
680 960
294 999
296 32
478 247
894 982
617 778
705 763
70 551
730 166
169 363
502 339
48 344
702 651
525 349
953 535
839 58
558 476
722 556
909 135
573 679
882 178
725 285
275 365
48 192
804 249
479 164
189 168
558 197
417 797
445 680
3 97
731 979
522 326
512 146
704 968
573 913
226 680
654 242
296 204
486 302
129 436
602 972
864 838
967 782
131 659
575 901
149 6
153 894
501 490
890 90
19 739
157 253
115 545
203 46
212 227
984 748
257 62
613 560
675 705
734 155
452 708
190 505
885 363
151 111
716 556
905 42
596 888
514 300
324 507
759 676
627 372
862 668
619 767
415 325
235 674
705 83
458 213
295 934
2 737
451 386
915 534
343 542
504 93
838 803
145 389
196 754
277 794
825 223
578 749
627 833
375 631
908 821
633 869
513 398
959 581
573 765
949 358
435 549
834 166
480 633
176 884
895 563
952 844
14 763
985 920
809 34
581 750
893 99
250 33
418 734
876 700
1 714
789 904
301 269
716 393
874 637
198 753
993 179
280 752
738 668
565 384
657 789
20 306
692 731
18 694
485 608
312 951
143 239
725 112
120 395
785 217
697 122
624 432
511 620
574 744
855 691
495 363
503 813
930 533
278 280
629 231
263 691
22 802
545 552
984 645
23 838
470 304
120 4
175 320
916 925
752 171
639 193
817 597
173 103
916 548
20 21
912 934
590 502
196 713
895 792
234 543
647 805
677 761
490 587
844 581
837 604
803 449
589 630
80 79
478 326
637 699
578 362
457 151
799 332
471 44
322 861
453 968
313 10
655 427
679 128
390 533
568 317
999 64
596 578
100 272
656 720
696 219
963 418
655 802
467 619
184 960
611 333
627 126
841 223
104 561
526 993
18 679
721 791
799 68
466 360
769 682
843 991
411 610
909 789
854 687
478 828
362 528
130 13
540 944
717 326
954 52
251 832
905 754
761 46
54 204
294 336
210 855
453 291
369 317
84 253
613 876
128 772
163 196
839 866
770 843
419 356
21 689
27 707
743 185
80 930
715 181
962 159
834 130
722 745
618 442
383 210
899 828
544 913
696 76
733 28
232 631
866 562
804 454
327 378
115 969
956 413
641 518
655 330
551 344
908 624
924 647
32 968
867 875
536 652
411 710
581 535
302 329
963 307
812 285
277 723
450 272
222 853
286 111
722 665
269 121
176 544
827 755
230 977
897 794
63 407
657 241
150 276
910 502
697 309
440 223
941 530
86 926
959 706
777 493
861 58
914 194
750 798
51 257
93 687
62 96
915 937
992 967
585 296
72 575
629 276
556 579
804 63
835 468
147 298
369 953
352 681
613 8
495 29
5 284
399 105
328 760
951 325
20 564
151 474
171 582
356 316
737 8
11 264
336 612
488 774
301 485
354 734
969 454
25 384
705 463
765 498
299 588
508 544
129 557
990 191
819 715
190 989
176 429
943 737
274 470
846 464
767 555
193 922
685 203
627 211
847 731
34 437
704 40
884 188
162 675
175 497
282 833
600 793
586 482
91 418
377 210
133 598
688 330
101 830
546 905
552 445
900 591
725 64
588 924
207 733
500 557
35 988
512 362
194 937
739 329
541 952
433 563
720 596
470 834
182 581
638 49
985 79
939 45
532 355
878 102
695 9
859 316
953 182
806 911
667 294
202 311
349 929
729 30
479 182
961 957
977 199
64 60
17 941
214 290
147 998
637 83
590 68
98 910
136 490
721 340
524 75
165 429
191 190
675 888
520 583
914 281
519 332
987 966
274 446
360 522
98 370
216 157
114 515
424 935
208 574
863 569
754 971
304 873
795 641
850 866
445 577
487 133
345 821
781 252
674 571
865 821
521 468
490 250
390 503
69 916
710 26
631 621
399 304
291 144
559 476
785 987
88 513
815 567
683 187
21 578
639 394
131 451
391 224
816 66
623 838
3 515
47 534
305 687
837 174
201 631
52 694
9 876
637 932
325 656
964 963
717 96
194 609
602 744
719 796
826 848
842 923
153 338
951 984
982 683
878 538
44 693
493 18
756 979
847 667
330 865
216 582
998 699
898 35
597 440
680 530
844 643
210 950
529 610
287 731
430 511
663 718
463 159
938 661
903 812
73 813
543 384
974 174
617 281
989 84
895 627
522 767
191 798
515 819
836 241
611 422
102 260
62 528
193 374
847 533
623 520
956 626
712 676
232 536
623 224
411 901
528 468
403 305
558 208
983 296
655 442
942 574
629 680
940 723
882 338
365 373
382 348
265 200
914 117
318 753
574 798
598 425
63 426
647 399
779 760
978 454
908 823
573 671
303 777
999 987
325 262
254 175
479 476
569 716
580 707
509 126
4 480
781 275
553 70
532 280
375 562
679 151
760 802
861 926
334 332
190 465
239 791
774 440
410 555
793 625
733 616
900 477
84 225
204 375
230 246
352 202
44 898
673 408
345 417
584 200
135 390
870 460
596 276
916 682
727 515
553 459
650 961
580 545
919 272
368 303
322 991
69 464
856 112
769 48
896 521
203 872
277 88
614 227
109 557
977 950
942 950
410 692
698 366
307 617
190 684
849 538
163 823
518 128
601 518
233 894
508 149
256 747
518 683
806 439
108 792
817 131
102 718
551 109
198 153
273 651
412 873
888 617
229 853
437 134
752 384
192 558
629 844
683 942
577 536
548 697
773 441
856 230
913 451
328 700
686 139
220 280
194 616
660 759
517 717
647 572
563 887
241 199
201 22
382 135
42 415
165 200
829 421
84 832
776 286
119 931
995 431
115 590
442 487
894 308
181 667
689 286
782 185
127 259
894 952
552 629
622 203
361 296
760 897
569 363
274 343
676 472
466 929
758 279
59 634
509 362
454 543
206 809
264 93
196 796
225 69
507 172
56 589
772 904
214 933
297 614
775 484
902 698
134 420
424 969
995 897
352 222
597 814
832 409
400 323
901 641
41 960
980 573
437 368
571 73
281 408
675 169
624 381
337 844
498 576
476 20
681 234
948 117
605 611
567 839
271 863
551 608
421 120
750 511
201 469
820 38
312 928
592 866
131 798
308 359
654 402
605 251
936 940
851 974
341 761
54 588
173 855
330 665
369 895
777 442
466 109
429 631
613 718
127 108
26 378
580 741
385 845
186 82
822 147
375 266
4 499
104 712
122 950
776 4
542 390
308 752
25 879
40 839
991 474
543 314
51 362
288 429
995 599
103 892
423 112
488 142
334 219
105 861
362 48
322 558
622 165
737 825
383 441
153 667
747 844
63 977
543 548
595 464
63 145
881 160
138 133
561 758
192 349
44 785
730 361
813 164
485 133
275 617
376 492
488 679
128 974
201 605
139 269
372 343
363 807
763 494
490 835
64 558
93 742
788 222
187 966
137 610
943 507
779 485
809 575
584 24
415 133
219 744
935 45
256 155
130 655
36 513
336 353
294 913
727 228
692 638
330 861
869 622
705 525
991 790
96 590
974 752
749 721
676 741
816 846
658 242
256 401
314 968
94 666
260 655
647 688
2 900
304 280
616 385
451 898
609 542
408 265
147 649
285 918
291 857
486 457
529 169
977 524
503 944
88 643
332 74
645 786
586 651
383 845
845 865
731 651
384 655
736 794
451 49
758 745
681 255
184 306
53 510
856 29
950 392
292 835
882 260
276 829
858 141
671 600
218 910
625 899
597 355
296 80
907 300
826 703
424 128
639 397
256 31
773 774
36 511
198 314
377 660
282 811
761 73
398 263
807 621
317 734
90 813
10 477
877 247
653 787
390 760
142 604
573 667
36 957
646 136
421 820
798 607
933 48
158 189
60 951
391 641
959 771
778 163
123 9
768 798
139 362
223 874
328 87
965 977
861 365
343 666
364 584
518 959
831 974
872 743
565 656
334 832
332 587
253 177
109 600
670 756
97 109
141 78
794 145
751 646
379 116
297 415
724 671
651 227
146 120
474 713
243 675
379 444
315 245
179 594
521 880
764 811
989 808
271 535
545 861
311 91
450 120
772 383
370 440
239 753
512 169
239 536
456 451
337 616
71 888
56 309
487 71
479 449
146 480
467 21
740 724
49 425
112 786
280 640
930 369
839 221
212 542
569 972
966 91
591 175
489 324
856 673
629 795
663 984
182 948
78 405
485 85
440 660
811 778
9 678
840 457
882 731
71 505
702 69
724 522
253 65
129 395
560 343
948 245
931 506
108 715
154 751
32 713
740 565
542 633
793 770
200 979
870 132
781 867
918 677
804 863
314 903
518 260
93 655
750 147
718 529
782 41
783 189
219 79
628 193
483 509
283 239
752 529
251 982
892 497
730 16
79 189
191 881
595 762
973 895
498 47
1 899
357 701
225 809
138 354
976 287
199 320
441 515
