7000 97209
799 166
273 579
671 978
492 660
339 118
200 997
430 361
867 164
571 794
316 659
677 759
655 94
804 985
12 17
510 33
854 354
876 815
359 827
728 496
995 11
580 20
814 486
460 172
458 129
594 616
109 133
551 556
82 463
226 307
228 133
557 215
535 529
409 753
74 709
94 594
435 571
930 698
242 281
903 153
22 880
316 291
365 773
845 465
913 569
256 814
479 230
384 96
158 695
632 996
51 718
78 524
721 523
318 983
370 169
500 864
661 329
138 51
952 417
423 465
352 333
406 944
54 554
585 644
464 591
789 987
760 629
334 595
522 171
573 256
692 363
244 897
779 82
525 574
549 15
365 456
896 493
186 180
215 720
59 325
560 688
713 547
492 668
64 473
271 837
46 238
428 567
410 627
142 826
984 598
106 212
904 100
955 32
415 115
730 781
968 520
290 154
873 387
892 543
910 532
212 247
912 183
552 717
752 185
829 876
199 114
763 940
296 955
239 433
771 497
246 643
418 430
261 914
165 170
605 299
520 285
254 214
211 264
869 889
769 933
906 81
134 262
85 48
590 890
470 229
774 191
463 778
483 552
22 759
497 601
106 606
893 175
781 464
140 958
938 605
320 848
721 723
907 60
285 125
642 339
463 151
150 349
35 128
295 939
864 909
721 700
37 569
459 951
88 900
577 359
748 307
571 813
97 809
300 885
287 333
378 203
409 147
425 48
693 962
362 888
233 984
661 847
590 891
234 49
127 797
256 408
229 424
679 871
274 989
132 752
569 881
565 886
808 98
845 599
305 640
684 246
100 462
668 158
680 29
50 332
54 303
401 288
238 881
1 966
228 644
520 870
592 414
865 950
828 276
866 879
351 442
172 254
894 706
620 825
969 815
181 452
931 264
122 252
940 431
810 546
692 657
262 676
434 490
244 468
406 481
333 557
613 261
32 345
419 237
961 761
693 952
601 989
134 462
191 69
209 271
62 830
969 585
898 238
801 87
84 535
717 296
805 448
907 314
645 811
790 555
100 625
924 61
471 628
327 965
380 353
338 460
478 952
457 974
281 60
144 302
408 138
996 791
567 647
768 492
854 684
981 666
114 976
242 628
103 302
80 466
72 146
854 808
75 408
913 397
542 248
506 613
964 429
83 343
214 996
569 855
951 113
187 252
400 940
170 209
654 187
237 954
30 863
82 912
240 733
40 265
138 438
436 138
500 247
208 698
382 30
140 929
245 671
227 1
691 803
727 71
134 764
540 773
459 132
949 36
329 866
67 458
655 396
861 610
136 244
511 38
53 835
556 739
471 912
385 110
895 104
168 141
347 753
134 188
181 767
440 288
304 44
89 211
219 712
622 602
894 974
761 346
52 739
595 967
825 725
115 695
223 972
11 959
262 780
8 71
3 174
333 475
476 460
605 576
50 183
79 973
232 906
390 984
804 914
689 505
747 12
256 762
351 52
944 609
82 277
673 934
621 48
959 667
795 377
323 60
246 455
100 862
284 522
909 148
798 743
358 789
610 932
170 168
27 115
15 233
900 179
403 922
465 847
685 36
797 566
793 149
122 468
857 750
736 473
29 180
11 922
698 747
950 830
463 194
955 244
266 915
557 222
131 686
673 138
915 892
995 374
212 62
702 590
663 568
356 909
109 781
198 920
978 487
911 824
444 917
967 693
600 710
889 151
269 686
793 518
229 384
226 783
307 265
817 681
839 363
327 119
546 15
876 759
804 298
402 232
890 443
180 714
2 257
252 771
740 229
183 936
550 849
265 669
455 58
373 354
814 51
69 809
774 250
574 763
598 623
116 922
497 735
96 932
902 908
311 673
228 138
29 89
633 427
921 332
936 178
597 783
274 734
547 258
277 74
773 456
982 428
703 27
109 353
838 190
457 953
510 516
56 364
682 533
357 29
530 277
559 237
874 287
365 753
247 722
160 673
104 118
500 720
987 910
623 655
88 523
468 917
667 111
902 21
604 112
649 270
626 780
434 243
700 736
828 25
2 343
386 574
214 111
298 556
891 892
240 272
717 999
41 11
809 666
586 665
521 864
456 846
535 646
541 336
845 642
934 132
754 546
936 871
196 731
869 86
181 21
603 726
418 768
949 701
872 677
72 718
747 588
726 27
992 780
398 767
103 925
563 349
353 858
229 214
118 526
94 217
876 282
16 268
305 580
959 927
819 730
510 381
520 559
945 188
901 913
459 109
978 649
514 212
577 103
723 5
853 521
742 617
218 869
242 752
275 568
913 323
62 202
879 551
476 375
347 525
322 891
863 919
890 265
519 831
256 46
101 891
217 727
957 973
704 134
213 41
798 769
162 201
103 852
709 171
585 381
514 586
62 423
516 658
453 103
741 119
317 116
680 759
824 630
431 608
283 152
446 949
558 603
736 761
470 420
144 938
229 987
131 630
72 521
196 570
942 875
931 757
829 467
84 230
561 793
116 923
91 189
883 540
648 223
708 716
422 815
159 971
568 438
944 91
480 335
909 176
665 741
992 39
278 861
176 862
940 449
678 630
231 692
23 807
424 408
537 781
588 322
328 776
597 376
664 163
664 28
403 649
417 398
720 547
845 381
557 643
466 572
880 220
773 313
495 14
73 830
633 127
156 599
857 195
80 233
496 950
423 183
496 297
404 257
624 95
126 772
471 923
213 569
909 261
207 428
183 900
471 372
604 823
820 542
804 308
589 994
433 124
974 993
549 391
162 596
809 973
915 453
552 450
128 482
982 210
898 586
853 582
151 615
830 634
385 77
561 174
540 573
731 197
62 99
708 404
539 531
297 878
746 555
499 845
788 494
108 452
763 969
758 370
932 448
974 307
84 802
942 690
386 26
553 428
35 261
366 162
953 914
187 512
137 385
415 183
794 89
310 275
975 64
341 808
447 217
709 280
797 217
162 30
650 855
654 239
242 929
925 278
966 15
289 513
999 781
603 861
533 59
768 349
321 952
134 495
596 279
249 892
389 993
326 106
874 947
446 341
500 757
768 908
552 276
209 132
444 100
231 433
638 936
450 281
634 851
468 51
292 207
262 91
459 577
633 927
551 352
470 554
713 413
989 853
605 344
989 562
935 585
502 534
774 380
642 138
117 291
455 598
401 291
443 669
546 328
446 406
535 218
324 338
480 842
393 262
268 723
722 963
666 27
365 676
844 743
895 483
829 905
57 877
736 895
420 876
288 542
596 880
292 273
17 213
8 516
788 569
127 402
334 372
654 288
666 173
772 50
210 804
25 432
696 767
814 466
991 226
112 79
507 941
775 605
970 903
198 648
503 946
247 442
119 89
881 969
619 955
226 627
49 645
258 736
414 573
543 784
822 216
925 30
266 908
349 952
703 491
140 942
199 472
239 747
661 719
747 836
666 619
52 443
499 106
156 613
212 583
1 755
992 354
640 38
894 21
966 532
24 566
329 979
238 55
638 227
474 372
630 85
879 103
764 615
530 57
873 733
139 170
953 638
26 802
733 370
685 151
511 4
611 935
510 663
481 667
688 458
958 556
666 254
325 218
849 814
232 898
80 513
361 63
558 48
977 172
106 48
828 25
869 242
436 438
224 968
692 50
485 613
516 763
133 290
2 547
118 969
786 457
976 930
817 558
887 82
494 676
978 354
856 457
835 225
558 615
413 121
965 386
435 327
481 768
723 519
603 510
472 650
187 449
594 481
364 592
775 895
925 895
767 13
141 378
743 376
90 606
51 6
745 535
105 935
389 17
461 223
397 203
314 430
546 460
833 617
155 483
891 380
807 923
503 347
603 809
9 856
387 171
835 389
621 373
613 14
663 290
471 420
176 804
418 432
845 587
142 335
320 640
136 42
851 57
830 996
791 449
162 91
107 889
278 357
105 493
111 460
415 787
105 166
678 428
409 760
607 941
743 224
288 852
392 283
260 832
921 847
239 845
356 520
533 25
68 100
200 586
599 207
252 693
154 131
596 429
598 85
791 84
339 13
435 506
131 238
551 421
188 400
296 100
169 209
518 418
65 725
267 582
580 107
833 560
150 738
612 635
449 565
34 159
973 14
421 689
237 705
271 535
4 993
467 624
760 387
401 862
939 777
660 341
455 98
255 832
314 221
688 480
497 865
737 880
438 543
929 802
221 814
545 141
932 350
942 864
405 97
586 539
626 543
257 210
521 327
78 413
701 27
402 989
806 108
236 124
865 608
321 470
213 127
803 723
334 380
246 610
827 376
719 193
428 440
710 430
971 950
53 34
477 711
451 270
795 980
335 851
826 492
485 290
233 537
156 815
592 920
654 251
78 344
938 248
520 218
179 814
159 934
201 791
118 975
738 159
69 312
809 128
665 737
873 492
446 432
907 588
320 637
362 197
844 758
441 690
590 841
82 603
769 38
339 938
370 529
782 489
980 912
221 511
614 160
265 74
686 350
676 968
686 26
123 76
340 152
845 925
120 154
436 728
150 710
398 237
646 608
482 991
50 564
298 528
311 151
568 171
573 240
960 706
391 711
874 475
288 306
615 273
792 517
314 224
880 707
148 268
75 782
672 681
524 456
312 94
216 162
851 269
170 686
963 41
603 587
957 867
366 276
652 644
214 25
812 870
336 857
462 584
145 959
556 937
946 23
908 698
754 593
154 443
676 361
875 369
979 293
787 321
277 782
232 737
767 88
552 875
58 552
765 117
741 127
490 512
609 775
117 509
36 792
288 985
73 131
415 950
95 93
949 111
979 166
229 406
515 407
666 316
237 693
151 800
58 486
148 487
349 923
456 243
374 751
780 779
452 638
521 539
479 316
559 1
70 162
203 546
900 133
930 139
219 341
507 228
295 851
579 567
109 735
511 663
530 627
54 83
751 647
246 283
660 992
711 395
355 938
91 759
967 300
355 244
746 470
587 862
392 849
273 228
851 40
875 426
25 257
946 397
288 322
816 986
448 261
970 395
552 927
969 16
311 80
726 991
442 685
366 535
791 556
667 781
421 804
331 185
74 714
886 55
165 625
142 385
202 665
105 566
28 447
403 887
898 890
619 142
403 451
716 833
315 91
945 671
68 857
602 74
807 896
123 839
6 577
343 208
702 91
430 924
357 718
897 967
434 331
468 325
71 714
536 57
334 221
456 767
797 627
641 918
759 921
998 497
820 221
697 157
183 678
86 415
948 331
246 224
862 901
282 189
643 618
621 927
906 589
132 798
656 666
201 105
904 707
899 790
687 658
529 862
873 396
673 837
277 514
626 818
996 995
605 758
352 339
778 548
47 531
417 844
89 456
538 903
890 962
262 27
11 24
247 14
288 715
369 187
460 507
278 143
291 220
644 887
793 616
564 210
947 426
413 536
871 428
98 428
954 136
624 933
321 426
606 681
707 949
920 650
254 202
365 199
826 546
939 391
708 668
826 391
335 283
830 551
6 545
208 478
461 444
672 924
225 800
201 495
378 910
290 714
206 452
917 540
352 876
113 146
859 3
402 367
397 724
193 140
312 541
704 576
610 28
27 132
402 607
929 786
855 250
971 595
513 14
207 845
909 848
669 157
569 687
81 62
730 135
350 982
725 742
337 711
358 614
688 880
36 95
986 914
89 487
739 178
125 660
558 626
609 795
702 113
798 652
310 116
895 718
578 603
675 139
211 458
701 957
245 142
586 274
458 728
761 435
197 696
552 895
171 142
366 506
656 287
857 434
218 22
216 423
324 608
802 564
956 360
114 923
632 937
655 745
250 956
585 586
940 521
478 392
218 201
787 499
725 966
830 861
806 306
775 528
523 46
219 255
738 485
494 35
670 533
300 701
102 314
230 814
868 576
108 336
136 554
25 208
622 63
172 721
742 33
447 260
30 320
984 634
457 525
816 497
889 56
531 711
877 245
440 685
628 419
984 304
791 721
941 77
556 505
650 633
560 311
261 914
25 938
601 568
637 35
734 990
918 453
150 115
677 290
41 593
32 919
873 766
945 110
201 674
76 439
889 662
658 953
560 564
291 893
548 487
382 536
899 936
504 696
854 997
706 159
845 35
678 896
512 763
841 518
26 686
49 146
10 968
836 10
560 226
142 671
887 187
605 236
539 903
672 659
105 35
154 642
951 19
885 179
535 43
731 753
633 920
5 483
306 557
345 559
463 589
921 750
18 87
541 728
163 307
588 227
549 66
574 447
110 32
772 325
554 154
890 588
329 959
715 456
464 91
16 213
826 723
905 13
613 143
822 544
200 677
114 814
642 361
869 999
958 624
116 743
726 921
372 154
827 336
86 794
690 124
720 174
730 519
666 129
201 553
761 306
668 19
866 363
976 576
677 855
604 795
291 529
440 685
881 927
805 324
80 165
525 478
888 974
784 823
889 803
501 333
28 929
738 455
878 116
630 607
555 408
517 574
781 875
162 824
28 52
574 710
775 161
332 726
609 15
332 396
890 637
994 789
439 945
763 820
554 857
712 270
780 45
641 419
680 276
22 748
770 244
879 484
688 153
79 967
989 567
981 593
849 454
207 991
280 602
889 376
290 633
442 515
50 348
740 59
634 704
339 633
761 6
680 946
175 958
197 270
277 943
320 72
30 214
66 236
456 229
699 646
261 933
5 327
769 766
344 227
318 987
307 184
345 52
265 881
48 603
78 181
349 286
667 396
237 694
614 445
657 577
324 411
516 148
311 6
30 857
633 960
581 430
698 944
879 358
950 235
848 137
645 601
864 920
568 375
160 336
64 739
560 786
198 437
239 854
683 148
414 885
719 163
441 595
983 222
697 934
238 725
699 302
484 291
118 942
518 402
867 421
555 864
136 871
700 976
802 934
345 148
68 573
804 565
354 267
38 412
546 107
184 616
860 898
398 899
313 896
501 673
309 698
72 265
193 341
619 90
425 391
860 934
809 71
32 853
407 381
336 714
589 80
269 164
155 646
181 895
375 887
332 551
667 877
884 101
410 359
189 824
113 901
587 12
316 400
63 431
265 752
35 236
826 134
31 743
535 644
182 407
552 272
970 471
416 475
494 965
664 568
786 371
643 381
675 896
85 150
951 417
758 591
483 19
688 731
125 548
332 718
627 513
792 163
904 467
827 673
810 21
224 796
770 858
360 616
133 391
487 161
334 513
825 97
779 294
664 698
159 157
402 281
547 105
823 521
651 842
419 611
274 898
650 713
116 630
135 813
299 581
999 368
387 108
656 778
241 950
641 796
351 887
98 348
756 711
141 267
350 735
431 127
90 929
194 430
722 963
523 769
494 229
363 891
245 511
490 2
548 165
220 43
25 19
790 785
133 886
697 67
965 101
344 528
351 51
55 244
882 539
903 206
784 163
57 21
26 525
463 166
420 994
951 740
630 123
645 291
834 497
455 762
627 799
259 133
909 509
755 474
652 287
630 429
499 349
588 381
313 442
110 400
697 716
276 977
744 133
672 593
543 297
40 721
194 266
158 385
292 920
989 403
144 286
831 381
127 919
772 934
309 160
655 257
131 399
567 136
635 494
558 677
394 285
340 28
488 917
400 911
264 676
817 396
449 81
947 268
82 525
306 531
673 320
321 683
262 580
269 864
782 659
221 104
65 801
49 631
337 496
513 887
289 216
315 108
632 685
316 226
720 439
63 578
698 495
545 757
678 731
111 672
743 96
693 675
263 218
800 725
162 204
275 178
418 416
376 460
744 362
705 295
477 884
808 730
13 759
809 404
91 549
430 133
874 78
123 618
40 424
338 197
648 832
162 17
891 448
268 147
344 832
280 895
640 960
769 456
506 877
492 221
212 19
692 368
126 22
627 694
533 98
955 572
279 975
466 758
279 769
349 765
235 411
541 909
696 215
737 487
890 508
972 62
277 587
605 44
86 706
557 88
974 31
840 721
308 793
930 956
746 648
547 883
757 105
713 499
802 884
49 608
255 257
340 160
635 46
475 8
256 986
312 743
982 328
162 659
442 672
908 216
11 491
163 876
465 816
866 538
29 389
859 310
916 675
608 744
194 379
884 815
200 981
624 943
258 145
160 644
61 51
300 154
77 565
343 745
141 554
990 96
401 901
592 887
698 717
425 479
792 579
912 675
518 153
827 455
741 219
657 521
561 140
5 582
305 737
885 988
844 190
345 603
690 364
537 813
535 224
85 243
190 317
31 469
567 416
10 370
750 481
292 390
484 331
713 612
525 94
576 544
148 415
618 953
639 319
201 439
558 589
501 482
701 911
582 519
598 259
471 403
657 959
758 517
537 580
586 337
446 939
356 759
804 558
47 989
477 75
584 500
591 640
646 674
355 427
182 648
897 280
717 20
408 714
711 494
375 241
372 685
42 43
213 77
367 931
187 612
317 970
78 671
948 163
71 534
300 573
298 560
241 868
390 912
72 508
868 59
86 876
883 306
728 388
590 83
406 317
306 775
227 716
512 385
848 989
645 472
308 435
875 910
404 546
813 397
312 947
891 215
81 439
855 395
136 684
491 786
764 947
592 377
503 527
262 854
358 168
956 293
608 731
127 925
636 470
130 540
756 59
976 21
448 290
369 238
631 866
658 695
316 677
680 520
782 299
829 112
224 791
177 326
627 816
930 349
755 847
789 333
320 544
409 750
912 892
558 276
658 170
450 257
226 544
244 969
565 177
243 823
724 442
124 328
783 503
160 561
79 809
185 118
994 70
168 414
335 495
913 946
808 304
293 667
213 278
510 321
744 867
392 630
367 654
705 303
272 571
892 704
816 432
354 940
458 393
656 569
293 403
754 942
235 193
873 168
809 618
806 869
507 574
202 345
462 804
317 615
365 746
512 275
237 278
346 862
634 402
903 9
827 966
975 134
953 572
149 745
90 800
601 576
198 689
53 613
336 922
202 77
577 684
145 38
755 506
385 638
124 702
864 342
752 511
514 809
594 430
65 507
999 836
330 913
530 254
177 90
726 919
473 487
169 179
567 246
429 586
832 265
911 381
186 506
608 978
776 970
232 848
508 689
701 294
961 86
928 319
233 750
47 396
366 615
785 982
987 478
602 151
854 873
769 470
215 585
962 516
122 719
675 163
520 525
598 94
753 353
563 973
96 246
42 603
946 799
566 383
199 160
377 542
209 489
421 843
822 496
823 780
203 226
128 787
867 579
881 407
613 156
60 11
284 802
942 701
93 85
375 239
592 857
416 490
265 35
443 650
632 987
396 281
443 896
371 471
231 274
529 651
563 301
996 720
455 984
944 625
777 76
578 753
249 543
561 216
636 982
298 519
984 474
855 162
422 628
209 878
181 898
930 389
833 892
1 15
68 894
114 497
581 57
686 854
726 515
987 556
617 464
421 169
959 104
603 491
240 409
419 119
534 91
326 927
367 552
6 388
304 739
392 843
774 784
398 287
332 250
82 941
449 921
875 277
506 605
190 910
821 567
479 234
481 912
569 174
734 67
992 459
584 288
129 874
305 319
372 485
441 208
450 631
114 619
602 145
565 557
642 722
31 977
885 842
123 537
792 421
550 336
85 711
541 555
185 153
66 824
167 21
281 540
306 323
310 5
385 485
314 588
331 927
234 544
34 901
770 500
6 929
180 135
126 388
999 749
947 739
836 550
226 618
442 220
323 479
975 512
423 303
541 206
980 596
76 216
699 893
366 70
420 112
955 822
847 887
308 905
354 243
527 475
548 61
435 475
102 361
362 466
70 744
477 712
908 369
523 50
51 86
404 567
118 841
970 579
399 350
274 691
226 781
84 409
179 218
113 352
990 952
748 920
838 427
451 368
560 712
768 886
805 333
883 236
389 423
812 857
337 267
923 95
739 99
303 305
995 496
196 745
391 812
948 385
575 611
469 638
612 202
863 253
227 498
232 537
578 419
787 536
62 651
99 83
561 891
613 47
180 620
41 32
397 153
126 918
401 711
145 286
789 554
845 234
878 899
156 799
51 655
784 859
235 122
308 210
983 220
161 33
348 844
891 63
435 423
521 901
338 182
889 487
864 516
669 876
638 636
161 119
27 930
55 95
751 128
716 564
70 269
856 78
921 413
296 790
566 345
408 885
139 933
133 64
879 927
167 535
373 749
718 280
861 960
729 438
963 121
564 38
151 280
657 763
569 24
183 2
337 658
6 68
71 234
852 945
162 460
472 154
382 686
827 851
69 644
627 128
168 45
939 96
580 633
975 342
162 902
977 982
83 160
325 236
169 457
10 214
268 342
402 155
768 103
501 510
812 284
195 8
285 507
193 484
945 768
514 882
765 837
805 323
926 913
237 677
516 197
253 108
522 350
751 499
899 853
200 918
985 667
578 80
254 547
378 601
750 926
79 799
755 233
681 393
428 113
987 661
784 435
913 218
953 393
196 143
395 938
937 780
325 157
311 985
893 455
457 259
248 970
320 235
586 147
589 465
745 738
584 508
113 780
273 187
889 262
310 877
387 338
421 976
792 761
106 495
419 557
692 259
442 375
677 899
202 220
794 391
610 140
736 847
482 914
938 210
251 831
685 726
107 766
545 120
498 183
140 251
294 424
298 855
148 361
938 994
971 728
925 771
849 515
680 234
30 836
402 562
877 507
808 442
490 870
610 975
377 847
82 114
659 527
503 736
262 294
761 236
320 659
863 293
120 721
602 645
95 137
933 284
289 859
130 884
247 172
728 173
719 605
901 205
13 369
438 773
345 873
319 369
286 95
639 729
339 589
56 324
832 592
794 555
104 600
162 741
42 9
881 405
378 122
123 602
714 592
172 212
814 413
441 551
281 968
71 741
449 692
702 825
769 332
831 883
658 998
615 474
994 911
962 101
590 273
285 617
713 762
188 304
630 137
366 496
748 457
283 195
101 67
490 170
55 80
824 515
882 320
412 642
894 116
903 457
429 547
212 374
620 185
378 115
70 164
633 265
27 973
675 624
414 437
27 495
727 204
918 139
73 208
114 5
258 794
912 811
378 260
288 591
78 87
956 663
710 454
588 255
5 85
405 55
6 948
9 873
935 648
14 369
648 842
531 640
88 615
965 784
637 489
479 539
678 691
664 709
509 252
490 720
171 863
468 189
985 942
965 593
317 168
371 154
858 950
465 621
316 959
667 575
510 216
554 368
289 795
361 979
539 319
656 701
174 576
298 348
319 445
376 881
907 168
394 57
420 477
585 927
397 600
990 497
466 550
627 633
961 541
541 129
70 296
55 572
914 175
86 447
920 292
638 82
779 844
479 605
927 617
273 84
834 933
433 77
622 592
508 858
390 940
611 359
66 962
532 169
394 426
377 5
791 789
86 527
107 967
85 764
97 942
74 463
800 140
94 10
328 173
233 241
677 15
777 277
297 660
234 780
942 518
432 621
244 132
678 283
111 902
804 819
319 761
701 16
362 812
806 363
446 91
551 132
407 945
441 558
775 214
30 892
194 227
472 394
910 198
751 553
772 200
20 516
341 998
706 652
342 455
949 983
168 537
697 887
6 819
846 639
282 833
215 325
991 101
312 515
57 71
200 435
489 712
461 112
583 375
761 256
171 769
520 113
445 854
896 772
118 360
549 437
287 934
647 680
525 243
681 824
258 318
413 228
358 527
181 341
544 819
273 283
110 30
163 71
817 996
963 430
153 352
893 908
735 213
260 415
727 126
734 737
746 554
958 107
795 822
694 349
726 4
111 501
980 906
597 300
556 541
79 310
955 555
345 626
169 57
327 605
185 305
502 591
288 983
374 19
306 233
586 943
87 704
215 933
868 539
899 332
891 141
623 505
403 743
535 993
643 781
71 286
199 408
440 51
543 105
857 300
458 556
969 573
55 396
191 329
195 955
830 960
198 178
495 573
951 499
683 270
642 10
999 578
47 839
519 610
4 461
771 697
255 16
831 834
445 288
426 699
85 360
64 683
57 580
771 740
418 100
342 9
641 52
777 551
702 479
587 278
112 95
41 22
936 28
160 188
14 150
375 128
826 128
356 321
527 404
859 39
845 590
238 907
740 171
791 54
321 525
472 599
647 375
100 1
985 384
84 370
87 895
508 698
371 494
715 778
764 818
453 931
534 998
574 222
370 223
704 496
918 391
932 33
752 691
762 401
90 153
252 423
126 884
526 230
594 433
466 830
602 132
706 610
722 851
193 760
26 290
637 299
984 950
327 274
647 151
643 966
469 553
665 660
647 310
684 731
547 676
975 307
10 32
638 721
970 163
266 806
911 761
835 133
722 626
626 127
414 537
228 186
300 368
10 502
37 743
492 151
678 646
434 379
251 1
56 985
368 829
848 425
640 25
806 336
203 497
418 609
248 306
781 513
663 270
78 652
227 693
340 448
183 49
206 386
334 544
718 432
463 724
345 293
925 983
504 385
255 885
733 875
320 471
269 957
566 117
378 248
668 335
558 435
651 786
11 333
457 957
251 892
320 73
58 389
607 896
206 924
179 81
721 853
892 127
4 35
460 571
941 35
87 403
101 440
210 105
416 647
654 979
104 260
560 41
521 323
374 958
484 198
611 353
906 283
402 86
519 695
923 2
752 285
834 15
86 602
462 545
870 800
948 485
45 907
412 699
629 320
427 850
425 604
795 788
241 828
605 135
947 815
897 117
416 78
492 670
90 939
509 612
874 792
302 776
970 771
522 193
311 236
284 144
534 502
3 341
270 368
427 549
643 886
238 152
957 894
252 247
813 668
148 415
532 436
678 871
230 312
312 902
837 728
292 395
391 889
704 203
350 860
761 349
50 151
314 922
34 521
568 854
391 914
780 56
72 531
666 312
558 967
542 241
592 737
176 778
373 789
759 32
139 692
876 547
744 153
466 603
282 10
822 175
443 410
620 279
594 759
462 187
193 499
295 229
626 739
727 347
333 321
155 976
336 410
738 617
447 8
341 51
420 239
730 85
328 370
297 458
179 557
198 406
608 381
938 81
636 96
766 227
591 76
872 770
225 743
612 483
806 613
911 214
128 758
64 746
560 94
291 34
630 738
118 57
652 962
297 385
121 587
666 775
365 276
50 809
450 47
419 748
764 116
836 948
377 838
20 872
112 496
899 211
47 593
989 931
765 50
520 597
912 339
337 497
921 34
467 845
796 215
177 896
395 474
514 177
92 302
838 734
207 305
155 91
584 560
455 38
317 30
725 327
528 370
663 951
360 676
786 226
969 139
515 688
813 435
768 942
99 427
546 796
515 516
62 386
408 43
460 386
890 911
249 122
93 228
899 503
700 273
815 941
255 602
318 120
443 917
450 702
461 782
857 626
243 448
443 310
237 658
106 405
543 8
620 579
238 708
859 394
197 975
780 938
956 239
771 262
208 786
183 468
908 749
167 217
450 652
827 820
690 162
246 147
716 960
795 592
349 395
760 603
772 627
753 898
737 617
703 509
601 407
185 247
988 411
188 784
733 302
184 975
974 782
278 487
648 674
811 942
998 431
24 784
489 367
879 708
334 407
569 240
89 635
837 65
897 781
882 77
527 704
931 827
645 921
503 67
18 74
463 637
436 676
107 991
956 88
404 902
623 890
942 801
288 461
204 423
356 911
360 385
287 310
683 457
380 379
223 90
528 701
559 590
743 205
763 221
96 637
525 134
783 933
373 707
594 143
979 511
662 898
560 368
595 313
403 165
396 420
511 867
454 617
440 608
99 779
513 387
270 599
78 694
34 690
619 771
710 595
833 338
721 118
596 938
545 316
693 362
913 690
229 903
493 1
504 983
950 287
907 442
62 432
842 49
563 556
244 601
58 446
426 305
687 700
51 927
243 899
547 450
617 306
204 311
506 244
828 19
298 441
100 688
327 219
935 330
641 603
965 47
473 714
41 316
797 768
420 132
854 785
672 578
728 105
768 790
493 63
665 596
913 207
461 81
218 233
290 342
674 983
129 270
975 814
68 235
781 684
743 156
49 293
269 538
969 134
433 918
635 501
894 97
721 574
710 318
304 779
145 664
960 337
866 180
914 948
774 687
372 908
521 809
235 34
902 497
776 360
618 65
817 23
7 413
339 475
520 914
300 171
373 826
862 823
350 644
595 81
40 580
461 30
338 963
69 964
348 812
902 608
698 794
833 978
664 131
42 571
221 106
281 968
824 433
394 608
653 159
428 739
727 65
292 596
461 400
252 325
558 13
620 254
574 727
214 909
50 380
544 383
189 738
608 401
571 356
781 303
528 862
640 405
206 978
437 88
842 456
19 759
590 427
413 970
822 980
67 964
646 177
568 655
935 758
807 416
781 70
542 899
369 347
58 456
574 321
451 586
176 875
613 477
836 80
450 452
855 826
745 544
453 165
685 753
107 799
398 813
47 66
343 864
291 469
543 659
391 472
34 989
403 844
264 398
906 919
320 192
366 828
178 446
127 603
207 481
558 425
40 484
574 285
746 503
444 815
311 565
135 33
627 677
713 218
980 788
268 747
170 204
929 420
655 552
514 977
791 307
876 598
89 226
892 592
135 265
507 807
356 69
220 310
534 570
571 171
347 944
671 642
518 907
473 211
585 555
454 942
915 553
425 80
877 375
719 913
522 900
248 59
393 304
972 239
588 16
531 677
407 972
761 738
929 300
100 533
475 610
777 378
30 399
182 58
729 460
327 886
453 688
547 461
470 903
642 513
658 615
440 159
180 592
851 987
76 59
121 151
796 443
997 827
348 355
341 269
839 311
683 714
818 390
336 116
12 863
329 320
305 91
804 299
789 128
751 802
100 505
56 871
970 273
476 331
592 950
398 747
807 58
86 488
447 150
900 885
101 313
147 842
433 422
319 122
401 415
14 394
297 964
831 161
538 182
461 952
115 832
784 646
665 192
50 939
925 899
332 326
41 956
459 900
957 18
741 779
261 346
153 266
562 277
377 895
806 34
545 155
663 347
978 628
766 580
612 456
612 719
14 639
617 440
12 581
796 235
837 299
15 96
985 357
538 85
43 943
899 696
154 389
316 639
474 292
104 284
304 913
615 665
22 287
853 40
139 143
864 860
489 877
682 508
800 233
488 312
180 548
335 951
113 299
860 360
348 398
376 316
640 68
874 484
255 596
377 375
922 896
688 837
486 887
435 94
21 888
987 52
792 309
465 718
738 618
621 466
203 212
440 173
601 857
949 937
150 357
220 32
200 575
170 440
181 701
830 340
753 759
449 751
356 493
161 180
328 879
930 316
218 941
905 380
52 530
428 903
19 239
996 399
662 52
703 942
291 874
902 749
27 874
769 557
733 919
836 103
548 911
654 352
59 717
9 111
141 590
981 136
417 313
141 502
880 2
378 467
327 696
640 204
718 673
892 440
257 954
524 584
654 442
353 520
374 487
283 270
513 361
39 981
509 540
258 550
806 752
114 556
250 744
154 565
781 879
10 744
281 55
281 272
133 106
471 119
881 950
40 70
333 193
1 901
926 485
139 426
38 994
497 824
204 596
349 171
597 146
581 339
184 649
499 605
255 156
554 760
296 826
464 435
565 464
674 868
640 981
462 493
265 592
985 534
373 946
838 860
38 368
442 570
36 709
352 182
545 593
226 247
686 700
621 641
913 344
880 259
827 557
863 947
615 867
496 803
603 836
311 765
649 811
607 10
448 315
165 630
59 654
448 625
256 993
887 51
400 826
124 923
344 212
610 152
827 973
65 251
295 547
11 370
467 974
10 532
1 220
421 68
631 652
935 889
420 306
876 317
919 264
60 321
783 636
519 497
371 221
215 950
503 860
548 99
185 90
403 934
584 43
416 809
28 80
777 712
531 106
702 168
798 535
432 913
310 565
812 149
254 95
320 1
637 912
768 640
123 364
185 383
819 723
670 697
539 822
83 973
589 459
740 318
368 46
605 650
101 142
140 600
735 703
694 995
931 522
509 311
258 985
260 301
152 653
387 606
25 495
40 769
986 449
83 249
784 879
248 147
157 83
349 397
335 844
390 469
358 111
835 591
119 768
31 826
48 890
549 918
890 440
572 358
782 883
391 560
111 994
45 560
485 147
466 206
265 874
787 347
669 297
383 975
544 951
12 615
504 333
776 150
992 751
27 964
277 400
591 222
185 567
417 880
690 58
195 611
62 6
568 545
669 813
496 279
775 586
699 199
181 476
392 339
116 945
920 990
819 945
212 764
82 602
905 6
873 976
62 716
53 697
468 539
790 90
871 176
341 822
543 722
891 521
762 363
858 293
403 274
942 67
780 369
742 964
919 119
358 766
826 388
910 201
924 365
30 636
174 101
13 710
575 986
429 684
115 510
647 398
34 16
895 304
877 16
327 312
426 621
322 399
245 690
525 232
616 98
952 126
702 894
299 222
598 928
950 1
190 712
143 294
145 214
821 590
12 988
97 693
998 145
780 12
70 351
266 895
442 575
796 39
545 822
430 902
803 981
515 452
42 640
933 931
6 283
890 982
758 389
965 802
281 463
590 90
336 282
113 967
349 495
728 804
785 156
975 599
277 651
865 177
579 691
623 315
630 111
450 613
355 830
762 525
949 17
668 456
346 181
257 48
394 124
107 153
157 340
238 536
175 741
923 46
185 970
404 328
359 232
68 622
802 660
553 79
845 307
324 777
14 724
752 982
210 324
769 937
175 884
707 58
380 675
894 902
310 221
856 98
208 120
378 537
297 118
132 945
389 848
314 825
935 615
699 170
837 578
10 525
210 280
543 661
289 345
381 105
674 715
862 580
809 104
457 13
704 859
158 948
741 601
213 682
741 677
757 750
928 148
676 260
380 42
720 824
8 75
589 731
917 366
149 425
556 981
614 749
331 402
202 863
975 18
481 780
256 154
765 373
617 475
666 699
761 229
667 698
980 198
496 979
388 613
14 999
798 654
662 252
213 807
176 383
422 996
388 668
97 92
289 807
816 19
80 7
545 317
399 187
456 458
496 543
188 864
629 705
974 502
442 452
11 193
855 72
531 464
499 991
831 239
50 12
454 1
662 410
92 305
134 976
638 499
581 271
210 711
594 917
557 439
757 380
177 902
151 480
36 587
645 786
691 996
417 316
224 655
14 288
596 263
604 263
95 641
223 327
785 862
479 426
605 217
211 857
705 436
389 382
341 364
867 35
871 258
628 688
216 446
289 898
349 729
753 210
608 370
110 513
481 928
822 940
866 902
563 470
473 358
260 566
897 234
716 69
343 225
771 393
738 732
862 871
764 526
388 638
929 620
444 843
805 970
168 371
173 854
750 556
895 113
521 588
567 677
480 282
66 913
509 543
255 369
849 768
186 440
660 418
735 362
613 902
462 923
498 825
37 845
241 583
629 163
156 899
474 878
188 924
412 103
383 682
647 864
146 971
64 28
853 170
595 672
639 503
606 268
349 217
295 442
985 997
816 76
401 672
886 63
907 394
580 640
559 254
357 872
351 74
145 961
307 868
742 117
895 225
816 238
830 729
279 455
897 267
335 456
800 910
690 918
446 314
460 351
708 429
38 231
300 61
947 824
450 854
801 515
989 658
659 248
10 705
899 765
348 808
795 288
880 919
355 825
87 966
834 369
701 893
947 722
29 68
968 437
338 496
221 278
945 781
384 835
168 429
528 651
820 465
992 619
535 137
53 436
267 246
168 427
528 255
794 447
135 858
86 727
72 325
327 458
765 819
580 121
894 74
710 877
456 587
337 353
530 949
91 553
52 949
344 352
193 686
640 626
973 377
478 692
915 353
81 449
786 803
622 547
951 813
729 496
219 713
126 131
603 252
580 112
82 12
148 176
645 978
274 974
6 69
420 797
558 751
828 293
837 321
664 350
874 653
382 429
895 619
29 116
147 826
303 601
806 650
470 308
83 999
504 750
620 925
564 686
375 65
580 223
254 366
270 325
88 431
739 687
270 216
109 674
990 200
173 814
679 566
841 432
400 593
621 423
668 805
638 547
476 936
38 247
517 452
820 423
49 945
258 718
183 309
758 639
127 756
535 578
700 137
567 779
525 390
28 6
847 171
275 168
144 397
465 918
757 48
76 390
555 75
406 99
79 845
993 453
669 449
371 440
938 715
240 932
37 20
613 82
177 541
168 700
645 418
934 816
186 747
837 873
549 306
320 182
911 974
818 520
320 448
436 323
25 191
303 945
386 969
665 367
783 265
812 47
225 521
934 489
221 359
695 960
76 946
997 484
80 790
511 631
164 383
483 28
27 535
838 453
961 648
512 773
507 276
513 301
981 985
569 623
957 578
308 616
367 594
130 648
160 3
397 752
599 938
993 327
67 267
856 76
133 317
570 207
817 23
332 175
122 66
842 833
590 451
173 680
672 831
97 832
8 108
594 882
688 604
715 889
774 978
515 109
794 324
419 318
301 497
772 157
251 725
383 549
928 688
445 385
988 662
474 335
473 460
1 291
636 580
228 524
576 147
110 831
593 617
871 383
115 36
453 546
22 337
996 636
958 149
547 982
571 805
666 662
353 404
655 713
50 108
22 812
867 678
94 747
392 683
343 517
409 711
498 433
648 836
217 833
535 341
921 745
239 994
201 299
131 192
222 679
268 737
350 862
730 478
686 924
603 936
766 44
296 218
285 710
627 696
652 668
258 158
540 194
948 194
289 411
209 52
946 500
800 819
465 17
527 141
307 740
473 101
446 402
54 233
830 791
708 136
163 309
760 757
957 425
67 37
105 280
646 519
143 220
912 99
853 255
631 45
148 238
533 824
877 482
301 87
126 65
821 291
488 943
12 163
829 767
227 344
498 614
931 790
668 289
707 82
369 919
251 357
753 538
478 65
374 422
99 192
413 288
930 696
804 909
877 176
661 772
79 585
612 354
643 225
568 330
742 707
209 968
223 162
385 772
896 10
469 817
238 76
34 465
252 976
662 490
48 635
224 576
296 644
278 652
964 717
539 307
398 644
239 996
758 351
290 809
346 488
428 222
621 359
474 731
462 454
32 325
632 824
148 219
150 468
702 858
777 757
178 522
245 125
434 143
366 109
313 455
313 924
460 333
647 538
567 626
561 570
775 279
731 378
661 93
959 150
462 326
696 736
248 214
657 17
527 232
935 853
325 776
985 859
413 480
404 837
37 248
953 180
280 860
1 735
989 679
59 647
272 738
391 615
760 698
986 284
662 296
435 174
257 721
574 255
79 278
992 176
284 924
129 961
10 23
890 181
612 371
395 527
919 717
792 457
710 633
514 746
854 560
152 19
16 413
243 497
386 662
678 833
369 248
762 359
562 638
389 584
616 480
899 556
787 900
611 235
937 980
346 828
664 847
565 912
167 67
88 393
601 68
250 860
855 183
352 684
135 648
488 952
817 708
487 655
820 977
501 530
973 940
360 878
330 44
824 218
496 197
356 767
112 103
137 458
658 385
276 925
680 111
151 508
341 882
332 623
673 267
296 968
641 732
436 51
860 527
272 178
487 628
638 834
209 169
910 172
435 727
412 541
791 323
586 56
802 222
778 64
386 612
510 350
830 983
655 639
412 389
400 356
288 98
963 806
824 332
807 99
513 858
524 417
171 54
9 47
98 345
453 180
555 455
76 944
420 698
232 131
485 350
156 875
653 893
14 654
211 387
804 537
962 262
566 165
387 397
17 746
15 537
588 50
909 472
463 396
462 764
230 367
655 142
700 158
751 417
878 482
68 931
13 450
581 971
693 594
262 196
761 895
296 512
159 924
878 749
473 776
843 516
511 805
177 531
583 215
245 44
478 866
992 492
470 948
872 701
842 637
208 86
973 71
331 800
314 389
682 510
279 514
333 797
636 611
92 90
779 269
326 428
636 610
37 543
997 944
641 696
880 397
859 565
832 756
445 495
843 169
752 189
118 314
845 96
263 91
194 855
641 65
178 748
192 127
725 46
487 827
671 671
309 412
294 482
995 255
860 413
911 167
709 122
711 747
374 128
786 970
178 330
311 242
601 428
637 9
470 639
791 97
799 939
806 270
860 921
603 201
389 543
56 540
744 974
982 274
93 545
492 834
84 168
558 466
675 476
195 615
223 923
20 977
977 348
150 598
375 727
619 757
968 984
396 907
170 996
498 594
356 475
630 448
503 486
966 755
822 209
525 786
611 757
134 27
66 240
726 870
727 667
786 683
572 995
540 840
872 968
634 641
926 811
527 134
140 445
599 510
110 435
891 238
991 876
909 549
368 167
457 977
759 533
438 734
209 199
245 407
186 703
911 565
991 606
894 579
299 897
63 673
344 744
923 56
774 91
339 650
971 965
602 106
463 213
631 283
663 974
178 845
86 425
516 329
802 852
24 518
927 503
662 623
456 877
726 838
806 672
14 835
830 712
23 597
280 927
912 582
389 869
473 51
820 411
811 567
753 477
175 115
823 913
917 153
89 385
290 358
143 110
370 94
571 869
836 271
412 257
739 613
326 58
307 663
465 312
390 109
816 706
144 703
306 446
490 635
168 725
688 242
714 241
156 294
554 405
345 957
138 761
825 216
731 15
659 623
500 520
172 421
951 67
413 522
811 834
703 173
334 115
727 574
935 342
350 786
375 636
744 377
368 539
975 76
742 926
547 516
556 205
125 411
151 148
39 926
113 792
323 476
801 165
786 785
624 379
155 360
908 574
411 168
890 723
903 952
727 925
911 473
356 85
38 282
925 30
658 614
139 527
49 619
8 5
76 925
630 628
29 568
182 169
488 264
765 561
971 590
404 538
530 461
201 622
262 966
745 943
217 973
945 897
359 351
172 828
398 373
228 700
636 789
924 669
160 669
109 911
26 716
425 937
537 163
133 314
992 760
585 932
130 683
763 250
425 873
590 861
227 161
623 190
54 172
579 531
176 101
279 717
260 666
799 889
807 782
306 165
939 75
778 735
595 659
79 859
610 980
931 840
702 427
69 579
615 783
244 286
503 308
271 208
497 556
181 435
293 246
761 183
523 153
547 338
926 185
557 694
186 317
585 957
19 508
457 187
684 96
186 303
977 316
183 887
693 594
512 552
775 719
82 197
725 270
96 489
12 744
72 573
21 727
867 51
35 556
382 70
689 208
369 901
440 494
845 748
986 933
724 386
667 651
249 356
690 614
10 168
688 663
57 43
866 15
618 807
435 753
785 412
401 486
527 332
562 288
351 622
29 296
641 875
734 824
683 210
949 751
20 858
905 886
553 331
309 488
399 81
202 457
718 927
857 318
751 576
110 69
875 774
347 937
898 138
692 659
610 14
944 802
407 303
40 358
564 110
751 45
800 118
923 973
989 355
988 254
382 85
156 969
839 302
951 473
696 727
47 634
740 180
545 638
36 950
297 387
927 766
834 770
140 97
395 354
936 793
803 251
706 414
520 167
365 367
625 565
377 312
836 436
450 323
205 287
987 805
186 197
872 526
232 18
135 169
658 791
95 750
244 488
559 364
728 26
972 916
141 718
474 583
476 405
423 823
154 351
395 603
635 594
77 606
419 189
909 136
90 723
856 618
624 792
592 762
599 213
199 730
273 629
39 558
140 606
540 668
458 151
591 928
301 40
478 988
938 410
428 326
366 631
437 371
933 579
23 552
776 228
384 15
485 595
604 670
961 843
470 337
939 38
515 189
424 143
970 73
123 682
296 522
736 645
613 567
259 214
613 714
261 293
206 474
134 54
61 835
86 38
269 552
107 988
58 553
627 703
648 421
969 945
654 77
810 984
570 137
188 309
120 224
226 503
44 50
923 636
606 268
176 800
84 279
66 51
27 990
272 734
799 934
468 816
593 502
18 539
461 450
919 663
252 701
559 394
855 358
932 956
577 222
281 497
172 796
645 929
554 80
213 198
460 791
188 390
105 471
39 901
119 829
204 446
481 341
939 911
639 367
740 252
272 444
875 375
771 299
728 31
624 684
849 970
578 787
545 925
303 915
391 793
603 540
899 246
146 464
40 93
864 916
404 499
212 643
875 949
354 91
820 257
171 441
538 459
22 518
749 921
259 880
752 896
994 158
80 2
761 705
804 560
101 346
10 22
900 294
927 59
844 227
249 843
296 922
134 395
929 381
718 49
703 635
491 19
802 579
633 59
107 988
46 25
230 754
497 664
565 316
80 158
90 946
469 186
868 322
4 919
456 811
517 758
127 312
295 609
585 312
503 519
24 999
485 52
130 492
31 648
251 495
547 944
772 993
805 266
348 282
705 308
982 509
438 956
340 166
668 477
989 992
518 836
886 552
434 349
171 319
492 259
740 688
423 742
930 396
548 698
818 858
457 237
285 415
78 621
970 188
642 520
148 329
214 895
436 237
812 384
122 360
253 927
950 532
641 616
562 994
117 237
695 788
265 295
326 157
360 892
91 382
521 160
815 620
53 946
244 475
216 79
989 69
508 655
56 788
961 546
924 703
681 919
230 708
987 543
19 742
221 492
158 392
851 530
875 649
214 697
452 314
361 524
93 210
72 410
656 339
17 919
458 273
471 193
366 708
42 967
344 934
743 845
555 170
46 190
897 93
958 336
548 718
557 219
690 194
667 11
297 648
779 994
909 867
999 594
491 640
585 354
819 496
155 620
912 717
250 715
485 256
42 243
899 779
905 21
912 212
823 50
214 679
855 934
718 822
786 489
55 927
675 885
759 829
590 724
543 366
209 816
813 177
260 811
704 978
182 711
875 751
343 85
454 498
580 709
894 117
432 223
271 430
497 652
686 512
347 837
973 709
272 598
357 528
285 542
375 789
328 721
812 124
257 384
307 822
717 591
115 760
914 303
764 951
459 593
770 231
991 535
554 858
453 331
276 640
622 23
894 699
443 6
653 106
969 44
562 474
318 218
815 216
683 637
166 174
862 672
214 160
439 707
778 844
496 937
882 308
686 216
874 306
134 982
446 37
197 469
497 388
169 652
512 877
734 471
948 445
44 277
372 161
977 954
86 498
47 414
794 640
434 831
731 14
250 999
570 502
981 892
295 899
20 759
495 997
24 332
66 991
298 460
679 846
243 492
667 956
960 109
389 814
247 625
100 700
855 234
294 26
231 740
254 267
886 462
129 735
119 824
932 218
928 699
544 834
927 86
315 784
195 841
42 284
342 575
954 258
556 924
167 101
220 525
590 713
201 141
562 485
737 370
110 405
493 496
781 967
51 987
53 335
91 165
138 506
940 627
424 568
688 182
253 259
513 146
7 444
532 319
428 504
982 663
794 297
510 328
479 856
187 951
300 406
875 430
861 994
621 777
366 84
833 335
857 650
77 149
651 808
915 547
102 632
544 717
787 837
287 300
130 494
14 42
851 483
239 965
692 38
863 685
854 406
880 746
210 796
942 990
563 300
902 652
178 296
396 925
534 807
605 726
855 840
610 909
942 970
130 656
650 645
157 640
766 463
498 410
417 816
877 542
394 495
329 332
203 790
497 81
22 552
249 190
186 83
48 307
216 632
434 684
448 24
545 881
889 901
464 914
895 165
434 698
141 84
619 448
737 166
5 624
530 217
308 879
528 436
225 444
637 366
523 627
685 331
608 153
466 370
730 180
184 58
241 978
701 828
599 29
716 349
852 549
487 267
729 238
809 532
328 418
8 153
105 856
140 634
788 293
570 992
53 401
752 581
984 535
26 288
261 26
254 751
128 144
274 177
484 88
806 812
592 828
537 628
458 810
848 971
568 564
105 414
472 960
75 35
879 410
429 52
317 19
960 972
783 367
650 963
79 42
865 560
203 67
107 974
535 160
474 835
463 371
96 917
851 370
263 746
206 213
603 98
483 77
879 648
530 5
652 89
45 936
106 331
777 20
297 499
53 713
633 583
382 630
289 89
706 724
608 657
502 289
698 241
991 402
615 235
516 363
70 134
904 256
341 76
99 724
832 983
838 737
116 591
88 881
556 259
944 365
815 60
405 795
840 624
493 450
235 457
100 319
543 722
59 804
496 103
400 649
366 941
173 131
105 104
414 151
598 850
188 101
160 331
625 129
251 808
351 314
483 170
19 400
340 654
893 764
410 798
661 438
416 214
642 260
364 951
163 759
15 276
370 831
822 332
913 73
511 313
421 995
274 773
493 581
365 106
742 22
243 877
334 94
709 216
189 90
394 976
169 908
404 58
415 43
701 748
123 337
809 371
989 642
202 722
909 543
136 71
775 102
724 845
428 546
507 352
325 491
820 170
134 181
327 802
660 934
298 769
943 329
926 800
767 800
733 966
473 566
920 322
626 975
955 131
815 690
134 896
180 806
502 312
34 16
238 798
423 404
556 124
966 835
352 351
222 67
968 159
999 778
57 30
843 416
988 725
908 66
341 796
573 504
977 703
516 681
892 547
168 263
454 427
202 666
600 908
330 350
939 363
454 500
261 947
820 13
932 317
427 641
43 780
703 809
344 808
511 654
326 313
286 965
957 441
637 59
866 54
836 226
497 314
163 598
486 811
758 208
513 984
179 885
961 439
587 946
180 472
389 176
827 749
668 382
176 411
669 17
461 915
82 765
654 472
765 812
467 850
971 545
729 625
766 188
502 261
488 984
836 737
405 32
899 577
239 435
588 860
352 209
210 924
580 827
314 222
418 841
872 470
924 840
864 401
435 987
69 528
148 380
685 972
109 847
674 166
813 502
538 570
157 847
10 151
241 133
44 291
622 128
561 259
770 484
856 323
405 223
857 78
458 820
775 4
634 626
959 800
693 944
780 651
740 71
384 93
268 698
590 747
84 234
477 105
212 402
524 960
771 531
82 21
556 5
676 852
747 55
483 45
636 983
212 268
735 262
67 574
181 731
556 43
825 953
107 342
125 585
257 997
616 747
147 529
370 946
550 800
58 683
686 110
673 681
777 236
260 78
793 184
747 781
661 180
287 960
648 763
320 377
112 642
622 252
101 129
639 984
101 545
361 182
463 290
585 518
533 464
213 257
960 493
573 413
345 379
75 295
729 589
87 533
465 916
90 769
48 438
170 230
658 334
387 367
973 312
539 550
213 5
398 357
717 343
903 194
101 746
95 652
740 146
659 273
242 273
678 482
567 479
717 420
132 243
561 496
735 49
218 484
399 265
679 422
212 890
688 155
344 679
636 820
12 177
166 577
613 430
526 64
434 597
913 898
233 7
392 549
82 222
412 414
230 675
419 511
531 12
451 324
387 413
696 429
756 622
917 916
364 927
980 944
371 135
336 761
581 835
947 788
127 767
868 613
144 974
600 924
788 691
999 475
481 661
316 531
207 912
377 706
14 568
453 916
121 814
289 441
265 215
860 532
263 830
597 178
346 321
865 967
267 491
993 972
934 526
172 685
892 808
550 260
445 248
383 602
229 92
333 686
673 365
885 479
414 994
951 742
988 672
946 945
324 586
18 115
318 788
25 820
607 51
412 50
142 200
354 905
301 263
341 417
826 318
696 230
825 866
669 466
8 33
192 634
909 130
839 287
207 359
620 295
469 28
218 587
434 886
664 228
192 919
520 550
437 625
267 717
329 414
705 28
609 476
725 422
366 531
825 100
678 28
196 146
638 515
562 821
387 91
261 492
709 766
94 857
441 100
658 28
192 618
36 117
809 565
457 112
910 72
835 312
278 368
119 394
376 507
274 641
232 748
123 59
993 205
728 168
123 660
518 74
330 374
835 897
329 224
188 275
464 574
464 145
402 461
430 140
803 814
344 255
432 59
816 953
587 319
659 239
459 625
679 595
585 385
926 945
530 476
603 590
790 592
43 870
622 943
330 649
507 400
659 310
167 196
112 94
480 299
826 98
810 126
184 900
507 337
934 340
32 50
776 506
822 342
460 129
590 963
614 505
626 62
366 145
26 555
474 811
196 661
74 685
661 427
991 26
756 993
977 690
586 82
469 319
144 665
931 228
972 426
580 539
991 484
716 264
707 763
997 80
434 511
391 433
711 781
423 37
632 188
804 77
34 27
512 787
426 784
570 180
310 836
327 89
916 24
533 31
644 468
245 346
248 913
256 999
747 527
199 299
307 696
300 408
779 926
943 866
450 299
694 589
114 115
423 251
552 407
10 11
437 910
841 810
95 539
855 792
552 43
327 122
818 13
704 510
271 886
160 142
857 649
64 464
488 18
878 517
35 797
504 661
50 555
134 583
997 719
154 503
139 699
942 468
445 735
878 116
863 904
343 319
780 543
968 144
359 656
763 570
933 751
586 748
95 449
873 178
418 399
801 84
981 461
162 213
408 369
586 238
136 312
940 164
135 196
957 689
38 19
375 89
466 693
287 121
590 345
545 477
160 684
318 541
123 580
458 443
211 240
155 200
411 372
955 736
47 546
377 7
875 251
701 221
835 655
577 607
492 844
661 606
353 768
858 245
271 940
110 137
321 605
671 493
646 659
159 360
213 191
674 390
492 668
143 814
648 671
194 60
905 222
469 217
482 32
719 508
792 588
831 749
207 145
672 708
226 419
366 965
501 848
150 242
66 824
50 124
495 52
929 479
302 785
282 329
269 603
151 495
177 664
729 504
50 367
507 648
557 362
58 501
24 571
97 921
809 137
499 32
747 587
934 530
961 368
563 166
363 43
488 810
457 533
225 67
611 517
944 620
164 989
740 662
390 317
760 331
310 758
98 785
32 59
135 156
584 957
680 369
476 237
567 897
589 942
808 859
267 115
404 959
783 389
974 198
554 806
683 297
517 537
836 57
855 524
602 45
175 302
846 499
207 284
953 29
808 998
565 422
661 135
891 783
451 111
641 200
460 337
295 824
465 919
355 92
17 745
944 255
425 792
656 94
767 533
968 396
179 477
489 80
327 976
174 558
543 490
282 59
952 855
4 954
597 266
345 465
281 808
826 803
809 431
123 350
541 200
108 540
74 992
664 846
231 599
710 983
329 339
602 392
841 64
5 561
182 361
161 425
278 799
894 68
709 417
350 370
90 510
348 477
969 12
124 16
706 298
100 635
530 998
11 4
608 297
435 486
166 667
356 783
110 984
763 295
804 989
547 945
152 870
747 414
916 401
361 491
415 175
747 437
775 865
272 601
700 843
150 290
131 783
106 474
141 567
68 994
358 649
934 331
676 559
353 38
137 793
305 702
326 710
551 482
291 736
470 767
990 279
394 689
632 213
601 986
955 599
937 420
690 442
389 393
13 849
571 553
927 718
986 864
137 86
827 632
728 195
281 884
741 216
795 942
691 187
871 496
756 569
840 398
790 47
701 250
310 228
685 247
943 453
533 558
406 371
531 211
184 595
298 112
447 37
969 150
310 569
102 683
481 882
816 690
150 756
925 987
434 75
673 35
197 598
756 223
876 600
787 191
721 792
855 137
145 380
593 547
232 760
923 935
705 41
987 526
670 926
990 137
560 920
268 701
525 481
308 694
684 448
311 219
148 829
282 425
307 577
170 692
498 135
145 270
137 279
350 402
988 263
561 91
481 961
168 601
523 388
885 252
726 709
997 844
533 710
413 790
631 665
958 510
765 534
489 341
903 868
543 685
867 830
647 609
280 980
116 928
67 989
875 834
329 484
93 352
663 352
856 136
888 281
899 761
961 375
820 99
262 574
462 585
22 495
225 402
21 444
118 300
493 250
9 849
928 336
760 778
9 149
967 438
231 248
721 645
852 771
374 344
369 450
518 179
898 163
137 262
293 441
610 870
305 696
813 587
284 440
675 70
789 333
541 730
425 544
574 529
564 481
276 161
744 171
938 41
412 177
948 560
554 224
125 357
946 478
923 6
680 405
42 340
257 242
707 587
346 188
523 769
307 869
67 16
798 501
399 944
707 874
968 812
92 460
645 843
89 78
606 868
86 863
781 842
703 229
176 969
147 999
156 602
169 489
907 174
508 433
573 517
150 593
271 760
19 235
430 734
897 698
618 355
835 599
649 212
681 937
201 467
725 292
328 910
509 732
137 775
617 308
561 579
368 992
926 874
725 809
971 659
880 578
272 233
157 550
663 681
575 459
157 189
316 936
667 907
63 439
194 492
958 419
642 802
257 413
921 972
609 112
82 417
208 576
610 917
622 946
673 210
612 542
296 747
736 379
259 762
144 684
145 54
904 335
561 89
713 398
440 358
88 591
393 15
886 944
610 563
945 971
584 629
194 218
470 570
180 538
915 660
946 992
842 344
666 271
454 147
806 784
519 990
358 499
985 554
94 86
891 50
675 717
42 846
324 537
101 993
530 420
566 955
403 81
311 271
308 711
546 844
505 809
556 885
773 367
549 258
168 792
829 262
70 877
389 370
955 282
874 858
754 813
443 655
563 419
67 363
85 115
233 327
119 612
44 220
327 397
946 174
276 683
806 50
362 846
28 49
161 297
272 791
465 920
78 916
739 770
394 851
248 130
429 726
716 206
617 638
69 316
331 857
519 19
472 894
815 844
285 822
270 397
949 972
687 895
361 345
548 815
746 696
42 254
509 219
583 51
593 742
268 169
532 650
92 622
538 23
779 300
279 307
57 104
714 991
449 587
140 369
81 691
9 418
269 204
173 912
790 271
746 145
828 571
868 906
778 246
768 389
933 214
939 432
322 938
980 679
828 874
780 400
319 736
844 301
135 870
737 265
746 411
653 658
935 74
208 453
669 281
356 189
412 575
484 546
637 879
881 922
892 166
535 673
981 572
343 355
430 843
586 805
70 200
558 604
267 931
904 200
218 949
649 630
720 485
766 460
170 211
998 404
328 53
871 579
466 674
310 694
924 19
330 789
455 400
388 744
678 563
386 985
109 630
60 161
782 431
283 317
857 968
171 604
809 950
752 610
215 923
922 946
838 744
720 259
911 194
312 303
147 77
855 703
364 43
806 943
256 882
104 415
662 754
322 694
140 393
382 316
477 458
577 844
399 431
764 687
179 261
513 528
538 710
770 822
39 785
424 413
142 261
132 780
113 973
841 939
685 412
100 352
697 563
425 347
113 479
309 217
414 664
939 501
131 360
115 846
252 972
226 70
417 254
350 735
255 158
346 877
933 337
478 526
281 862
777 300
277 829
488 594
426 224
292 449
363 538
993 529
178 432
819 285
65 499
393 85
588 925
10 247
916 218
185 846
706 560
815 597
818 929
531 236
419 832
74 87
956 679
585 480
221 337
772 463
537 329
936 531
290 863
873 833
800 685
929 302
401 232
14 624
540 606
18 110
818 251
479 221
171 68
955 685
521 905
670 663
92 404
687 922
432 155
602 722
486 848
821 31
4 130
816 97
547 171
130 194
571 743
537 602
420 718
161 335
828 212
734 5
450 588
311 10
586 795
150 791
633 784
737 181
764 225
508 258
60 542
889 15
756 963
182 123
587 183
184 78
288 936
719 329
765 336
381 168
175 883
648 319
498 116
650 191
41 196
116 295
522 638
548 712
781 952
379 130
741 463
352 532
483 720
306 247
776 686
870 727
75 678
874 315
185 612
968 308
851 500
437 486
935 398
980 139
404 981
935 645
492 303
43 565
389 513
101 978
579 346
923 224
221 198
805 694
138 263
924 486
67 890
476 899
603 848
889 523
553 355
508 919
786 302
754 573
446 556
674 374
291 284
898 682
629 263
148 340
689 452
85 834
198 765
588 249
515 478
509 361
986 715
667 710
290 429
494 34
745 778
847 5
287 457
333 430
106 770
835 653
395 827
651 907
948 985
598 398
196 348
42 15
688 562
869 748
465 89
92 806
250 114
854 535
164 300
732 778
816 652
3 409
6 86
746 378
653 708
731 493
341 367
330 114
501 322
629 363
485 155
773 857
772 281
695 183
410 903
908 527
96 476
172 475
151 155
509 716
225 768
584 473
597 883
597 183
127 430
714 18
602 329
688 625
837 636
284 257
614 311
59 367
158 389
737 345
590 217
797 592
880 182
896 249
556 817
711 371
173 261
387 816
944 326
344 263
248 174
961 575
585 322
316 537
366 646
65 173
232 824
252 371
261 448
708 704
614 863
358 138
425 544
690 539
755 828
226 274
406 410
719 607
700 731
963 977
575 956
958 430
838 496
447 357
485 689
13 250
526 506
247 795
675 80
867 761
962 67
154 327
878 231
722 496
595 533
895 285
466 796
948 926
930 951
205 415
736 104
993 384
456 364
473 370
398 562
319 744
815 257
827 306
447 679
251 592
671 215
506 135
910 245
545 554
426 81
841 739
46 426
211 146
263 307
21 871
146 515
956 368
938 403
227 233
834 557
469 345
551 234
796 244
219 716
55 35
933 46
525 199
772 1
961 612
97 958
59 793
98 715
593 9
114 614
374 726
331 210
152 409
745 86
615 585
555 758
220 913
989 602
491 801
484 357
550 453
226 714
616 986
885 70
432 165
993 226
426 396
627 882
264 451
307 901
345 348
192 664
147 653
82 281
117 463
624 56
331 95
549 230
742 707
68 349
333 910
611 127
322 882
809 401
518 602
670 295
459 172
47 627
961 153
246 4
193 359
620 58
103 63
527 100
933 735
703 317
854 256
804 546
190 806
393 181
188 803
914 591
980 69
4 183
886 367
500 152
677 204
920 684
904 441
11 140
627 847
340 823
154 189
692 362
725 207
877 692
308 177
965 789
467 859
669 304
404 618
656 283
573 66
268 849
506 949
635 930
274 788
904 276
417 32
298 320
433 528
825 828
397 29
3 434
867 733
626 958
672 245
421 519
843 189
639 351
333 535
728 341
660 759
400 536
884 307
869 537
842 409
846 362
451 523
359 554
880 951
879 96
675 907
861 687
463 940
322 888
45 498
740 159
923 44
420 916
586 528
383 673
64 548
611 122
655 114
804 598
331 590
37 984
729 867
993 600
433 71
517 379
762 547
155 652
477 430
728 564
512 544
871 102
790 82
921 548
710 303
13 308
944 229
909 140
183 984
783 58
759 79
591 242
926 884
563 376
867 503
75 837
226 657
687 58
289 246
372 211
608 287
557 229
669 326
604 106
89 20
550 456
895 496
217 817
795 997
752 384
786 45
329 414
928 948
976 593
264 980
412 84
904 902
530 3
617 639
74 644
698 886
299 245
114 568
308 812
309 321
670 58
559 873
85 173
117 438
929 141
545 959
667 59
132 922
566 550
530 599
980 123
437 135
246 427
187 774
666 611
49 528
466 646
69 835
22 453
76 52
184 866
148 40
475 493
762 788
158 749
690 260
27 141
953 159
339 521
801 190
444 337
847 662
627 737
403 130
413 736
36 417
155 37
562 558
189 328
887 893
163 164
439 337
503 161
540 233
917 700
418 163
723 978
808 986
867 881
456 60
380 694
670 819
522 244
501 448
975 970
569 106
537 198
759 58
641 481
696 880
320 85
916 779
160 777
797 547
940 668
559 231
749 725
633 823
886 319
354 278
301 222
613 317
912 245
381 409
15 880
639 621
622 445
168 772
796 181
389 443
239 137
640 262
790 365
887 833
703 655
289 655
632 156
258 643
187 732
281 587
172 3
438 141
851 742
282 100
282 222
57 144
509 933
31 559
33 699
593 733
224 842
230 672
306 88
813 688
907 955
166 963
610 333
53 544
985 899
163 683
436 100
195 873
434 880
235 99
150 426
423 442
274 743
937 629
256 808
13 380
860 733
463 37
585 22
348 452
774 391
584 394
447 563
415 426
654 136
183 489
693 512
517 152
626 293
682 856
181 597
957 940
334 409
289 217
644 446
63 475
223 77
319 369
213 270
56 857
948 950
377 895
837 516
134 654
990 899
837 894
743 387
179 793
421 770
630 173
897 831
809 846
711 968
393 719
322 435
786 855
485 533
362 660
670 953
492 949
390 584
