7500 1000
179 561
68 468
908 195
851 581
860 439
189 498
210 715
755 25
343 693
413 980
330 338
830 395
473 410
138 268
871 462
921 571
483 905
862 455
255 291
445 654
888 327
631 181
290 846
239 158
767 41
84 573
395 951
269 915
725 667
613 624
218 509
278 661
588 655
484 714
484 706
602 718
293 40
131 201
338 98
790 286
343 466
691 340
194 507
115 412
45 699
855 43
268 175
630 679
377 1
361 177
147 975
928 136
703 669
121 923
880 860
124 260
247 979
955 508
94 454
70 152
845 813
693 97
51 826
77 572
368 726
900 529
274 397
519 514
352 739
739 289
410 289
861 380
229 453
680 244
455 717
930 372
265 447
891 619
788 396
643 748
672 630
264 783
74 917
704 321
144 91
495 207
405 310
939 869
221 767
637 566
231 308
213 914
132 916
667 172
772 102
103 837
560 625
554 549
75 741
352 237
11 848
42 408
830 904
401 779
28 805
379 508
168 860
382 819
438 79
815 818
167 521
348 584
294 73
286 289
913 632
727 386
444 688
503 642
687 625
739 910
652 299
3 539
58 959
468 322
77 867
300 997
949 88
492 249
645 817
639 823
277 241
843 542
982 463
943 856
247 754
833 167
975 824
719 757
747 900
739 51
624 720
155 841
643 781
884 656
993 198
727 974
344 467
929 694
480 406
974 985
197 786
589 396
914 170
678 763
627 511
466 626
427 609
398 75
449 388
740 815
262 263
720 156
663 921
505 906
998 372
89 450
327 165
159 840
467 848
246 176
835 134
582 814
874 650
543 954
676 266
221 339
637 189
665 834
898 829
316 104
5 590
292 604
591 918
294 31
965 823
190 964
9 745
733 651
268 816
677 699
45 86
587 733
421 607
774 61
780 594
568 555
20 251
676 462
641 683
67 24
485 278
159 585
785 885
196 904
36 590
891 976
862 667
656 689
363 944
454 386
888 298
858 463
438 81
705 288
337 104
286 703
646 231
188 883
779 228
596 849
633 428
811 94
821 697
343 512
659 911
828 170
137 348
386 354
790 482
888 147
755 625
852 851
266 140
208 748
905 218
891 56
607 509
771 799
778 85
698 749
574 242
859 787
477 857
65 273
393 676
889 781
212 91
915 234
489 107
968 838
91 834
659 315
508 501
368 286
78 983
250 193
677 723
26 922
46 207
89 641
927 882
13 639
251 713
11 914
359 798
71 610
513 241
179 834
563 788
493 245
734 926
485 961
621 781
232 520
970 472
605 956
897 232
204 274
701 500
795 880
752 942
841 243
935 679
506 847
351 920
623 363
291 288
191 457
897 982
434 8
971 881
139 384
30 972
617 236
374 789
714 649
842 210
522 867
734 176
836 782
7 558
923 974
566 492
574 562
790 204
287 155
928 330
787 390
511 608
667 201
950 709
708 506
52 623
366 537
567 887
645 129
890 539
571 139
985 831
848 360
180 976
328 754
811 736
551 160
565 775
185 185
293 425
138 486
543 876
567 335
592 726
924 746
241 760
547 752
47 550
133 349
515 362
905 434
30 230
42 752
177 428
972 815
305 381
949 722
87 341
306 393
409 740
220 394
506 51
104 771
761 5
899 742
414 561
335 681
105 791
773 765
817 871
502 19
444 948
420 457
802 526
692 697
662 381
173 61
807 860
421 989
604 585
766 132
837 30
750 301
951 246
649 361
860 610
439 246
847 191
791 478
785 674
411 547
991 500
15 690
298 61
388 302
668 146
704 163
404 136
818 317
625 65
872 162
808 750
401 440
342 451
379 120
385 239
444 486
489 334
946 409
862 431
496 306
528 533
203 651
150 777
854 437
139 522
792 548
583 314
289 615
293 186
117 281
905 76
311 434
965 545
258 72
550 538
261 963
793 956
563 440
515 812
104 813
837 373
862 730
467 49
957 982
570 513
866 982
429 737
496 660
231 995
825 184
251 729
450 38
586 192
895 167
819 106
453 146
349 497
543 531
896 563
507 24
14 418
883 273
209 176
837 975
681 172
189 955
337 192
591 140
959 342
34 451
430 389
171 5
797 570
161 281
747 281
652 968
919 8
125 312
520 556
651 495
293 922
527 8
152 263
531 173
364 770
377 766
414 738
761 678
201 800
784 762
63 878
429 377
475 319
557 899
592 440
264 282
930 934
90 762
386 805
297 813
727 831
42 667
425 397
225 686
316 150
479 208
313 42
966 604
789 206
183 737
140 632
844 801
654 124
199 342
960 590
968 53
746 826
509 475
385 841
298 180
874 649
111 564
928 352
548 283
712 428
776 303
276 897
280 930
530 94
27 721
287 738
843 439
976 968
116 919
905 367
382 876
712 833
729 864
858 172
901 20
977 628
399 828
315 891
241 101
970 97
311 606
730 814
169 213
24 105
458 505
798 117
831 91
576 581
169 665
324 954
748 553
938 501
388 731
238 685
931 886
738 208
461 739
712 448
444 517
168 831
743 280
994 66
38 561
987 476
219 919
397 935
638 252
766 847
695 473
180 835
657 405
632 219
528 553
756 228
347 88
180 698
279 463
129 765
798 873
898 914
372 662
938 643
587 310
247 797
259 287
982 769
190 424
59 344
890 944
558 72
314 853
988 172
675 767
441 589
825 550
175 190
187 268
366 69
440 939
908 915
451 786
81 4
803 321
716 147
312 595
620 433
660 627
262 479
170 460
54 486
958 605
530 846
259 283
142 762
847 977
954 76
487 142
932 864
618 233
266 362
340 943
733 507
213 403
780 222
647 745
111 156
556 193
704 597
834 9
435 805
680 26
101 49
158 798
361 995
836 423
865 785
499 744
347 757
556 134
228 211
257 6
129 199
913 284
281 133
411 702
784 467
828 465
170 768
767 363
712 167
930 219
577 888
264 452
638 667
406 187
914 954
541 363
152 86
202 555
310 517
834 923
762 290
410 133
184 394
29 701
320 851
290 980
877 819
360 43
406 9
384 94
291 918
713 419
592 309
395 984
344 106
91 887
576 924
370 254
980 621
460 26
391 907
578 381
871 756
51 664
219 288
423 465
265 522
123 819
904 735
76 971
448 139
246 636
522 145
855 351
780 946
613 783
380 364
586 372
745 850
17 681
598 665
675 27
708 160
701 926
913 950
193 984
511 499
445 529
866 824
90 469
153 528
746 786
411 532
333 345
396 487
842 34
115 894
620 619
37 834
467 555
404 739
552 928
106 528
815 740
208 582
679 592
432 369
923 449
92 158
868 919
64 738
199 524
122 877
34 575
797 820
91 72
494 259
151 653
969 355
605 630
715 464
214 21
540 895
115 434
913 882
74 384
519 358
211 702
975 374
889 70
607 269
96 802
534 60
194 392
990 587
663 285
208 655
899 822
357 574
852 960
999 232
226 730
593 418
549 224
272 301
789 628
859 332
339 195
918 439
207 432
709 639
325 110
254 749
32 95
306 248
628 363
212 237
731 737
588 62
638 71
334 948
337 680
134 836
426 988
980 154
139 219
452 193
195 253
177 680
757 253
78 542
551 723
165 108
869 885
937 970
175 971
346 197
114 138
918 745
697 64
447 439
816 327
242 887
994 475
889 844
578 815
938 44
187 793
391 235
589 632
113 667
468 582
575 909
678 291
822 295
908 230
361 256
930 631
848 17
837 947
485 961
563 408
241 104
987 891
768 164
679 501
122 53
957 722
956 577
28 504
684 411
364 551
699 258
216 757
911 179
674 199
185 957
320 921
440 335
659 799
76 80
410 332
721 36
214 57
797 849
361 554
455 355
121 962
781 462
134 661
255 862
464 568
314 970
246 49
508 890
127 616
486 304
759 454
814 618
604 700
585 762
928 118
105 298
694 643
388 705
117 11
816 410
629 691
67 589
243 920
888 626
456 303
988 796
736 91
73 871
696 401
843 280
672 33
868 92
144 336
541 636
690 681
407 647
596 544
4 770
931 891
507 461
822 807
70 524
698 220
114 19
278 179
294 796
606 82
860 92
86 328
704 577
982 524
368 986
897 844
911 994
715 871
17 194
773 761
821 389
892 624
133 625
572 886
195 963
587 824
332 103
215 33
999 958
881 480
731 354
568 193
961 225
952 817
767 484
169 680
29 559
28 34
755 494
57 825
909 421
992 338
777 390
713 252
729 107
428 983
403 689
194 278
726 688
585 407
168 839
485 430
524 535
120 506
644 539
814 312
721 181
296 390
94 532
34 64
370 555
254 542
373 492
438 170
11 361
716 390
654 285
450 119
849 598
89 649
648 876
15 810
904 67
347 235
313 368
605 264
216 590
331 813
993 299
331 785
574 866
670 202
990 379
72 915
865 813
336 566
494 728
668 426
701 326
766 712
47 920
636 462
165 338
571 364
161 909
350 753
208 470
933 156
406 691
967 262
160 470
946 487
739 502
867 283
777 493
952 411
335 125
279 237
734 389
622 147
567 667
114 992
144 97
795 97
194 822
184 890
373 519
875 906
103 334
896 939
930 303
665 188
185 503
510 140
690 847
325 569
869 920
820 161
975 994
167 141
315 692
506 176
823 280
629 754
114 633
978 152
512 586
827 57
13 171
32 824
847 184
990 288
130 74
74 343
848 950
777 80
362 192
576 301
743 681
221 605
902 514
295 491
743 479
896 357
966 882
461 391
121 609
660 397
558 488
728 231
270 353
720 793
686 643
984 479
829 178
88 41
796 563
374 315
298 65
527 969
93 583
721 645
268 50
342 810
482 654
623 200
193 424
991 763
33 193
594 207
966 491
687 842
460 854
605 770
763 873
926 5
601 642
310 587
61 239
515 912
647 736
128 65
402 54
891 833
806 737
451 25
77 149
451 299
994 208
809 391
880 79
194 755
940 12
202 95
822 9
792 573
234 51
104 908
634 187
503 451
134 527
679 327
705 395
350 794
155 80
325 719
626 191
516 371
717 459
740 176
192 661
711 750
100 256
562 485
294 324
52 579
89 419
202 134
935 19
16 257
849 454
693 843
342 532
906 237
788 749
680 822
667 165
555 740
825 542
441 507
285 287
765 338
278 199
131 166
302 738
941 601
166 249
535 372
578 356
713 589
822 860
951 295
664 433
650 107
454 295
700 867
353 561
668 209
443 785
484 444
370 100
908 536
310 941
835 90
660 394
817 49
807 459
348 906
58 629
259 89
361 939
220 672
925 721
219 883
801 711
387 743
268 460
487 337
228 263
29 195
448 664
455 703
458 600
126 607
431 87
660 229
582 936
126 421
209 377
646 855
958 205
911 331
872 611
830 320
793 534
20 874
469 546
425 959
568 265
312 339
206 945
428 734
328 308
809 31
258 519
896 810
776 313
922 409
368 613
472 959
427 291
116 704
990 304
854 949
358 119
353 448
410 231
544 292
958 913
683 833
606 708
348 948
457 58
756 369
472 617
246 425
258 521
85 885
60 358
94 197
67 973
62 173
871 710
891 439
509 879
720 676
17 208
391 336
917 29
962 126
65 659
527 135
165 471
146 653
592 164
945 565
289 26
421 739
71 978
394 566
457 456
331 377
248 491
251 170
821 911
542 767
111 462
528 782
110 764
679 886
353 258
329 491
892 56
730 335
148 28
343 50
786 58
664 131
856 769
135 39
603 431
254 46
77 835
624 682
578 51
865 470
103 805
892 357
437 406
279 552
217 460
424 729
81 695
170 187
954 565
430 719
723 433
421 775
852 516
540 844
362 318
646 282
816 974
595 469
181 822
139 172
921 464
847 368
997 937
758 906
655 590
361 920
340 235
132 429
719 100
750 663
755 625
332 3
923 583
146 882
927 811
266 796
584 209
779 12
680 470
85 445
675 590
440 362
984 283
219 62
686 898
685 125
243 925
869 623
877 775
841 679
899 592
691 506
748 504
698 744
894 566
78 776
121 253
607 842
309 147
890 665
949 479
778 89
483 678
564 874
713 430
291 685
718 694
773 222
626 909
387 876
80 949
960 887
335 913
878 476
818 238
102 344
171 822
643 532
859 428
848 846
746 639
690 457
58 100
21 597
273 661
159 144
683 707
696 168
176 411
833 69
89 263
494 28
766 247
622 819
979 245
288 9
547 750
720 660
435 492
266 565
579 781
242 287
93 83
625 677
246 800
225 128
712 455
706 564
392 774
334 195
686 333
115 332
488 801
596 268
858 778
727 472
467 521
201 75
784 837
824 796
461 418
765 521
512 234
953 443
774 199
91 294
894 333
968 95
402 553
281 398
335 680
245 534
440 713
229 363
214 99
645 692
790 642
872 376
531 485
311 255
153 174
4 193
364 502
813 791
282 140
471 638
243 127
424 149
233 962
107 194
107 267
688 253
20 29
644 476
57 540
73 560
635 929
79 982
631 486
173 701
362 814
75 325
902 762
375 546
55 153
561 566
791 609
301 915
266 41
864 91
190 543
700 190
946 470
539 402
203 36
362 883
261 229
354 151
407 19
200 899
746 267
840 798
808 829
981 710
721 78
586 466
116 173
832 197
457 747
749 36
367 534
600 141
399 968
513 923
342 328
742 822
796 618
862 205
807 36
872 892
138 878
55 825
297 990
172 711
982 238
668 416
809 181
208 913
901 6
348 407
162 101
169 639
254 575
33 267
186 223
492 550
734 797
156 125
470 325
125 598
300 498
457 448
812 189
65 746
139 851
683 219
544 181
598 327
57 212
307 117
620 193
34 736
102 259
934 355
109 850
852 179
965 516
568 489
212 209
894 649
911 220
11 179
369 111
159 601
934 477
494 999
931 251
239 690
578 982
114 15
202 164
663 978
360 755
663 342
133 11
960 188
248 295
680 188
43 502
593 361
903 940
306 524
946 745
631 61
102 852
837 869
939 973
473 250
506 745
698 419
39 106
125 344
915 310
469 528
440 123
562 365
359 266
135 103
995 16
67 907
921 418
167 174
781 457
664 201
371 186
595 640
696 293
220 673
830 504
829 368
475 819
722 538
369 557
321 447
920 749
243 961
310 185
289 110
966 525
390 918
7 160
713 245
676 814
758 610
882 711
893 937
467 353
789 544
876 343
791 240
884 41
359 908
883 528
717 980
471 364
445 283
147 308
414 312
153 995
171 941
810 583
627 20
670 578
139 596
128 496
409 486
77 641
857 626
42 920
31 694
787 945
152 957
172 425
415 564
341 30
188 690
502 935
632 851
479 30
811 117
535 994
263 365
413 839
37 765
974 31
328 573
326 9
977 369
930 746
217 132
599 323
469 484
22 903
680 930
523 85
605 952
758 530
954 512
43 379
947 915
171 578
971 890
630 667
994 681
317 602
285 105
328 839
321 622
365 918
943 923
378 685
318 531
885 889
141 82
476 833
555 355
92 124
228 438
333 761
163 254
827 189
213 402
36 786
240 186
150 694
99 921
925 66
879 546
453 958
146 35
169 189
535 809
271 95
708 553
460 124
456 255
311 388
482 31
417 153
196 783
526 696
196 697
111 872
466 301
661 66
316 952
783 446
555 244
873 882
491 448
373 976
206 773
838 768
489 835
369 410
742 713
205 739
941 937
410 198
718 501
75 391
205 874
144 168
690 492
708 401
89 418
478 549
375 928
620 323
760 312
369 101
277 456
767 312
909 637
307 368
973 740
780 898
386 431
163 384
232 993
974 36
323 983
817 113
637 543
441 190
122 864
833 141
196 581
707 35
487 331
187 956
294 121
804 230
875 893
863 547
121 43
316 847
141 869
892 948
77 209
733 754
663 655
350 172
497 389
426 999
291 339
775 695
35 256
712 812
96 843
945 746
97 956
921 806
505 906
409 325
130 303
710 346
403 472
229 886
396 2
959 94
476 992
169 942
914 563
838 331
43 611
675 257
620 626
902 884
668 138
154 36
204 601
15 609
707 551
13 704
772 32
910 330
339 837
444 64
422 271
542 20
77 568
927 477
354 373
329 198
474 165
95 424
594 900
114 775
847 864
933 83
299 253
604 711
462 501
114 562
823 877
367 123
831 360
75 530
646 339
496 726
230 331
957 452
96 625
108 646
866 217
790 76
678 473
976 378
831 325
683 41
973 637
800 630
857 433
404 426
989 788
971 812
118 349
436 270
995 528
254 220
420 129
469 333
165 364
808 743
932 409
170 329
523 409
282 526
553 818
253 179
910 263
353 733
444 518
482 46
49 197
680 340
861 648
31 946
512 760
601 302
781 959
891 159
770 747
920 197
89 441
575 854
877 757
662 704
576 872
430 495
257 437
276 764
198 818
29 563
3 691
913 114
590 869
520 625
459 748
207 182
234 90
25 740
829 662
871 211
348 273
392 914
904 288
11 402
252 12
630 693
692 982
898 476
692 881
669 74
280 289
616 489
716 886
216 407
941 246
622 338
929 901
704 653
15 568
689 839
267 23
655 678
1 574
398 837
796 622
766 923
881 297
793 975
423 521
298 479
824 385
852 896
186 77
174 815
460 674
72 871
882 620
302 571
866 898
232 878
524 117
776 154
630 727
914 85
776 53
384 748
584 775
598 936
818 145
78 989
745 23
629 123
8 977
46 957
786 692
902 288
203 360
869 540
374 172
109 287
525 141
925 779
634 151
953 945
412 35
515 837
959 734
458 503
80 966
11 208
901 555
657 788
937 616
880 513
44 966
12 42
834 155
568 419
185 317
526 429
778 522
920 800
398 792
496 268
298 375
129 843
419 221
265 482
395 574
663 256
935 347
519 731
667 141
575 912
787 969
372 288
207 349
995 227
542 66
311 837
181 960
323 882
89 512
884 189
427 842
264 780
540 628
65 518
320 767
906 631
679 996
363 706
433 501
563 936
15 599
702 380
319 779
999 832
491 695
215 416
691 277
189 611
673 962
6 429
312 642
739 444
286 588
925 532
502 299
475 471
655 200
532 337
986 32
736 94
864 579
595 47
229 498
337 932
91 206
701 206
152 611
997 747
124 210
128 545
465 847
71 405
79 383
153 258
54 488
806 651
637 276
454 838
21 525
272 279
663 12
342 653
143 209
845 766
321 666
353 949
770 72
737 538
35 21
195 254
719 790
842 535
795 428
77 270
983 228
455 547
951 606
41 36
897 726
573 483
408 630
520 970
894 210
69 863
243 277
426 655
368 580
645 226
580 177
390 476
987 728
80 317
400 864
94 891
629 235
848 850
325 505
584 836
530 238
233 868
458 183
64 215
650 548
705 689
236 227
928 92
794 60
809 103
807 573
165 999
111 556
496 88
541 68
904 375
539 970
732 523
911 414
40 575
496 826
15 88
625 414
254 354
556 454
524 651
786 302
545 747
181 529
926 637
510 326
138 882
35 138
898 192
463 868
851 89
216 823
918 594
216 171
574 834
97 901
370 159
867 188
619 381
792 788
275 531
101 89
306 849
647 473
605 867
692 959
677 376
33 36
675 706
336 152
629 723
115 977
321 59
385 346
246 288
306 764
358 3
587 112
42 577
750 447
60 213
11 681
893 703
229 530
498 818
207 834
261 858
66 711
952 415
888 545
82 618
728 398
571 318
941 514
967 986
125 394
56 971
751 850
368 616
856 919
293 662
320 489
747 785
341 290
970 532
405 261
510 476
735 939
774 624
164 28
41 967
171 195
882 444
330 933
663 674
56 599
435 557
533 450
104 551
170 322
264 284
30 487
892 500
25 561
59 102
268 857
369 67
998 249
460 805
179 330
504 556
216 487
37 300
663 779
635 278
83 906
310 681
760 619
326 592
864 664
608 490
837 855
701 612
76 634
708 605
539 489
388 484
396 589
360 59
991 597
841 191
25 657
334 816
571 257
45 406
551 827
955 647
169 329
177 373
364 345
629 507
736 22
941 332
903 511
257 699
63 338
175 499
16 925
782 922
235 97
263 338
957 864
332 833
226 569
323 565
24 293
98 263
263 842
170 976
52 668
774 888
317 501
750 115
585 91
139 425
10 936
934 294
435 84
365 12
442 175
639 971
192 54
142 992
695 721
354 173
789 940
649 254
108 627
929 899
835 954
968 806
171 141
483 491
129 940
263 411
837 868
449 963
760 202
931 344
452 923
14 736
562 824
813 343
188 182
927 942
124 618
559 382
613 928
549 737
412 452
504 321
967 273
474 945
741 409
289 409
284 71
895 367
625 259
770 846
864 978
863 60
962 159
674 212
600 822
15 827
814 843
342 603
578 827
650 520
515 42
961 173
561 840
627 249
629 789
688 484
195 337
529 500
36 684
40 558
661 979
948 346
385 354
209 644
529 589
564 816
835 958
616 241
409 877
734 746
690 930
685 931
1 266
26 958
265 446
813 770
233 515
652 352
270 597
918 805
290 66
976 640
23 26
576 935
829 430
20 692
298 633
714 64
290 27
291 110
689 263
455 785
595 275
272 752
157 750
402 28
368 435
974 456
467 417
865 693
343 422
311 612
991 354
469 506
368 926
638 312
783 461
178 43
192 345
245 610
419 405
704 310
712 508
99 485
638 657
200 698
544 547
105 201
289 254
714 89
36 455
825 16
381 612
289 81
602 271
840 925
37 32
739 707
793 574
81 67
532 260
983 789
598 817
532 534
733 287
529 3
671 326
40 578
729 461
552 884
467 827
36 745
123 106
290 125
843 126
653 464
358 421
136 300
838 287
535 792
813 168
748 981
413 123
982 829
723 674
255 26
68 36
981 220
309 16
772 168
651 738
449 979
31 46
528 18
167 997
931 172
86 318
329 583
667 305
645 707
475 624
374 232
391 281
985 267
99 400
185 647
946 188
811 153
915 636
921 750
752 890
404 263
541 50
787 919
542 351
345 934
42 893
18 361
114 985
39 512
992 431
498 550
393 518
2 321
187 626
311 559
294 995
802 287
589 982
968 564
381 161
701 533
357 292
779 529
732 181
759 97
45 300
122 188
74 742
480 8
998 209
170 915
761 531
730 885
218 529
327 503
404 701
474 370
119 313
420 952
887 791
804 320
56 820
596 579
469 440
137 285
854 71
948 968
119 619
33 872
347 530
737 96
759 926
426 210
220 915
550 336
41 274
887 115
152 671
825 653
798 958
401 767
347 632
902 834
678 469
793 749
360 199
453 532
687 224
493 852
556 412
261 444
663 953
18 344
947 159
518 746
428 297
682 645
688 406
407 363
969 462
701 662
908 257
379 640
554 86
343 663
28 873
911 498
189 363
919 765
58 840
726 144
502 288
263 746
355 81
992 433
718 250
564 345
538 163
61 549
893 456
369 693
227 597
560 909
86 365
270 918
183 529
611 824
346 697
887 390
741 485
514 241
907 540
243 151
635 361
789 327
167 796
128 680
832 721
493 777
597 198
399 158
735 532
210 470
202 426
130 762
10 253
146 164
194 63
695 636
953 81
281 464
35 250
172 851
18 992
600 678
632 974
745 556
891 401
571 946
29 552
364 507
893 902
418 618
529 212
618 948
750 16
799 227
426 345
759 580
302 221
242 692
347 457
244 387
221 192
809 944
401 181
345 88
680 72
498 144
983 884
324 453
754 800
664 871
807 352
291 851
314 987
243 299
364 368
894 256
430 243
181 67
710 404
359 425
459 501
381 122
356 484
913 306
138 510
200 85
828 556
517 78
298 629
791 855
403 347
235 351
472 518
966 920
83 320
887 628
291 646
374 34
696 794
708 237
279 629
496 43
309 374
695 85
113 193
684 448
494 293
705 608
61 318
687 362
792 314
876 915
106 808
48 209
617 799
293 703
144 513
545 957
508 275
410 471
700 591
942 968
979 26
86 484
556 385
988 521
532 109
127 587
651 703
163 253
246 662
706 935
686 683
536 832
186 323
178 146
513 435
632 742
19 561
475 468
606 92
956 698
621 445
23 925
478 547
17 188
501 507
840 515
677 688
351 727
975 568
784 749
351 833
219 749
765 735
739 127
486 843
463 492
133 284
154 975
65 311
416 491
143 670
754 438
624 517
662 262
876 416
774 989
427 398
561 891
325 143
920 8
223 611
671 811
84 364
926 73
302 861
328 107
154 287
690 164
703 787
197 39
819 366
223 348
447 431
292 345
8 327
683 574
769 31
341 769
632 829
954 897
418 146
955 731
432 157
304 240
5 204
642 991
816 888
952 856
582 828
252 85
531 387
75 783
69 155
252 370
325 587
977 115
69 363
735 385
729 250
625 468
376 297
591 995
155 634
668 578
923 544
114 39
1 777
62 159
132 304
397 906
657 710
728 619
892 233
501 845
107 731
386 441
47 688
336 890
953 615
410 875
303 846
910 744
151 273
394 919
380 52
682 758
992 988
618 251
887 573
510 393
502 945
828 926
949 956
754 676
629 474
543 985
413 37
322 683
763 508
29 350
106 937
421 602
205 74
833 800
299 195
330 952
833 409
629 897
18 449
453 692
526 630
362 295
724 764
121 525
664 478
195 87
43 588
791 246
334 111
78 433
113 64
138 599
132 829
45 612
356 952
638 745
988 556
689 485
960 764
522 971
311 530
459 711
922 752
633 565
887 231
740 327
618 538
408 453
947 402
938 889
688 282
620 449
7 830
695 907
896 784
556 220
243 441
71 619
814 494
859 905
165 457
812 368
834 77
275 113
92 549
718 272
496 900
152 34
801 794
933 926
632 516
196 920
625 57
428 967
462 505
634 321
147 49
55 849
88 380
653 147
968 919
294 982
534 522
381 655
679 67
32 335
669 569
351 706
172 247
734 333
86 204
869 325
176 221
15 523
548 125
357 765
710 93
261 867
144 108
134 535
603 302
264 894
909 455
777 175
183 55
338 512
609 140
211 48
807 487
572 993
368 465
757 961
255 948
443 660
192 973
510 161
283 78
558 492
827 685
84 105
900 88
150 787
835 936
624 601
765 817
692 42
35 503
604 467
485 18
147 489
307 77
187 237
644 825
341 988
711 849
226 961
297 858
732 849
348 525
446 293
671 489
826 42
171 944
388 690
474 564
917 353
699 196
111 632
304 344
493 533
791 959
467 30
963 359
94 109
133 347
255 51
222 264
237 422
310 433
620 495
462 7
820 643
527 669
238 423
931 105
83 771
659 90
755 399
750 49
633 868
218 789
639 937
462 746
752 303
932 837
132 331
148 764
590 702
74 794
627 49
176 391
920 8
854 366
682 508
782 685
780 458
901 681
622 42
295 478
372 819
835 8
596 843
177 661
269 16
595 411
307 765
20 642
915 253
160 500
640 879
122 441
503 899
355 346
693 432
559 950
89 271
135 766
971 933
821 370
810 148
937 414
801 808
795 976
649 548
426 880
665 349
205 797
721 666
951 29
149 386
955 365
983 283
74 879
277 326
810 821
795 87
285 586
508 317
660 701
94 566
3 926
577 604
205 151
894 522
500 55
214 868
307 384
616 703
606 11
727 85
266 67
204 164
515 609
316 791
954 529
145 280
499 117
265 873
576 992
245 713
281 24
675 835
71 918
522 541
442 33
411 580
390 320
870 398
743 935
690 151
813 767
541 739
621 411
504 268
371 665
816 468
573 736
683 528
517 543
783 525
234 411
294 764
866 756
149 93
45 197
32 691
402 893
10 825
585 868
415 975
330 831
3 874
90 327
998 808
241 503
777 510
822 891
10 325
322 645
718 196
29 427
291 733
836 421
879 889
138 911
169 387
428 405
4 883
126 177
668 497
845 814
985 770
340 993
551 270
68 153
635 178
201 347
198 61
547 164
181 671
882 749
355 499
617 668
117 547
438 101
11 544
87 303
742 547
309 748
663 83
100 638
451 870
846 734
879 823
252 430
563 184
281 752
785 640
272 590
794 229
94 705
414 366
413 280
73 133
297 784
925 605
79 880
785 248
454 7
926 196
453 143
114 168
649 37
652 174
841 615
765 843
827 97
429 22
545 343
609 902
573 474
95 223
659 308
390 788
947 602
379 59
877 507
737 85
324 300
625 16
762 103
329 365
592 378
835 672
819 506
956 660
759 96
387 222
548 690
531 641
979 761
798 219
868 979
162 484
319 145
324 434
308 597
643 26
246 546
953 64
186 667
764 785
348 952
75 332
727 638
592 89
225 6
870 976
306 594
13 356
909 493
801 518
639 799
615 361
665 698
564 9
286 931
666 619
946 842
147 700
208 181
278 373
879 488
147 660
914 954
761 572
575 363
291 406
845 529
802 226
656 216
850 571
115 94
379 129
849 653
960 802
786 18
178 382
438 329
397 548
353 812
908 762
362 643
966 963
656 512
132 264
977 441
474 276
258 878
235 307
710 560
370 906
925 763
610 297
242 154
501 148
803 545
279 347
85 198
169 717
279 296
880 472
778 660
386 662
687 375
594 944
465 774
129 816
974 101
74 49
275 195
793 771
140 353
168 767
254 344
632 402
942 277
265 621
124 443
586 604
870 970
402 586
659 172
538 891
926 628
523 195
436 369
899 401
319 836
14 672
630 634
431 262
946 64
523 991
200 632
817 519
799 428
466 205
540 304
124 695
321 197
725 518
776 454
104 130
433 871
693 163
38 470
483 582
193 249
604 338
920 670
58 358
603 685
947 373
498 845
796 137
525 882
159 283
897 683
207 327
129 750
134 315
710 4
591 397
913 542
417 355
178 370
184 525
865 816
6 414
145 689
754 841
116 350
135 21
133 991
982 560
64 726
673 869
467 63
176 611
654 702
774 330
895 98
181 796
977 692
482 743
63 380
133 515
722 48
452 976
577 277
127 366
320 803
993 991
781 751
854 867
748 244
966 48
169 217
739 549
884 710
251 505
524 169
763 703
652 37
309 436
370 223
129 898
223 79
429 983
815 198
105 425
708 459
276 447
973 930
279 770
940 773
405 401
60 88
910 532
213 190
602 19
414 531
352 995
724 981
915 932
50 176
963 180
774 751
659 225
17 858
550 973
39 450
538 662
741 495
632 107
1 406
250 830
936 574
438 483
83 295
109 995
654 944
250 276
895 805
229 171
297 827
857 903
920 189
979 337
647 259
999 52
440 396
350 31
493 441
288 497
653 608
983 878
19 154
891 235
833 448
935 172
382 731
250 370
446 263
11 451
618 904
149 286
351 354
373 963
783 327
74 694
301 420
971 316
239 61
69 575
648 27
493 916
891 202
654 499
638 512
889 21
816 288
488 43
447 954
372 206
534 893
210 398
146 718
98 237
693 896
49 97
637 196
352 465
661 189
496 625
267 404
895 532
114 134
621 285
922 255
748 849
580 593
815 620
17 660
568 229
197 391
379 983
273 624
52 217
579 885
100 68
414 705
583 194
640 152
714 507
204 766
17 787
138 600
338 209
815 10
454 506
832 718
541 601
297 554
343 375
756 729
178 738
212 985
605 530
277 56
727 971
190 1
986 864
693 293
210 109
626 398
130 83
531 59
413 452
2 181
52 840
538 257
254 23
61 297
173 389
941 365
916 900
457 15
675 80
212 894
888 533
3 280
201 60
12 228
39 537
758 862
891 466
140 47
644 171
235 611
390 853
720 745
421 49
866 155
419 429
315 10
893 570
767 2
57 581
738 449
56 347
622 694
533 454
859 307
179 692
33 891
2 364
823 385
513 490
55 569
229 417
984 104
647 564
483 871
511 906
893 318
310 534
617 907
363 381
935 152
499 985
351 725
95 867
86 790
776 810
237 101
190 854
976 378
755 636
764 333
477 158
643 104
711 976
290 922
358 720
993 712
607 391
691 379
752 892
261 851
421 899
962 274
374 781
327 225
77 214
450 326
152 648
397 309
117 935
242 683
918 608
961 679
215 428
629 262
905 406
216 918
186 526
721 667
749 703
333 838
856 887
840 303
258 385
512 727
988 511
502 558
722 567
544 770
74 819
216 581
588 604
429 453
269 772
31 745
197 921
610 415
924 341
198 962
223 969
683 810
237 879
917 747
503 558
769 190
16 709
99 349
367 464
483 620
71 249
15 261
142 295
392 989
797 918
351 729
391 800
644 439
453 148
857 742
437 11
51 821
782 309
540 436
782 982
642 686
784 419
79 644
955 144
526 690
341 290
485 910
335 612
449 820
854 213
454 932
116 788
994 730
719 32
303 502
682 720
183 929
154 472
77 194
35 16
798 348
74 154
682 698
576 756
820 924
457 662
706 978
350 934
340 982
971 611
845 295
297 619
249 870
860 997
747 903
129 498
271 535
673 23
634 584
691 183
892 173
283 140
292 457
398 407
197 494
26 117
958 410
265 958
914 555
950 451
746 695
969 922
854 61
418 221
967 335
560 335
646 5
470 402
817 819
810 124
268 782
673 813
872 791
838 122
743 524
592 821
275 162
413 378
392 889
940 582
579 861
116 391
865 554
77 669
223 161
415 470
767 687
295 248
320 226
815 805
166 581
257 314
42 303
185 924
505 39
394 497
966 209
776 711
538 684
351 485
114 428
682 535
549 754
807 504
31 559
571 928
704 898
368 702
366 547
43 61
134 34
746 753
556 309
516 882
883 445
973 881
954 324
740 749
48 890
664 854
538 584
220 393
951 773
350 802
749 487
4 167
837 180
217 140
140 214
684 842
799 178
777 679
384 468
153 936
261 877
512 147
833 664
927 97
650 457
810 274
353 17
32 559
750 503
882 247
422 448
761 960
121 62
402 838
723 856
889 356
198 33
552 805
468 728
428 40
686 516
990 221
701 519
670 84
676 103
499 803
187 673
257 734
510 630
522 491
92 419
366 746
309 652
812 58
441 567
534 776
501 349
105 379
940 315
506 566
162 470
696 252
218 360
20 700
680 613
612 391
842 42
55 188
776 94
996 666
924 326
640 860
653 595
581 385
308 154
451 748
550 226
769 725
450 597
502 786
747 455
600 56
635 367
937 941
114 841
788 5
650 399
331 574
574 58
580 173
974 223
666 826
856 744
377 238
654 401
923 978
255 725
702 57
696 520
437 565
589 242
206 406
952 677
245 600
634 237
256 394
523 348
252 928
205 504
316 111
219 470
201 255
69 421
469 171
204 840
688 501
116 190
916 100
742 954
541 80
455 25
412 203
618 688
838 800
100 395
64 768
962 679
141 610
873 986
805 244
3 307
391 77
886 950
379 832
175 387
941 307
324 784
726 375
110 978
443 83
375 823
969 861
764 255
619 602
354 770
129 561
90 547
843 795
177 436
529 181
985 284
314 16
660 85
725 165
894 47
104 782
275 872
777 47
827 831
244 832
842 802
589 733
603 555
215 828
514 339
452 619
978 696
428 14
969 237
26 912
39 679
466 125
457 400
570 161
490 659
555 739
205 724
616 418
688 452
826 272
713 950
203 583
879 550
466 900
406 577
885 500
11 39
303 78
201 794
698 375
308 380
179 26
882 994
833 82
149 666
28 580
893 260
286 499
960 327
69 553
237 996
192 286
649 521
575 876
965 584
387 908
706 918
159 495
788 765
434 955
468 820
8 541
875 371
468 459
853 385
610 254
70 794
551 141
867 946
364 173
934 441
43 880
334 641
452 895
54 789
379 14
69 978
885 853
531 389
236 189
270 776
600 850
662 979
62 958
14 190
398 353
472 858
940 238
630 585
914 692
774 364
287 509
695 871
522 196
334 868
683 637
970 987
384 552
655 485
622 994
938 309
115 162
39 286
186 782
993 464
905 444
661 595
195 839
747 96
701 834
262 968
610 628
634 628
814 498
582 786
368 627
955 380
752 465
718 993
505 486
409 677
867 35
950 426
57 593
116 185
864 194
574 24
37 594
763 271
259 339
676 896
54 341
211 184
182 688
90 590
459 413
327 714
808 741
646 267
918 965
616 136
756 745
266 745
831 405
106 55
768 291
324 682
392 14
662 462
31 284
342 279
137 735
561 827
825 903
226 944
779 275
251 876
85 139
443 474
667 408
733 888
920 742
636 54
8 694
195 49
400 462
260 352
289 865
402 435
652 21
355 654
735 158
968 356
974 289
147 108
963 880
545 697
264 266
573 259
163 201
640 321
403 612
673 848
945 61
327 46
138 187
725 226
799 939
85 941
592 346
706 691
174 192
647 181
223 159
159 994
477 124
780 999
872 294
107 678
917 528
797 231
764 568
468 870
593 287
64 833
601 614
131 291
759 37
671 192
757 564
315 323
188 368
296 218
101 418
35 229
249 380
825 791
487 439
881 687
568 600
694 29
946 287
389 454
199 460
737 79
180 145
500 637
651 246
104 592
58 696
351 957
377 956
941 954
747 421
97 14
814 209
998 320
936 583
896 396
572 122
949 416
948 521
306 374
222 850
320 70
276 191
141 726
481 837
789 819
72 457
760 576
919 605
595 837
192 315
741 42
377 82
641 244
410 187
865 887
255 430
980 232
375 533
163 317
644 992
624 636
535 238
594 428
858 350
629 884
463 308
138 135
313 187
434 166
194 643
129 525
752 810
452 576
703 789
858 217
257 58
724 365
69 261
75 386
211 694
320 687
800 616
451 122
644 819
836 292
832 469
83 550
364 921
106 114
563 609
794 533
104 540
388 802
68 151
937 114
697 519
93 407
957 341
777 565
118 257
413 636
775 530
518 223
708 797
450 379
207 299
350 208
678 956
409 906
865 274
116 655
526 511
831 874
922 71
346 729
24 180
632 640
688 751
842 498
548 391
582 718
831 737
139 696
869 444
228 313
183 492
222 620
316 454
394 901
846 728
51 207
578 997
148 864
176 183
581 784
476 144
821 522
331 50
860 840
167 929
162 680
385 763
978 453
541 726
258 472
52 130
908 188
114 142
900 580
397 138
144 903
419 943
792 749
848 536
373 371
222 871
898 560
802 934
456 457
931 485
987 62
746 316
107 113
678 115
493 466
781 262
681 683
747 469
920 226
762 272
296 647
559 66
702 187
568 49
758 726
494 455
676 691
947 20
541 535
75 127
9 511
374 74
483 589
497 763
683 178
177 865
79 985
132 468
742 578
942 671
545 495
823 299
445 930
471 718
507 430
885 762
507 842
513 817
283 428
119 901
675 411
284 463
250 16
533 352
198 527
909 993
6 412
612 16
429 766
625 662
921 382
451 234
801 228
655 81
995 122
881 445
373 136
682 392
259 455
446 767
895 65
719 680
111 151
634 412
253 455
807 434
450 451
929 730
257 587
101 108
888 14
668 932
794 949
965 688
471 669
826 291
95 794
313 737
788 654
561 791
766 486
550 167
874 462
604 270
686 686
972 896
695 771
810 565
355 729
501 42
994 80
139 401
922 34
721 795
455 596
448 118
634 580
19 487
791 791
321 171
429 939
543 29
327 450
585 356
369 595
604 204
43 73
476 772
548 430
649 33
210 950
558 599
510 480
464 682
852 601
473 544
397 395
559 635
470 655
160 798
687 800
78 535
963 987
165 145
154 21
396 897
333 320
636 662
398 968
603 117
794 286
288 992
920 99
990 450
55 445
540 634
716 457
531 609
491 713
758 529
886 461
762 385
958 376
953 643
241 45
253 567
12 455
885 211
48 934
884 523
892 484
931 28
578 64
905 766
407 911
175 21
269 386
892 291
971 711
364 661
106 248
953 901
954 958
100 364
126 69
735 411
514 644
473 946
767 482
17 484
543 789
208 99
13 140
170 578
964 544
332 948
213 163
603 423
487 957
433 649
971 193
799 63
690 665
795 752
639 681
855 1
763 602
618 888
162 321
230 260
786 988
783 637
520 246
588 666
382 74
376 278
938 472
471 372
446 122
489 278
889 462
871 516
313 702
457 275
492 792
229 936
605 586
817 732
130 710
927 346
2 365
867 143
934 550
952 475
812 257
534 692
818 580
464 20
217 281
137 850
157 134
333 562
224 284
711 321
606 779
72 685
731 581
424 417
363 174
221 446
911 475
414 542
12 490
954 183
147 860
765 377
831 709
495 670
390 96
446 643
662 905
359 736
171 27
546 640
890 708
452 463
81 704
856 753
522 242
511 106
2 819
76 65
914 374
472 975
765 942
159 686
135 996
502 201
134 219
567 286
655 205
924 400
765 211
797 829
970 207
168 350
867 484
866 844
227 924
84 336
107 442
909 363
488 644
616 649
442 609
522 16
210 566
971 118
773 921
867 731
721 774
352 177
818 22
458 45
766 266
489 399
717 108
327 238
671 923
945 914
440 51
990 865
287 124
391 366
552 421
954 166
810 411
469 268
683 708
658 176
147 148
899 727
713 387
728 254
80 802
859 255
709 66
443 994
393 405
197 39
387 557
405 647
35 48
394 91
52 637
212 246
139 13
704 717
823 317
519 389
162 534
394 967
414 527
53 608
895 132
549 619
358 147
330 726
15 319
785 507
960 175
626 302
810 453
561 925
694 59
744 729
500 212
76 750
519 733
499 760
884 427
952 913
742 989
798 119
635 52
495 646
932 45
44 670
979 722
228 129
954 420
362 970
412 829
496 283
604 619
565 355
719 649
550 21
234 859
568 279
878 938
538 140
915 52
819 866
504 332
986 166
381 997
987 92
412 3
933 785
337 546
183 398
199 844
328 174
709 237
697 913
893 608
192 857
874 755
466 95
660 726
632 135
14 745
448 957
442 447
48 77
911 452
843 711
956 276
944 919
608 316
876 8
61 483
815 710
74 177
507 418
664 765
513 697
248 57
324 254
385 16
670 672
542 82
534 175
504 835
754 872
273 562
110 938
13 550
355 505
438 321
623 601
761 677
129 745
139 715
784 721
624 603
101 380
831 721
888 574
56 700
522 585
353 137
788 648
779 222
319 124
528 900
380 229
496 120
797 269
595 124
503 718
134 84
434 67
377 111
112 488
516 120
814 983
951 807
473 482
903 455
727 243
463 467
952 877
934 660
234 397
718 477
521 66
581 278
952 822
650 387
492 703
880 182
826 492
928 142
904 466
357 311
458 933
795 732
168 722
900 324
973 628
446 628
115 186
21 147
619 967
888 138
603 298
110 158
325 446
506 717
448 938
972 132
640 187
170 379
754 182
870 494
885 523
903 566
425 572
428 687
163 342
656 665
9 984
64 225
434 270
97 76
220 486
409 173
589 293
545 604
436 526
237 834
576 675
882 669
459 982
142 252
469 128
378 113
564 358
577 655
487 61
297 669
510 64
352 912
453 907
954 139
953 82
389 622
649 500
424 666
354 177
716 494
412 76
374 690
895 916
843 943
268 708
106 94
479 199
739 941
629 726
111 717
853 832
730 751
192 416
480 909
939 4
757 875
819 226
464 47
405 546
323 749
445 813
436 182
550 782
110 435
238 540
978 364
128 951
804 586
553 797
71 161
6 700
634 541
451 738
825 95
117 527
178 707
981 981
595 386
347 820
117 247
918 601
70 740
993 325
783 192
277 556
215 738
101 844
404 789
807 146
376 763
770 242
607 280
101 854
26 345
891 500
623 990
245 668
796 560
142 30
521 7
224 780
775 752
743 520
82 854
347 231
529 622
861 640
310 611
627 294
37 516
423 44
529 186
818 695
847 783
516 208
195 510
196 596
41 91
546 803
451 434
41 549
838 405
428 895
248 307
854 147
776 199
499 552
886 226
794 64
758 783
61 690
739 54
256 873
125 185
447 498
122 261
350 603
836 762
854 241
560 600
912 411
788 698
365 995
658 201
929 607
81 494
902 242
17 103
762 41
193 55
965 548
908 27
52 253
64 262
772 551
278 13
724 736
341 822
860 771
828 126
541 928
318 116
942 754
213 163
308 186
877 232
81 133
367 620
416 606
893 107
869 730
287 910
677 986
606 632
129 653
102 325
821 605
429 178
514 214
172 578
308 978
88 326
614 942
35 528
315 291
478 310
123 821
217 67
936 185
27 465
627 737
785 112
503 572
123 522
850 796
921 110
842 314
218 16
182 694
816 397
538 146
445 507
865 834
36 888
625 471
194 130
411 137
604 357
25 99
447 190
527 210
366 466
797 216
309 566
37 148
844 928
910 282
564 584
445 743
48 427
251 20
656 522
948 463
897 562
152 995
898 799
733 176
412 56
348 883
633 311
88 517
569 563
484 645
552 288
344 870
697 314
8 123
235 777
24 921
293 942
549 827
600 667
295 619
695 819
152 690
789 930
137 659
134 293
298 90
988 276
396 238
985 481
239 477
314 518
811 248
735 512
832 49
969 548
508 451
68 699
991 416
890 643
896 368
99 770
471 164
774 530
660 423
884 821
741 398
550 350
637 143
790 618
518 439
426 816
958 817
218 23
840 11
778 262
377 882
824 52
319 787
923 826
521 832
21 104
185 721
608 116
430 994
12 395
435 272
295 799
405 321
616 60
766 492
746 578
103 110
759 185
746 475
442 662
268 158
846 964
314 622
445 566
63 235
382 735
353 404
886 130
544 786
728 929
635 865
891 902
798 548
602 961
159 729
653 302
458 224
275 675
482 913
526 20
748 836
192 847
166 921
798 216
397 479
15 406
480 303
440 839
328 130
544 177
161 251
207 468
532 681
607 10
540 346
95 100
878 761
930 17
335 169
763 25
888 968
159 24
59 686
82 928
650 97
379 535
645 689
636 879
426 109
491 4
621 641
325 445
711 520
561 261
988 608
133 506
22 933
173 459
867 885
527 782
345 840
86 948
253 766
243 385
334 360
94 41
889 963
247 450
315 39
921 817
169 212
309 395
895 703
994 203
271 921
113 429
371 736
415 131
209 417
995 198
168 323
859 651
572 784
233 180
956 486
489 57
97 678
972 74
28 643
363 566
275 158
839 504
241 861
982 683
220 432
521 318
535 870
32 850
726 552
866 944
692 860
16 252
208 513
852 294
792 249
874 386
461 162
101 950
627 660
482 227
896 372
704 40
679 532
85 906
896 477
900 762
914 833
377 747
860 775
875 598
761 524
944 233
937 140
920 907
285 164
11 354
658 433
399 653
158 976
717 538
471 554
51 316
102 410
430 812
82 246
427 372
426 16
556 394
404 326
813 154
893 800
966 21
31 863
470 259
647 407
794 885
809 841
689 969
857 590
888 296
600 988
980 537
720 573
976 511
910 529
980 287
82 561
944 548
671 831
100 47
683 405
117 314
831 239
989 966
412 802
683 26
580 242
47 281
718 703
686 392
643 336
35 120
352 65
93 740
919 836
852 618
711 665
556 259
219 383
841 894
124 283
323 352
431 19
968 503
906 704
837 322
183 552
105 906
711 378
415 414
185 813
221 763
455 257
865 829
873 751
792 905
692 394
90 831
725 628
916 584
217 983
197 504
794 301
302 829
451 739
459 315
915 920
414 388
325 842
104 63
721 685
853 768
316 879
453 660
754 105
525 799
761 108
213 921
961 151
215 643
497 809
843 90
285 866
567 189
57 997
316 614
396 772
170 756
655 965
126 244
62 638
704 892
659 339
971 729
189 36
903 996
388 697
599 474
677 833
817 326
554 316
367 220
41 395
552 222
142 3
618 668
695 880
312 856
65 698
133 584
63 372
656 690
116 604
965 792
479 326
874 885
99 67
256 707
316 512
688 546
524 992
476 595
798 206
129 813
223 253
438 623
139 854
991 68
749 596
819 129
906 798
491 52
67 654
699 599
629 591
653 283
634 693
598 143
413 638
758 951
401 187
159 445
789 239
826 695
765 994
994 412
934 239
406 632
11 269
967 370
916 761
451 382
308 247
313 743
698 165
916 628
124 522
860 191
429 563
869 35
170 42
263 787
849 108
707 135
556 288
793 126
485 159
799 223
825 903
912 637
79 17
887 944
442 975
890 553
844 606
473 124
671 541
57 690
180 253
730 381
975 854
871 700
710 4
467 168
994 482
376 247
226 767
349 883
348 66
439 181
772 630
779 407
415 688
324 661
960 676
332 785
39 103
601 938
192 453
297 788
995 880
371 954
665 998
733 538
563 817
656 507
381 159
903 565
234 995
176 48
690 261
900 739
300 764
538 788
893 288
58 712
827 868
527 69
749 596
231 157
244 299
132 644
714 880
312 152
635 749
427 989
665 699
111 71
230 347
912 748
205 630
24 545
581 290
665 808
469 640
859 290
35 710
535 657
738 246
31 254
795 508
268 800
81 852
159 900
119 999
161 711
98 496
792 683
215 274
643 55
839 606
775 793
34 80
2 239
870 785
915 315
75 290
821 501
489 419
946 753
617 944
649 210
788 515
222 832
37 353
632 909
609 801
269 155
836 627
409 473
110 540
10 707
10 879
452 746
654 205
145 867
637 316
700 753
31 586
760 431
277 558
956 961
658 591
145 673
682 742
964 196
312 606
45 609
534 120
325 202
584 597
891 291
739 837
9 317
227 537
998 534
173 21
16 369
786 514
392 281
732 577
444 223
877 136
47 161
744 579
807 654
989 796
590 341
449 672
95 996
507 136
155 3
910 913
283 563
621 10
22 829
501 507
837 577
798 463
508 165
157 527
927 935
523 493
348 35
600 602
622 41
738 215
522 351
750 992
357 109
596 907
782 40
672 490
482 408
374 87
102 569
900 331
90 726
682 147
167 411
516 900
65 23
265 699
800 268
795 513
603 729
816 278
449 929
775 319
319 539
971 648
764 236
92 159
71 97
745 551
558 897
728 332
182 387
518 505
212 581
576 222
273 825
539 842
748 525
551 907
92 672
859 909
675 472
980 704
419 12
721 747
561 15
451 380
761 624
301 847
890 569
878 845
116 883
512 612
519 788
798 440
761 837
783 432
875 207
342 504
767 67
58 643
670 238
887 197
714 615
55 228
570 233
547 668
912 524
608 48
340 978
240 737
741 321
407 382
209 833
773 569
329 201
328 549
987 825
747 681
599 498
858 901
732 199
227 117
223 152
164 199
426 458
373 8
339 974
826 97
405 905
346 522
298 524
815 799
486 487
59 432
539 856
952 236
791 851
981 608
71 657
461 91
728 470
157 265
634 522
388 701
675 884
235 858
290 284
724 362
532 978
2 205
943 387
344 512
528 580
969 255
401 344
248 540
149 446
354 634
614 560
170 147
839 404
909 273
173 288
866 510
932 951
146 793
907 730
642 444
974 469
34 784
995 560
508 967
243 941
148 783
623 169
552 666
269 11
832 184
792 950
55 157
559 946
498 202
755 210
608 597
969 947
337 593
420 59
142 884
577 750
43 159
50 659
951 162
588 755
266 826
441 852
254 26
971 273
909 99
409 5
335 759
590 248
729 723
466 682
785 890
885 465
74 976
860 221
990 45
730 337
251 165
624 48
466 181
575 804
680 296
946 9
127 226
945 457
129 850
903 780
560 862
534 881
949 897
232 392
545 433
701 331
126 539
366 375
940 635
768 427
562 107
693 538
778 718
869 560
314 579
474 804
752 902
22 452
507 898
131 444
728 52
311 127
977 785
148 779
619 880
333 251
996 965
489 698
695 393
488 157
381 171
327 229
257 595
301 374
474 338
681 633
406 409
923 494
501 47
187 818
925 416
107 691
50 455
680 296
89 725
531 776
41 266
932 269
785 38
161 236
751 862
690 401
790 836
385 153
71 534
875 782
424 192
373 635
864 79
379 612
340 767
534 744
715 303
510 45
108 13
253 335
891 118
273 736
432 603
339 427
22 792
444 246
188 779
203 921
716 191
412 332
912 507
804 762
860 170
19 202
122 389
253 867
432 316
878 568
399 662
174 477
699 91
676 496
19 450
503 959
320 545
387 56
140 5
407 452
977 717
463 815
181 609
91 605
215 226
460 324
621 633
92 110
652 465
14 676
55 324
88 513
100 739
763 390
213 385
699 478
518 198
420 756
526 602
736 358
400 953
346 431
657 824
495 297
409 513
521 479
419 192
602 255
119 715
159 249
390 824
410 583
272 989
493 144
428 993
745 496
707 103
395 544
893 391
964 981
341 2
721 386
870 968
971 273
164 956
600 864
277 223
678 927
269 208
97 825
655 834
54 192
274 264
546 165
476 655
79 537
684 391
766 556
302 746
274 608
459 16
8 609
193 453
754 803
539 195
814 579
227 13
649 742
693 868
738 549
936 461
785 330
891 232
739 126
826 451
645 394
618 605
475 667
48 651
609 331
778 341
537 247
742 283
488 853
308 655
694 499
16 604
565 816
689 484
559 788
577 540
702 824
150 282
468 8
905 192
181 770
170 751
370 725
335 675
646 168
640 608
661 960
712 356
542 807
579 906
113 833
948 420
50 466
709 113
70 954
898 869
61 607
698 417
631 693
932 445
310 57
563 960
779 332
531 336
616 33
128 599
663 144
794 287
452 6
263 421
853 197
518 881
291 100
11 816
541 625
46 774
112 741
577 264
373 380
561 46
289 279
963 198
1 703
927 92
511 987
233 162
510 675
197 460
295 500
568 221
197 81
368 944
178 869
974 686
172 444
615 858
199 442
593 426
322 887
839 640
116 773
674 522
593 189
714 833
943 198
979 107
964 820
588 358
100 974
311 687
284 754
296 577
313 346
179 646
519 45
466 408
556 278
849 273
61 992
26 863
458 276
337 508
26 376
146 50
239 691
317 265
89 311
580 294
720 514
947 724
967 574
603 610
624 145
422 588
129 526
3 276
178 563
845 41
151 347
655 402
349 53
521 120
508 506
378 822
245 948
220 633
122 228
201 508
70 791
672 472
996 170
578 793
941 762
980 495
601 60
539 670
629 586
32 613
408 838
546 68
999 473
885 599
926 550
94 144
683 537
864 728
956 312
435 6
530 180
243 431
866 244
937 245
858 714
689 850
682 790
630 941
926 190
39 84
740 971
801 876
539 463
662 897
831 671
587 503
285 387
218 330
986 959
772 310
685 542
20 207
818 520
342 704
677 753
826 191
157 767
885 948
740 791
264 747
901 222
222 547
483 551
223 222
489 515
84 410
776 820
212 704
131 79
248 683
31 759
621 373
429 19
830 293
813 906
345 940
97 753
915 626
367 247
728 26
128 811
778 355
374 940
331 753
10 509
261 12
688 939
392 925
234 252
627 159
153 781
852 802
276 716
906 200
936 40
388 817
677 207
228 507
700 156
294 832
202 718
234 186
855 795
352 189
609 404
363 553
978 776
452 246
669 695
38 792
240 514
254 592
157 782
280 804
871 115
31 642
254 503
109 211
176 396
652 752
20 346
534 910
914 413
981 988
748 182
51 306
340 748
996 912
900 30
55 118
958 144
193 123
12 138
880 27
593 398
161 878
616 101
102 872
585 627
758 812
372 346
447 840
230 802
755 261
221 621
46 507
735 931
74 996
253 546
320 647
126 721
543 975
814 120
597 919
266 338
73 682
656 45
390 751
368 860
988 723
264 760
398 947
617 787
303 437
52 907
476 834
710 432
143 712
302 719
394 990
451 524
519 746
83 950
166 613
483 258
846 423
8 502
660 208
171 712
932 450
531 649
764 21
391 697
32 776
909 29
375 424
190 686
687 610
593 753
890 357
456 106
259 271
560 48
742 421
952 536
119 37
353 90
467 250
884 459
421 792
327 877
174 453
93 239
486 686
571 332
899 610
498 254
81 745
994 947
639 670
641 442
320 562
995 902
480 17
764 918
650 207
902 43
423 552
360 220
221 71
16 771
414 37
26 755
674 488
232 970
775 519
710 502
456 722
891 643
152 777
912 933
278 514
21 947
861 384
324 144
816 518
116 119
540 354
734 244
925 830
592 617
486 331
353 689
299 541
983 219
579 621
337 662
930 447
324 406
284 484
991 231
280 785
356 21
137 255
946 239
924 583
470 509
582 196
939 172
784 334
91 455
449 518
547 378
255 64
904 220
763 841
966 81
359 554
155 113
960 625
600 220
478 276
872 810
672 587
596 937
775 68
181 965
189 903
666 803
498 633
210 242
880 41
202 828
381 671
773 621
844 793
619 137
888 251
415 815
239 39
201 910
324 776
645 728
943 49
645 158
987 892
834 867
92 439
277 523
185 431
589 125
825 147
777 742
780 351
55 93
462 770
677 171
390 493
747 475
83 776
957 130
109 859
913 680
95 169
959 643
604 724
106 86
16 551
794 958
505 979
509 646
247 401
926 674
594 387
340 562
357 220
67 871
429 109
392 868
493 358
549 849
199 527
540 52
733 435
214 809
304 428
290 43
57 846
584 667
625 964
479 202
682 756
880 303
103 144
216 619
99 215
867 542
422 326
942 512
842 531
322 430
589 216
578 651
628 305
695 452
927 555
354 549
565 129
247 991
412 121
850 433
338 484
926 260
995 76
97 434
661 867
762 950
898 351
915 163
718 131
75 522
20 526
777 160
437 514
720 814
916 105
179 536
454 198
555 251
234 577
238 957
267 138
788 599
268 444
839 323
939 134
74 810
65 457
936 491
903 210
903 770
815 41
883 581
192 485
305 86
862 499
45 113
212 478
542 220
227 211
753 860
776 431
129 552
608 182
204 534
901 626
187 436
626 940
164 522
909 491
242 443
112 384
122 574
764 345
400 755
547 282
865 428
599 103
519 65
749 141
650 699
429 621
252 640
545 561
636 352
640 494
259 437
268 687
451 330
69 952
849 793
232 487
361 206
867 543
893 451
21 166
88 480
602 84
959 213
164 91
96 521
601 961
890 725
17 832
146 489
637 625
645 898
761 84
604 809
9 595
845 247
295 386
554 984
615 743
380 22
485 116
880 455
411 220
799 554
931 747
357 136
134 189
229 94
998 38
228 123
617 459
780 457
276 335
22 299
547 993
993 17
530 264
877 97
837 64
261 360
806 69
1 485
32 915
192 832
930 876
536 577
817 827
223 662
62 553
715 36
97 320
157 116
278 501
710 60
893 419
109 438
414 66
453 580
845 625
523 62
406 313
755 506
393 264
802 656
228 668
806 652
73 598
978 693
904 531
424 131
7 697
676 419
741 546
664 899
326 207
582 824
761 311
962 642
653 374
351 375
20 170
510 677
206 914
610 957
374 210
134 694
604 911
12 635
427 506
58 943
774 669
896 891
540 141
984 959
24 671
29 95
63 714
987 664
35 83
289 915
521 112
2 575
59 218
426 443
741 781
131 252
151 229
163 488
982 674
249 270
186 613
678 70
401 658
480 536
715 24
642 651
682 51
130 384
480 328
429 540
999 125
908 43
846 35
370 912
342 988
178 728
65 726
480 483
952 368
757 782
805 664
472 953
460 191
926 814
887 145
458 521
881 576
115 708
106 725
513 876
889 738
353 634
63 752
43 793
669 375
757 526
633 434
147 892
432 370
741 586
324 725
218 711
333 450
594 18
338 195
895 829
473 270
439 477
558 830
576 960
67 882
437 878
26 125
926 487
144 860
312 998
665 740
252 886
66 96
615 233
665 763
824 558
794 454
879 794
918 737
951 479
23 360
653 560
333 291
584 10
329 706
439 1
6 408
864 366
819 761
722 509
128 9
632 297
657 651
390 612
874 929
261 366
489 147
495 110
85 346
113 102
96 826
749 958
466 625
190 579
187 892
66 855
231 123
47 583
638 683
455 697
365 787
159 249
380 590
271 71
968 490
941 113
701 543
705 488
158 11
776 193
52 995
24 639
119 982
897 178
444 791
493 903
667 402
200 29
740 180
772 962
614 800
898 229
477 594
959 861
575 343
341 202
294 154
395 589
113 801
646 265
573 195
872 140
748 323
289 538
541 920
720 575
145 509
526 757
622 433
873 496
953 846
29 119
891 691
178 83
881 604
542 969
222 62
107 348
213 924
669 437
67 152
231 897
692 529
472 338
982 995
821 574
406 423
877 262
132 932
366 87
615 982
482 935
269 805
931 585
315 726
972 804
954 965
193 613
195 882
102 258
690 109
531 672
773 420
798 701
50 648
238 263
860 892
86 202
191 541
411 610
998 475
166 816
545 291
905 608
56 183
835 749
759 453
72 103
437 220
866 812
894 590
729 16
633 345
389 141
67 219
607 768
728 525
132 130
531 330
441 979
689 349
76 437
673 415
701 12
301 11
86 653
833 21
999 469
222 289
210 635
431 500
544 425
783 170
550 610
690 72
710 69
410 907
765 913
250 775
91 111
524 135
805 533
984 69
348 493
666 671
539 734
692 186
465 474
38 64
363 839
936 983
499 620
690 738
32 333
190 783
322 445
700 945
605 34
373 610
179 458
525 99
536 40
809 633
964 303
347 422
354 118
902 926
632 150
443 380
206 740
560 272
271 116
11 271
549 35
473 110
186 167
731 794
426 539
654 665
831 927
596 769
673 203
64 29
883 49
381 719
151 453
890 158
99 219
773 292
315 860
121 260
421 490
80 645
626 88
50 968
62 403
972 988
690 429
351 809
99 970
934 109
229 483
107 209
165 883
230 433
631 252
844 688
843 738
999 200
664 47
924 172
311 430
79 706
257 223
763 368
376 216
235 744
17 594
57 202
445 419
374 780
190 336
239 383
908 195
561 689
992 75
110 452
965 82
380 786
328 604
659 853
402 480
93 955
503 11
920 380
678 450
651 195
186 265
528 216
278 519
883 337
229 98
842 125
57 711
620 139
11 721
698 286
983 182
904 323
245 252
713 706
645 369
454 561
415 189
867 199
843 438
559 869
934 615
841 487
676 915
310 445
982 250
306 331
49 786
354 281
901 150
749 809
132 256
302 137
951 689
196 853
311 51
662 623
382 208
800 376
641 253
884 209
210 289
706 786
989 272
374 712
981 695
804 454
829 437
985 401
393 378
755 912
53 45
56 546
351 90
647 22
88 10
382 66
144 826
467 882
356 432
209 906
697 3
969 751
121 442
278 676
941 612
842 526
184 375
393 142
622 676
412 435
745 404
233 328
682 252
181 267
954 377
983 403
168 830
200 875
332 895
838 152
751 419
839 987
145 135
84 534
486 946
766 422
360 732
505 124
708 556
249 649
437 181
305 906
691 415
406 890
589 180
226 589
509 591
778 960
449 543
539 822
5 359
379 240
151 934
285 10
215 610
285 116
376 494
497 580
626 31
189 98
811 272
180 126
221 664
745 785
536 747
537 849
918 60
814 549
357 342
673 46
14 232
252 272
712 325
474 773
999 957
610 992
202 644
148 627
164 349
749 331
514 14
404 515
819 906
643 544
795 793
219 734
81 196
793 313
826 461
134 494
631 811
939 878
827 567
303 665
285 414
811 364
594 319
137 682
47 799
878 863
972 323
695 280
687 353
291 736
559 903
822 24
742 507
76 256
892 682
795 480
583 976
21 446
931 739
850 704
319 58
467 837
860 601
895 543
304 515
26 115
20 192
127 823
538 751
271 207
478 297
294 471
640 443
62 199
357 820
468 429
638 467
953 48
863 315
261 589
919 140
614 776
703 70
184 758
544 508
8 432
582 890
626 350
422 692
780 6
770 787
247 126
251 485
922 852
832 573
250 323
150 35
308 541
388 269
692 131
466 277
607 606
228 675
452 342
976 26
8 530
880 59
203 764
845 922
296 444
796 532
610 121
666 972
176 653
694 154
816 855
587 582
349 423
883 828
405 813
521 100
451 307
379 98
486 709
425 435
524 546
678 301
590 160
215 510
465 361
369 987
83 894
726 659
761 996
16 951
934 121
237 731
539 737
56 614
603 275
452 305
854 622
394 950
765 123
602 462
829 796
156 212
938 819
736 484
60 8
773 319
78 43
573 184
152 495
24 467
339 851
798 637
989 458
582 33
260 24
80 860
161 543
294 339
171 584
391 31
73 841
305 782
614 877
742 459
272 305
751 835
868 807
298 384
359 799
56 286
300 623
760 925
531 972
511 758
228 643
374 131
491 933
439 968
865 812
109 536
761 529
494 919
822 530
283 328
96 941
608 228
998 191
649 643
105 751
104 129
232 339
174 153
286 7
160 706
359 645
118 246
75 930
421 499
148 863
785 978
965 366
536 786
597 636
483 360
620 846
616 339
846 472
361 877
696 590
706 332
720 582
802 990
986 96
373 612
545 919
974 933
261 696
292 284
403 648
657 985
875 887
380 824
132 136
353 321
121 555
795 485
695 745
351 925
982 586
309 62
789 723
482 746
287 595
747 208
467 51
83 175
297 589
51 839
723 815
713 671
850 952
121 666
691 767
297 649
136 619
5 993
244 959
248 198
579 191
346 424
780 345
153 637
467 482
870 389
177 940
736 444
851 598
508 257
534 417
211 785
617 55
790 891
462 127
828 276
223 554
330 405
176 502
695 264
777 840
631 771
161 895
102 771
152 42
773 86
273 950
781 555
652 676
211 454
870 779
274 29
199 575
270 968
147 746
25 393
780 28
541 494
633 121
482 212
446 579
531 379
935 794
390 487
977 839
597 748
668 899
708 32
477 626
651 407
937 940
394 452
302 817
54 554
780 274
947 480
738 80
577 667
42 85
831 309
661 439
929 905
501 360
324 384
463 618
606 582
707 741
706 54
835 496
151 565
711 154
497 122
584 191
771 141
586 399
393 74
107 126
358 967
414 438
948 872
919 573
183 973
25 405
166 454
426 59
446 638
165 387
911 652
779 18
424 636
865 462
411 159
849 821
106 180
466 692
529 121
544 383
288 399
158 691
48 493
903 688
936 45
223 726
221 457
754 444
539 719
765 775
638 385
168 593
1 811
489 685
930 275
54 304
77 839
724 851
118 352
508 342
215 260
26 721
938 267
722 817
158 865
465 647
423 13
416 380
954 581
130 407
881 741
332 960
416 725
902 55
822 472
31 756
967 973
404 543
210 121
49 953
728 903
84 218
139 791
67 576
439 591
494 207
350 591
576 831
31 901
505 600
196 636
518 662
742 263
82 4
873 220
691 859
710 251
578 44
222 938
870 23
258 638
89 299
623 174
353 880
492 108
966 634
718 26
388 487
96 367
912 420
499 510
719 499
706 382
992 845
246 192
243 310
287 962
674 32
738 492
137 180
361 228
841 205
801 543
667 84
288 761
487 307
34 310
89 873
916 248
133 904
420 464
214 786
197 756
804 847
583 772
868 192
214 653
866 398
428 635
24 674
411 114
334 11
471 256
127 513
767 384
437 748
910 226
349 229
411 908
869 429
332 454
491 235
685 804
120 343
194 629
84 413
735 106
769 147
536 477
2 499
972 186
427 46
32 405
920 748
336 519
184 70
116 812
982 99
359 256
662 583
397 899
134 420
419 875
801 426
76 146
499 29
380 411
260 578
881 20
942 487
471 425
143 991
683 471
815 197
915 828
1 650
96 93
288 448
953 452
607 952
349 665
949 13
634 20
119 617
960 380
576 688
717 164
521 948
603 826
809 2
757 937
295 637
118 718
519 736
194 38
549 631
620 533
664 670
184 402
994 597
370 817
473 987
72 674
24 878
794 735
77 754
27 278
690 523
605 20
922 58
246 856
109 570
248 620
150 1
316 429
194 188
507 963
94 866
358 288
603 466
647 54
410 993
273 574
983 235
388 994
231 851
435 768
212 666
212 150
681 426
209 927
241 563
89 152
299 186
380 833
270 533
151 916
341 975
882 321
272 213
679 220
333 733
508 580
870 279
864 636
573 456
847 321
934 338
846 170
434 477
963 440
582 742
346 701
728 946
421 135
569 105
203 876
586 208
712 269
911 211
465 959
403 266
683 620
735 304
44 24
551 88
236 220
686 417
759 251
847 687
415 11
942 947
142 816
790 636
620 329
589 955
528 362
111 713
531 163
818 220
732 456
417 599
694 354
7 708
721 987
21 976
570 953
996 976
628 36
29 824
413 923
714 109
390 436
227 563
225 765
170 685
551 143
879 527
388 284
537 827
716 299
621 489
227 466
967 222
620 489
329 104
462 707
312 816
559 211
478 155
319 862
443 152
591 584
440 488
738 591
170 945
630 679
761 767
406 594
219 460
230 172
331 433
42 743
446 193
842 64
790 444
456 750
549 88
337 754
4 484
111 830
427 100
371 580
549 973
28 565
598 171
363 520
345 817
831 107
413 385
73 645
800 434
161 952
614 766
4 587
829 549
448 767
509 449
106 828
17 830
660 79
163 368
802 476
985 911
525 932
261 907
785 399
288 882
585 675
730 121
460 452
990 739
841 758
472 981
776 693
224 417
646 990
253 628
631 660
884 765
572 470
