7000 1000
374 535
142 998
393 715
331 974
47 794
315 742
909 385
323 302
460 234
450 591
270 855
905 736
379 525
604 197
161 261
246 748
724 135
550 387
245 608
917 459
439 197
736 571
547 778
357 999
175 486
373 765
744 233
679 918
442 153
566 272
213 395
625 267
876 395
361 262
882 912
636 74
282 713
564 469
169 516
527 839
67 113
559 750
66 666
970 483
878 649
124 788
883 835
224 705
775 461
103 652
163 67
111 416
749 132
651 377
373 984
707 278
827 842
794 554
727 896
617 968
628 75
506 741
685 283
715 238
56 44
553 868
127 691
185 708
974 622
613 415
104 124
463 924
49 454
251 583
279 162
387 571
272 694
107 240
466 179
170 620
368 450
448 94
978 819
255 487
699 208
111 765
801 23
189 985
908 408
256 766
550 19
270 269
79 539
171 172
594 239
784 866
604 977
939 162
809 174
704 332
150 77
117 996
13 761
279 510
488 38
424 960
476 523
997 580
323 524
3 379
993 985
344 615
556 731
409 754
751 94
977 65
418 68
954 455
193 279
513 229
439 305
145 279
499 886
765 463
548 484
595 768
608 732
670 371
714 52
579 294
216 440
513 448
927 743
518 979
889 125
682 834
848 312
951 426
561 358
604 317
115 22
852 144
15 131
702 997
227 549
961 214
879 604
294 637
463 147
403 34
476 497
610 513
733 113
606 95
982 181
822 39
909 91
640 531
514 521
519 639
101 614
249 460
975 509
278 105
336 182
668 8
580 55
152 588
361 756
60 670
840 509
367 558
543 763
64 416
841 103
32 282
242 27
83 194
222 511
5 198
449 766
107 997
880 625
258 902
676 686
195 813
179 711
547 865
286 361
67 403
862 669
695 388
903 861
343 549
587 694
3 23
776 319
139 661
792 254
995 155
28 770
600 169
452 354
536 782
199 459
136 66
367 654
107 108
687 780
888 243
205 591
523 676
268 324
806 724
464 209
892 687
624 990
616 954
35 977
95 856
593 306
722 330
653 918
12 119
329 38
249 86
682 535
435 883
324 266
404 654
993 942
703 166
754 198
702 474
295 823
721 327
16 549
211 485
348 756
933 385
739 214
393 572
379 365
498 816
189 775
827 968
529 188
96 525
362 683
388 205
79 926
771 724
413 550
167 196
245 764
663 722
295 504
635 956
399 344
456 986
518 152
484 984
740 918
634 413
582 21
472 625
474 844
443 636
974 544
982 159
617 261
116 303
831 758
5 492
364 99
792 173
224 480
302 703
31 489
354 432
599 179
387 806
551 97
611 359
267 997
827 353
116 215
367 29
279 844
94 457
997 7
469 509
918 78
765 652
518 328
358 653
470 938
235 599
720 264
177 607
285 822
682 198
590 989
797 377
133 675
903 275
428 331
122 606
370 962
198 602
940 300
165 329
225 887
438 531
353 608
873 899
783 65
728 780
255 142
221 965
402 921
122 414
327 16
508 436
249 222
212 143
860 408
518 404
254 30
944 606
524 703
26 418
993 919
71 319
550 739
79 710
202 890
841 459
123 769
813 771
173 645
527 79
98 459
688 298
295 639
953 764
455 278
565 263
404 605
392 558
560 447
875 268
587 214
766 117
32 727
812 746
363 361
526 763
732 26
316 585
654 544
509 636
812 514
296 826
644 664
109 286
230 866
823 444
763 305
569 52
491 580
233 253
970 483
982 826
404 86
605 979
656 621
10 942
764 122
397 372
191 995
751 24
434 110
858 983
170 724
678 502
939 836
728 288
589 656
314 609
573 927
183 222
300 512
911 904
193 757
855 674
784 223
591 675
768 80
85 716
800 151
996 297
673 504
640 753
988 157
670 399
696 953
584 602
505 81
212 209
644 655
138 36
898 509
583 561
998 440
731 526
814 723
605 993
241 438
719 14
226 950
957 868
129 784
49 422
365 319
994 548
683 226
418 682
448 256
867 776
896 107
196 181
510 840
371 451
411 503
873 824
810 248
622 28
823 780
668 375
373 869
562 978
349 199
103 499
348 336
539 954
395 947
328 783
397 307
800 306
881 201
63 411
684 59
688 704
818 152
134 785
435 24
922 805
223 74
803 884
411 783
649 130
483 735
823 105
287 537
975 131
543 935
547 416
609 739
531 118
588 695
557 969
190 292
956 684
121 799
327 130
805 687
37 844
689 347
632 393
335 260
836 457
864 449
70 601
208 553
317 259
36 803
935 207
588 406
600 416
373 337
935 65
147 352
665 674
314 911
555 221
386 125
635 517
864 761
502 762
644 152
957 411
983 464
604 949
755 462
755 224
744 675
874 952
367 203
936 613
523 945
15 831
501 371
161 628
884 94
205 758
130 267
124 641
95 744
348 196
595 179
723 83
327 701
867 340
42 704
704 219
216 227
19 83
386 20
352 863
655 366
155 902
777 301
210 835
386 84
560 403
683 180
752 758
92 889
890 906
922 622
608 808
406 137
652 82
323 214
801 969
292 869
705 943
493 826
721 984
278 759
759 192
943 729
50 796
983 351
906 153
784 386
880 384
90 413
374 586
552 726
161 729
968 768
300 890
375 635
138 693
623 668
298 636
469 448
26 233
613 444
470 103
99 133
979 757
207 867
502 109
88 448
323 384
800 722
824 114
881 248
438 518
272 183
804 342
715 327
796 924
494 936
380 803
445 616
757 126
615 359
783 124
532 715
315 800
30 967
484 448
300 943
492 798
811 277
659 320
777 676
894 559
323 468
241 226
915 418
299 692
259 390
612 869
81 997
299 195
571 285
338 759
810 147
886 114
732 692
214 513
668 666
388 860
747 574
930 512
311 951
583 747
142 602
803 233
409 290
802 582
650 392
739 631
892 289
997 704
627 509
870 87
659 705
451 135
138 958
389 166
201 109
645 121
784 168
751 832
781 986
45 722
506 599
216 634
11 555
26 321
696 358
311 427
478 418
170 298
630 392
128 293
590 826
252 957
651 51
353 824
370 466
891 767
96 479
180 780
561 794
827 755
841 367
570 388
748 785
333 387
313 372
801 132
534 644
352 228
225 294
262 363
23 101
659 512
661 965
719 526
207 47
454 829
55 732
686 154
721 486
10 547
508 443
535 630
782 686
687 17
205 646
451 782
42 679
230 703
371 635
644 350
164 742
161 751
301 273
735 883
142 429
696 642
491 659
588 626
557 94
591 771
350 485
422 658
366 56
955 284
936 73
302 97
789 42
477 667
22 537
573 65
465 243
817 420
970 140
951 784
199 181
795 822
317 698
744 451
912 921
965 159
643 125
968 461
730 599
145 512
368 295
608 534
567 178
787 814
76 868
396 735
362 79
569 785
590 507
111 37
72 981
32 61
462 409
81 294
169 314
257 337
313 898
643 286
506 996
459 594
659 899
110 913
83 194
827 325
296 813
122 216
518 826
565 842
535 524
305 298
436 190
228 693
593 506
771 557
443 991
946 520
619 155
200 188
998 132
592 300
830 844
743 44
648 523
825 812
746 422
506 640
640 849
32 729
786 5
852 841
454 895
417 563
201 734
178 513
208 994
133 2
181 828
377 79
344 950
647 47
566 113
278 779
509 408
357 712
123 383
923 986
666 190
157 196
571 537
629 177
981 277
412 733
881 403
726 85
90 583
719 804
30 760
838 952
748 588
378 966
531 573
437 686
995 191
890 697
460 622
167 929
619 222
437 724
370 932
20 544
632 819
807 717
710 331
570 87
202 330
935 343
7 787
679 270
460 425
794 974
336 620
775 866
151 464
42 454
190 999
132 977
324 331
437 33
624 326
804 14
213 177
819 335
664 104
421 400
229 686
42 781
623 440
266 605
859 952
358 602
445 284
900 141
813 671
335 407
292 977
660 981
216 429
312 652
829 316
234 5
862 423
148 756
572 540
295 179
987 879
348 82
506 592
19 156
144 181
791 866
648 196
806 383
104 54
17 908
826 445
274 896
56 623
249 274
548 300
442 546
861 122
42 701
201 566
13 393
754 351
895 503
933 160
307 907
91 749
379 284
206 32
175 416
114 966
395 517
284 417
592 603
358 752
213 708
734 621
626 755
313 230
82 935
183 423
163 558
880 44
191 338
797 494
467 14
564 311
688 397
43 962
655 89
551 818
625 879
873 104
297 511
333 55
322 938
770 609
807 47
308 341
834 498
928 497
653 550
677 433
321 876
128 421
628 473
62 264
225 727
775 751
344 947
670 317
220 601
129 578
515 55
443 735
933 962
957 857
508 946
515 41
654 790
456 46
995 489
997 808
453 300
469 607
249 736
209 523
511 350
740 347
342 126
251 403
910 406
922 113
773 956
58 956
157 349
706 454
931 42
691 963
432 939
521 460
761 559
718 406
777 154
143 930
705 40
61 220
236 862
980 304
973 698
761 756
354 890
599 511
662 422
537 679
849 86
665 945
293 171
410 15
184 633
702 880
52 974
25 119
912 84
566 744
64 556
936 210
902 853
991 162
131 907
196 709
402 128
618 307
812 278
723 253
67 897
737 450
894 414
468 868
137 460
616 813
166 510
78 18
973 798
609 494
341 459
759 612
348 331
228 389
315 293
625 424
602 596
430 567
93 466
181 243
765 880
249 480
477 240
515 281
917 685
400 457
203 104
744 899
506 721
139 316
660 440
916 590
196 29
751 34
961 629
859 231
140 408
184 709
463 995
947 509
663 561
995 545
202 611
321 448
846 609
967 590
935 660
486 572
633 32
766 957
275 812
391 817
905 347
407 13
731 945
735 662
15 768
55 132
473 992
752 604
964 922
496 218
496 686
794 373
229 941
715 509
460 139
553 322
612 304
434 159
596 826
310 840
87 290
253 661
364 121
358 962
856 249
195 97
699 8
945 345
516 129
768 393
79 626
42 76
78 539
56 303
499 969
536 344
984 298
443 88
263 906
785 211
144 957
550 998
687 599
872 467
643 350
733 461
438 382
810 230
870 507
601 196
978 869
826 735
509 97
452 630
717 562
983 443
853 535
819 560
819 603
600 970
290 115
588 92
138 86
230 510
725 153
947 351
153 604
877 620
374 730
715 325
14 40
489 167
998 123
986 205
343 444
224 223
674 935
122 150
403 327
210 895
775 282
678 404
957 541
711 658
491 446
665 704
158 763
329 88
733 322
149 756
304 166
915 364
477 680
731 172
207 944
360 767
866 214
406 859
933 809
965 744
906 789
505 429
680 580
850 13
490 878
413 797
129 181
841 13
168 602
712 975
618 629
964 722
704 599
256 244
16 470
327 329
541 56
639 520
264 975
734 276
589 561
153 302
775 938
928 313
25 851
75 51
492 152
775 423
636 889
459 794
290 41
385 954
589 897
752 321
747 257
312 511
19 527
291 288
635 359
177 553
8 592
501 913
524 475
442 858
111 238
688 949
165 557
186 101
684 751
998 25
713 646
482 531
274 325
198 533
280 962
45 367
258 789
671 182
439 404
142 744
612 385
310 776
793 16
592 417
919 882
436 446
153 151
7 545
69 215
868 322
661 233
370 717
667 857
134 65
148 170
402 945
865 708
776 662
588 626
802 966
682 543
974 636
399 901
336 538
517 639
794 373
78 414
431 489
964 549
116 985
907 448
814 764
371 209
724 310
33 628
529 929
738 297
95 765
124 590
96 131
615 144
469 826
565 420
445 886
185 4
942 9
179 197
746 933
31 850
760 162
579 959
255 916
528 87
118 310
605 325
175 276
988 113
780 680
55 571
330 536
108 516
840 188
908 818
330 910
258 924
748 9
763 742
418 315
584 753
529 317
294 490
110 134
602 235
819 946
189 122
104 864
200 406
719 876
813 524
313 22
752 9
993 822
823 337
348 162
829 2
27 334
590 295
232 438
200 535
334 269
837 980
61 946
618 453
896 731
423 221
154 551
706 931
516 597
223 57
22 717
237 135
43 756
734 540
861 191
860 287
157 730
622 892
269 59
801 390
178 565
499 17
681 221
170 811
846 462
351 30
588 734
386 901
74 860
83 764
477 996
388 911
821 632
598 841
881 821
61 360
491 196
43 288
852 359
32 466
937 344
135 183
779 758
811 413
884 557
714 94
942 527
403 421
433 122
414 852
760 788
731 621
525 742
142 446
130 822
869 663
49 763
943 380
800 508
379 901
317 351
415 64
643 791
158 849
152 490
88 939
228 358
288 958
500 491
170 386
677 33
324 515
117 291
51 246
728 293
704 817
936 740
721 904
461 608
386 566
70 520
950 54
364 546
739 555
460 887
248 369
393 846
200 717
413 198
204 710
903 499
63 697
776 221
856 918
187 800
37 692
634 187
798 561
563 761
19 97
887 329
42 417
345 933
756 575
169 716
2 223
844 113
992 414
765 570
619 53
881 613
233 187
607 635
218 454
17 724
183 120
319 623
723 448
959 898
248 541
260 280
827 312
26 209
705 95
959 699
610 650
798 86
923 459
60 938
559 154
885 932
892 467
316 231
577 271
670 161
318 335
256 478
28 999
151 216
268 364
654 966
599 709
961 517
997 84
269 96
545 903
917 311
208 75
219 975
69 274
100 444
616 115
441 601
956 736
874 395
13 115
544 587
948 48
510 260
124 296
478 71
192 139
184 882
554 681
875 56
62 605
727 716
486 620
866 554
440 368
213 599
968 188
492 308
404 393
931 568
781 995
172 674
432 962
143 95
875 508
805 929
856 207
89 987
705 808
823 173
709 901
954 472
37 966
563 473
126 58
634 294
730 442
955 370
251 166
732 216
645 657
398 862
132 662
648 274
912 344
590 780
908 595
197 708
252 675
647 709
77 945
755 57
538 825
623 552
85 277
348 676
830 117
166 50
209 180
927 703
730 332
974 556
692 515
824 6
542 332
125 440
488 405
719 581
469 693
254 662
819 154
312 90
23 454
21 196
266 373
346 297
505 556
642 622
599 259
43 151
815 900
797 485
161 294
163 220
244 221
941 399
469 61
211 99
148 484
37 163
301 4
90 458
418 388
273 282
520 858
994 492
400 17
960 745
441 255
76 335
757 187
686 260
671 711
509 842
171 415
565 682
218 71
634 884
109 180
190 56
109 64
265 546
604 663
320 85
893 119
937 122
357 279
692 438
251 373
933 631
991 968
156 560
240 999
845 298
619 548
517 934
369 146
6 107
599 157
567 709
596 872
106 77
380 641
488 43
804 529
418 101
791 984
174 269
724 881
224 918
297 77
807 404
127 727
115 985
488 31
427 543
479 968
810 700
803 398
230 688
380 851
363 203
399 880
269 423
180 375
196 783
690 921
512 322
939 137
401 389
817 361
711 743
455 270
852 403
532 326
399 24
588 491
666 857
945 54
75 964
726 448
403 791
885 277
762 452
922 802
432 393
447 395
960 378
257 309
738 484
115 44
326 417
535 536
78 953
993 963
815 890
649 188
265 931
75 857
11 316
719 121
153 288
542 305
899 550
179 510
537 221
719 882
476 13
70 242
377 631
964 242
927 977
969 908
392 461
377 794
557 249
376 315
893 88
967 575
697 387
547 811
588 868
506 345
585 874
995 549
728 115
285 992
26 577
708 958
79 607
218 771
473 346
177 443
942 692
524 535
899 785
269 399
212 245
740 322
211 55
992 800
108 635
517 204
683 332
486 819
643 918
806 739
953 579
857 705
355 274
950 223
763 93
930 605
352 983
720 681
161 580
13 637
357 664
458 503
180 202
300 174
691 997
302 225
53 48
979 401
644 403
886 889
418 681
53 966
812 902
367 653
775 948
196 235
771 388
411 643
735 648
643 624
148 799
31 418
220 764
986 316
371 602
995 105
950 446
524 516
214 695
272 957
715 440
815 340
606 183
450 7
76 2
70 821
157 851
912 805
142 731
60 531
3 591
696 345
996 705
511 617
388 545
649 206
852 802
749 961
314 586
243 200
377 633
433 67
471 892
107 533
281 646
622 641
23 604
920 125
569 730
276 580
327 929
279 132
600 794
97 944
556 21
418 163
44 990
654 248
676 605
104 868
925 540
173 267
386 450
409 749
756 915
30 129
861 525
916 11
638 662
556 94
142 178
207 130
362 324
724 861
974 603
679 926
629 32
852 317
942 668
649 757
100 903
14 742
62 837
403 858
435 793
174 626
386 364
487 611
585 803
975 447
313 385
310 823
996 773
961 709
938 731
908 398
79 214
673 639
770 714
983 575
370 500
967 447
166 922
608 173
237 377
731 61
529 549
983 436
772 923
828 247
929 236
353 660
848 585
762 878
251 889
66 716
607 883
327 29
992 831
899 846
23 240
795 469
713 538
691 85
725 38
993 183
295 864
686 189
466 118
975 502
117 243
322 719
959 715
505 641
461 723
471 845
7 548
909 634
643 472
886 992
476 223
661 80
766 215
126 884
626 162
37 782
578 531
556 451
425 96
86 120
847 199
602 840
362 333
852 176
43 318
387 233
101 7
112 258
797 819
630 116
38 892
416 295
385 269
661 444
925 292
298 409
562 851
976 858
244 54
573 129
159 450
765 790
696 912
790 391
828 638
92 785
328 805
29 423
907 357
584 218
498 306
76 88
421 326
208 93
886 636
176 970
220 467
103 290
477 544
832 368
589 978
731 58
999 109
121 584
504 281
388 593
885 631
728 408
258 648
538 261
348 213
998 360
943 406
968 231
615 49
433 47
726 374
286 505
738 880
997 395
141 549
477 203
7 986
670 857
173 785
449 421
743 637
563 528
407 691
46 105
6 903
696 166
330 865
361 301
824 867
494 790
815 935
220 222
667 592
597 883
738 530
563 818
723 365
242 750
856 940
455 252
123 40
883 603
195 454
438 276
778 564
795 545
137 949
542 426
479 643
113 251
388 491
824 10
244 991
33 646
329 384
38 797
44 984
559 590
515 471
254 183
119 812
842 156
888 43
643 868
374 404
847 535
646 387
206 598
839 263
780 791
94 377
272 143
114 150
322 746
936 407
118 984
895 481
603 364
811 113
408 868
715 181
649 509
215 659
443 203
983 159
448 375
759 662
158 56
452 476
937 654
531 908
905 429
149 873
418 421
761 484
454 615
622 954
282 705
349 882
902 252
526 972
639 357
595 348
564 936
229 434
882 609
755 335
290 280
946 623
531 828
160 55
256 284
635 907
277 140
179 9
123 411
613 778
314 528
816 976
775 100
467 48
389 19
215 158
102 117
764 699
707 585
323 358
455 885
787 910
822 291
781 687
697 76
164 777
524 204
351 221
922 411
308 74
224 572
659 530
302 927
940 576
692 53
772 5
232 476
979 284
765 796
910 423
173 763
584 255
806 582
219 42
298 472
507 51
49 22
750 613
491 768
745 780
526 708
936 609
55 11
793 421
726 384
546 384
422 688
820 6
734 579
620 368
687 765
87 343
753 772
75 731
953 986
373 228
662 59
670 375
212 405
963 702
187 260
975 896
710 710
468 439
920 700
261 718
762 716
771 520
54 95
959 377
195 343
189 924
844 103
147 850
849 922
460 227
750 405
826 398
773 863
401 572
92 983
790 783
529 719
621 394
326 269
968 358
397 350
573 560
911 897
327 783
769 736
944 238
19 42
549 593
66 611
909 491
366 828
44 500
489 931
224 230
283 883
13 514
771 427
897 379
470 574
567 726
51 360
761 895
318 665
551 589
897 453
967 623
343 887
509 363
611 6
327 213
983 292
711 884
879 364
985 109
630 927
984 354
971 153
847 921
642 784
660 393
248 964
350 178
890 267
768 653
576 29
663 508
124 702
394 19
940 783
642 814
443 921
769 505
578 3
854 429
195 461
46 449
641 752
256 722
462 481
466 610
879 717
344 625
658 723
84 818
81 246
878 313
781 173
492 838
538 239
148 363
386 338
668 75
980 788
717 288
271 640
316 700
977 804
366 747
256 34
414 580
818 470
36 326
572 225
559 219
272 107
380 330
369 454
300 913
167 418
803 145
172 621
496 3
472 832
610 128
765 217
20 543
324 899
133 512
570 491
1 320
656 378
999 41
261 375
650 420
104 663
417 934
557 790
224 56
979 104
592 749
5 865
990 756
784 515
437 409
719 993
394 204
524 705
509 814
436 367
212 491
643 371
986 470
214 738
548 744
735 281
79 627
778 299
780 633
408 740
582 999
588 240
822 361
19 151
820 924
297 636
251 424
662 536
889 225
740 374
143 388
91 377
816 1
572 617
642 159
967 415
890 670
935 803
563 882
114 326
148 85
670 894
329 339
217 530
119 890
955 271
954 461
620 545
508 171
814 865
815 897
946 841
140 747
357 507
207 777
341 645
961 489
357 376
583 755
916 444
654 710
665 738
418 989
751 924
331 248
63 769
964 503
518 855
482 436
170 690
347 918
632 924
275 294
236 542
413 637
315 894
43 902
399 829
351 150
430 755
165 408
117 651
154 49
840 256
279 753
9 407
436 907
551 455
366 832
130 538
20 143
807 858
329 934
544 159
106 529
266 925
516 943
884 283
301 85
47 626
140 795
640 415
709 753
554 506
339 321
223 856
233 538
658 161
626 822
316 383
591 31
144 729
411 769
798 770
636 42
486 224
928 794
903 264
132 317
96 11
142 776
544 458
803 854
965 722
776 249
658 7
724 240
776 850
628 312
296 26
573 791
63 575
124 97
168 687
872 210
936 906
306 157
4 66
973 580
725 668
641 475
838 222
819 767
747 100
253 181
569 121
5 824
364 246
483 904
205 342
166 978
619 999
428 424
40 137
162 932
803 188
846 684
810 524
789 768
866 393
415 771
739 873
145 539
92 337
857 966
954 992
217 298
955 848
593 459
107 986
15 789
114 444
137 732
939 312
536 699
484 532
287 594
928 697
701 388
29 8
392 695
493 441
390 368
765 71
771 605
466 170
150 774
670 707
848 69
162 501
778 843
475 946
821 881
367 855
820 442
675 495
420 14
244 65
802 428
491 874
679 490
543 977
988 610
154 794
92 507
225 177
529 190
433 870
158 93
533 554
629 398
122 557
136 95
25 947
187 632
364 996
305 377
400 887
752 97
801 552
623 386
795 913
5 869
914 574
399 241
233 476
644 257
770 222
427 582
498 587
513 380
996 569
277 586
672 717
506 826
285 632
453 493
135 920
399 453
543 418
658 673
887 953
812 703
620 499
197 279
486 878
399 230
303 57
479 37
928 565
603 644
824 525
394 348
54 986
519 800
913 763
539 509
960 46
422 68
31 147
991 907
496 488
41 866
130 520
855 93
156 836
394 610
981 869
456 77
178 855
351 127
134 203
674 343
768 651
658 35
338 800
383 902
142 541
820 353
930 373
716 461
386 789
779 944
874 445
234 577
844 935
183 523
560 151
282 652
587 727
199 960
988 863
370 87
171 873
38 802
287 555
598 971
595 849
307 172
901 734
995 108
182 871
259 678
28 856
532 998
405 808
890 742
138 780
513 349
599 181
215 589
341 768
909 959
979 118
289 821
418 561
4 131
753 19
153 318
669 968
824 893
122 46
150 391
206 124
238 180
573 428
451 572
77 998
988 319
297 707
521 202
513 55
617 595
891 687
946 95
668 198
807 75
217 747
215 842
680 1
906 929
954 839
542 169
552 133
207 320
113 61
61 419
726 202
191 619
20 707
429 330
489 708
599 380
836 35
863 522
75 75
55 568
585 222
388 597
126 413
975 703
305 314
426 179
902 625
409 753
339 967
92 926
85 420
421 357
796 279
226 413
637 904
233 474
285 677
236 929
304 506
147 41
158 975
394 607
240 574
112 610
489 84
907 108
311 856
388 888
105 724
3 814
536 925
826 54
782 38
158 662
835 518
399 391
793 345
610 50
573 638
766 496
96 209
423 962
164 923
389 970
550 376
8 922
543 268
683 663
239 149
839 32
719 470
173 358
666 433
678 205
521 773
25 925
756 843
15 295
527 721
602 551
112 49
876 832
577 879
645 194
437 745
48 517
531 275
205 907
233 592
914 495
178 247
476 704
450 368
504 424
697 717
390 218
320 660
121 48
419 708
818 51
673 645
539 733
9 669
995 201
695 694
560 902
968 890
571 806
20 81
756 252
160 408
768 284
680 129
613 207
444 966
41 955
86 417
614 298
565 47
391 671
73 166
566 868
438 178
352 59
111 371
170 179
725 109
889 99
141 745
150 390
994 205
946 251
711 50
163 862
998 610
379 684
488 593
931 950
616 805
251 708
695 373
768 792
219 337
99 538
161 640
279 808
610 505
953 28
614 772
83 940
592 239
253 85
740 324
426 198
653 525
41 668
317 790
999 701
137 925
766 43
809 935
150 514
117 381
574 375
743 273
667 113
22 608
775 110
230 616
108 596
28 794
689 892
432 437
863 307
810 723
225 798
565 375
801 742
902 756
837 506
664 219
772 699
200 193
946 25
408 671
71 73
390 882
624 818
180 449
23 881
370 726
844 888
771 211
131 146
778 936
115 368
571 855
602 827
430 526
547 397
461 37
404 179
59 792
851 435
361 13
943 462
819 547
880 983
808 30
320 282
390 291
185 748
273 143
552 344
14 325
800 855
562 718
857 304
472 289
519 560
420 145
596 734
515 55
468 104
283 779
445 543
245 649
91 289
734 891
237 511
112 637
451 225
791 59
918 346
363 689
864 872
798 501
928 914
508 637
294 238
335 88
249 113
910 820
538 354
561 447
831 211
579 373
726 451
195 646
74 199
49 560
19 271
933 48
666 701
691 639
813 515
323 11
214 204
99 545
370 192
787 980
249 86
756 714
92 295
214 80
936 456
28 421
86 195
325 651
761 94
299 803
263 602
867 275
904 806
985 525
284 36
553 806
263 980
815 695
425 932
710 382
815 212
184 360
778 957
406 314
469 398
945 747
565 488
97 38
558 35
930 813
518 124
95 122
87 641
437 945
418 188
599 699
589 188
162 968
651 875
247 10
337 723
778 57
932 911
76 4
660 471
450 59
180 516
621 786
332 974
915 750
676 788
727 499
121 416
672 211
688 646
331 424
397 268
43 353
140 181
530 562
656 521
896 190
816 552
945 287
801 130
918 284
907 815
878 801
478 960
300 864
284 569
540 302
996 266
379 277
84 146
526 493
473 472
517 110
422 584
897 237
686 506
653 47
346 951
962 614
126 343
380 658
624 545
905 522
266 499
518 465
244 239
119 560
297 769
629 387
564 369
156 336
694 314
56 3
407 716
50 649
179 991
90 683
928 11
564 278
900 427
645 668
879 6
503 621
751 503
279 788
241 916
449 749
97 854
284 337
263 759
908 725
287 715
312 366
866 404
671 220
7 659
514 524
897 771
241 104
672 909
499 410
224 28
610 949
244 614
455 314
259 787
462 432
187 890
762 752
694 489
983 778
37 771
188 104
548 244
17 743
117 779
965 47
873 162
526 568
794 761
395 728
830 494
198 878
867 864
189 804
932 569
740 140
459 797
499 689
423 296
214 434
72 895
307 485
330 981
117 974
850 712
597 337
350 678
899 472
520 275
613 752
309 928
241 118
945 856
902 72
192 589
550 932
764 6
679 98
651 735
543 856
745 299
978 590
61 141
913 655
143 868
218 320
965 698
281 800
693 542
869 312
299 213
834 225
451 210
446 731
268 139
228 593
303 943
461 133
57 802
148 106
979 287
298 895
682 42
100 918
432 73
842 377
677 910
229 551
713 356
792 369
452 188
870 921
520 607
554 124
968 329
125 107
35 57
74 965
827 684
860 387
341 215
293 149
22 811
745 275
237 503
52 3
526 470
945 482
170 896
572 620
939 112
692 235
53 189
252 71
586 904
750 994
964 698
902 946
471 994
791 477
112 110
2 383
803 981
663 179
228 151
588 399
540 714
782 37
24 353
760 910
616 492
476 125
840 211
676 654
212 739
122 179
837 940
526 629
428 414
104 946
606 655
26 637
455 757
869 810
260 915
99 757
7 505
472 908
900 226
284 156
935 445
709 390
839 339
789 931
700 448
520 665
613 195
601 626
766 690
244 103
905 286
712 60
866 524
645 729
420 5
376 930
827 10
177 66
633 586
660 714
382 740
541 999
903 445
806 178
23 769
368 727
66 531
90 51
173 994
208 481
492 261
386 227
70 588
238 140
426 136
511 517
721 457
99 915
947 51
756 345
721 276
800 489
821 739
375 397
407 777
422 3
556 774
128 814
723 101
148 307
167 204
383 524
905 196
363 343
688 671
971 940
696 243
5 521
722 164
971 204
866 353
116 559
843 204
987 274
801 359
564 436
15 998
251 527
247 134
315 280
263 418
391 629
272 796
677 756
574 905
311 347
953 427
225 236
381 579
856 834
876 493
591 202
446 44
520 385
578 959
475 617
750 479
178 815
863 144
847 430
542 359
538 693
144 192
884 435
43 774
573 870
721 527
346 287
481 25
99 760
356 354
755 508
546 240
119 216
170 777
225 38
973 761
209 407
253 337
222 204
762 287
569 158
895 518
670 944
323 327
890 996
37 136
424 312
907 865
38 248
688 107
870 476
93 299
564 536
645 661
241 908
686 581
966 191
424 722
885 316
747 271
258 124
405 465
40 399
115 244
8 3
301 894
310 525
79 316
502 501
961 530
914 758
879 35
78 584
763 689
530 189
198 330
719 660
492 560
830 938
721 246
558 863
956 779
493 918
579 159
681 31
815 616
502 902
992 693
798 494
963 459
404 261
455 256
662 572
924 648
311 601
744 292
274 532
75 57
371 254
653 981
97 503
173 87
531 78
400 570
507 782
963 209
814 260
464 127
609 874
862 531
552 464
160 167
746 993
638 244
25 431
22 46
886 83
255 696
677 213
242 837
479 834
443 664
249 414
135 417
890 540
577 821
404 255
224 283
51 6
149 337
272 328
812 977
663 245
601 337
386 865
320 467
837 136
18 682
728 906
761 208
678 693
317 56
458 361
591 701
820 681
915 493
156 400
163 617
546 713
618 889
172 858
879 610
899 840
935 25
7 98
362 470
217 712
915 980
382 466
258 440
614 291
442 897
474 221
38 752
410 79
426 51
350 146
592 774
26 169
691 651
241 830
818 602
397 573
808 789
214 747
365 897
349 655
997 507
126 406
911 310
28 275
620 899
982 647
872 519
132 81
898 76
66 819
614 82
211 786
548 363
259 647
334 562
207 255
153 956
236 826
991 799
64 529
171 595
657 233
513 910
402 621
43 105
419 621
73 935
980 594
28 751
347 720
514 692
818 440
4 818
980 149
980 375
385 811
912 996
554 365
100 845
972 450
837 774
23 72
763 757
221 397
224 111
550 798
873 914
248 624
961 683
833 1
330 99
589 182
48 57
900 24
831 459
507 441
581 463
418 306
94 379
732 910
899 222
114 950
580 746
469 331
668 248
480 449
850 865
551 736
642 100
876 864
667 304
484 909
442 752
668 1
606 658
56 461
67 237
927 580
142 848
327 401
382 142
937 636
809 116
523 983
445 306
605 822
413 680
423 620
578 957
1 227
702 548
633 764
231 708
135 707
824 795
838 605
538 457
226 3
800 745
621 889
484 962
716 475
473 528
314 147
604 185
249 546
32 10
962 324
513 385
750 444
305 882
876 357
633 66
533 873
984 868
197 310
861 8
317 412
653 250
490 148
465 729
618 459
807 552
321 588
959 331
916 929
693 455
524 902
496 600
657 436
158 944
123 174
86 488
736 9
156 275
613 362
384 459
697 964
932 475
200 807
310 626
237 817
746 426
179 697
629 469
781 109
664 816
382 153
799 905
505 867
953 773
620 798
26 107
941 30
903 628
676 537
262 914
705 904
217 119
775 223
600 410
27 393
735 676
179 692
92 166
191 232
740 452
132 43
859 797
396 63
472 263
828 100
479 301
922 121
393 180
914 172
175 991
537 209
875 859
26 975
920 351
398 146
174 701
206 108
498 476
192 548
450 184
729 633
71 418
921 359
172 618
820 830
817 230
397 185
44 139
813 166
298 703
762 532
151 497
532 264
472 684
418 714
713 375
789 898
567 613
442 154
901 795
959 611
793 61
191 206
685 945
733 329
113 594
553 773
286 719
102 575
854 762
749 108
332 704
178 914
479 480
113 174
37 400
826 810
905 96
830 958
556 53
551 757
91 883
667 245
34 826
338 682
724 88
214 692
114 615
467 97
347 584
618 836
531 854
495 69
258 785
218 427
151 425
174 691
403 913
860 333
662 849
808 592
381 191
790 181
699 95
293 463
193 985
304 411
997 512
158 536
720 685
611 505
814 527
352 73
645 31
315 501
979 540
19 56
658 825
280 617
852 912
436 646
326 426
534 220
953 351
562 96
491 88
266 223
95 445
628 339
308 138
405 455
250 532
129 340
424 642
603 567
245 527
30 498
649 697
56 347
151 50
16 313
561 595
224 429
56 320
561 763
521 217
280 781
877 124
179 622
976 760
700 31
27 373
427 215
678 850
152 509
164 120
461 761
294 195
383 544
530 896
100 536
166 317
9 478
500 956
918 628
411 721
778 348
156 974
583 82
561 683
57 774
880 147
454 104
909 893
984 7
851 485
530 701
35 840
390 874
412 730
345 899
738 703
613 560
199 24
715 775
961 765
593 23
50 599
701 171
365 788
701 489
222 758
336 674
487 540
837 356
37 482
354 415
171 77
423 837
326 831
639 692
953 770
376 389
702 429
396 577
865 678
444 949
80 360
691 987
539 591
936 736
259 918
528 185
611 504
164 933
146 685
940 700
431 839
136 949
314 292
325 937
181 328
991 759
583 895
317 997
883 999
964 725
251 832
307 290
933 807
417 217
516 750
724 404
62 845
927 152
365 16
718 729
979 651
695 283
466 39
557 307
749 154
497 697
971 736
717 558
763 3
321 397
222 905
678 20
659 700
413 48
394 674
383 299
114 344
360 669
414 979
994 707
210 321
989 261
637 437
998 580
890 393
20 458
523 654
795 258
400 740
109 488
77 584
779 144
596 959
33 596
934 129
216 845
777 129
146 727
203 613
779 315
187 903
412 385
491 627
303 932
224 766
221 362
610 986
169 948
605 740
552 566
262 983
864 160
645 520
630 109
464 860
857 715
866 75
605 412
643 497
521 897
720 130
18 468
546 253
404 792
701 632
622 976
82 4
6 662
246 521
748 811
196 571
878 393
235 957
560 144
217 590
338 315
981 702
949 761
983 25
48 167
896 731
5 663
55 726
170 389
914 797
630 616
838 689
973 325
26 712
6 581
488 599
943 372
103 322
7 457
36 618
267 923
173 998
245 638
316 31
237 91
844 441
55 464
513 456
688 463
884 350
91 663
860 453
500 718
907 613
684 498
537 258
312 74
899 603
542 262
95 949
122 635
235 746
243 11
607 507
354 743
879 333
812 519
758 451
875 416
220 207
3 133
881 939
934 216
698 949
55 596
706 351
215 541
991 609
933 891
999 923
421 528
875 838
734 129
274 741
102 218
665 780
512 237
206 713
611 552
739 667
998 514
192 964
494 184
278 96
894 193
131 632
851 955
848 430
334 400
932 746
886 885
520 538
618 274
237 930
161 515
308 62
793 17
641 123
709 919
78 113
558 777
497 614
531 668
879 515
775 404
521 480
776 909
784 264
462 285
142 658
328 646
480 840
200 481
870 66
579 872
928 737
171 204
544 258
420 474
18 314
801 770
101 323
276 391
109 746
674 390
974 662
850 883
471 990
667 445
306 962
837 169
307 967
212 246
359 105
534 280
26 122
317 417
9 933
170 487
197 371
894 253
761 522
999 58
146 360
721 237
394 749
190 698
20 176
491 987
448 388
654 786
849 450
458 806
428 420
491 505
262 305
613 423
176 101
443 160
87 869
270 884
864 735
595 330
43 914
22 409
929 272
173 697
446 583
208 319
40 359
995 558
552 693
552 730
106 257
570 558
701 176
323 603
881 744
520 70
845 997
880 561
623 115
224 598
914 465
352 591
625 159
957 761
529 716
188 342
362 398
282 522
493 867
709 809
252 447
978 733
917 924
355 674
215 36
617 667
780 949
396 667
233 267
562 655
332 900
4 580
725 61
350 994
619 675
463 207
233 882
516 205
194 737
343 675
987 413
45 540
218 331
971 555
397 81
868 875
65 766
226 857
599 283
494 35
259 119
807 402
841 358
481 263
339 327
299 646
856 868
738 936
836 810
765 691
359 951
824 453
322 537
129 37
479 245
6 203
343 206
34 231
441 184
947 660
209 835
549 16
60 493
965 57
603 229
82 807
19 205
41 956
329 31
468 644
61 327
59 834
836 576
86 849
498 94
903 554
997 894
859 295
189 779
627 865
862 434
335 431
57 543
179 580
43 369
812 792
850 427
842 573
755 783
4 605
192 460
838 511
15 202
482 933
562 623
4 757
330 473
245 407
523 191
867 194
462 292
942 24
696 400
450 654
644 106
149 911
242 5
215 919
163 544
693 83
460 27
492 553
395 345
662 551
993 88
430 479
215 497
921 997
128 296
267 266
723 879
560 56
976 723
930 560
200 459
121 798
319 180
350 393
879 338
506 151
114 945
563 722
401 714
343 21
145 303
359 169
626 767
129 443
818 625
855 592
61 999
487 120
25 54
600 753
432 121
833 740
928 244
235 437
691 360
309 529
775 978
601 271
302 526
909 490
543 633
58 856
977 781
566 554
457 719
455 142
827 978
623 293
738 668
609 231
317 467
427 399
156 47
762 581
716 589
733 600
215 999
189 825
862 294
631 168
495 27
75 264
904 793
544 441
832 755
772 856
607 761
487 142
981 751
530 379
202 274
927 341
187 314
331 815
701 801
516 748
381 503
947 510
482 693
244 492
643 124
411 664
871 143
239 245
183 454
839 916
899 545
714 419
215 329
697 188
119 169
490 266
89 658
484 896
132 348
422 806
422 232
126 376
430 320
828 478
136 853
319 739
399 226
361 569
390 576
702 139
845 678
800 82
107 848
96 392
317 329
341 946
434 249
564 369
339 55
371 662
102 337
339 793
59 357
442 540
924 941
762 652
99 961
861 474
741 303
942 311
633 843
548 263
454 629
472 870
840 754
640 436
614 256
616 72
662 670
269 115
820 52
437 887
488 718
905 368
339 98
416 563
564 373
264 404
133 389
919 81
88 702
872 40
698 918
666 24
27 545
645 212
359 564
600 358
522 719
447 958
906 730
337 409
510 730
643 562
267 381
574 643
129 370
704 335
334 746
137 175
336 875
5 655
689 512
124 295
731 861
109 721
322 306
159 781
909 220
781 436
956 812
270 782
801 653
776 151
277 709
449 736
834 148
536 894
425 804
214 597
412 999
358 364
864 97
776 849
628 60
636 190
860 643
358 747
872 912
158 420
21 740
328 199
594 686
239 997
346 870
703 497
774 463
837 585
932 96
468 163
187 865
617 642
893 843
688 585
687 71
395 136
937 288
226 496
652 731
19 957
732 607
835 354
291 469
852 705
351 49
267 225
452 698
250 660
682 105
698 709
623 984
549 267
340 410
526 580
848 837
240 637
621 153
257 70
468 431
833 598
69 19
143 270
471 726
244 895
629 343
305 162
53 75
976 112
900 672
119 682
789 152
961 398
218 662
316 977
991 969
133 251
254 217
515 53
956 676
138 483
241 557
18 712
906 691
217 323
415 715
153 949
950 963
465 734
824 709
167 456
965 29
69 503
315 457
212 648
632 170
973 967
199 453
627 945
668 727
907 760
348 957
60 735
289 992
801 285
928 941
169 771
51 425
506 953
165 572
389 158
193 696
909 867
22 370
841 984
910 648
343 91
8 622
126 921
41 555
620 476
480 789
327 608
83 724
352 843
978 763
855 98
427 161
228 527
336 109
753 443
323 790
151 329
111 544
867 255
24 323
139 988
353 782
153 534
605 40
782 957
663 743
855 827
345 61
345 434
468 690
440 822
450 240
459 701
126 639
917 825
495 309
601 979
520 290
455 555
171 941
312 228
736 923
781 603
54 145
277 439
583 613
879 290
762 806
17 357
197 503
777 249
537 835
134 479
588 848
8 719
259 921
201 663
397 693
872 387
502 67
800 336
529 862
772 185
701 567
404 665
326 891
935 233
853 100
746 571
400 877
39 722
815 876
319 912
787 245
426 433
229 256
245 555
349 377
190 55
568 621
553 357
778 449
797 539
74 295
736 738
459 454
184 896
49 407
66 810
521 542
409 917
880 213
315 173
835 294
756 876
721 743
699 837
816 772
221 652
939 832
52 467
767 844
656 695
694 267
799 295
404 513
719 878
12 977
150 898
625 906
331 55
446 950
12 368
106 653
746 45
988 851
627 613
609 169
952 925
452 415
250 755
516 543
177 803
237 989
916 381
356 872
533 134
485 512
413 627
610 251
410 398
271 883
55 715
368 944
729 267
162 893
563 593
203 90
60 594
774 941
966 417
891 962
828 804
142 496
81 47
303 111
4 338
170 343
923 908
677 809
427 717
933 481
323 522
535 623
447 307
50 605
729 865
529 991
961 56
787 616
743 465
169 762
729 571
747 33
829 211
41 26
520 597
864 517
445 502
790 689
344 185
536 461
766 49
574 289
351 117
918 732
88 670
768 3
866 591
441 599
850 497
477 168
890 14
601 447
805 271
87 682
811 91
41 372
222 620
931 778
128 447
350 300
948 537
727 495
932 99
664 329
200 426
371 958
113 559
424 415
531 753
727 393
282 400
905 369
344 825
260 329
420 586
848 503
896 827
562 468
500 328
100 528
702 175
900 799
267 779
690 846
504 614
391 999
550 935
900 739
882 824
650 598
242 668
722 918
259 231
34 633
226 939
589 379
898 947
267 538
414 931
490 556
781 474
393 768
562 151
87 776
984 845
881 599
564 661
738 618
520 153
890 697
787 746
696 737
319 128
649 336
835 513
435 763
770 509
571 288
842 359
426 424
420 195
173 636
897 580
381 912
796 55
525 987
227 901
585 606
334 816
679 583
524 625
581 982
988 640
853 423
397 824
645 379
285 108
249 62
291 441
243 920
905 350
694 437
157 838
739 700
773 692
799 77
53 61
321 36
998 776
257 851
829 162
113 930
377 900
655 111
10 616
1 738
700 566
862 667
787 612
743 693
295 414
665 445
179 596
407 474
105 481
449 906
834 538
389 333
874 569
563 413
664 571
223 732
275 768
292 168
998 853
808 989
535 989
580 907
278 997
955 494
974 99
203 477
715 923
643 87
111 636
620 403
815 783
123 362
784 852
373 166
767 497
255 136
875 810
38 51
746 668
472 80
520 438
935 856
116 355
824 932
848 757
802 252
486 827
171 835
413 846
68 909
705 484
806 201
271 270
69 30
774 579
808 701
877 344
593 836
534 615
815 433
622 662
911 895
269 968
494 506
245 359
885 836
370 353
798 273
655 606
958 692
811 344
7 590
557 999
924 530
343 413
959 915
18 701
437 578
69 404
988 273
17 650
493 570
372 4
269 33
261 896
32 500
981 359
587 771
291 187
911 500
875 61
729 983
356 97
389 298
206 763
498 551
223 177
484 580
459 557
803 444
832 481
43 475
615 51
653 24
166 398
625 870
840 295
621 357
850 135
345 669
51 757
23 210
601 551
212 58
495 446
6 187
316 230
515 764
837 877
976 648
376 630
511 132
629 809
995 932
127 49
3 129
334 256
789 865
861 772
918 336
222 67
26 41
949 458
259 988
744 269
256 617
478 544
229 437
427 776
148 553
841 101
179 31
232 820
141 245
62 186
307 277
625 779
412 257
462 304
241 912
567 570
271 869
350 553
73 811
118 266
887 898
969 706
190 272
501 804
262 666
711 139
307 781
884 746
81 470
753 494
557 224
295 786
838 508
835 861
59 91
594 543
583 315
968 874
623 605
222 600
810 382
572 280
451 162
132 58
962 465
568 62
585 932
576 719
409 975
35 435
70 270
197 383
591 297
789 674
213 445
892 417
500 3
966 807
878 559
497 343
646 921
90 225
415 655
732 131
930 185
221 155
968 504
133 854
468 470
964 67
983 315
5 643
402 501
235 584
477 191
517 157
230 286
372 220
354 477
651 294
901 612
947 236
268 398
534 939
900 433
229 8
998 598
909 546
365 500
825 340
191 141
597 373
877 598
761 121
308 293
665 393
877 779
961 395
526 452
993 109
720 381
158 299
667 611
535 890
119 940
984 472
503 839
191 368
252 544
51 485
887 421
461 116
628 343
865 474
108 710
140 819
799 497
113 51
86 386
384 17
678 332
819 67
825 471
660 782
231 342
180 965
722 12
42 845
655 396
538 284
233 875
833 749
648 334
780 82
521 656
662 834
166 574
862 308
93 494
45 398
685 85
290 845
691 541
44 127
940 355
91 498
99 359
903 162
28 298
675 53
685 145
37 49
72 753
325 90
937 539
601 881
393 395
508 216
461 413
913 324
6 613
307 143
945 324
68 325
840 197
882 429
707 155
302 439
896 344
213 54
673 212
268 661
147 713
572 395
47 896
43 483
735 791
516 709
921 982
620 845
993 905
472 774
650 159
629 999
695 910
107 324
308 723
586 104
698 27
24 537
101 143
186 627
133 407
92 841
526 660
946 604
607 708
60 333
779 412
686 345
308 138
107 30
93 483
860 6
663 125
935 239
496 505
735 262
107 531
756 476
447 590
859 654
128 83
325 694
244 827
528 828
440 297
32 744
204 636
110 938
310 170
47 711
549 196
662 738
87 677
960 343
396 357
917 40
111 122
869 659
565 439
528 910
826 7
884 467
416 913
178 444
304 25
576 245
721 139
378 470
573 905
18 844
143 839
801 409
822 67
450 363
558 355
956 499
870 555
624 842
884 582
297 349
21 846
26 133
73 557
668 32
629 190
699 738
751 88
468 292
323 156
88 116
113 972
668 881
243 835
938 221
275 383
795 38
325 926
547 517
429 808
317 216
464 642
671 311
706 650
756 731
832 979
785 177
775 298
994 770
919 326
801 315
144 547
752 522
359 128
190 145
416 785
3 697
681 378
893 291
131 680
702 509
896 441
680 968
893 261
323 644
46 480
552 308
807 231
513 921
664 11
796 31
777 858
954 785
943 252
471 198
834 393
348 456
611 584
649 393
738 305
444 375
999 38
751 428
931 602
482 306
217 382
632 892
871 768
415 173
678 78
698 258
716 889
191 204
771 133
809 751
451 893
465 273
135 900
896 865
395 572
622 370
870 19
970 14
666 700
240 722
811 916
775 338
938 766
608 700
7 320
668 746
778 839
541 319
761 764
358 465
986 958
23 909
349 479
53 98
565 855
27 7
364 409
677 519
729 254
876 757
19 157
8 101
510 736
372 502
667 914
498 458
443 851
1 13
307 912
486 661
759 721
522 421
394 953
73 264
479 385
211 86
644 67
380 522
775 815
360 282
174 360
335 785
92 843
990 40
669 860
989 802
206 993
372 643
643 274
353 662
702 913
225 609
619 160
521 356
802 520
732 568
128 85
844 750
939 355
304 45
264 143
74 927
701 453
362 563
160 716
677 3
69 657
84 607
996 467
666 167
277 282
690 616
920 981
411 853
260 289
877 224
170 115
160 641
759 246
512 230
778 493
449 3
122 234
744 634
610 731
255 83
653 175
110 31
895 466
966 922
828 774
353 479
331 7
420 892
149 297
53 52
296 614
848 843
528 760
841 541
766 51
129 332
847 885
473 904
809 487
167 815
702 563
397 657
197 903
898 671
100 490
906 972
37 714
828 263
853 683
553 627
888 259
673 434
414 560
119 27
515 590
460 703
255 663
474 619
666 925
208 947
968 439
416 156
39 696
964 123
959 366
63 348
515 235
992 599
69 804
317 423
914 802
688 623
60 259
447 444
352 627
392 457
662 644
684 742
629 875
903 935
696 97
455 858
656 192
98 359
240 327
952 77
710 843
716 182
964 84
273 939
118 827
27 610
301 739
70 132
836 683
663 570
593 2
296 810
86 464
445 963
657 798
856 239
51 477
434 71
350 355
625 217
153 61
727 426
76 103
627 730
130 953
145 455
827 51
369 803
41 748
944 505
553 404
608 585
629 950
336 503
769 879
577 117
34 940
944 433
975 787
549 93
250 490
255 210
308 426
69 42
860 439
780 838
124 376
255 525
451 708
509 173
32 682
711 270
256 379
549 366
460 199
520 203
235 767
375 925
790 206
802 609
851 373
669 465
592 762
31 818
170 136
680 484
926 619
67 490
172 803
870 864
772 831
329 911
485 390
400 162
502 964
769 556
231 96
184 144
556 672
619 334
95 144
259 419
2 312
318 107
90 120
364 421
77 244
537 230
701 651
127 39
182 409
366 732
208 69
563 469
955 64
542 271
798 68
575 967
132 462
8 344
892 378
976 615
433 673
760 466
966 972
777 355
194 983
759 657
587 240
368 360
706 809
266 311
996 648
675 148
679 216
698 623
663 112
331 578
675 989
165 89
176 121
629 910
302 36
372 842
878 6
436 549
811 381
432 479
420 330
891 17
262 973
764 734
982 124
592 992
219 178
259 290
649 492
531 462
627 685
808 215
474 293
978 45
63 537
903 585
144 12
426 832
362 928
43 511
314 974
195 677
211 573
47 837
195 292
491 843
538 598
806 319
496 728
219 140
365 485
440 61
642 902
864 841
185 408
43 331
235 33
518 652
189 75
428 338
617 578
287 256
660 538
695 96
888 264
406 991
841 353
785 672
198 929
402 363
794 569
525 450
119 640
74 477
420 624
775 629
984 149
407 201
857 494
104 582
829 786
908 477
863 11
887 427
517 63
580 546
666 454
31 981
915 279
619 813
81 548
545 652
463 373
494 50
72 306
613 428
987 745
187 643
173 81
602 933
791 185
91 649
197 89
111 202
436 132
848 830
291 233
971 265
431 162
574 463
313 781
844 70
928 719
495 919
208 530
570 465
369 117
381 492
521 549
630 940
212 218
510 165
50 359
721 284
365 277
476 30
817 892
460 895
399 265
762 653
504 536
69 333
536 231
542 751
740 255
366 501
691 680
254 323
23 816
911 439
935 92
558 879
803 813
897 287
770 788
321 62
211 130
477 305
201 516
384 152
473 340
458 270
472 744
350 775
675 778
678 321
956 197
18 74
307 30
441 728
572 697
649 471
984 404
297 578
582 725
722 895
63 252
69 891
335 320
129 864
79 535
75 56
355 785
344 9
164 921
809 544
140 929
708 269
960 772
159 814
644 34
856 710
141 258
248 886
193 386
249 64
371 623
195 205
35 334
663 612
996 609
686 710
703 70
948 896
199 526
815 244
179 406
38 522
154 362
154 639
991 680
640 388
245 912
690 824
391 477
371 646
531 630
618 26
404 538
29 305
99 108
409 166
52 720
575 621
609 382
629 477
303 473
958 989
898 156
487 248
1 754
975 912
599 903
139 212
437 551
901 176
406 472
159 464
817 961
631 56
517 64
975 829
184 411
569 556
786 933
988 259
205 463
455 364
870 132
351 296
587 846
57 519
454 428
207 978
710 133
323 155
94 489
714 940
377 542
895 366
717 758
625 588
694 627
675 32
460 670
650 831
93 6
314 212
917 198
317 34
863 65
992 349
125 588
906 660
810 54
37 194
570 31
747 993
79 386
817 465
546 491
690 212
783 513
972 528
184 444
698 338
629 183
879 192
898 758
800 356
97 512
126 868
735 148
235 950
821 39
121 894
202 153
18 487
811 341
707 445
906 113
223 684
926 525
782 655
163 476
100 289
217 627
605 202
898 121
491 401
523 562
104 612
637 132
249 36
356 406
958 952
36 874
83 987
350 742
282 722
398 990
546 355
929 623
118 295
215 27
595 149
265 797
437 529
273 223
945 247
957 73
443 818
880 981
438 260
589 130
685 459
106 501
235 653
210 733
346 823
717 616
251 718
371 918
140 762
939 248
512 989
815 34
554 593
465 486
900 374
716 77
646 925
629 824
431 280
733 201
227 614
869 10
656 934
680 158
96 10
612 18
986 408
875 291
653 442
638 839
922 752
119 54
399 352
462 73
697 657
772 321
900 649
318 883
231 936
481 102
324 302
839 313
427 260
205 594
208 799
778 301
926 815
508 505
933 434
125 536
693 331
999 395
799 68
743 716
754 100
733 713
416 7
528 870
141 381
952 155
51 723
383 211
377 471
543 234
560 777
836 940
564 254
995 257
818 501
7 157
690 89
956 906
861 547
273 901
822 180
692 486
917 752
580 226
447 300
253 110
70 91
461 131
844 641
42 239
131 521
470 714
986 993
930 796
386 699
947 415
743 984
705 273
527 202
140 495
132 619
781 111
372 183
18 924
875 673
878 496
999 987
652 434
497 673
158 17
332 471
667 99
328 83
784 936
115 362
839 956
458 369
862 561
343 723
882 734
894 111
237 388
480 10
455 140
676 568
470 484
161 284
147 826
471 719
719 84
211 685
124 79
450 892
631 743
541 89
843 40
918 453
690 657
58 160
582 638
952 666
335 188
830 939
180 187
229 530
196 342
316 45
15 383
392 552
109 578
409 253
27 463
870 210
633 213
489 899
729 228
400 219
94 619
746 711
939 962
87 811
937 62
92 856
545 485
944 29
193 158
36 361
202 522
722 595
164 696
608 907
537 309
94 349
250 322
772 565
322 718
315 719
32 353
175 779
394 270
359 829
503 505
450 896
557 63
806 21
494 308
690 799
364 124
501 518
57 313
497 339
487 321
665 895
554 370
65 639
220 402
107 986
459 584
92 641
235 238
451 731
210 783
345 617
927 257
149 487
655 136
93 562
402 16
716 967
299 222
666 941
165 807
996 826
428 269
660 764
544 911
232 153
221 847
635 71
197 34
436 132
239 997
927 513
82 978
883 200
713 724
232 820
882 370
11 567
486 848
590 597
544 439
867 237
468 643
565 441
365 789
345 32
364 375
302 285
931 369
344 602
264 709
39 630
840 880
359 858
555 135
679 401
120 652
434 690
410 587
309 562
751 827
647 979
95 324
449 712
530 54
693 900
537 352
678 786
298 510
271 678
876 38
212 852
44 239
431 631
88 903
713 613
88 807
841 454
903 230
429 127
657 354
307 724
318 398
78 109
994 125
731 949
933 837
397 31
837 734
120 604
969 48
531 535
737 546
777 727
750 158
238 644
316 787
973 236
46 443
636 363
35 354
462 350
95 6
71 187
411 629
349 840
253 741
382 110
910 801
220 9
617 342
478 983
868 908
274 424
383 134
475 719
249 58
570 524
877 905
606 454
719 303
564 437
232 505
3 265
801 573
108 841
229 860
504 474
356 983
244 578
203 222
311 869
289 538
972 591
645 948
717 583
77 715
346 908
53 370
576 353
377 550
620 158
442 627
403 535
804 25
799 625
887 268
331 694
327 149
114 608
34 241
55 230
44 62
999 425
858 68
579 456
723 215
367 860
275 735
860 597
150 719
425 960
353 320
7 8
489 369
931 629
620 605
373 524
690 209
161 203
783 566
532 858
110 821
629 977
890 707
883 954
83 438
786 393
224 130
604 926
773 89
649 370
617 714
594 638
905 727
800 53
121 874
104 777
997 442
803 914
873 693
518 730
659 760
73 562
66 627
811 498
551 62
148 247
235 635
54 458
724 656
710 105
487 620
787 825
840 524
491 700
133 774
720 428
341 796
901 637
737 589
595 381
144 84
474 835
432 157
489 946
67 319
543 690
128 523
133 602
886 39
91 985
517 918
159 815
509 618
900 112
974 234
708 131
991 397
138 598
838 411
211 60
733 488
972 970
105 459
630 225
379 428
655 199
878 412
636 606
518 505
247 108
171 381
756 637
363 216
97 424
120 858
611 15
122 56
360 192
236 174
229 583
442 446
595 663
78 589
734 683
28 992
5 461
296 596
309 319
355 970
774 573
514 318
597 170
61 837
42 938
462 78
797 701
445 260
479 862
823 435
788 426
732 376
552 460
799 548
689 996
886 226
14 967
575 170
565 670
156 464
737 802
583 232
681 827
916 867
300 823
499 387
947 832
624 935
565 623
490 897
123 436
647 555
353 204
663 714
731 310
864 374
455 367
168 163
359 581
464 731
192 801
205 66
883 858
218 934
676 121
556 241
450 425
644 704
315 770
208 717
27 310
573 167
319 393
185 294
42 306
786 389
60 829
893 316
314 906
243 431
962 859
553 969
11 76
608 998
37 936
18 712
669 208
64 998
743 491
738 957
250 556
168 317
180 920
562 466
641 277
274 5
706 141
277 853
92 800
383 555
526 247
632 502
70 984
599 374
324 762
292 657
84 239
693 309
980 239
345 880
161 707
854 880
29 926
361 808
43 670
427 528
959 262
280 291
376 835
485 245
527 827
482 625
984 24
242 716
508 579
809 116
987 466
605 527
550 129
894 162
295 230
299 254
941 638
227 434
77 421
574 94
928 382
726 174
787 794
915 603
451 704
66 855
76 931
809 389
12 322
475 534
507 305
340 628
350 410
121 228
500 945
980 683
713 810
78 974
429 325
248 654
270 864
92 326
743 584
377 299
5 983
298 577
907 500
790 36
524 263
879 995
36 683
85 257
69 588
531 653
210 359
263 67
853 898
62 517
292 32
922 308
554 634
683 875
69 235
516 917
276 320
653 867
770 706
314 427
205 767
487 687
452 311
636 684
106 92
187 638
857 160
959 658
682 384
126 481
194 591
449 874
928 292
500 694
454 19
900 294
143 846
888 431
374 733
747 409
677 650
915 217
647 258
612 607
98 800
471 506
135 269
317 758
928 204
817 455
662 134
425 745
796 398
988 147
218 726
242 9
684 623
407 938
87 239
507 86
283 376
458 980
882 234
534 488
60 911
707 250
879 337
100 38
436 184
767 985
347 35
668 275
842 817
736 751
147 25
620 883
290 65
993 592
449 315
766 190
204 103
468 641
648 253
65 557
8 10
821 159
669 198
218 612
708 235
739 641
321 198
943 671
421 914
195 947
248 618
822 517
154 268
163 985
206 160
96 359
350 778
800 60
960 50
848 179
676 480
103 845
593 751
863 472
929 83
255 628
864 760
395 432
684 290
922 703
392 833
73 133
189 357
317 358
237 302
437 802
230 491
672 433
810 827
704 322
319 654
303 20
509 46
716 377
614 498
829 12
968 481
522 155
904 185
667 102
180 75
143 144
360 581
767 358
175 728
57 217
143 509
713 332
340 931
129 892
225 556
382 300
965 128
524 406
922 286
318 811
898 516
198 869
876 19
365 721
686 807
467 276
826 521
233 975
421 916
421 507
177 160
568 947
85 988
967 350
463 325
237 314
886 975
812 15
132 515
442 846
875 454
970 473
643 471
607 621
832 950
74 827
687 34
247 168
417 824
892 709
596 491
231 602
679 75
891 285
375 363
995 976
873 734
983 882
439 583
801 597
156 802
962 696
383 659
262 593
594 842
64 570
596 833
299 980
608 587
588 185
244 944
304 26
46 314
542 630
127 540
887 682
897 480
473 266
878 187
277 498
172 771
703 516
640 875
677 683
535 167
12 341
489 104
848 685
833 803
945 684
475 728
576 622
624 956
436 108
537 474
744 928
155 962
199 809
269 637
336 457
854 162
76 114
78 970
891 233
755 764
937 362
752 553
748 533
619 428
678 650
257 773
640 206
360 769
313 413
220 908
549 408
788 163
464 753
824 350
925 20
400 802
372 157
288 418
738 686
858 167
479 250
731 444
935 36
621 288
232 41
741 571
357 55
16 67
117 715
760 317
522 875
573 310
623 753
739 848
243 701
963 713
529 745
704 522
98 178
411 95
715 675
149 252
575 92
657 88
499 621
37 616
17 527
727 891
79 152
322 750
484 477
216 199
112 355
85 228
163 516
519 85
744 562
340 910
799 656
920 889
928 429
913 872
219 164
748 313
736 582
191 3
462 937
898 251
512 329
105 244
708 877
970 328
928 591
735 20
778 832
929 315
1 204
537 34
615 338
935 163
406 959
490 88
33 537
520 499
302 586
26 333
935 613
818 592
104 652
214 392
595 530
992 668
721 705
271 93
955 514
173 162
124 561
789 414
616 150
175 736
408 856
122 355
662 182
143 316
639 656
774 198
296 870
677 575
250 868
565 661
516 392
633 997
490 379
989 60
89 105
945 347
497 385
646 681
693 413
284 668
661 301
331 513
484 437
892 762
301 798
333 443
339 437
626 159
686 352
888 269
327 592
931 47
72 539
377 213
20 82
927 277
356 526
597 996
814 846
345 78
154 952
942 137
264 717
822 21
100 411
485 481
577 938
581 728
852 983
328 463
416 861
445 760
534 715
837 767
81 10
408 721
573 85
875 571
595 518
377 878
145 911
707 333
100 825
383 584
879 486
527 948
560 309
299 16
567 825
817 1
847 681
114 982
6 405
726 642
550 734
335 783
532 531
593 694
439 592
3 122
942 749
808 268
689 970
540 314
603 942
556 865
652 887
895 467
548 913
887 398
398 228
61 202
488 825
802 75
926 164
271 993
277 29
829 554
686 862
93 842
913 345
329 946
241 969
134 310
676 50
51 176
544 459
143 630
418 352
670 350
477 70
960 827
364 147
106 490
797 127
60 776
652 369
898 804
135 523
534 587
375 443
811 965
928 115
606 476
536 288
383 318
862 948
399 658
223 180
410 483
528 75
637 451
406 669
94 713
505 431
352 208
506 109
867 539
147 541
284 195
991 665
186 976
871 77
681 792
413 151
649 872
820 994
835 527
509 333
397 35
353 45
455 944
1 272
130 287
673 21
311 228
930 799
780 550
463 584
591 78
480 523
136 93
538 89
361 953
268 883
821 457
476 499
362 833
311 771
199 141
505 959
931 353
407 27
312 645
263 363
40 338
255 583
17 2
263 344
510 47
725 980
740 31
403 359
534 577
320 638
921 406
7 854
229 388
205 402
59 35
485 830
738 239
63 187
484 492
675 424
837 627
646 309
789 64
895 811
147 964
640 78
877 291
317 138
415 842
81 282
83 18
608 716
764 522
36 149
732 443
111 692
125 378
902 789
986 597
591 646
223 331
24 584
160 703
946 296
835 480
834 22
447 51
118 559
659 786
693 937
268 19
746 951
915 464
250 107
725 435
438 330
509 869
725 928
252 451
231 449
301 695
584 56
930 984
195 573
514 240
480 831
204 650
241 100
427 181
465 729
401 838
909 31
622 636
216 85
304 937
379 11
24 801
316 439
882 330
561 248
295 616
920 358
810 491
120 381
657 765
807 137
810 583
548 368
973 327
181 8
985 712
768 721
632 611
291 57
808 397
900 458
614 387
82 42
608 461
588 699
342 256
679 806
240 659
213 941
549 18
226 18
555 862
856 882
970 488
149 883
722 156
107 191
236 426
486 23
291 694
9 726
184 634
687 127
521 744
131 153
712 217
363 323
664 413
537 254
203 740
631 522
741 917
775 777
301 538
469 407
979 140
29 110
746 686
671 655
973 523
840 944
315 166
862 929
254 746
243 135
606 807
100 663
769 775
750 482
782 569
68 456
568 128
6 825
719 120
219 311
695 262
88 535
388 925
975 526
817 861
537 282
999 69
738 250
338 534
62 144
292 774
126 419
107 31
244 494
384 235
461 427
797 255
483 597
684 419
673 207
957 670
665 86
748 662
672 548
685 599
446 462
437 936
335 315
826 107
493 75
337 251
598 814
103 348
946 841
866 521
592 811
176 632
8 293
388 667
335 309
768 319
486 372
523 228
