7500 97209
275 784
222 953
964 833
554 290
103 386
900 808
970 820
374 260
930 866
477 832
877 373
750 591
575 827
719 959
253 581
131 200
613 74
759 155
847 336
253 652
965 73
195 578
913 357
511 617
505 844
360 989
842 591
204 771
307 675
231 34
363 338
316 459
651 354
112 874
201 636
888 207
942 68
237 780
114 874
696 69
30 227
727 166
640 123
10 56
284 142
100 360
704 312
868 820
698 80
202 403
113 591
112 829
657 953
949 807
645 787
596 627
16 349
414 248
609 930
400 411
425 253
517 610
292 610
404 51
204 326
926 143
93 506
139 627
56 608
288 329
684 16
554 367
514 354
207 911
910 301
421 742
137 881
745 89
306 616
890 589
610 293
569 251
165 69
767 840
880 614
100 267
171 382
968 55
644 219
118 880
160 841
720 523
486 574
776 214
954 486
310 791
323 831
21 63
610 172
721 601
982 277
21 621
902 788
858 317
154 119
422 35
512 982
860 36
110 34
699 530
672 31
593 986
84 423
296 424
600 833
337 622
916 360
266 584
63 545
224 319
973 748
905 873
818 461
441 647
911 600
407 882
299 752
733 6
982 883
959 862
59 715
734 978
457 111
100 204
110 389
321 464
489 803
680 48
414 379
996 492
762 385
378 44
527 249
329 589
987 95
271 863
139 169
497 255
620 779
164 519
569 521
345 766
984 763
134 6
385 13
33 63
939 121
9 81
609 990
490 752
41 966
271 799
809 900
125 895
206 196
254 454
204 40
686 880
695 191
409 871
612 217
403 708
503 128
299 677
1 182
630 949
942 727
859 385
211 713
144 51
823 504
632 175
691 294
184 479
320 646
192 493
760 807
897 164
144 572
438 427
406 337
185 496
734 129
209 276
274 321
278 566
935 45
140 569
395 42
790 453
622 751
934 603
685 101
733 18
147 618
778 981
224 488
263 478
230 782
369 86
906 660
803 697
291 886
148 94
750 116
986 230
593 31
331 205
311 638
191 270
336 691
210 640
783 282
506 256
732 996
821 222
989 88
155 985
782 332
620 813
372 483
992 575
149 35
912 387
581 735
893 227
876 570
347 905
694 426
759 521
844 100
77 117
953 184
855 832
162 630
270 584
856 731
528 171
708 673
942 497
207 609
127 528
502 37
158 385
935 477
236 756
18 790
682 119
97 817
322 514
794 109
155 114
832 214
628 344
818 591
644 270
458 920
359 744
886 563
257 845
627 88
703 346
377 949
523 915
707 857
190 859
154 56
328 832
295 531
560 743
141 962
768 506
366 926
783 999
214 399
630 733
813 133
770 107
957 84
361 108
884 507
421 173
842 461
851 352
574 57
397 118
997 154
664 585
687 170
12 264
952 529
639 511
472 82
724 423
450 226
186 123
35 813
836 340
564 394
849 704
942 69
735 934
352 463
512 98
767 486
8 227
924 50
176 874
842 224
930 292
553 294
459 218
147 631
609 404
39 58
951 182
929 929
715 51
288 31
924 294
322 348
707 487
326 203
497 801
922 631
191 837
776 428
125 508
59 143
33 790
560 249
97 246
557 384
9 812
729 996
682 699
440 769
172 532
534 474
242 989
265 793
460 710
524 476
598 559
359 608
211 494
687 502
197 808
666 678
636 211
126 293
512 403
635 768
600 239
632 695
722 426
933 643
350 608
821 900
358 834
961 102
600 370
186 54
943 242
509 196
12 308
172 900
732 344
460 329
996 396
197 62
559 64
696 531
598 916
80 243
618 204
311 245
712 492
90 63
682 368
301 985
472 851
818 336
529 754
768 852
10 106
764 190
53 545
405 59
184 524
575 687
829 752
530 413
701 121
261 166
863 794
527 92
400 807
419 924
88 491
367 69
330 722
997 885
202 632
408 659
737 638
75 600
928 385
97 705
787 659
451 880
74 779
436 224
128 423
938 715
232 761
899 809
612 774
919 506
878 49
226 895
457 157
419 527
502 51
576 879
86 463
336 103
984 160
70 806
766 298
31 70
384 347
167 499
58 109
497 342
335 758
297 825
238 515
495 357
20 994
855 89
352 354
723 881
444 884
260 916
263 241
760 930
869 977
183 719
570 512
310 713
935 607
997 287
410 584
455 163
538 232
461 956
566 851
871 29
883 148
731 834
524 631
135 214
224 116
417 44
190 849
493 195
923 910
90 378
977 21
675 38
860 431
625 508
403 457
848 316
260 448
937 950
872 4
635 809
625 573
45 790
744 996
457 691
851 446
583 623
490 995
91 644
620 573
243 731
740 658
90 932
896 894
544 69
141 837
527 287
687 27
974 308
130 584
141 559
247 863
310 715
381 358
619 257
926 317
326 375
19 162
616 580
737 777
574 342
996 272
506 899
249 618
921 716
328 968
490 306
75 656
44 969
632 87
635 59
645 115
753 806
431 764
371 325
99 744
80 407
615 683
485 785
408 736
324 727
319 805
173 695
613 445
296 808
404 844
209 126
895 973
754 807
593 33
731 596
507 307
334 650
693 640
340 62
625 580
255 415
78 262
302 236
879 969
634 858
775 275
443 883
553 248
514 865
315 426
509 768
919 819
878 486
307 801
65 859
22 416
770 362
221 97
730 325
525 547
693 700
270 719
6 358
525 824
266 761
548 309
229 810
250 299
36 334
941 276
234 369
397 903
875 545
365 58
202 232
18 47
150 252
309 87
208 577
496 946
321 889
968 783
798 757
615 466
999 111
821 458
293 909
291 268
683 386
997 316
729 159
597 428
883 108
323 383
724 413
504 695
458 130
698 227
831 298
900 357
752 116
6 171
688 311
592 180
410 253
419 455
643 812
322 500
754 415
309 993
333 151
22 818
390 387
617 905
639 524
640 524
332 268
529 610
477 38
883 900
480 875
859 410
921 900
914 544
201 862
615 238
955 136
338 539
6 239
527 683
793 287
394 275
874 187
787 799
296 652
492 594
388 180
548 743
686 840
409 213
665 827
483 344
119 642
618 145
330 650
132 569
68 873
140 541
82 631
342 254
938 694
634 785
557 665
11 4
194 757
541 601
606 859
744 908
114 290
636 682
802 898
870 924
94 93
210 12
250 771
994 729
315 966
430 84
735 557
543 866
547 511
505 914
825 830
465 855
995 442
25 100
90 464
645 847
959 246
301 793
430 203
63 402
653 708
871 414
926 982
308 638
879 639
564 284
514 629
802 737
473 645
166 478
152 444
365 33
664 357
314 756
538 864
255 658
919 436
126 210
517 493
126 650
862 924
985 944
179 237
10 37
825 166
10 731
577 770
946 802
778 883
569 358
355 405
941 63
948 421
719 645
856 955
263 856
654 750
940 72
680 605
754 198
577 4
806 201
847 9
35 84
961 628
375 604
981 451
696 659
81 346
145 331
950 125
268 835
116 577
658 72
690 855
687 143
129 60
792 636
91 32
430 822
917 759
299 526
833 415
88 652
229 160
880 252
642 401
181 879
652 709
156 340
966 672
785 605
115 742
859 197
553 791
155 516
156 634
327 546
572 93
95 73
82 264
616 594
822 416
478 259
464 741
976 247
710 988
43 261
370 228
698 296
778 462
311 12
129 446
54 18
590 440
170 133
226 82
738 258
439 828
291 543
590 604
847 914
87 268
799 742
828 299
625 579
244 800
670 756
78 535
165 912
853 5
407 300
49 799
838 828
717 581
114 792
361 853
619 740
352 5
301 477
724 417
135 207
364 327
161 856
425 420
121 316
77 767
671 782
229 620
524 274
333 249
348 219
874 889
885 344
998 103
932 925
620 757
267 438
70 506
241 459
180 502
698 736
399 342
506 125
613 871
604 942
294 334
350 469
545 632
454 781
789 515
106 906
71 728
555 628
234 205
296 524
540 546
82 367
520 538
961 878
429 839
190 534
761 548
531 681
352 1
894 583
369 619
248 517
124 831
429 792
499 806
649 531
704 737
141 843
574 756
827 130
488 667
901 847
374 191
753 775
854 562
657 415
40 428
351 906
655 211
54 702
609 609
86 699
48 765
595 612
578 763
609 994
64 139
381 692
345 544
653 189
38 120
659 260
382 397
14 518
292 16
533 708
72 712
669 901
178 257
620 808
948 750
421 722
480 236
587 515
686 689
334 459
975 513
220 189
971 62
578 507
108 62
915 245
964 425
760 954
636 714
355 979
220 10
413 594
789 546
323 115
479 86
710 518
960 381
842 459
164 947
513 775
92 730
399 344
60 655
913 110
42 48
976 807
708 231
670 935
678 655
132 600
160 116
719 739
229 469
155 31
997 16
141 934
433 263
730 404
106 816
469 717
418 155
943 461
805 993
104 249
145 898
784 516
967 162
183 350
353 108
293 301
787 209
702 865
297 786
812 680
203 926
882 637
198 521
639 667
829 299
374 576
121 47
912 529
708 578
625 647
528 984
210 620
395 685
551 782
611 143
643 403
622 517
455 976
23 437
48 120
724 52
102 917
958 601
565 875
633 138
166 716
752 645
468 224
652 308
683 958
425 708
418 321
471 376
657 548
348 844
689 707
472 258
800 27
925 924
836 494
786 398
94 308
33 350
667 118
480 260
4 843
127 535
157 502
981 5
774 957
290 335
257 509
424 929
957 879
754 287
730 189
31 993
630 592
904 583
676 622
309 918
398 494
27 872
467 30
875 57
393 511
987 268
678 641
468 653
374 680
339 911
809 212
455 6
128 246
247 524
204 20
37 988
322 803
481 908
770 974
770 837
307 927
640 794
870 695
706 382
376 219
779 948
659 288
39 703
831 472
399 14
361 176
806 768
261 886
743 644
884 556
426 192
643 16
364 537
402 109
269 877
799 342
832 668
782 465
495 31
862 426
509 698
559 448
932 879
827 980
378 701
869 210
33 968
659 317
362 311
748 888
556 230
401 864
452 974
570 348
254 617
18 774
51 233
328 112
303 585
788 146
874 913
974 644
827 975
536 584
602 616
884 716
565 140
752 184
2 150
709 402
258 57
415 873
695 31
594 853
722 704
168 181
410 210
387 394
550 186
613 649
805 346
691 22
207 532
752 75
937 731
828 116
369 658
818 71
794 52
427 481
405 524
503 290
838 18
49 833
187 454
581 235
516 183
960 322
585 572
751 355
672 639
732 293
10 657
605 472
980 848
361 868
970 474
653 223
914 937
475 39
65 297
782 287
732 811
527 390
386 795
953 788
593 265
203 544
752 314
77 780
437 101
543 474
181 344
506 743
935 32
709 291
485 153
374 74
426 626
129 830
223 518
987 137
943 29
964 958
802 429
824 919
180 354
114 770
727 573
921 924
151 536
492 240
453 211
533 756
157 650
560 735
389 956
843 266
494 493
862 580
904 641
776 701
526 485
943 879
562 323
81 125
431 963
696 647
66 339
820 986
300 70
428 758
838 763
524 920
71 118
374 96
512 381
437 707
281 294
521 859
711 436
545 902
527 326
486 379
186 745
169 702
258 33
339 765
203 675
565 980
468 908
832 127
412 859
521 701
329 408
265 967
139 234
4 300
132 539
512 951
904 29
312 266
842 789
97 247
605 201
267 104
84 784
109 143
758 96
308 163
24 335
389 208
123 644
600 28
621 482
126 16
293 166
62 193
923 410
756 433
389 792
684 686
762 282
284 719
725 217
938 72
560 146
743 683
840 93
446 188
348 551
597 305
169 717
523 735
71 303
577 717
201 743
775 429
125 975
398 667
38 837
248 878
632 325
766 753
920 652
755 765
673 252
147 417
269 529
420 303
999 381
377 527
156 675
158 741
595 820
973 521
679 25
336 591
140 636
156 556
487 331
610 3
17 768
549 742
445 666
792 480
312 818
770 179
428 457
588 363
141 531
139 91
915 219
857 288
233 774
883 164
137 513
39 646
606 662
663 920
71 473
982 150
295 804
648 695
157 38
122 824
860 474
643 44
908 860
154 835
838 393
946 667
746 541
475 980
526 847
817 536
725 983
902 640
153 984
857 174
784 199
264 419
148 291
323 688
314 415
984 987
20 47
262 257
111 552
433 689
757 706
843 38
151 873
709 919
47 650
588 921
404 915
200 454
782 530
794 479
295 666
253 29
928 378
158 273
58 533
214 18
550 103
342 265
65 297
155 202
613 160
530 164
685 702
386 89
425 79
757 944
148 294
843 963
684 846
515 620
50 653
226 338
407 784
584 239
503 276
297 101
169 877
13 565
275 969
766 381
873 20
781 630
340 307
647 564
675 796
855 645
972 469
166 365
486 919
539 908
404 345
120 463
129 713
696 34
304 911
198 876
789 659
930 15
299 399
972 610
752 383
396 817
684 700
505 881
638 569
249 517
727 449
880 590
632 807
648 640
145 846
604 273
811 736
417 2
531 626
490 273
931 659
85 615
444 74
116 136
90 957
342 798
307 913
431 443
152 680
263 509
397 999
569 922
195 339
202 537
369 568
202 651
11 908
494 622
612 829
992 967
826 3
682 435
453 55
254 913
636 937
472 63
513 504
405 592
855 5
405 265
305 316
576 167
473 891
898 929
694 224
708 74
411 753
826 550
877 312
233 343
141 839
83 869
109 658
595 219
231 553
799 190
485 329
414 911
924 827
304 246
688 151
780 473
614 381
842 850
786 283
203 918
967 818
923 459
609 93
158 65
353 353
421 865
690 857
49 696
681 365
620 147
978 415
973 269
481 135
599 813
290 754
992 15
332 768
991 845
181 937
988 957
500 113
352 194
813 374
580 284
574 726
895 227
217 199
532 929
269 40
623 335
452 312
880 824
425 865
761 471
5 867
36 148
509 945
871 496
154 229
895 68
372 223
864 825
418 310
225 855
392 707
980 755
74 399
934 152
564 7
523 995
549 978
697 939
103 227
630 744
109 925
476 32
142 722
893 144
998 549
346 583
703 237
947 76
22 556
329 926
976 755
781 729
870 203
187 879
843 786
432 792
63 990
855 526
140 42
394 485
276 768
359 960
7 561
351 509
62 452
596 267
682 224
104 503
784 32
708 8
984 807
544 909
220 620
397 526
259 25
358 509
852 677
581 149
806 891
506 767
844 145
770 293
606 951
46 404
502 349
28 519
430 350
326 633
855 930
65 200
712 924
854 210
340 202
599 948
898 660
220 325
675 565
369 479
926 141
920 698
409 31
581 341
312 94
65 389
671 817
58 359
392 507
309 702
951 417
432 223
473 121
276 807
424 212
614 711
653 781
680 314
927 26
298 302
767 89
203 481
574 823
782 351
329 743
636 829
996 463
711 42
299 858
809 999
644 891
223 631
469 390
894 9
269 124
531 139
398 178
86 804
832 270
770 323
787 80
903 952
762 929
887 540
334 297
817 68
549 811
367 401
546 841
105 970
804 655
959 664
358 582
574 980
483 65
418 103
857 736
675 854
271 505
108 674
590 767
680 238
607 306
555 647
421 576
342 430
236 781
793 650
874 878
380 520
200 792
794 354
351 54
3 132
734 917
469 664
479 670
525 54
377 472
283 375
873 753
950 780
331 694
541 162
403 960
346 210
246 783
180 148
111 263
538 561
748 579
338 955
301 696
886 549
460 16
869 456
683 476
119 870
215 739
333 65
757 916
254 398
389 190
906 67
279 585
402 949
219 15
682 437
933 119
511 642
117 746
712 484
472 548
695 474
117 318
982 349
135 359
454 429
720 592
785 151
317 910
199 234
648 440
40 327
598 202
545 822
53 763
755 245
945 256
196 37
166 800
880 631
600 829
438 614
585 70
332 804
353 487
680 522
398 127
967 474
517 638
364 253
477 682
513 60
28 875
757 509
618 218
858 234
500 792
61 543
553 114
904 597
941 354
192 638
35 714
808 690
727 255
645 391
85 971
240 702
130 424
36 27
487 761
297 692
544 548
900 553
986 3
697 116
80 618
592 136
159 532
409 616
213 403
627 529
320 789
648 191
298 64
397 734
632 249
867 243
476 978
42 774
189 866
739 610
885 425
539 703
843 742
307 469
608 356
249 844
931 291
578 254
29 641
879 816
614 370
417 558
875 64
137 567
284 259
597 387
617 236
468 658
918 339
368 17
647 890
320 205
1 98
761 864
441 506
18 875
88 79
692 237
744 757
916 498
492 462
146 312
127 835
292 970
127 764
321 749
725 754
877 943
546 885
925 791
915 243
297 643
479 601
122 959
719 252
776 355
380 240
851 765
989 795
796 834
792 443
819 140
84 67
960 118
521 486
290 266
597 915
664 285
807 681
901 779
502 880
553 832
337 851
963 515
25 576
262 510
456 836
16 698
448 106
215 448
702 757
751 936
877 918
78 274
352 855
916 89
745 569
427 880
827 122
583 73
645 820
536 45
211 193
39 312
935 279
682 78
511 577
720 750
778 977
691 441
990 647
427 561
476 108
746 981
566 339
497 14
994 286
763 88
79 205
287 390
6 500
185 135
700 672
862 499
471 605
358 654
824 277
695 970
685 85
63 434
870 886
464 864
75 837
913 644
806 806
141 202
780 162
56 998
662 907
727 142
768 329
806 780
387 747
809 58
926 207
647 743
915 810
441 965
328 894
15 655
953 415
528 64
783 960
924 828
155 80
145 173
960 459
569 109
85 267
421 662
191 3
854 710
123 428
176 710
626 636
514 747
431 287
608 481
907 991
465 575
550 138
720 285
29 136
907 531
831 919
340 677
818 153
943 646
178 788
23 631
353 143
52 73
390 290
859 486
310 631
240 281
139 364
198 939
185 900
682 935
293 664
144 725
685 267
166 54
463 414
348 146
411 671
499 967
444 384
765 338
679 6
643 338
605 45
270 763
864 112
446 786
812 734
499 2
993 390
976 787
136 165
772 721
533 944
901 453
507 252
88 376
433 785
85 570
894 383
566 70
922 899
244 505
715 274
377 611
94 402
299 17
386 164
116 108
447 562
186 307
796 415
591 963
768 393
148 650
625 94
210 167
634 95
677 376
367 360
788 602
977 619
836 690
956 238
516 188
752 332
46 6
711 614
110 666
383 724
427 134
394 242
76 661
794 296
819 775
655 560
53 378
866 452
568 196
892 201
153 149
355 168
847 204
568 570
347 52
610 191
272 880
630 88
107 787
907 937
875 661
417 370
982 655
815 67
9 50
824 735
42 881
636 625
177 999
66 842
404 894
414 844
653 670
294 81
465 418
934 590
134 153
191 732
918 70
583 155
346 834
870 779
394 424
708 239
210 326
849 888
305 605
403 277
969 625
357 944
737 6
542 39
760 395
678 317
960 607
622 367
687 168
910 307
591 167
165 111
79 753
888 795
123 549
291 267
208 525
280 375
552 281
8 221
401 667
597 613
4 788
900 235
192 509
750 437
10 991
145 65
224 891
901 159
277 710
333 863
128 683
64 998
230 72
637 83
367 633
74 746
390 181
520 609
218 413
82 902
389 131
232 66
568 421
846 503
577 536
597 858
166 18
907 475
377 566
347 672
507 796
577 11
261 629
21 767
72 111
329 673
515 621
851 549
98 216
615 235
653 217
326 315
678 528
132 172
559 756
910 882
296 136
272 126
651 683
656 583
536 89
691 347
613 831
699 590
241 257
95 831
880 576
727 93
244 458
77 772
82 450
83 686
520 694
700 478
213 136
869 606
858 30
822 217
543 166
17 887
426 46
963 954
378 696
158 314
288 317
725 666
361 793
902 640
47 478
218 834
937 585
174 166
82 957
191 627
422 739
493 265
448 50
262 633
672 220
563 132
748 792
833 823
286 288
887 844
379 153
281 814
798 896
562 275
359 630
122 710
478 149
100 396
281 936
779 489
498 919
406 861
360 980
132 841
734 198
685 627
967 366
273 574
479 994
686 405
764 107
551 24
174 822
703 700
160 488
65 944
598 284
139 479
705 20
42 478
823 339
156 395
985 709
949 360
482 543
280 747
747 824
101 710
580 988
475 853
665 714
923 60
715 635
105 448
458 282
675 307
203 497
709 153
598 169
690 358
635 767
690 203
238 100
420 205
69 192
177 788
863 60
790 214
828 482
278 224
449 192
923 682
649 897
130 982
995 978
834 331
187 812
198 356
1 555
489 826
499 50
918 893
267 683
653 804
672 403
663 948
676 529
411 655
759 384
614 979
463 807
447 270
414 519
950 186
977 58
199 694
442 151
601 204
979 961
515 374
86 810
405 887
338 545
295 253
138 116
358 983
37 738
118 77
987 994
155 130
254 998
451 250
938 84
455 304
293 947
931 95
875 834
383 97
802 743
684 239
313 536
806 377
476 717
869 876
377 927
951 516
739 22
483 806
804 280
782 15
566 784
170 286
958 640
920 243
101 111
31 532
240 446
614 858
346 543
518 863
611 731
713 320
767 950
938 326
659 615
27 148
154 642
166 715
71 529
508 309
567 873
833 769
485 607
154 654
12 542
383 811
146 206
519 721
22 468
530 642
42 109
601 518
633 148
150 38
433 163
824 459
932 309
326 779
200 991
349 537
79 260
509 813
722 98
930 520
78 813
46 354
209 703
653 632
489 140
595 106
741 381
557 27
975 170
894 109
300 572
676 522
411 861
86 230
445 509
912 412
966 978
375 686
309 580
903 513
419 234
207 51
376 731
428 711
694 540
548 770
618 602
999 322
581 145
93 356
652 883
490 676
984 221
692 687
3 495
652 420
421 614
896 840
947 239
77 772
886 380
285 488
490 506
401 614
960 895
734 169
119 837
404 344
743 556
804 227
837 477
309 199
402 340
795 500
494 880
201 7
141 803
365 428
749 666
204 518
498 348
109 561
324 454
42 39
579 560
420 326
769 621
891 158
107 789
705 115
48 763
433 133
15 206
986 592
74 842
529 628
766 476
762 965
129 203
66 903
590 899
249 988
126 58
195 907
72 189
980 859
189 423
199 657
985 692
781 555
870 950
28 718
733 511
536 871
273 928
569 967
807 235
766 853
655 675
155 465
695 114
650 637
68 49
465 830
645 560
350 43
524 579
167 708
469 407
262 264
897 419
295 546
730 530
795 934
705 567
114 419
764 17
694 733
102 182
744 34
315 503
220 900
661 179
999 693
326 323
47 520
123 863
200 354
906 969
105 597
286 643
309 84
643 215
563 424
583 645
541 196
115 116
109 465
137 364
483 39
272 566
272 546
444 72
606 432
826 653
425 480
986 714
547 352
14 582
828 590
750 834
845 440
455 198
973 853
316 592
900 71
365 599
479 114
361 805
334 402
713 557
205 404
938 427
22 325
510 928
794 808
661 538
486 46
689 147
558 193
111 92
18 773
448 594
365 156
273 515
986 979
765 734
99 784
524 346
871 244
771 139
785 665
59 77
230 944
771 974
583 827
394 536
597 112
409 21
66 306
745 495
316 892
635 295
566 726
280 247
475 229
610 72
858 193
343 582
480 11
539 279
773 327
577 812
65 557
263 348
478 725
87 970
924 822
963 354
269 419
500 502
966 419
184 489
727 22
771 512
910 615
227 299
312 680
945 712
232 708
667 329
472 908
338 432
882 810
372 602
913 279
252 967
725 809
672 128
920 875
338 479
546 816
207 168
79 443
766 20
28 146
511 101
216 441
881 314
903 522
599 812
182 140
146 275
730 629
534 929
705 771
263 667
801 17
660 347
521 95
734 599
389 125
131 659
203 647
242 817
253 150
277 816
277 399
330 940
973 126
439 886
652 321
869 741
476 939
268 540
745 255
184 1
869 372
26 488
660 198
610 665
879 889
286 544
972 447
509 960
876 824
273 365
73 504
593 160
907 954
694 931
748 745
4 656
847 294
239 622
226 362
305 27
83 307
291 312
176 162
878 914
963 307
201 669
497 392
532 911
806 852
510 67
713 524
941 589
447 408
75 705
575 447
593 84
112 591
454 561
662 974
34 683
50 254
813 725
112 867
911 665
300 55
350 522
175 184
327 936
378 381
522 716
825 204
614 616
984 235
660 453
213 65
999 261
363 364
178 242
140 941
348 836
995 859
882 442
426 969
345 630
505 181
291 923
242 660
805 209
99 741
175 7
550 783
165 21
14 542
686 274
510 522
269 300
763 20
577 491
656 346
167 485
291 507
154 672
750 629
758 521
259 398
982 444
991 652
686 234
420 539
906 418
217 951
564 959
596 260
370 588
273 250
51 616
259 795
443 321
189 293
642 761
155 393
71 284
926 349
494 965
289 538
861 84
524 763
279 535
136 293
880 637
968 637
116 729
493 658
840 404
467 533
351 872
847 633
803 940
802 282
427 287
706 898
577 423
106 96
649 911
902 343
471 308
182 386
794 425
484 164
959 177
879 456
179 145
790 663
148 103
750 95
460 933
146 929
26 394
701 931
213 24
407 920
560 128
620 225
665 664
218 848
198 688
456 30
89 359
378 133
159 801
757 655
710 777
239 675
847 522
663 831
297 39
450 31
11 877
404 99
940 534
615 404
324 585
647 556
766 624
579 337
567 312
119 468
694 148
494 129
725 933
375 586
372 927
58 50
810 95
759 908
396 607
840 997
655 294
110 374
492 958
518 529
251 551
429 180
647 950
538 982
193 844
146 408
697 428
9 424
203 129
156 642
319 937
638 562
387 472
646 731
81 429
755 79
317 506
134 131
25 798
82 729
143 411
185 127
648 424
987 358
305 242
266 238
752 15
471 848
771 911
228 846
35 419
7 38
287 623
547 551
785 323
974 510
427 587
524 437
485 472
223 475
858 678
532 700
788 469
973 695
25 367
686 593
875 946
791 506
679 36
551 669
268 989
549 838
596 865
188 339
956 176
807 672
829 137
46 622
829 379
705 762
704 937
514 525
422 669
984 827
8 841
945 763
102 20
687 697
707 984
291 468
411 701
856 722
965 248
295 768
392 582
461 150
347 926
977 56
717 135
967 242
207 52
763 38
886 629
835 717
393 507
926 890
311 187
585 129
478 541
293 410
490 315
992 667
108 16
613 309
938 184
94 994
706 930
581 520
400 198
132 737
408 439
327 897
628 611
462 729
628 897
13 867
229 824
786 996
893 58
949 27
117 452
766 535
833 394
433 781
842 600
719 798
872 679
550 609
275 218
713 906
556 140
715 754
618 148
945 675
259 471
828 939
191 646
216 375
824 944
393 727
903 72
208 997
777 457
240 977
124 772
598 235
919 160
900 312
442 785
231 893
606 596
187 832
160 451
994 327
100 173
651 947
804 932
145 539
576 807
188 490
433 889
783 303
669 63
967 665
455 705
937 877
591 215
583 899
254 427
227 639
794 344
521 676
414 689
534 798
24 84
749 100
766 971
723 663
578 305
879 338
758 530
367 476
910 970
509 430
940 864
739 894
276 866
641 26
549 445
8 961
273 315
111 704
96 667
225 371
821 702
155 983
312 635
735 786
154 450
666 771
26 608
514 672
654 143
155 781
762 918
491 346
331 399
415 284
67 48
888 403
911 787
541 872
30 260
544 873
373 629
836 633
706 524
954 937
702 996
493 807
19 768
454 87
83 706
861 268
441 212
851 450
364 76
254 504
97 469
80 960
831 157
734 1
235 930
400 515
882 791
205 477
216 383
207 621
134 719
739 213
17 730
327 272
410 621
797 733
273 822
354 268
213 414
301 545
999 825
146 839
232 488
709 277
429 967
839 779
924 133
150 338
355 231
143 367
411 772
637 101
202 251
354 254
789 812
644 475
817 876
904 284
634 410
556 924
393 853
97 184
648 346
604 18
420 350
431 473
275 336
222 119
264 945
969 614
410 182
957 256
994 630
357 973
285 393
260 37
866 450
501 176
971 785
180 53
677 847
548 520
893 514
774 383
998 313
436 238
478 377
999 707
449 262
516 259
669 936
234 97
702 307
393 692
382 543
587 959
852 490
295 280
536 870
44 362
253 244
822 720
31 289
287 236
669 423
290 512
624 27
758 17
162 599
765 96
877 794
131 574
567 52
861 493
823 663
377 17
150 712
553 339
286 904
524 315
187 164
505 612
648 633
37 839
692 8
621 962
295 541
700 65
799 458
117 666
806 163
527 563
526 343
783 541
160 981
195 96
816 179
568 978
45 37
819 584
809 303
227 563
984 984
368 736
470 959
843 214
848 242
977 186
187 409
268 472
687 441
380 164
378 292
700 928
783 539
636 750
754 710
751 437
1 706
459 88
98 695
854 126
939 774
814 693
330 475
716 345
514 451
973 427
522 180
530 501
724 860
211 281
132 786
861 241
733 653
396 925
214 927
798 903
595 764
214 225
131 265
95 507
668 712
8 796
401 506
355 711
633 151
375 341
863 192
232 462
615 38
752 517
542 39
892 940
677 304
148 374
121 710
476 102
770 364
917 271
278 999
451 780
685 523
386 399
661 138
605 829
153 836
693 644
109 402
874 474
32 521
708 977
210 241
445 453
986 318
400 662
356 917
811 484
464 239
211 618
429 117
101 906
425 476
550 161
841 920
132 807
749 638
864 109
59 449
971 592
319 723
395 47
857 514
939 392
895 901
775 854
826 120
299 693
732 458
629 64
810 89
468 165
556 793
67 939
205 811
755 578
412 807
560 553
987 580
516 66
782 26
774 221
127 277
169 780
148 965
867 558
170 252
241 825
521 659
791 482
704 538
343 706
59 743
680 915
387 812
206 474
874 259
137 477
173 544
461 664
470 30
843 607
765 723
307 761
908 206
419 863
738 332
420 888
252 52
523 924
541 667
940 450
886 149
563 655
331 737
366 461
592 166
520 606
759 851
945 816
127 512
974 802
201 673
5 429
350 936
87 840
765 856
475 617
705 62
287 173
101 932
128 661
229 277
36 901
810 421
652 689
911 536
845 104
839 583
246 741
359 46
433 422
910 288
576 38
94 302
973 300
661 454
547 947
826 845
611 142
777 884
191 787
859 272
335 328
28 421
996 717
645 971
174 191
480 783
653 42
980 761
557 345
528 563
969 703
517 731
167 613
504 777
100 847
225 108
160 253
319 951
872 682
369 330
377 584
967 390
977 917
489 596
766 560
625 171
445 105
150 281
436 817
933 703
177 159
841 732
218 58
711 869
778 920
433 911
644 992
434 849
522 715
317 980
276 37
447 50
81 254
514 823
59 550
291 424
527 978
209 277
885 479
517 94
381 243
401 280
1 539
161 101
380 176
273 9
701 496
354 304
473 412
777 908
30 747
518 468
879 188
584 156
970 136
9 971
290 336
797 464
483 913
939 827
498 569
443 568
280 968
152 838
880 532
2 25
782 633
391 274
221 657
549 548
796 369
737 312
293 854
907 858
179 753
669 591
688 594
23 797
498 556
197 372
750 529
228 589
980 604
855 191
775 52
265 524
287 211
921 286
968 912
264 668
969 837
446 850
31 213
305 614
936 308
446 181
116 683
788 303
867 928
723 353
994 147
479 629
807 33
682 391
460 16
258 464
629 496
142 519
813 423
564 427
201 106
883 876
669 916
844 681
829 500
962 551
703 778
48 614
386 700
837 869
864 733
607 992
657 283
500 946
314 77
385 21
828 509
242 172
145 728
624 873
92 681
649 612
554 798
132 924
890 362
780 665
700 44
194 666
373 545
82 834
909 33
633 27
869 685
843 363
136 612
203 575
934 416
209 602
582 965
411 346
988 912
681 214
910 402
737 605
44 824
356 789
239 989
217 473
78 669
193 898
769 250
688 267
257 856
340 170
514 402
483 700
902 392
750 210
84 818
846 198
1 881
724 626
518 9
209 423
544 487
637 97
836 481
593 577
891 273
879 437
732 281
278 655
600 831
897 606
32 797
939 716
929 499
413 858
740 61
493 875
74 26
780 841
928 556
487 667
235 228
634 630
585 69
157 635
7 347
121 668
897 402
386 310
480 376
174 109
242 324
696 618
251 261
567 999
270 441
46 841
637 42
401 892
130 770
397 406
240 294
606 215
426 63
239 562
439 840
579 263
666 943
945 44
372 386
488 167
130 174
87 674
47 600
929 222
685 193
520 895
763 78
373 135
565 725
931 812
357 874
377 273
290 216
848 575
493 523
642 148
735 953
917 312
489 903
389 584
528 489
892 194
464 125
521 592
269 964
848 316
340 909
43 51
391 208
68 189
405 397
141 286
355 619
152 5
742 270
774 251
743 928
309 76
885 525
955 575
358 631
739 882
660 452
987 972
257 131
808 317
703 45
910 590
694 653
401 732
17 525
214 579
378 934
353 415
202 863
403 905
264 807
823 789
699 519
235 483
628 396
111 573
456 414
232 387
669 499
820 451
69 133
753 916
978 630
526 67
104 4
363 757
126 879
90 358
736 109
763 477
622 942
960 6
940 939
983 70
989 674
359 999
995 737
840 795
348 733
633 874
72 77
49 141
885 294
404 702
144 934
905 793
662 987
494 378
946 169
471 933
20 698
855 883
420 801
815 126
601 356
345 221
126 727
947 303
759 134
341 901
82 674
514 803
510 121
295 679
574 514
946 241
799 437
895 491
966 883
263 71
488 647
597 185
118 723
153 245
645 221
229 945
70 193
97 185
474 760
170 23
437 4
575 965
229 91
134 22
311 865
936 671
371 171
855 601
74 223
873 152
867 208
476 706
689 818
942 969
389 994
843 299
131 614
473 975
290 615
401 599
443 499
486 111
432 975
72 773
413 240
119 599
88 380
205 206
65 535
597 466
418 312
608 632
265 429
622 759
947 463
775 772
908 461
482 182
872 119
621 589
220 121
443 755
952 780
743 724
199 509
420 284
607 507
617 922
95 99
524 809
664 569
179 357
671 792
694 829
286 269
549 316
787 32
205 705
677 866
226 639
894 3
941 463
273 930
610 943
289 973
811 332
534 888
609 391
690 298
568 904
217 471
684 818
463 520
445 244
723 26
344 696
983 310
966 575
709 465
794 505
203 690
394 943
547 136
458 445
265 418
838 679
706 314
857 154
728 248
898 357
357 456
594 410
367 295
285 594
597 401
214 665
336 782
39 845
124 677
694 655
395 473
344 178
375 505
906 384
374 362
472 506
494 171
143 920
179 569
761 768
864 543
311 719
112 779
705 995
955 851
276 889
103 560
607 806
903 636
470 172
7 516
970 945
11 847
313 390
768 846
837 543
611 987
18 586
45 823
389 515
196 542
830 66
569 366
7 414
195 126
908 990
427 165
932 267
432 135
63 248
924 863
836 871
57 332
413 718
842 592
500 472
513 369
485 657
909 46
670 543
29 354
833 571
892 613
953 504
554 783
38 765
755 467
254 364
500 325
476 37
312 680
217 640
333 173
905 130
627 965
15 799
260 604
964 180
511 205
964 524
513 387
261 521
282 156
285 104
695 43
205 222
647 141
483 522
250 95
934 303
256 194
133 4
372 114
322 131
830 371
532 443
284 439
203 863
78 252
936 222
331 923
818 170
932 601
79 781
116 73
362 910
332 207
161 907
907 312
726 2
775 933
804 255
283 507
831 466
221 971
236 578
936 425
145 677
650 774
68 40
634 481
794 202
375 31
420 544
913 197
903 306
357 950
915 398
585 478
830 247
139 82
377 661
640 616
996 34
428 984
198 56
114 83
329 879
354 143
694 705
290 283
611 13
763 903
550 153
567 618
12 778
584 159
685 261
876 636
152 547
361 758
662 961
255 139
725 395
393 57
463 519
170 444
265 48
522 353
396 663
684 310
982 889
676 981
540 985
569 92
611 682
783 841
196 405
913 38
689 298
728 669
430 16
816 622
276 130
139 279
967 406
502 3
636 993
851 657
3 693
605 573
506 66
700 250
108 246
200 115
397 562
199 58
760 673
575 924
171 346
818 690
333 131
394 985
780 466
771 164
756 672
238 465
991 567
349 751
345 912
544 389
665 490
584 277
817 871
981 190
790 457
614 192
596 33
552 288
373 593
695 793
722 382
851 7
274 681
918 564
452 997
289 975
441 536
705 344
719 723
667 783
818 728
922 102
786 166
577 395
198 124
194 308
828 727
741 545
553 484
53 982
366 371
834 685
817 376
749 764
70 434
980 237
719 718
31 792
714 693
413 326
905 529
531 112
654 594
11 725
54 465
567 740
514 379
489 140
138 131
924 101
440 837
437 182
185 162
924 670
238 196
261 191
535 753
384 575
739 741
677 893
444 162
992 604
845 999
72 898
182 622
139 538
102 455
31 780
863 160
779 596
140 143
330 417
138 109
63 688
515 134
867 672
371 832
600 883
562 38
304 695
787 127
906 525
679 736
313 756
29 11
187 823
660 689
409 768
504 771
974 542
511 738
8 62
929 2
976 52
100 35
62 68
79 63
371 158
969 735
617 230
68 169
368 962
314 54
952 360
289 518
348 648
553 103
818 391
363 54
263 263
897 904
450 906
909 298
531 739
527 861
889 895
728 205
112 885
889 303
10 487
169 560
74 701
921 928
17 265
506 180
655 231
899 913
493 754
99 147
321 150
912 136
828 731
670 886
546 211
145 510
392 820
846 277
752 662
7 272
545 618
233 175
911 544
6 612
500 375
655 117
877 158
165 345
568 736
771 611
696 109
735 417
758 475
692 638
838 337
533 504
820 80
81 504
48 140
703 899
76 257
272 414
432 616
635 856
168 487
543 984
941 301
281 958
827 304
938 97
372 282
960 750
403 466
180 938
355 100
760 454
944 751
186 2
969 894
388 718
38 429
142 581
454 493
615 42
589 631
24 588
100 473
232 937
140 10
869 525
31 996
203 727
801 292
962 741
909 587
179 634
828 639
478 728
68 400
166 28
413 83
50 330
556 737
695 973
989 746
475 726
460 336
865 475
308 564
79 704
85 193
48 554
6 288
321 734
823 562
355 177
210 526
623 208
500 567
536 154
514 252
702 143
302 518
705 783
972 203
133 299
908 170
726 364
909 644
305 60
64 281
583 155
73 126
486 713
659 504
181 290
979 586
108 184
261 614
919 767
850 256
859 838
926 374
867 226
784 948
479 259
275 516
276 790
598 319
538 325
118 630
507 596
483 482
744 263
175 854
343 695
476 498
286 820
811 495
85 165
83 841
289 216
770 258
158 494
109 337
669 101
661 318
928 31
144 504
262 44
837 931
485 567
323 346
739 360
677 287
213 208
132 627
208 265
175 531
297 966
943 204
58 998
257 250
71 252
185 639
139 738
241 436
686 438
121 384
57 705
866 368
401 526
195 514
796 844
703 149
91 656
892 176
116 490
164 286
158 127
735 477
772 54
329 474
202 990
186 388
434 427
794 550
837 702
382 715
811 209
693 472
216 605
574 638
596 906
242 263
199 366
112 335
544 836
281 394
139 919
672 679
797 435
790 440
284 70
374 181
515 115
737 892
469 242
121 15
499 635
251 248
591 212
735 232
930 56
183 700
421 657
831 971
632 95
30 684
564 557
271 207
559 893
854 656
394 918
573 448
347 674
840 578
8 832
47 721
890 453
831 241
148 673
220 319
561 599
131 653
149 505
835 572
934 352
139 112
19 113
590 400
84 179
834 881
852 617
833 813
380 558
515 261
352 229
934 279
874 933
878 896
22 757
749 771
841 706
553 758
934 216
455 211
882 128
628 976
147 441
306 599
315 326
763 380
466 597
40 230
244 16
489 240
966 693
268 185
22 71
588 583
521 89
980 180
599 97
357 125
618 153
668 906
989 857
45 161
534 344
58 473
413 907
378 462
976 439
763 908
872 395
549 579
499 184
681 580
318 205
122 291
654 274
712 5
740 655
481 550
101 879
902 909
467 915
418 191
603 629
917 947
852 109
771 129
77 381
629 702
610 560
931 567
469 832
300 501
931 865
487 243
588 425
509 839
912 811
356 685
82 125
462 467
19 343
242 739
613 931
270 676
59 241
522 344
893 941
267 27
170 222
289 810
347 115
937 221
623 997
610 876
343 786
429 357
855 618
747 925
341 123
717 183
269 376
80 614
674 93
157 910
937 915
882 423
844 521
156 460
54 871
974 470
164 574
466 525
326 393
367 688
959 954
635 365
630 451
612 131
428 361
297 74
884 330
858 843
706 330
67 768
513 369
410 550
26 946
640 708
850 775
197 703
606 451
746 864
397 633
722 415
537 820
758 189
790 47
729 160
942 301
570 492
514 502
274 369
263 56
205 243
36 449
320 426
247 757
658 627
199 725
825 628
534 840
827 225
504 331
909 171
696 146
896 49
897 598
356 51
38 993
147 790
370 856
8 753
788 608
632 709
504 221
105 389
540 27
936 321
322 764
763 981
982 961
836 968
24 67
406 749
689 838
74 516
744 907
563 256
97 15
92 1
81 319
130 845
916 49
317 397
216 981
620 917
384 701
554 26
159 265
489 801
601 463
848 433
387 901
453 277
867 858
191 109
424 702
527 194
830 332
609 275
180 452
28 673
375 344
650 101
519 806
705 254
929 653
272 162
223 827
655 619
251 817
429 616
65 71
341 833
788 177
522 523
53 460
976 405
767 86
312 184
283 359
281 458
148 968
636 901
188 288
404 881
443 860
945 703
45 308
486 298
979 902
332 871
455 720
531 659
689 860
366 957
912 320
769 781
105 182
287 594
356 501
537 184
970 802
533 167
150 770
444 673
576 607
731 472
663 125
995 58
896 743
697 997
456 147
552 71
112 929
160 569
606 815
315 916
673 595
714 194
281 431
650 152
124 35
499 50
682 640
504 616
544 805
370 571
160 148
305 103
687 787
523 14
659 220
864 191
171 352
504 673
950 789
571 290
999 795
525 777
966 424
884 261
616 312
410 117
163 538
625 669
297 854
749 490
432 359
467 636
218 506
201 891
175 409
421 519
705 409
66 228
249 986
536 571
43 664
452 393
101 239
674 714
479 427
15 68
547 174
788 999
664 977
971 456
6 268
458 983
258 761
381 865
347 275
262 239
171 403
485 142
2 703
274 424
108 268
645 280
23 62
864 105
77 277
496 323
253 851
310 973
589 193
937 364
382 481
38 352
282 354
940 867
384 471
365 543
581 652
913 647
58 494
439 379
199 374
377 132
463 626
113 371
412 660
372 62
969 924
924 296
47 537
20 81
593 576
798 412
763 780
300 788
830 840
427 869
818 846
885 329
335 912
628 739
333 37
885 750
198 407
618 255
961 664
103 146
562 994
944 780
320 716
568 338
768 922
627 772
380 194
116 633
107 45
317 142
530 125
193 383
511 628
224 135
170 71
587 708
859 710
393 778
593 253
468 797
215 197
842 961
349 632
261 804
328 809
443 280
317 934
271 528
18 354
336 356
879 570
328 915
54 429
9 526
533 784
966 950
892 814
425 982
196 418
839 459
998 15
380 565
380 644
681 41
795 881
31 95
898 689
951 65
443 687
226 486
897 826
430 348
781 202
732 853
570 488
228 926
242 624
811 668
838 858
243 290
929 757
110 310
594 459
920 32
451 361
214 797
984 325
582 383
288 923
432 343
162 649
711 306
542 631
696 34
611 141
824 769
142 745
561 321
203 202
668 199
551 861
357 555
264 211
952 882
496 267
198 87
111 252
385 56
734 914
182 65
118 605
642 430
412 425
49 267
795 677
201 365
766 756
323 707
787 897
398 178
647 475
157 411
694 814
48 170
446 785
827 447
913 991
25 970
823 315
169 555
507 307
273 661
689 105
48 482
211 738
187 919
859 11
489 62
981 27
896 623
352 381
297 935
465 929
994 180
592 596
292 465
660 209
912 823
766 513
234 449
436 810
238 123
862 717
460 244
15 346
983 911
402 590
687 663
634 637
164 665
688 145
75 60
160 614
273 452
79 323
415 3
646 566
96 690
173 687
712 125
371 425
524 87
598 229
305 514
921 407
701 464
130 756
921 356
642 190
28 323
811 198
503 133
131 889
300 837
406 679
293 897
73 317
347 668
967 199
368 976
415 787
226 196
473 980
726 541
220 614
709 367
949 574
288 83
676 196
87 524
337 455
812 586
117 589
681 709
454 843
783 135
370 453
155 81
408 443
173 148
628 855
500 146
340 594
292 625
987 350
309 93
637 32
244 821
523 471
830 174
625 689
627 891
165 966
860 730
351 862
56 493
266 854
254 887
695 826
442 215
968 96
236 165
86 826
441 468
154 905
33 151
128 315
78 757
691 388
934 430
442 595
492 513
120 522
384 334
649 506
179 15
188 185
37 329
12 63
476 813
327 585
102 43
465 105
314 816
21 738
773 348
768 83
629 626
377 260
896 354
978 994
364 982
918 449
306 604
346 80
870 656
286 521
577 199
268 929
617 738
412 436
418 263
873 970
223 579
743 973
375 941
998 739
134 720
987 876
818 505
82 641
642 400
772 122
8 84
939 235
214 702
403 200
481 815
264 48
76 294
476 736
53 254
892 807
320 747
307 35
386 897
82 256
944 87
364 951
114 170
397 807
458 61
866 22
659 778
276 186
170 106
490 879
224 872
336 133
381 235
995 533
740 290
235 988
928 350
708 440
690 612
565 701
432 342
460 864
928 383
300 723
318 928
679 667
447 276
58 801
704 198
402 654
876 637
495 473
794 45
245 718
805 845
469 65
554 747
626 430
504 31
570 212
378 392
286 878
54 16
842 702
972 517
413 197
60 304
130 869
960 96
225 556
376 927
161 665
137 110
656 737
221 605
896 810
788 858
18 566
540 653
660 112
462 820
138 905
507 489
98 99
750 179
134 107
519 977
888 592
153 578
959 717
240 750
522 320
803 155
148 109
457 746
804 431
325 627
727 322
237 776
500 50
277 434
167 582
829 243
578 4
788 504
419 152
394 702
74 113
894 73
508 351
143 525
65 583
449 82
476 588
350 756
207 394
514 546
431 834
667 533
874 210
943 302
911 417
348 305
234 361
591 876
758 727
599 886
805 631
981 102
480 149
790 642
697 654
71 404
933 69
795 14
865 377
761 362
944 234
244 660
898 80
567 711
184 139
586 408
221 129
199 645
216 877
603 694
949 175
927 182
882 37
261 72
923 192
889 919
357 907
766 290
667 941
666 380
984 868
843 594
418 470
192 682
239 40
564 626
613 564
499 957
775 254
734 899
499 521
246 19
641 790
535 740
902 556
586 87
506 583
214 749
202 373
912 561
146 110
38 92
352 50
266 438
858 932
148 888
609 369
201 44
419 15
95 124
496 777
627 831
502 36
898 688
8 136
736 554
496 288
663 593
755 936
43 407
698 50
295 575
466 372
219 289
970 350
896 645
231 602
738 312
804 113
318 21
804 143
961 99
162 521
909 169
8 987
203 375
327 32
134 704
399 993
926 482
540 395
29 384
177 594
45 997
32 68
911 459
205 492
741 364
437 372
522 450
598 503
254 590
837 399
361 231
311 928
547 15
855 154
531 197
490 626
359 279
253 329
821 707
556 123
214 516
581 505
968 913
177 316
231 228
134 119
396 886
835 848
1 462
243 796
102 74
321 520
155 993
764 572
819 348
998 704
764 900
509 339
444 449
904 867
233 901
338 278
906 872
631 518
747 589
415 47
336 346
719 318
363 911
573 273
204 536
557 410
49 238
903 784
402 689
543 24
919 889
848 328
898 363
821 166
744 853
463 155
464 442
150 219
71 707
446 722
386 741
475 514
112 426
49 82
633 635
184 153
882 919
578 494
22 751
315 313
130 138
804 760
713 241
707 236
266 239
71 391
546 666
955 770
62 586
794 522
47 504
817 686
526 930
344 114
34 282
948 645
687 233
622 503
686 934
572 766
838 945
587 897
517 827
413 643
372 927
846 929
185 572
826 334
608 24
987 550
783 467
659 473
792 164
775 546
952 822
22 522
542 177
237 833
608 944
754 739
2 570
291 46
473 7
866 436
293 822
778 997
55 457
233 146
777 919
504 370
702 946
639 108
295 141
602 325
331 668
718 610
900 952
647 751
750 67
115 646
396 654
4 42
847 232
785 176
53 271
628 269
441 380
434 937
497 29
66 724
99 788
416 297
831 148
264 552
264 425
321 101
822 281
344 732
248 914
74 847
739 142
829 66
136 891
160 421
257 458
19 354
177 737
977 416
278 219
43 204
768 987
522 944
185 933
68 440
713 413
364 34
392 760
815 225
947 962
337 572
756 95
447 310
726 733
225 615
542 314
259 738
381 661
387 121
929 143
608 56
268 98
93 106
947 707
482 313
193 974
321 816
965 504
996 949
192 877
784 667
613 473
1 913
720 942
967 710
199 757
133 847
492 530
75 227
981 7
748 447
832 360
492 689
337 803
137 444
565 352
414 395
531 241
23 464
917 961
522 171
967 206
46 322
300 178
577 468
460 586
10 374
745 390
313 685
605 135
947 230
29 455
81 968
801 740
326 44
222 23
845 419
430 440
98 369
685 15
395 701
534 167
380 842
216 181
483 483
791 12
297 828
673 71
109 489
294 283
976 840
398 276
232 858
858 564
710 134
259 128
938 326
246 700
779 250
945 479
545 58
157 701
712 943
593 736
135 631
266 41
847 747
782 366
803 419
743 683
694 523
693 158
428 439
811 919
605 350
527 766
81 484
840 89
973 118
745 334
333 987
383 461
780 546
368 65
463 743
457 978
359 873
464 457
145 700
937 320
828 917
180 102
631 601
924 318
732 425
801 926
145 406
671 424
500 290
512 729
999 685
584 16
875 78
967 293
234 453
825 428
707 150
295 406
15 328
997 1
553 807
574 837
988 982
272 789
384 688
930 99
192 626
81 511
437 311
382 203
666 354
581 815
870 624
391 246
149 47
8 783
852 419
225 668
765 700
657 752
713 676
444 256
218 71
368 166
30 93
184 193
918 810
593 737
63 11
289 24
618 378
79 287
388 725
529 940
1 874
662 669
640 415
860 89
547 506
945 748
88 499
497 367
478 299
791 324
323 255
915 298
576 171
178 972
161 814
730 758
468 772
46 181
732 118
501 542
535 385
225 746
722 247
746 14
142 235
267 145
305 756
538 883
422 479
765 633
102 639
806 49
198 438
379 187
233 139
182 918
305 438
118 382
80 996
810 259
281 469
879 905
643 503
177 217
386 558
67 907
831 3
632 504
109 744
297 638
243 612
163 441
766 273
763 984
178 29
784 71
239 277
901 392
430 200
222 763
572 954
946 711
929 762
139 241
222 606
810 243
486 285
945 42
488 322
323 888
55 985
205 688
192 269
147 716
501 2
1 805
114 975
339 467
722 443
381 246
634 738
570 386
220 616
261 518
988 994
513 43
320 181
885 573
317 307
909 199
587 847
92 189
745 12
747 287
126 63
780 808
727 237
209 404
591 401
680 859
152 676
457 633
538 80
213 736
112 536
658 666
453 66
525 863
357 293
40 898
690 862
180 489
966 608
947 483
103 250
929 440
39 777
136 644
2 181
611 926
806 226
59 369
253 362
699 510
736 416
946 570
361 543
83 543
828 342
675 35
792 472
281 122
765 117
601 919
377 2
606 553
535 592
701 671
252 77
908 817
250 742
342 667
773 917
535 471
70 604
140 678
966 747
480 986
279 916
368 534
903 498
291 39
479 647
612 405
746 212
429 661
99 185
719 141
31 287
314 242
824 403
913 746
466 900
907 973
295 949
556 326
637 415
952 227
280 450
159 232
494 384
849 397
654 622
390 942
736 351
949 876
338 659
759 810
919 830
442 20
17 726
283 304
955 983
356 466
896 958
86 827
798 692
945 6
991 762
716 916
248 229
151 92
850 8
30 891
467 792
634 898
393 806
264 812
276 183
772 632
965 906
470 963
18 161
930 360
524 333
114 421
51 188
111 438
340 46
499 756
249 637
600 766
390 988
144 967
971 831
801 701
512 287
601 655
229 472
987 984
328 83
28 701
480 648
949 761
876 649
717 404
665 427
684 445
587 38
944 202
643 208
196 941
895 95
378 452
307 393
807 904
580 190
218 663
589 57
775 911
496 58
303 307
416 994
748 379
329 931
485 465
732 35
300 362
332 5
484 941
941 927
463 313
991 814
691 362
222 209
885 955
630 850
101 833
566 281
349 402
881 975
132 444
803 120
404 574
86 568
87 16
899 844
870 386
42 150
115 815
911 610
539 170
451 577
111 768
922 815
730 194
75 980
73 513
352 652
644 76
416 6
969 528
719 745
418 896
358 417
610 293
981 526
583 748
182 480
309 304
731 821
564 134
512 624
524 66
415 947
561 107
59 228
90 600
204 947
779 11
528 662
799 674
100 189
572 125
671 162
142 701
948 628
429 219
679 800
329 602
240 994
869 216
305 224
606 478
620 326
402 567
806 984
538 322
671 5
699 748
271 724
62 737
965 684
207 380
718 127
439 159
123 375
788 164
531 809
10 837
826 391
847 189
273 870
137 960
286 114
532 293
334 395
592 614
746 430
410 930
721 297
119 559
975 434
911 888
681 982
618 712
922 82
442 841
763 628
737 287
54 879
618 867
391 798
492 843
342 807
367 350
88 439
642 233
499 895
762 723
848 210
774 827
911 893
762 906
209 31
630 863
441 815
947 806
795 217
142 112
359 628
645 216
379 902
533 919
753 247
961 821
166 839
560 347
535 535
257 682
694 625
700 186
949 767
574 242
425 422
444 435
539 720
245 209
350 567
556 664
442 323
154 765
919 433
331 638
228 452
74 369
49 456
443 495
373 322
657 442
757 561
120 907
510 469
510 636
714 539
395 811
224 959
473 11
477 184
852 131
839 395
926 619
95 291
684 263
467 642
536 408
288 506
110 261
540 530
334 78
712 970
775 770
158 795
789 753
390 49
148 531
423 42
79 517
668 933
825 789
437 625
362 463
853 357
385 662
231 557
298 803
959 929
957 912
52 981
298 911
411 359
936 183
917 819
144 718
841 723
215 638
882 916
919 646
596 553
749 805
311 564
538 916
418 929
554 726
680 595
89 668
877 100
483 681
435 721
534 63
623 994
910 705
398 585
526 590
974 625
777 274
189 906
294 685
637 915
562 378
30 139
371 758
159 382
926 70
767 52
229 769
387 931
434 378
223 955
865 971
878 270
770 452
100 325
121 106
5 344
69 377
210 762
336 590
867 940
438 261
986 860
736 436
942 618
810 988
345 650
509 859
201 376
374 820
513 913
670 527
841 413
499 122
538 716
449 576
726 922
200 729
522 522
674 302
485 186
759 229
979 600
105 93
354 555
468 645
404 494
129 772
921 107
209 940
156 684
551 262
628 892
923 700
809 332
277 109
802 735
958 296
626 690
351 595
934 164
269 187
786 152
687 392
966 10
487 56
419 529
450 527
589 293
281 880
610 810
4 571
79 126
408 975
785 846
466 167
925 994
920 859
85 395
60 68
618 42
889 232
485 504
277 74
481 630
905 835
33 397
35 445
196 589
228 832
726 204
558 88
412 165
838 992
705 700
864 69
362 250
165 230
174 256
486 759
212 660
339 387
915 225
727 246
845 985
569 138
691 758
52 609
111 441
528 687
169 352
24 154
506 29
315 848
62 836
386 626
459 705
592 142
822 835
202 896
35 270
378 320
338 91
517 570
246 213
744 136
184 549
251 63
64 578
163 124
954 602
708 162
170 105
812 64
805 663
444 268
306 100
592 874
6 422
455 733
306 865
122 623
847 140
313 566
636 219
94 642
795 701
165 681
851 511
940 371
174 44
11 935
845 981
164 875
460 533
216 702
607 151
465 606
43 799
933 992
331 78
154 214
564 652
480 771
987 798
85 186
293 665
486 956
225 580
693 663
117 972
157 594
130 683
775 891
340 639
809 459
352 397
21 747
793 35
108 813
929 570
997 158
588 281
951 150
949 793
16 213
156 826
876 127
55 395
828 24
754 963
948 737
195 676
666 907
353 55
207 786
491 890
154 283
519 748
654 275
657 430
234 961
246 470
433 703
148 284
972 194
366 484
20 789
839 765
287 639
597 382
26 612
41 311
368 986
246 886
356 730
564 111
503 397
656 321
706 824
138 359
879 567
758 981
75 849
440 723
29 761
364 5
232 939
112 383
261 581
322 240
962 472
874 640
41 702
406 743
875 303
127 332
343 746
832 398
348 767
321 228
933 690
146 773
37 672
255 182
270 370
368 659
678 896
11 913
271 198
263 701
657 83
221 356
626 990
816 646
606 749
456 710
920 694
145 154
556 376
529 140
942 575
224 95
637 33
405 434
997 337
907 543
717 346
549 3
890 81
192 25
19 633
943 217
367 651
60 977
963 328
627 455
854 283
723 624
287 553
905 737
53 318
700 4
602 366
335 799
82 200
985 799
14 847
576 311
19 817
817 170
457 948
156 713
537 919
937 475
278 858
248 887
615 720
882 883
219 218
493 148
297 775
323 988
91 475
100 677
831 897
210 494
945 939
936 670
435 366
157 538
688 974
563 12
531 460
734 200
200 764
694 761
221 542
419 922
177 567
317 479
77 34
506 780
730 913
319 492
624 973
521 394
827 568
872 899
759 722
585 901
531 135
115 610
814 422
638 332
181 349
330 432
780 250
927 737
363 273
693 208
222 152
252 892
344 168
208 953
540 370
581 474
758 735
649 569
540 857
27 362
347 221
423 594
239 461
741 514
385 328
717 426
48 669
957 836
827 366
983 897
578 60
831 543
767 914
136 394
563 459
469 525
943 110
905 300
27 594
392 551
920 596
552 696
336 798
515 240
992 184
61 760
549 324
967 300
36 434
89 942
909 91
709 586
527 887
414 471
107 151
917 431
401 805
763 457
613 132
699 493
758 609
980 218
501 827
488 793
381 776
270 837
480 440
45 890
939 210
398 897
207 117
36 337
131 960
181 214
431 668
425 507
3 644
324 397
280 753
872 773
212 127
612 874
169 241
309 649
737 813
482 623
811 808
519 420
996 733
499 742
465 526
857 677
621 690
326 397
602 53
940 582
609 717
134 908
940 820
734 97
264 122
631 145
668 497
959 965
238 36
657 779
415 495
997 260
706 362
185 987
605 672
418 456
51 445
829 434
462 257
68 505
527 303
540 377
982 589
906 123
574 794
967 525
781 743
804 937
486 725
773 558
650 899
24 277
272 411
451 992
247 118
85 199
576 546
46 284
779 552
577 710
782 196
51 505
980 286
500 914
754 61
84 6
859 354
466 503
240 845
206 632
656 419
49 125
953 320
264 870
348 732
256 835
908 336
101 510
476 408
519 745
856 466
256 545
516 677
298 675
4 569
305 475
261 385
116 18
569 825
2 4
929 313
94 224
403 311
395 646
600 933
895 863
387 862
535 539
563 598
815 459
657 681
552 474
880 339
106 728
478 93
273 722
289 183
282 958
526 952
301 793
549 250
343 198
442 986
55 501
112 725
810 361
399 261
132 310
127 851
447 111
729 340
903 967
886 797
205 547
886 61
19 952
141 562
798 608
597 622
903 89
876 256
696 881
465 995
62 448
942 562
132 522
20 363
382 422
143 414
290 865
132 943
41 586
251 820
660 783
451 796
222 437
224 763
36 81
916 844
98 834
871 670
454 159
633 77
602 753
178 870
840 116
634 165
907 881
112 829
656 185
640 118
746 717
155 40
960 111
180 525
849 463
320 490
292 937
358 591
277 101
266 283
198 660
681 594
181 486
498 503
171 916
494 36
951 927
979 993
514 516
925 722
123 614
420 460
695 862
531 222
138 133
654 903
699 101
631 116
312 571
15 232
960 635
180 967
883 832
941 408
370 366
530 700
205 4
228 44
448 910
607 692
484 430
839 201
763 110
889 133
650 642
208 40
251 450
164 383
226 660
317 350
446 669
388 206
921 900
597 209
655 515
595 444
275 969
938 118
10 573
646 734
237 629
818 557
237 871
919 149
709 950
793 966
723 977
775 148
387 361
10 504
376 934
217 920
477 165
677 113
881 522
741 626
450 977
346 771
630 302
789 182
922 897
244 166
759 178
265 41
906 203
517 427
206 607
414 813
388 604
313 629
920 710
658 13
635 138
481 772
249 610
907 173
663 707
401 925
192 436
660 960
795 938
456 349
806 538
651 392
483 277
343 128
999 429
308 689
517 565
187 785
266 642
342 895
342 643
525 714
703 29
403 392
17 330
797 386
831 791
803 746
301 943
419 372
626 451
832 335
372 728
703 48
982 126
8 897
746 519
28 49
253 177
408 586
182 480
612 859
800 994
359 266
487 389
487 950
80 559
880 254
699 651
545 17
854 860
706 403
362 426
326 782
550 528
611 231
544 175
370 434
645 405
374 124
300 252
633 395
223 653
63 734
368 253
27 238
417 924
557 432
546 688
492 833
52 270
234 968
907 439
766 870
555 713
837 519
846 341
493 6
870 938
171 322
291 799
59 213
10 453
453 650
581 901
558 952
515 196
44 778
703 425
796 393
918 237
30 453
447 3
217 46
402 624
76 456
549 443
229 147
138 798
741 815
688 728
28 721
729 624
588 465
792 103
265 244
262 936
498 223
66 640
467 298
74 3
499 656
68 839
605 568
263 898
447 339
298 418
881 416
104 351
275 630
623 254
544 850
277 613
271 738
344 435
396 968
680 789
935 574
401 14
67 510
6 492
216 711
477 403
307 409
94 491
444 900
499 378
394 908
413 4
777 597
632 296
622 285
7 738
836 391
803 901
243 161
858 864
320 271
744 300
60 413
266 9
298 599
195 907
192 671
305 714
778 668
761 55
242 509
162 293
548 112
539 355
552 745
545 736
162 235
572 311
201 832
747 460
481 945
835 660
457 312
744 114
251 387
961 376
178 206
113 752
894 819
204 626
813 632
189 189
509 144
310 892
166 332
284 123
336 866
27 352
911 383
763 353
805 986
759 130
413 451
63 517
935 103
48 934
344 728
813 111
156 98
809 272
13 468
798 413
307 647
153 602
459 61
541 195
728 55
865 619
152 884
158 586
914 924
234 81
945 896
82 220
744 995
845 365
926 155
39 290
757 459
342 463
274 89
956 79
980 3
359 293
341 493
474 679
236 895
276 785
708 411
480 342
205 499
802 7
417 780
69 743
9 530
273 534
689 242
406 379
272 44
367 690
902 168
696 35
946 287
591 184
286 427
772 220
885 49
683 257
951 963
759 281
648 820
527 612
713 915
70 791
551 615
164 932
267 346
557 288
981 588
114 531
630 545
777 517
183 831
69 597
808 365
988 961
256 86
397 335
545 943
215 871
425 718
6 688
317 796
238 615
673 622
884 480
413 986
320 536
746 194
968 255
288 618
588 445
467 937
768 507
134 562
5 654
805 18
97 176
275 182
874 652
189 894
534 479
356 451
841 450
570 374
540 115
686 298
319 986
17 355
490 36
485 61
744 382
935 664
569 335
329 474
518 705
664 648
418 272
934 540
34 698
773 142
508 387
23 901
968 489
173 858
603 31
658 356
294 470
727 646
222 957
899 888
170 904
581 83
437 655
85 903
327 396
353 823
485 306
314 960
468 23
264 474
308 762
248 449
712 762
216 964
979 999
10 819
319 790
965 474
732 583
57 285
273 806
213 748
743 514
23 705
38 746
157 994
789 46
448 658
758 44
159 751
520 138
61 371
738 484
430 413
661 950
954 772
583 295
473 424
221 37
914 674
6 751
674 478
870 611
945 828
364 331
759 529
850 799
670 790
306 717
70 230
813 484
162 816
807 809
635 130
622 758
953 61
27 541
22 82
258 348
675 349
819 657
221 388
357 207
994 452
411 963
698 572
358 995
504 420
864 404
686 932
664 414
312 987
883 606
732 317
415 484
67 954
627 969
816 662
824 884
962 890
272 5
699 486
165 512
370 828
147 890
407 564
175 782
404 23
555 948
565 835
811 408
865 755
818 239
831 457
567 287
248 361
130 141
765 969
614 884
885 540
146 717
469 705
958 315
911 836
435 859
969 151
723 204
76 769
950 662
960 54
115 858
649 777
461 892
20 613
899 598
794 683
133 89
714 955
444 802
114 661
156 127
509 272
522 313
520 123
937 680
529 787
397 439
83 75
607 468
101 955
566 558
846 188
629 510
476 383
471 539
321 643
759 747
611 984
331 183
645 686
531 671
996 334
470 412
60 899
932 838
721 872
900 827
704 690
22 451
356 35
198 175
411 409
241 389
441 234
946 649
359 864
42 452
50 346
285 132
205 245
336 866
336 733
222 858
546 628
218 599
446 411
785 115
116 635
946 865
532 470
364 27
108 563
642 194
841 867
318 116
337 832
730 728
907 760
397 103
417 687
467 924
973 291
827 401
324 44
263 46
593 279
785 99
116 80
33 335
886 904
674 818
353 945
412 470
616 327
450 123
497 485
399 993
190 723
510 915
124 816
81 233
811 535
766 369
258 852
899 661
503 309
448 757
379 908
101 103
832 867
247 526
304 490
215 181
22 467
457 153
545 416
767 215
663 830
214 521
873 970
838 278
81 921
956 189
198 470
772 95
567 448
912 189
2 135
132 363
613 554
467 933
745 708
291 780
977 398
561 670
355 638
794 492
197 609
695 176
722 266
364 371
928 526
735 732
454 338
621 305
355 475
823 575
392 629
105 46
706 169
405 586
898 652
139 119
672 297
9 141
860 639
428 108
461 496
865 636
887 649
404 348
171 73
509 263
820 648
757 615
813 973
972 612
911 741
320 431
265 596
84 765
145 652
530 260
529 175
643 364
865 344
272 492
861 856
809 725
841 537
510 920
920 123
392 265
190 983
925 200
769 387
953 777
968 209
592 393
589 48
569 110
737 684
43 865
279 317
639 919
113 967
919 398
342 242
760 986
998 588
125 977
987 668
882 818
920 298
668 517
661 687
71 385
139 499
410 916
779 660
296 351
83 778
320 573
790 310
716 596
787 55
511 957
480 809
921 215
890 114
320 549
156 665
187 664
115 474
220 280
258 34
819 521
261 573
52 49
466 852
603 581
166 38
370 609
564 251
264 902
584 611
90 673
121 501
97 275
170 263
109 990
647 137
246 922
663 779
708 186
51 161
648 558
898 369
108 504
100 977
874 65
334 843
417 784
247 270
837 27
74 986
244 151
309 983
904 815
151 733
367 262
632 641
535 78
351 492
169 766
214 92
931 103
528 95
70 626
728 820
565 342
213 255
860 74
624 279
624 191
805 586
700 998
543 293
731 908
538 444
518 281
553 468
985 408
962 248
899 443
297 312
801 333
194 586
143 968
958 173
505 114
1 30
374 341
330 219
20 758
988 996
574 365
384 105
537 231
146 768
318 683
430 754
185 944
747 539
801 28
519 681
842 546
320 60
902 646
457 985
361 95
284 534
916 22
369 838
112 748
516 941
73 694
332 301
195 363
829 652
429 6
823 332
773 969
844 301
726 380
737 500
144 661
580 455
568 360
210 199
478 63
661 19
197 673
976 2
149 364
783 43
79 266
898 225
143 896
791 762
197 246
859 955
258 545
365 123
55 483
932 47
828 988
90 851
495 229
18 850
66 283
362 413
497 462
961 524
512 249
260 41
671 780
959 688
908 311
141 264
848 798
504 441
751 307
615 887
590 508
375 195
990 382
816 611
371 705
481 1
689 243
619 6
927 100
648 752
967 325
300 68
366 738
943 330
723 522
262 390
652 845
336 166
443 591
863 92
897 781
607 809
856 748
564 877
377 223
780 153
847 100
969 610
366 791
845 819
350 762
114 826
975 655
579 465
868 95
866 757
255 204
104 136
704 197
640 244
121 355
423 217
297 412
781 425
886 804
793 228
485 981
727 767
503 386
764 559
625 664
441 232
506 145
146 574
615 605
597 571
571 175
717 652
306 738
821 733
591 500
10 355
867 676
342 64
880 705
815 471
297 841
691 26
894 906
372 267
175 723
364 620
75 41
994 390
387 265
681 343
5 64
875 141
455 829
663 477
354 75
253 801
171 191
998 75
764 769
541 644
166 854
142 608
94 406
309 500
25 969
194 129
518 601
743 567
702 540
80 629
244 893
99 921
275 718
680 724
731 895
815 359
231 296
878 792
147 469
320 199
531 240
541 879
940 443
970 481
96 541
524 224
892 112
968 594
503 682
667 849
875 122
182 87
439 568
68 824
643 465
