7500 6500
687 414
800 597
809 116
890 675
88 328
514 436
540 309
974 867
778 478
113 377
318 510
777 627
424 943
877 567
450 83
149 145
230 50
660 724
963 399
727 704
23 438
400 99
579 662
796 827
181 637
448 88
218 192
878 124
879 871
219 130
508 616
412 506
64 601
555 794
932 55
810 294
38 353
478 988
513 661
640 68
587 593
209 348
900 191
572 342
450 914
686 15
607 178
149 396
474 999
301 821
940 87
63 73
909 29
421 199
964 824
695 502
986 557
447 944
652 126
439 512
313 422
335 806
145 187
917 888
139 648
338 727
612 106
445 800
56 645
747 285
695 779
91 887
734 876
271 6
27 343
617 71
485 628
154 192
222 529
561 183
371 928
839 772
847 731
141 462
859 704
609 293
552 608
178 525
475 693
509 172
149 962
363 876
871 907
12 891
490 620
89 380
901 863
450 766
448 798
347 922
539 558
769 268
765 793
699 807
140 98
334 188
417 1
901 513
133 327
877 111
816 531
205 504
244 476
836 558
897 843
595 20
968 518
232 921
290 400
308 367
363 388
465 51
764 480
16 276
101 480
972 914
396 50
439 38
71 527
380 303
621 95
113 604
123 454
390 914
804 14
968 639
479 679
736 166
762 165
832 823
287 917
182 636
157 375
388 915
785 138
142 677
834 115
168 887
190 614
138 312
506 945
647 501
49 370
913 504
418 705
702 352
984 921
333 277
990 740
219 870
583 663
637 807
279 524
495 647
157 422
183 97
253 611
507 319
428 739
914 841
318 568
135 558
475 298
268 106
46 922
86 734
459 609
663 200
952 30
314 610
489 523
793 273
860 710
360 399
194 315
952 77
585 29
924 196
404 884
101 355
399 634
23 316
487 992
519 586
789 773
220 809
401 436
834 735
707 965
208 184
404 205
734 15
362 801
823 849
210 925
803 596
532 153
676 230
457 320
208 222
608 2
513 406
159 819
249 467
791 198
471 195
409 775
247 328
580 106
904 918
139 556
980 981
430 917
307 284
150 654
493 653
954 626
713 952
936 154
621 185
969 263
649 30
539 598
604 190
245 888
485 483
53 436
831 965
229 903
551 293
276 755
102 999
623 779
281 379
132 124
527 129
706 866
624 627
637 495
903 779
372 189
956 217
958 989
984 416
671 225
65 950
45 797
652 724
323 244
339 630
227 416
115 317
238 298
21 923
291 998
481 553
580 649
622 922
819 153
239 185
322 141
865 532
780 273
941 739
294 435
916 681
713 949
911 770
171 826
396 220
678 339
574 205
157 142
745 343
851 425
335 135
314 711
650 854
463 971
390 115
798 842
847 274
868 705
633 182
125 16
353 766
962 839
34 213
870 412
437 256
985 737
785 832
354 934
475 957
873 552
534 554
194 4
334 196
451 931
693 302
767 666
846 271
501 601
575 46
738 237
234 747
96 493
358 65
403 935
931 893
514 406
618 909
866 92
378 791
330 938
235 29
460 114
580 445
364 968
475 737
665 160
751 600
654 640
630 464
905 219
470 490
70 480
966 344
729 375
403 932
504 776
592 793
128 271
826 302
515 953
927 901
857 195
86 937
358 233
851 576
158 994
981 519
824 58
767 406
870 105
231 128
340 359
631 399
150 713
558 940
361 464
501 208
585 380
238 980
16 683
287 732
908 279
694 413
684 808
803 417
19 778
949 260
599 503
835 625
69 496
547 732
802 788
308 928
687 961
91 812
289 842
13 842
63 854
913 489
502 967
780 400
291 796
114 628
506 651
179 96
600 787
1 685
137 244
429 28
593 887
142 574
1 507
555 652
128 10
632 301
525 855
137 575
29 775
889 456
908 622
662 551
608 360
692 782
35 62
426 320
680 1
273 15
246 563
99 307
759 674
245 588
816 827
983 508
916 547
117 910
401 676
574 860
645 148
667 245
714 143
546 931
455 720
576 588
499 252
637 760
806 946
162 981
191 140
417 772
80 277
606 349
725 639
46 392
584 490
186 957
444 791
568 747
421 985
956 718
502 32
553 372
474 961
808 220
373 935
169 132
22 557
967 178
265 532
965 123
137 354
789 68
890 529
681 182
520 248
502 901
166 904
35 773
68 227
616 191
90 275
458 545
635 150
939 467
384 534
678 433
336 325
88 720
113 39
373 808
739 789
185 605
14 692
235 693
63 486
579 819
342 218
585 379
314 817
253 857
544 493
383 431
757 550
879 351
239 926
312 972
639 646
925 594
484 125
623 491
153 429
461 436
290 709
802 865
791 982
387 41
268 617
20 471
41 612
889 863
583 875
106 276
397 162
788 137
944 137
422 99
148 288
116 969
824 363
653 549
830 53
846 55
510 51
900 802
81 397
919 474
404 718
543 943
586 869
877 293
948 686
203 894
725 890
233 984
564 402
567 815
542 690
632 581
421 377
889 827
953 502
964 196
42 113
37 812
638 954
531 800
127 546
20 50
979 125
607 4
520 357
985 464
154 718
831 744
469 939
543 180
112 735
975 588
821 698
884 483
34 945
849 84
908 721
829 185
307 419
503 990
917 910
518 874
472 758
640 727
447 325
863 403
67 208
597 456
923 111
238 7
267 477
500 552
10 734
831 173
845 954
704 614
624 257
64 958
91 289
756 484
374 479
828 70
576 892
468 685
389 39
702 959
549 389
213 516
826 848
393 904
464 40
66 932
184 82
969 960
275 948
943 256
815 904
140 800
987 649
263 856
924 422
937 554
697 353
828 936
275 325
208 920
968 506
314 937
661 262
941 663
345 666
793 959
608 736
150 922
43 896
470 95
884 757
16 720
954 458
159 750
925 498
908 994
179 861
391 182
571 924
592 587
938 419
599 935
475 943
925 396
582 679
841 253
584 424
538 768
255 734
877 452
116 499
120 77
273 843
400 751
803 528
118 350
597 271
135 887
189 52
613 840
972 451
324 579
883 944
836 84
250 473
12 964
487 431
786 967
641 116
56 736
305 90
890 961
198 691
702 638
214 719
92 687
814 641
888 4
741 580
166 184
703 109
497 523
460 532
668 173
350 704
599 565
981 467
413 273
549 585
666 56
535 654
172 581
140 345
997 286
172 969
789 978
259 130
833 240
324 643
415 686
611 80
474 574
265 233
458 420
958 786
63 593
561 626
923 290
519 835
596 749
707 409
333 917
863 327
416 687
598 95
984 184
696 731
34 458
800 209
542 214
791 87
363 824
396 681
388 413
490 886
894 97
441 483
795 318
418 230
380 93
550 410
112 325
86 267
41 991
550 575
564 541
634 127
589 193
426 721
594 485
973 531
262 774
146 341
917 421
727 156
440 503
331 727
788 98
226 747
34 705
209 759
523 704
987 206
747 36
618 824
597 789
952 468
44 281
330 924
806 782
324 429
390 62
380 100
180 447
863 508
19 848
646 664
49 378
91 619
215 597
153 207
488 800
118 294
103 945
370 408
88 737
874 730
742 300
605 351
963 900
748 803
754 907
364 191
213 256
798 612
47 624
749 612
188 881
31 807
14 855
513 733
530 507
521 459
776 86
865 816
194 334
177 288
348 620
449 326
668 351
352 803
434 981
687 68
993 566
275 641
781 305
61 82
577 978
631 339
822 514
301 954
820 24
394 509
305 149
449 749
305 440
946 187
854 201
305 987
303 336
187 851
574 165
753 454
880 768
346 307
197 197
690 217
174 3
811 662
262 193
754 818
290 478
65 805
828 83
868 505
964 678
405 952
156 572
790 361
742 521
110 450
444 435
599 252
213 838
7 437
333 734
321 842
550 977
342 862
612 912
35 169
738 773
499 267
732 326
583 178
547 145
991 588
266 863
890 130
566 457
911 817
955 923
30 225
938 169
778 413
470 996
444 133
332 61
798 965
339 822
267 16
24 855
440 391
372 525
168 106
825 815
378 893
621 376
818 307
953 824
192 774
213 863
408 89
678 299
582 976
58 544
498 35
111 660
538 785
24 918
635 255
858 874
625 995
618 430
627 240
854 946
872 958
544 954
380 28
445 961
357 558
158 714
285 896
389 845
914 988
366 967
260 493
687 566
927 985
983 395
562 435
963 741
977 728
663 224
544 818
796 133
881 256
822 574
639 495
674 632
643 231
86 989
500 40
57 449
957 768
596 911
565 113
38 359
756 391
869 909
82 596
559 879
190 263
640 63
553 842
888 566
206 250
20 196
953 194
619 368
594 778
594 225
582 124
520 626
928 902
463 313
441 650
416 906
485 882
651 741
569 264
883 982
760 880
555 100
709 233
562 68
98 602
330 645
490 920
809 714
637 928
212 240
62 606
715 769
737 637
966 147
571 213
816 297
4 39
621 167
254 4
408 907
997 41
872 431
34 990
63 203
109 870
993 88
645 828
847 396
627 706
990 785
694 819
895 976
187 434
25 971
902 987
575 519
232 748
441 6
234 14
788 971
513 493
957 870
135 107
117 839
289 98
587 183
585 839
32 666
435 26
650 158
526 485
579 57
126 947
674 931
948 813
218 988
594 856
293 479
686 223
771 419
321 709
168 546
188 879
412 907
83 126
482 689
264 340
505 834
659 531
638 879
750 595
904 300
617 801
19 576
449 747
141 379
736 840
877 272
689 788
171 22
669 935
74 195
409 476
861 89
641 456
224 318
359 234
558 111
108 111
455 124
929 654
840 812
580 968
515 788
270 9
785 899
326 494
642 430
918 580
657 438
396 131
931 887
533 605
218 110
386 709
523 439
233 922
420 912
863 88
958 121
817 906
426 433
797 975
212 765
468 524
255 11
439 132
378 740
366 404
283 12
766 132
362 907
814 517
825 333
211 80
551 92
932 718
986 557
407 930
125 100
846 858
70 340
579 601
411 555
767 625
969 861
489 424
324 980
426 762
511 410
79 736
307 975
269 938
511 826
435 75
334 876
769 282
576 588
689 988
572 51
104 955
213 486
471 497
443 755
160 484
729 378
138 949
45 638
713 174
478 949
733 83
975 340
365 822
869 743
873 542
570 276
418 674
785 618
838 907
975 846
169 975
540 948
841 8
117 471
349 822
564 272
339 871
83 733
895 727
912 474
278 468
92 720
453 14
410 840
722 535
976 378
390 100
108 426
45 724
618 653
912 200
95 525
609 864
948 415
779 856
969 660
556 782
53 332
98 184
628 738
747 375
918 483
361 632
851 898
887 314
749 626
266 650
77 381
362 497
297 753
357 539
908 666
410 399
53 275
372 777
533 65
769 164
757 350
634 663
317 535
783 609
164 932
411 251
91 390
736 813
482 868
137 496
866 656
827 712
445 397
627 50
199 154
892 284
852 999
815 352
34 976
882 88
542 630
287 151
265 242
849 622
210 739
172 213
326 436
511 440
161 607
93 898
431 98
865 100
982 581
586 998
586 164
719 882
856 933
463 541
12 90
725 561
636 470
961 502
585 186
673 590
311 367
169 226
379 899
839 175
400 104
376 998
90 454
92 326
417 764
396 197
525 916
608 306
232 933
747 551
871 17
447 818
378 302
694 955
566 503
477 643
25 572
142 298
61 879
544 122
576 123
584 648
518 463
871 393
199 845
446 870
527 864
601 44
616 525
149 77
82 253
602 925
51 807
261 906
930 814
383 86
15 596
851 486
835 920
381 33
5 322
814 474
136 648
119 404
364 425
53 224
876 231
606 620
929 61
935 720
445 122
758 743
798 44
20 402
116 624
270 416
434 502
200 973
4 675
330 294
685 911
876 491
456 906
586 112
11 924
501 501
424 863
496 399
24 583
49 818
209 249
397 293
971 490
752 356
52 747
752 25
333 454
137 292
866 570
949 555
853 697
134 563
610 217
282 941
785 971
815 907
241 40
465 747
828 972
385 184
969 622
13 609
454 213
255 150
54 381
79 800
293 48
637 313
882 571
429 579
113 994
207 887
733 347
243 285
296 347
384 169
566 444
327 96
941 943
6 287
40 399
729 52
415 255
919 484
882 996
739 690
23 980
605 148
234 260
605 821
839 858
534 344
607 456
280 111
30 514
620 942
191 106
401 443
598 748
822 589
29 685
56 163
957 872
15 418
830 15
664 494
88 723
124 173
519 755
639 906
512 798
431 474
743 545
286 302
307 852
178 354
643 685
915 70
590 755
382 994
83 645
913 692
55 174
868 108
94 108
246 405
180 173
599 493
766 629
185 793
153 589
891 435
597 166
270 503
822 454
317 537
582 340
167 491
535 560
463 395
309 640
62 699
745 161
988 793
652 375
487 142
243 809
201 29
869 119
624 563
371 460
180 160
591 352
327 744
630 716
603 250
308 382
56 860
315 448
624 990
187 650
196 614
150 54
697 772
487 369
765 620
400 298
996 205
364 995
218 364
998 857
141 798
317 908
669 298
859 520
546 928
42 470
706 583
967 132
752 422
168 836
293 723
200 588
828 506
893 533
909 593
717 454
379 309
908 871
242 722
49 939
94 245
972 521
502 376
834 943
191 549
974 145
538 767
155 911
656 794
478 58
708 295
992 342
127 830
965 556
728 208
128 223
310 755
563 155
189 406
705 117
765 110
549 639
834 442
81 611
557 314
711 720
405 138
136 892
425 104
305 996
391 335
216 35
406 511
358 223
935 495
857 899
145 654
622 701
245 450
848 842
219 4
522 997
543 480
862 269
712 732
461 805
670 529
360 855
249 742
162 491
364 435
813 616
67 48
809 573
726 391
228 382
194 902
50 260
392 790
15 676
732 242
738 380
615 740
57 526
598 18
357 766
648 234
358 462
49 495
501 300
277 179
193 831
295 859
572 24
722 383
165 540
663 176
61 773
502 803
873 131
399 355
10 819
579 312
976 565
361 191
19 543
277 211
9 84
272 263
823 197
672 74
336 601
255 106
380 601
369 414
805 706
959 141
82 164
629 243
213 82
190 109
469 65
6 637
212 91
925 313
891 769
539 822
678 50
788 48
909 232
534 601
611 565
110 11
876 99
583 316
559 761
820 618
518 688
803 869
416 579
700 355
931 114
661 980
297 964
682 106
10 45
104 22
797 749
805 233
787 436
240 45
689 733
712 761
517 344
359 822
794 729
752 266
877 513
568 86
166 817
706 130
263 559
154 736
720 242
31 722
930 820
972 898
640 655
195 722
22 969
766 797
2 391
931 304
980 671
398 908
853 270
149 873
43 409
250 119
434 141
943 229
743 708
106 990
685 523
974 725
671 629
10 874
454 664
986 52
277 939
619 436
379 217
331 236
64 914
958 359
731 441
889 811
8 943
701 395
707 165
404 23
52 589
862 420
787 564
609 908
482 718
521 502
88 571
722 523
126 658
394 949
981 299
108 821
293 532
915 900
831 162
895 491
176 540
765 875
317 578
531 330
676 579
631 315
326 633
418 543
275 671
745 294
698 225
165 617
502 792
945 50
169 387
417 736
550 243
56 645
756 905
332 355
360 488
91 609
946 989
248 548
845 87
491 782
468 906
380 445
597 888
852 355
376 664
160 236
924 208
454 515
722 204
329 495
463 591
641 280
861 345
732 259
659 946
48 785
345 802
459 547
700 268
44 429
312 524
689 412
107 882
40 731
40 759
127 453
725 353
906 885
27 328
778 184
303 553
532 656
749 780
236 607
383 557
492 393
18 897
844 548
497 998
613 789
895 79
477 954
577 178
495 75
538 875
246 372
666 169
694 561
147 815
756 592
782 93
700 668
58 120
281 756
417 808
539 106
457 306
436 84
651 715
131 232
2 835
21 850
511 651
926 485
919 39
857 327
882 102
489 432
196 780
686 297
123 731
905 259
488 157
237 303
61 513
386 906
880 892
883 666
842 469
407 420
732 89
683 643
328 600
492 333
540 49
11 324
93 873
654 489
257 792
836 254
219 374
889 79
214 266
15 229
434 583
569 263
711 824
743 141
105 531
548 96
102 426
711 846
44 666
222 246
236 361
514 847
638 791
814 172
877 958
742 90
866 390
963 871
873 938
598 536
704 473
915 267
805 285
937 943
192 795
10 586
209 601
746 18
239 702
415 281
929 601
10 944
652 555
142 829
361 25
318 4
534 669
799 157
208 227
49 622
203 463
295 792
937 290
700 524
383 263
668 718
231 412
506 726
453 915
928 646
527 285
825 507
249 453
240 420
287 922
928 355
93 122
318 120
187 243
551 802
498 609
207 709
124 918
444 203
219 597
948 16
177 168
248 520
967 733
297 131
587 819
670 734
114 564
856 247
398 704
279 950
832 182
737 519
563 289
157 371
482 183
325 827
817 639
438 8
292 501
524 156
326 367
51 422
961 67
702 200
918 431
729 66
795 569
771 515
121 66
684 245
787 965
908 870
457 365
865 913
991 166
199 404
320 737
68 821
508 967
18 6
841 762
68 564
702 116
87 329
793 142
688 151
205 259
218 445
980 602
37 298
973 532
903 503
650 384
168 38
395 107
574 154
907 774
908 296
517 681
236 230
794 85
994 320
728 322
752 230
773 443
398 942
779 701
481 957
960 547
731 230
906 883
275 955
380 23
34 98
889 981
605 924
512 264
608 862
61 151
702 485
608 532
48 816
837 17
784 274
227 862
270 490
439 603
196 930
579 354
467 79
739 106
186 951
830 307
194 975
586 32
623 668
510 891
473 170
560 20
403 478
971 740
445 381
273 4
761 241
30 99
830 565
105 50
835 360
16 498
527 357
654 861
728 449
405 224
316 193
78 288
518 746
255 354
306 601
601 440
635 348
61 540
920 805
390 391
719 737
79 776
935 90
943 497
241 107
533 113
403 149
336 248
284 57
368 844
767 88
40 65
13 344
945 782
902 514
68 298
90 24
569 354
687 908
641 492
800 339
84 771
843 84
842 812
44 816
222 342
678 597
825 875
168 652
222 600
437 901
962 339
942 268
73 156
4 73
909 297
908 680
159 243
108 814
762 639
373 766
832 444
855 809
898 860
771 25
467 485
972 68
417 592
49 902
141 893
479 313
495 834
959 906
234 985
52 335
596 714
245 33
18 776
160 538
231 772
515 654
855 352
259 636
534 215
289 399
805 364
818 537
786 202
435 596
360 862
927 254
747 199
30 355
230 393
748 136
780 263
694 36
602 389
669 980
255 797
319 731
32 348
501 906
98 501
28 479
764 619
767 348
383 666
773 288
67 151
101 202
727 430
860 806
949 576
867 784
947 189
957 773
800 266
306 476
47 681
181 424
218 941
829 217
388 356
239 730
378 320
350 174
110 787
507 155
22 261
85 538
351 127
804 306
64 425
521 126
225 918
998 811
919 354
980 599
581 969
359 505
55 732
312 385
14 583
763 875
966 706
2 747
36 790
255 480
906 133
896 433
30 444
41 324
449 463
353 698
316 217
506 585
716 835
765 83
68 654
857 81
133 304
358 862
479 351
298 351
47 637
576 812
938 978
347 429
905 929
258 837
650 435
826 43
857 793
330 590
213 98
641 588
173 897
404 128
242 712
5 81
763 66
517 692
555 990
476 168
311 353
154 836
784 911
966 489
305 360
652 412
968 261
27 215
873 777
191 557
820 378
802 844
234 692
801 287
649 620
832 822
554 230
915 133
237 555
784 817
705 218
837 374
673 886
338 639
772 831
657 986
422 390
652 513
721 26
390 5
442 99
360 469
783 316
651 629
19 243
700 533
980 216
152 620
587 490
790 393
189 470
210 235
594 427
562 505
112 226
426 832
40 114
146 469
695 783
220 101
233 805
282 746
445 273
659 394
407 653
301 935
102 896
253 854
324 624
920 680
463 104
541 255
323 523
471 407
948 233
861 840
701 101
704 639
558 42
270 219
195 500
245 881
26 784
425 70
781 754
773 276
467 987
411 872
720 481
449 892
478 927
515 863
935 104
141 313
167 461
138 458
784 187
229 382
579 289
417 286
272 710
49 327
729 609
827 307
248 652
807 292
21 680
125 144
756 974
335 968
791 207
255 800
9 338
612 152
599 409
737 972
446 74
160 464
830 890
443 152
226 141
741 988
837 783
700 490
862 835
49 461
552 405
604 152
939 335
925 31
453 510
188 128
582 430
978 657
403 758
684 623
579 565
192 369
101 277
254 513
909 477
629 116
605 660
502 564
736 527
817 70
323 590
23 190
779 106
983 755
639 900
77 987
528 794
843 416
880 884
87 912
340 814
21 468
541 716
668 475
743 829
67 811
696 597
88 598
808 175
688 963
56 933
657 74
764 350
919 143
576 111
865 591
369 6
532 599
502 454
242 458
293 498
756 56
275 321
821 464
805 74
169 227
613 476
505 995
179 965
360 474
632 488
643 283
859 467
789 849
483 804
782 970
651 350
262 622
466 159
10 563
650 769
923 650
685 426
330 797
863 845
778 263
103 914
169 688
686 235
426 376
94 584
412 615
392 236
947 684
934 321
776 749
854 831
191 456
895 636
826 237
517 286
222 560
983 413
397 181
497 304
553 267
621 120
351 185
15 889
617 884
649 160
864 227
316 828
936 281
469 63
218 463
388 538
458 334
335 748
154 503
844 407
875 885
19 524
534 10
917 607
518 388
808 959
552 492
744 711
181 913
956 691
736 825
238 316
619 313
918 233
807 787
566 675
922 970
71 741
346 722
657 40
492 620
137 963
114 875
425 637
26 38
818 492
741 592
667 247
560 641
725 125
869 856
809 814
933 879
764 140
462 665
157 321
987 771
971 841
76 94
136 589
718 365
922 469
568 265
719 390
569 746
137 746
759 915
371 445
289 841
624 758
801 558
180 601
852 702
822 688
761 260
393 931
137 276
572 297
992 105
451 692
962 635
92 338
123 104
678 881
96 689
584 683
412 786
347 476
991 738
558 330
901 190
84 608
747 829
484 209
518 280
778 501
337 945
359 850
396 116
692 728
245 673
920 431
691 560
627 943
595 493
419 31
89 280
297 267
926 819
239 249
488 642
701 309
852 777
629 114
972 836
627 70
307 946
761 231
498 489
33 364
594 650
688 473
302 310
537 657
165 759
65 469
898 178
593 536
818 245
262 573
3 417
159 450
332 212
773 76
476 449
164 70
7 261
721 237
607 877
666 490
280 564
747 398
437 396
399 864
432 26
2 739
390 171
507 937
297 558
441 898
151 877
994 215
118 41
247 310
653 24
588 206
918 284
402 422
594 51
554 99
626 726
301 357
192 190
793 757
660 527
529 445
397 72
878 855
532 139
88 554
352 251
513 140
516 823
96 638
321 909
250 223
142 278
814 352
614 292
398 697
611 698
546 765
524 346
190 917
580 692
431 653
384 323
999 274
458 106
678 285
396 213
908 669
74 282
914 391
479 490
511 232
4 91
557 471
554 637
197 431
875 556
867 286
149 375
170 156
218 121
293 283
498 667
512 451
635 193
17 710
520 27
865 586
353 580
53 294
260 79
969 43
11 30
237 373
509 736
372 482
664 605
948 414
356 206
459 357
202 487
670 839
99 846
371 712
424 460
595 894
264 855
684 911
305 595
611 3
957 330
628 993
197 217
60 797
736 678
804 503
905 589
396 545
260 578
735 313
747 359
9 557
539 220
667 250
188 396
883 276
106 772
290 210
863 20
356 355
453 733
842 813
98 818
211 565
953 391
125 609
791 740
972 744
177 488
149 902
938 559
202 527
731 737
210 272
703 889
844 502
449 733
710 326
733 21
695 658
19 330
472 857
923 230
566 929
527 506
888 469
124 451
811 161
410 106
262 200
852 738
540 342
778 347
456 125
579 529
112 560
830 171
394 622
61 557
10 607
119 154
172 578
388 368
231 502
992 902
166 603
991 273
652 340
60 191
489 611
526 96
264 816
768 55
723 550
358 671
86 110
553 882
767 191
399 257
430 583
366 187
21 11
222 111
944 896
678 705
812 882
160 537
822 582
51 352
638 363
101 721
212 875
590 746
493 948
451 41
830 55
197 536
58 634
420 854
854 519
690 31
355 467
64 364
927 243
129 299
260 115
433 114
27 649
607 334
453 656
19 517
149 281
430 163
127 947
406 512
408 993
52 670
880 911
634 555
491 146
385 206
986 876
282 194
693 92
713 568
211 844
655 254
863 856
403 599
137 610
26 642
102 724
403 917
995 162
613 24
110 444
90 587
966 628
122 370
625 472
33 75
944 420
486 161
320 538
72 388
248 895
625 552
692 179
952 487
88 353
766 640
356 390
589 259
694 231
147 295
665 175
681 728
299 880
695 660
466 533
122 696
6 407
655 675
645 796
167 238
948 361
724 642
315 164
895 851
369 218
661 770
609 615
574 743
65 601
51 930
427 261
788 66
252 138
454 956
269 812
970 86
771 72
284 644
268 359
160 294
689 64
445 753
829 160
987 898
259 781
688 889
63 966
200 512
895 373
277 484
467 308
815 279
223 239
826 656
775 982
818 483
947 193
439 410
232 434
491 963
923 151
318 243
985 173
793 900
452 587
858 707
161 231
13 751
772 746
937 109
467 685
648 206
992 864
7 594
673 828
45 816
129 98
575 663
735 668
584 559
574 705
463 466
915 897
117 250
130 688
492 763
749 900
6 101
235 922
151 609
726 994
72 554
611 812
219 807
87 710
295 694
430 275
334 573
246 164
771 809
575 748
684 819
298 974
607 171
553 635
234 637
878 383
555 672
589 493
724 328
392 805
134 379
945 24
265 886
180 74
36 648
760 670
699 119
277 261
41 184
227 954
948 67
510 871
542 757
967 534
154 954
413 386
343 804
634 221
844 46
699 40
959 258
637 745
279 63
219 46
792 431
226 296
576 157
785 536
437 285
396 262
563 227
952 962
256 334
416 163
785 615
235 448
173 447
836 558
96 595
584 222
968 775
321 385
411 152
546 691
670 613
560 147
208 675
473 651
355 150
5 865
831 333
644 266
380 234
755 3
92 93
287 531
745 888
886 825
831 383
829 220
900 800
845 976
597 799
390 218
867 897
809 113
29 702
509 996
66 461
92 402
289 155
262 958
186 35
173 304
800 118
170 178
287 527
592 564
279 60
451 559
797 218
467 387
418 951
383 796
339 675
622 914
354 965
994 838
485 845
496 94
251 105
811 191
686 80
605 735
14 540
444 891
380 92
100 841
925 969
528 398
602 567
412 459
854 218
861 238
903 710
959 811
193 271
428 662
818 516
162 248
714 508
856 853
561 566
529 29
490 233
345 736
639 643
933 440
304 949
467 269
74 481
221 780
103 798
264 799
72 853
361 429
335 83
584 847
744 555
940 367
981 595
899 626
579 440
319 669
806 237
293 860
173 505
418 986
579 435
96 940
396 161
708 204
711 582
315 348
801 187
70 344
860 7
910 23
128 345
948 873
53 939
794 53
841 405
771 726
388 798
457 819
47 955
5 719
48 323
175 747
461 716
702 103
711 259
784 72
476 235
66 14
68 969
951 95
183 221
197 196
80 296
446 343
20 566
181 79
796 255
160 2
880 261
567 829
84 501
754 42
799 577
943 953
95 661
915 52
63 843
784 972
112 382
514 685
212 338
203 924
388 477
705 225
370 909
493 724
683 440
356 745
165 892
545 269
667 284
869 869
825 582
157 509
307 137
706 666
572 108
940 340
393 936
213 441
203 852
962 814
628 613
714 756
747 46
851 54
680 786
836 417
476 403
132 28
502 273
429 527
67 937
879 446
393 525
261 613
320 814
587 857
640 545
442 280
140 65
375 520
96 138
64 974
189 676
992 442
874 992
707 845
202 327
427 329
802 158
514 873
913 379
395 216
11 217
366 250
499 690
261 532
621 563
148 410
529 451
568 244
757 117
979 465
351 133
959 754
751 600
160 829
10 773
559 42
828 496
988 5
47 100
614 842
689 175
541 102
984 100
229 457
441 269
117 740
19 942
972 610
852 870
922 685
586 255
367 66
17 433
265 222
726 83
426 870
846 42
547 6
64 678
932 577
654 769
748 435
750 400
322 984
591 769
872 533
938 437
650 787
615 42
565 538
736 309
280 619
110 882
615 363
463 983
770 401
931 967
803 928
492 841
724 120
214 526
128 682
456 874
960 659
377 282
198 934
965 941
847 370
781 19
934 476
818 871
348 452
523 12
197 730
323 402
634 92
920 841
637 737
73 329
933 402
772 358
905 485
510 964
371 177
205 83
67 564
306 454
539 144
243 91
253 501
191 719
387 398
390 843
298 731
616 644
366 732
825 560
699 615
425 863
867 643
336 583
473 189
790 788
231 995
273 832
335 567
421 730
820 220
944 489
431 248
33 709
191 590
331 47
195 761
576 761
14 686
663 218
475 205
524 501
250 75
228 40
442 593
694 71
902 939
787 336
678 104
682 703
705 801
143 883
396 72
788 97
869 707
632 799
836 837
981 240
390 666
228 572
704 340
214 292
493 811
364 628
159 941
367 428
731 369
313 30
792 323
743 963
446 115
969 390
451 861
309 217
513 543
706 173
298 905
573 81
417 560
766 964
944 559
258 846
929 147
260 540
735 746
85 826
588 680
139 357
104 886
71 825
958 556
791 416
851 266
181 21
990 151
920 301
850 95
367 245
975 404
892 283
190 114
976 46
220 297
495 315
473 767
431 919
644 119
281 441
763 245
977 823
336 90
698 837
201 739
333 153
184 774
333 132
387 632
372 630
291 164
243 670
339 789
786 168
78 637
635 108
598 224
54 58
370 726
933 443
150 365
218 85
517 46
281 549
787 834
929 572
473 462
488 153
366 980
386 456
103 327
673 606
186 259
541 721
115 812
399 821
949 629
210 846
841 389
478 258
794 30
160 933
866 603
718 229
822 174
439 57
929 72
506 217
444 267
547 359
841 809
443 854
770 522
373 770
740 649
637 934
302 780
913 568
619 611
362 634
554 3
449 774
569 441
167 47
878 523
842 488
153 943
503 334
816 739
729 968
438 153
477 675
106 384
415 705
651 511
382 794
177 186
671 667
834 448
78 290
351 595
127 969
135 848
305 877
433 571
173 317
382 469
117 855
957 960
610 466
337 727
11 484
839 467
968 356
952 772
290 646
132 763
544 738
337 678
124 761
556 176
211 486
975 274
184 441
572 446
508 650
230 687
97 253
333 121
255 811
471 462
397 194
326 675
60 864
421 390
262 697
781 815
913 472
796 22
219 183
322 492
924 91
357 162
490 531
951 361
900 403
752 68
251 350
157 446
228 924
25 118
434 666
891 354
447 392
960 617
117 471
789 84
669 808
361 453
409 140
574 549
394 370
177 968
77 459
97 42
737 494
814 472
769 28
736 178
377 63
403 488
596 820
687 157
441 78
737 56
22 413
628 541
13 472
773 681
368 613
142 872
881 75
31 458
246 886
902 327
817 13
848 403
579 440
786 708
69 528
665 198
3 893
680 776
171 430
215 248
125 843
996 906
273 608
462 633
791 804
620 865
592 494
438 374
683 109
40 499
869 812
582 214
6 2
587 692
890 251
197 700
135 352
63 805
554 589
240 617
722 736
157 172
284 431
923 556
621 578
172 663
637 345
413 925
561 192
592 733
346 470
442 618
605 843
52 163
640 977
484 694
503 765
43 545
101 826
115 767
2 999
589 493
92 338
336 570
112 499
212 253
425 896
674 168
464 538
708 731
466 512
486 227
127 112
893 228
468 45
156 909
618 688
234 604
616 432
113 401
753 771
279 702
205 457
266 584
188 722
956 862
465 608
609 125
948 390
204 475
684 745
498 313
577 868
660 249
918 386
178 913
419 91
288 490
211 392
59 71
962 128
15 157
448 8
468 427
989 673
219 121
389 329
527 902
464 983
141 78
570 675
859 493
613 926
595 427
633 910
332 845
466 485
125 167
481 607
873 219
469 74
312 84
860 763
120 851
779 754
314 868
340 306
999 544
571 176
587 808
873 166
515 498
376 629
740 659
766 883
366 691
97 88
959 25
574 59
324 991
70 174
801 328
894 200
35 712
287 898
213 888
807 719
136 56
290 73
200 778
363 281
302 883
35 293
955 788
596 396
886 621
593 92
41 701
324 260
889 844
814 975
620 455
909 86
847 235
593 130
746 954
601 117
343 682
124 537
125 122
912 142
412 175
733 752
417 996
553 879
470 411
463 106
585 41
661 726
569 486
35 861
348 786
513 554
148 554
727 603
984 413
749 227
513 760
688 746
969 303
939 642
640 33
188 51
763 321
782 734
847 409
642 872
637 382
351 594
463 617
798 3
56 443
570 769
525 396
106 913
216 694
898 733
498 5
430 27
309 834
567 761
474 14
889 742
99 315
929 635
109 534
586 769
133 342
223 52
774 561
69 400
570 252
529 373
618 604
950 729
617 509
33 462
289 359
901 652
257 620
617 576
375 172
256 147
469 757
192 351
644 895
938 57
172 98
305 156
825 687
71 410
566 950
795 945
132 671
507 82
698 198
752 412
125 847
791 916
855 827
693 283
429 60
858 849
701 613
471 747
229 151
593 839
810 159
260 161
767 919
838 890
736 453
994 775
255 873
31 55
2 266
571 109
489 684
722 128
649 984
523 101
298 523
960 343
136 199
941 635
448 435
802 809
171 993
687 101
185 597
720 574
665 969
842 655
764 631
146 66
948 586
768 177
836 391
803 475
608 576
83 553
29 239
904 465
776 96
199 661
287 965
597 635
610 881
711 170
385 483
129 105
28 982
915 766
775 998
472 74
733 160
914 817
422 588
652 26
856 233
227 938
127 676
865 443
712 915
86 692
336 994
256 401
335 216
821 281
387 147
503 769
826 665
815 489
982 157
194 424
771 439
975 506
843 416
355 433
680 87
422 212
762 39
464 846
608 658
994 557
58 500
159 780
609 414
401 67
863 779
622 836
955 184
445 812
616 626
881 791
849 238
213 266
628 650
256 914
374 313
70 854
445 246
231 43
836 754
750 874
26 831
878 193
72 875
497 845
659 750
816 831
324 22
871 347
275 22
319 156
66 86
552 20
689 722
775 115
377 377
159 166
703 490
50 270
424 13
343 51
444 842
188 913
408 549
47 603
926 130
395 721
191 452
91 836
45 819
642 176
224 660
500 795
732 30
525 250
893 183
219 548
420 783
236 397
981 512
896 866
492 286
833 27
780 870
420 429
721 577
113 322
986 222
339 801
26 454
357 568
563 626
42 330
167 939
349 699
946 127
5 953
522 735
341 228
563 969
999 220
336 767
18 327
725 525
213 659
112 708
184 388
700 244
803 12
934 658
213 967
34 860
247 188
169 973
283 17
762 987
922 210
699 340
50 385
988 180
243 274
635 420
320 929
299 363
687 822
928 309
95 906
389 257
730 722
907 474
286 880
7 665
601 745
126 648
977 843
824 224
874 526
173 852
535 65
431 966
787 301
852 36
896 598
358 162
369 798
35 542
626 998
564 566
768 118
39 296
691 687
163 289
45 662
220 381
653 625
263 554
98 192
287 527
437 17
104 521
567 447
638 304
763 476
256 141
490 561
568 542
95 135
185 959
664 261
464 576
877 175
777 810
551 881
341 148
289 239
264 380
894 405
312 714
681 776
428 742
619 206
496 232
553 650
508 77
30 464
320 54
480 537
363 430
925 540
309 6
481 934
822 474
427 128
230 669
601 967
244 302
684 645
967 873
206 633
171 201
654 451
976 53
261 648
272 461
541 896
165 950
416 564
11 650
781 554
480 896
37 639
240 677
164 739
583 367
824 413
369 733
326 281
768 233
61 484
655 439
499 828
119 513
546 640
783 271
83 338
579 592
308 669
820 207
838 642
313 480
548 844
278 910
440 493
235 470
763 498
169 498
908 426
359 588
131 328
694 764
875 128
121 736
55 980
545 31
817 769
562 396
130 51
624 366
163 617
898 504
38 704
384 921
310 859
214 164
892 988
305 461
740 365
874 118
920 611
444 853
125 956
54 539
349 896
295 682
873 945
213 777
381 718
803 810
18 853
756 999
489 5
956 302
966 905
879 408
504 764
262 213
864 462
255 706
838 233
413 837
70 5
294 529
474 216
73 702
15 607
735 201
9 812
614 284
269 922
131 629
589 538
598 344
699 489
559 416
701 153
423 42
777 642
168 418
258 832
834 636
646 475
807 399
607 989
38 341
882 91
717 908
89 297
748 897
243 648
908 269
849 269
267 640
263 464
979 254
773 160
910 332
810 406
517 136
369 843
414 255
556 728
109 7
948 777
400 500
230 471
748 287
447 560
933 767
990 715
478 991
817 715
479 91
824 550
946 964
74 649
122 221
25 487
53 261
944 524
550 458
194 755
752 749
899 335
17 630
798 822
667 547
883 145
469 755
637 897
544 354
979 415
650 271
448 512
18 520
688 429
915 89
295 319
736 777
578 325
602 294
603 804
597 76
906 665
149 75
296 81
565 962
716 43
808 376
182 618
730 904
249 99
699 379
403 955
415 723
272 187
611 812
799 32
652 713
164 517
852 247
955 600
362 234
521 449
305 442
639 56
562 982
456 580
904 616
294 154
41 743
655 185
979 20
307 957
410 775
80 823
168 732
195 670
424 366
604 577
100 797
70 515
892 89
938 554
825 993
300 109
142 454
696 429
868 635
142 834
966 582
180 898
476 169
409 282
787 726
504 332
719 865
535 727
351 325
675 932
332 52
975 938
436 144
436 849
423 317
789 218
228 340
228 389
220 891
807 865
850 222
978 869
618 989
589 124
748 766
389 473
233 672
110 513
252 999
383 785
135 17
549 134
508 690
500 794
92 564
546 288
476 275
419 799
144 66
75 229
692 964
25 972
613 824
419 637
193 14
339 431
568 259
367 878
653 907
166 597
980 989
778 214
518 757
489 805
569 878
984 203
258 858
935 10
682 337
32 686
825 603
593 524
951 755
193 942
271 649
414 628
32 552
879 807
757 611
618 103
48 553
66 962
188 482
275 831
988 786
658 951
21 844
903 227
440 352
518 588
747 64
938 783
411 770
302 310
660 999
228 8
453 354
804 264
119 357
974 43
816 599
557 653
111 872
976 474
96 177
415 720
248 231
723 451
517 320
784 757
875 437
99 613
21 731
670 262
300 388
82 653
578 330
773 845
987 430
188 634
574 729
18 785
43 24
476 582
539 137
773 21
464 961
880 591
11 537
765 39
343 946
906 800
731 994
454 667
72 67
837 553
87 760
579 456
873 556
11 435
169 668
151 264
395 537
352 495
814 359
514 430
660 676
718 402
315 471
62 826
351 320
781 794
757 115
36 835
497 779
444 927
817 541
258 474
6 257
509 450
479 152
339 281
775 865
856 863
710 487
855 806
844 174
836 275
805 269
601 469
52 961
363 553
593 369
458 224
902 687
237 866
555 173
435 972
797 746
541 685
133 122
210 782
552 633
334 901
894 588
606 293
919 560
316 386
966 458
34 133
809 266
346 378
532 485
797 909
314 694
440 47
559 467
116 983
512 426
101 893
923 182
77 743
869 382
138 886
400 930
573 361
931 553
781 974
907 19
628 452
248 346
441 410
317 636
938 160
477 108
536 533
831 645
847 972
277 853
113 633
580 970
129 354
985 783
717 723
70 793
557 270
95 91
968 194
124 913
363 179
5 55
982 208
848 987
785 841
388 666
12 705
590 234
766 321
850 282
517 930
7 699
93 250
845 225
251 138
268 392
874 384
962 696
123 7
331 623
735 671
454 495
386 1
494 341
875 481
319 1
573 982
136 103
802 881
497 429
740 803
927 901
89 519
948 797
965 349
174 218
545 176
969 587
575 33
192 283
768 409
875 930
655 242
124 404
428 669
387 485
660 129
937 822
250 466
131 772
921 635
200 973
598 22
353 717
461 397
608 420
464 258
503 379
592 660
384 892
510 732
379 930
727 665
763 58
693 891
776 266
55 986
150 94
254 733
490 854
669 334
906 769
540 899
187 325
513 819
206 133
377 759
156 225
573 778
54 720
179 333
500 308
410 131
727 806
522 939
341 504
815 527
706 573
923 686
973 896
730 59
829 715
356 359
602 897
308 29
552 808
318 420
425 414
335 44
193 220
577 300
275 756
417 300
71 972
701 243
857 283
648 706
393 973
155 669
541 653
857 686
147 236
409 153
813 462
291 602
419 191
479 512
368 199
650 890
186 903
418 577
822 445
16 860
745 245
757 230
333 954
407 998
432 357
871 188
829 344
140 789
327 378
292 535
470 420
328 178
963 146
875 397
320 505
594 859
332 999
491 826
972 476
919 406
121 70
931 460
265 348
960 49
268 417
364 82
458 257
756 49
404 652
975 233
417 524
630 448
553 437
963 672
744 924
303 65
704 711
998 100
75 379
558 854
414 187
327 455
247 674
945 100
484 925
936 689
623 111
504 369
555 490
487 588
777 232
384 375
911 582
181 372
301 425
103 594
874 242
303 61
869 251
206 609
702 580
988 962
383 347
77 448
460 828
790 634
639 217
586 758
255 271
170 456
647 419
43 349
424 947
907 71
209 952
244 396
78 518
703 995
265 799
849 376
836 44
127 84
83 338
287 492
869 364
558 743
798 84
511 488
403 187
261 639
871 448
817 858
817 219
616 859
89 877
437 304
788 33
268 715
290 410
116 578
388 134
473 67
865 302
512 278
9 649
761 221
470 59
575 311
835 530
972 913
467 116
802 107
482 259
15 779
205 645
84 259
338 786
94 456
352 988
166 53
990 345
9 398
521 396
454 722
48 942
135 819
850 672
765 663
47 44
703 277
644 534
279 280
4 998
237 227
366 142
559 178
774 135
934 802
996 787
5 522
438 889
516 182
839 93
371 908
636 953
475 278
830 76
209 446
643 434
902 128
421 780
380 369
131 256
98 448
383 960
532 634
678 64
105 63
136 28
760 870
816 742
360 105
1 912
422 811
93 968
256 137
127 554
829 634
520 754
480 842
63 662
631 90
591 349
291 702
223 368
558 533
303 383
912 419
374 120
438 567
279 519
234 398
503 58
902 266
854 667
74 89
294 147
941 989
875 165
451 389
978 827
384 527
305 467
150 618
466 995
626 868
937 369
627 475
624 926
16 102
169 499
914 18
59 923
284 54
572 698
173 842
56 705
734 704
432 726
283 50
21 593
847 899
9 132
6 129
412 440
397 146
481 284
703 921
545 661
922 544
927 690
318 600
876 277
564 752
778 707
845 216
130 174
642 965
665 259
92 769
327 564
745 884
776 932
405 560
572 79
794 281
927 749
346 513
854 182
850 848
103 236
513 545
638 399
780 605
110 924
771 622
460 975
194 309
535 69
413 759
806 896
638 872
143 92
860 151
816 582
167 926
805 70
751 343
206 56
979 457
792 76
460 888
373 438
33 117
368 72
360 29
123 612
495 267
927 906
629 694
252 837
579 795
658 14
914 154
235 278
729 749
800 979
46 806
746 529
878 898
577 944
709 864
291 196
70 335
887 738
398 829
651 622
414 458
268 434
342 987
652 672
821 839
961 228
507 167
717 577
333 234
28 160
648 27
791 738
101 102
337 952
35 854
408 301
272 212
49 922
610 774
934 611
120 913
819 315
922 193
583 682
675 589
301 1
985 71
568 659
676 823
582 363
595 553
308 807
65 551
153 775
225 147
520 740
880 994
159 49
123 848
627 108
806 667
793 331
959 790
43 953
448 152
429 305
200 303
588 328
728 390
93 554
465 910
402 145
111 146
506 353
185 802
502 266
136 374
994 58
457 699
918 247
842 803
1 949
486 792
181 262
835 236
315 635
894 9
548 944
713 635
796 440
195 196
549 292
832 870
100 743
996 500
807 987
49 531
992 191
327 660
896 464
372 131
636 654
340 332
18 31
875 866
281 314
83 304
976 531
62 521
271 924
20 517
767 614
730 510
400 447
785 152
585 668
120 673
529 327
149 277
349 463
129 950
170 838
480 359
298 258
811 481
224 944
157 453
140 119
691 301
266 235
361 620
788 155
306 826
964 961
19 830
757 861
569 5
58 368
1 868
540 40
179 293
449 585
446 985
577 539
579 155
859 732
706 519
370 584
119 744
212 431
293 571
70 404
425 743
508 84
751 90
750 856
195 715
710 58
123 336
725 922
135 416
465 233
120 85
108 370
140 276
90 449
749 858
409 54
750 45
310 689
951 407
317 666
332 275
606 913
370 468
214 764
618 608
124 468
552 774
236 988
397 327
642 94
397 588
144 556
54 103
446 111
675 55
822 979
739 292
669 352
785 716
365 701
797 42
168 626
143 451
43 974
137 739
690 277
244 651
594 564
833 762
164 189
92 997
826 446
109 510
705 903
6 740
518 796
470 620
368 913
331 368
27 929
25 872
173 956
955 454
148 829
901 506
430 603
409 357
734 636
906 754
731 274
21 630
450 22
499 669
62 491
608 706
599 466
134 346
896 709
947 556
764 30
843 731
626 812
727 209
675 801
655 610
115 316
815 771
828 247
332 805
973 595
715 589
337 574
161 680
793 632
626 325
223 258
669 391
276 79
847 986
748 489
248 529
998 558
186 813
439 295
164 784
208 753
692 387
659 435
344 182
326 222
200 51
452 379
974 868
613 635
647 377
795 780
779 288
647 333
828 988
570 493
884 780
552 941
543 571
300 61
444 457
902 503
181 986
542 430
465 712
986 697
303 3
146 904
457 333
327 602
54 648
960 511
717 809
912 702
356 838
326 202
524 423
322 396
499 681
628 340
846 173
8 914
671 163
894 257
675 671
981 600
893 922
805 84
919 876
421 847
963 621
675 36
247 301
677 927
268 25
921 319
91 217
940 58
542 663
122 951
629 8
566 398
770 391
426 780
898 230
24 219
941 941
936 705
945 785
240 204
212 711
774 152
103 224
746 861
820 342
796 916
44 915
366 146
326 47
580 972
399 537
51 237
501 193
54 932
569 845
77 237
79 387
276 713
830 30
802 508
599 775
500 804
85 744
720 455
748 404
953 621
971 491
215 12
840 594
445 418
892 936
315 735
5 95
262 301
627 378
108 372
800 164
127 664
512 380
880 389
877 713
423 77
945 694
152 250
376 883
516 515
40 784
637 20
592 138
614 356
507 641
760 266
872 54
904 175
968 566
151 459
626 169
428 43
824 544
465 867
213 405
331 156
764 809
504 423
19 29
464 928
451 355
749 221
889 334
931 737
370 40
638 842
16 794
789 669
898 266
883 380
52 570
281 78
841 55
57 357
695 837
77 153
480 732
4 579
741 286
288 985
475 438
484 171
675 305
147 540
971 8
577 370
437 683
929 360
714 718
155 403
452 714
362 953
766 988
522 302
14 367
809 840
770 271
961 84
339 506
564 199
901 955
187 551
922 352
690 225
689 988
83 848
546 970
26 53
898 621
824 862
717 609
979 491
200 778
808 493
630 425
568 206
798 543
947 355
924 277
635 579
436 739
837 814
584 612
221 559
279 413
73 885
264 268
444 686
317 303
147 649
576 530
115 714
331 552
227 527
170 429
651 593
118 64
920 363
340 764
839 941
505 516
774 379
520 841
575 654
399 962
742 19
303 366
268 601
590 681
408 71
8 233
105 768
876 680
944 789
101 309
611 209
86 958
996 329
227 65
500 600
934 127
124 558
460 953
231 822
281 972
473 576
300 140
470 287
136 986
351 946
908 744
962 769
271 968
748 821
731 530
742 507
845 956
975 341
641 732
614 536
157 30
860 192
829 487
340 34
306 919
822 828
605 191
176 386
629 491
964 376
187 540
299 361
689 73
487 49
876 868
528 755
732 2
422 132
986 744
13 480
363 293
913 142
868 893
343 692
877 361
777 819
462 232
773 272
102 577
914 894
569 897
490 951
446 422
302 661
784 629
322 882
237 99
544 103
422 832
149 947
47 36
754 75
703 733
754 579
164 729
297 658
915 761
995 418
261 909
322 195
41 324
899 274
478 501
410 248
328 958
55 438
35 998
370 690
312 301
812 373
410 925
840 11
519 739
602 579
278 845
4 345
292 867
856 351
101 274
956 724
209 279
444 276
191 25
597 374
344 389
7 39
955 631
123 536
473 224
793 328
14 179
568 268
932 109
212 306
834 983
137 110
68 804
563 314
251 412
195 781
657 895
756 558
344 18
897 71
580 376
236 465
236 792
407 85
193 624
769 924
177 408
182 277
913 469
247 808
314 568
529 740
532 468
306 582
554 294
943 688
977 527
294 109
947 4
428 21
602 69
115 157
836 452
468 96
943 388
931 203
110 541
927 329
51 416
99 272
288 79
580 480
891 358
36 469
397 777
338 101
926 852
124 663
375 907
44 483
369 823
130 672
644 915
245 425
704 971
989 757
4 745
629 143
91 882
76 572
770 720
586 401
436 681
686 967
532 391
823 15
76 252
817 377
332 941
107 98
825 451
188 102
953 136
777 606
591 244
179 546
160 452
924 754
599 142
95 269
429 942
572 177
815 564
892 364
274 134
744 753
936 870
110 9
108 290
762 197
120 409
700 627
380 90
683 406
324 638
618 423
7 173
753 92
331 696
631 241
224 560
646 764
30 383
183 860
23 283
439 144
468 293
35 289
106 703
971 312
709 471
973 709
213 428
451 276
187 137
850 502
149 463
899 859
740 459
420 816
448 385
192 668
583 888
682 223
603 700
340 448
601 686
199 606
586 65
835 496
940 787
495 548
199 543
509 693
372 485
707 35
625 333
803 78
254 643
427 864
596 652
582 43
60 558
190 53
699 932
560 342
135 531
765 322
879 714
82 782
209 914
79 143
678 419
861 909
307 402
677 401
611 359
438 136
233 139
25 109
491 475
34 264
936 361
968 413
35 834
6 998
733 481
91 129
780 620
785 67
53 350
584 822
888 7
144 196
105 332
441 988
706 123
488 858
948 55
345 911
419 901
183 502
457 8
455 167
148 608
130 621
795 267
372 179
557 528
512 218
445 389
354 890
934 611
760 759
792 64
26 611
905 199
510 921
9 621
299 761
871 683
737 88
610 187
744 231
549 54
102 362
379 869
616 445
466 846
77 169
628 49
587 629
47 78
618 835
717 303
505 994
993 530
605 23
388 697
553 584
420 858
310 474
368 607
201 334
758 856
257 879
720 964
223 416
406 180
727 475
383 831
24 329
501 251
669 529
894 852
488 593
980 516
886 972
424 285
918 606
637 3
526 541
728 386
546 598
158 658
270 181
55 839
23 109
281 55
341 144
335 580
974 392
253 347
870 210
526 453
572 174
219 840
475 574
828 877
110 617
640 364
868 333
27 521
710 182
327 560
262 687
999 489
678 238
95 316
610 696
168 956
375 874
919 112
104 453
970 665
120 766
19 114
346 716
39 469
805 547
382 212
306 819
848 34
480 385
835 798
794 843
547 17
358 26
275 481
355 335
518 489
55 258
950 408
308 944
750 362
273 811
911 530
679 136
359 485
166 568
35 140
917 710
733 929
587 441
415 230
600 264
401 5
43 78
581 528
802 414
891 260
676 630
775 955
993 98
196 516
361 387
255 707
457 61
58 257
312 485
868 162
515 205
649 375
558 224
615 170
839 621
204 686
233 597
340 269
244 910
426 951
786 745
527 672
85 439
143 271
808 789
902 642
596 183
77 857
781 264
43 951
619 565
494 205
599 640
270 616
225 977
702 95
185 544
521 755
730 135
379 509
62 977
772 878
812 219
382 770
747 967
866 895
141 924
860 811
51 696
698 842
787 564
209 809
742 56
652 934
661 631
819 122
202 278
219 539
301 135
423 449
458 544
602 401
206 539
336 659
860 175
830 392
765 184
396 396
40 837
88 33
865 963
722 729
343 701
927 144
104 730
759 57
994 421
516 92
664 878
972 929
373 359
277 535
399 811
847 758
3 180
469 962
285 671
138 179
628 588
138 990
246 762
404 570
461 684
903 556
56 55
672 223
471 631
323 634
113 330
603 120
335 132
152 237
769 91
32 171
159 546
896 313
62 55
926 918
552 702
823 451
862 803
275 989
212 522
820 890
888 449
822 393
359 275
810 396
262 101
870 160
966 837
976 880
876 274
765 718
307 284
441 392
266 868
343 297
788 606
777 879
822 773
346 18
398 65
702 749
435 674
413 297
220 37
721 717
226 908
504 212
599 616
49 384
943 705
590 622
906 420
652 367
402 845
317 821
966 243
918 957
65 7
895 317
973 533
139 599
832 182
857 663
519 24
517 785
404 834
691 208
245 323
590 514
495 208
456 396
549 839
892 975
158 767
885 351
139 219
149 210
404 495
465 24
806 508
576 97
954 932
133 299
443 651
468 688
386 957
226 142
104 351
602 67
374 301
328 874
885 616
783 529
533 189
202 674
322 944
920 163
859 417
682 38
708 966
177 499
574 352
799 556
414 637
319 29
299 627
330 748
782 917
780 242
49 526
236 686
475 336
938 898
790 907
614 765
743 726
914 519
286 281
417 719
892 199
500 149
946 735
39 10
703 67
618 409
991 110
334 339
781 598
324 265
51 758
89 553
797 620
561 214
548 75
517 133
403 623
855 127
225 388
38 863
881 886
600 452
485 388
872 495
53 383
337 783
883 663
294 868
690 774
268 298
370 752
369 474
828 704
308 989
670 73
448 516
221 544
488 263
605 681
582 981
589 989
977 963
837 352
723 593
484 64
399 533
137 764
772 688
629 829
114 840
924 972
295 557
436 922
974 364
438 238
425 513
184 350
432 949
905 522
778 85
401 887
883 235
769 576
86 142
188 902
102 452
180 57
630 41
34 558
137 36
428 471
362 226
239 28
570 325
543 296
956 875
239 959
90 76
277 699
468 409
314 154
442 779
832 730
211 559
714 611
225 952
278 926
461 283
744 873
309 824
467 887
955 443
994 175
951 16
737 138
986 323
458 507
337 865
301 330
663 37
99 135
75 245
703 624
785 542
518 663
255 355
749 338
938 215
646 670
492 251
34 452
946 727
11 743
139 847
492 387
318 175
526 595
354 860
346 387
414 223
468 916
240 946
430 508
273 617
507 884
584 737
725 753
838 919
325 903
270 160
758 819
845 252
362 811
536 782
862 384
791 379
273 193
721 876
360 241
355 445
560 698
153 884
866 632
402 292
946 537
965 860
416 635
125 284
158 893
118 262
243 69
634 467
360 489
252 556
995 45
4 182
167 923
754 528
254 260
122 927
511 151
435 163
750 624
663 419
786 870
77 791
209 641
191 545
341 622
450 782
273 22
245 156
15 273
390 539
284 718
723 70
879 697
454 930
905 926
478 296
36 613
120 89
996 771
19 990
573 822
288 915
51 206
881 782
896 161
323 446
799 714
549 566
385 401
245 303
894 242
681 992
764 960
93 241
420 307
183 46
963 27
160 956
416 224
687 466
988 261
283 739
722 584
930 55
183 406
351 553
84 989
855 590
756 767
618 329
141 14
333 664
35 797
451 407
953 238
515 882
914 890
413 145
940 426
431 97
850 443
151 239
862 598
48 926
486 838
183 356
611 10
467 468
836 123
387 868
763 912
813 11
440 937
723 347
658 112
849 685
510 710
565 796
225 708
801 388
623 575
299 509
783 674
958 600
586 249
109 987
711 188
126 928
862 91
190 623
626 285
625 576
476 834
427 403
752 56
851 469
337 406
799 863
326 179
921 124
172 51
98 825
719 294
960 639
966 669
662 79
428 708
765 881
772 483
919 944
728 571
787 824
588 414
464 900
924 364
760 809
563 516
539 969
52 315
818 187
676 728
944 698
396 181
880 500
690 618
328 295
947 962
411 496
951 782
697 389
606 60
860 186
703 183
440 174
111 647
419 997
42 801
355 99
145 479
915 380
198 7
997 889
763 919
786 610
530 94
132 623
795 918
668 570
413 927
142 614
152 612
434 364
61 823
761 838
207 587
961 992
402 417
693 204
857 294
408 565
99 402
289 166
209 85
966 267
187 417
417 813
243 349
719 976
4 948
635 81
339 24
546 15
480 492
681 209
762 617
346 887
40 263
894 107
332 632
837 694
355 640
385 740
562 708
772 733
629 973
417 908
565 698
315 869
164 377
493 954
858 431
714 685
265 713
263 416
59 614
426 663
668 26
337 168
434 584
844 793
663 707
833 675
12 442
783 853
883 412
748 695
973 805
976 358
649 601
432 647
337 628
390 878
54 790
667 336
877 677
59 967
88 245
275 532
2 667
613 765
272 516
549 481
767 411
688 932
726 269
927 420
565 245
576 694
833 154
207 742
320 476
694 34
138 225
916 14
784 529
604 649
285 926
455 376
449 805
92 551
412 349
895 171
206 589
414 353
355 380
368 597
389 213
634 499
325 76
132 439
391 848
141 342
108 149
67 45
735 95
821 582
980 164
863 736
770 460
245 474
752 364
359 423
50 248
33 420
602 269
741 798
177 895
786 854
639 949
169 558
386 277
649 425
43 498
296 880
305 179
550 230
510 54
251 974
13 961
687 139
43 966
425 235
761 953
572 58
676 671
877 576
885 668
675 113
195 521
918 695
22 754
681 221
688 963
596 224
790 780
768 166
35 53
157 217
840 661
960 68
35 677
700 390
3 685
812 158
55 242
64 224
380 668
918 588
934 12
922 888
158 673
398 792
939 594
458 143
875 321
531 547
619 808
752 680
533 315
229 114
790 531
419 833
592 546
55 389
135 727
62 415
605 687
559 46
131 873
233 956
962 492
212 17
788 775
972 595
502 652
680 706
18 643
800 627
826 748
818 581
907 100
4 574
517 529
256 649
777 921
888 855
891 690
583 171
928 727
854 628
953 139
918 626
156 331
451 902
422 779
292 892
682 870
312 483
3 711
845 688
403 930
566 41
748 318
837 400
813 278
512 156
224 253
810 454
560 96
396 142
523 164
556 387
334 239
585 765
694 322
852 474
280 886
962 10
326 414
689 877
868 775
218 180
681 584
8 65
186 249
459 603
677 25
152 936
289 478
817 76
554 524
785 6
807 433
222 331
403 919
99 479
77 965
708 424
797 464
954 845
300 86
935 320
36 391
213 151
198 269
185 696
373 205
798 875
499 77
424 503
118 378
544 856
531 58
713 994
143 804
983 43
793 556
661 400
180 198
687 727
807 269
23 346
637 218
11 644
83 626
965 720
367 587
739 629
485 65
36 496
185 814
136 664
565 30
827 973
542 415
360 698
901 365
421 721
214 575
6 300
921 196
532 924
564 935
452 691
339 528
783 206
195 347
352 840
411 200
980 86
440 330
907 632
174 677
35 403
734 71
515 665
519 292
758 765
390 388
99 269
10 189
201 529
571 229
342 148
803 540
579 892
891 871
184 721
705 237
489 568
105 352
513 167
968 744
328 518
909 784
616 907
198 915
571 916
182 39
447 653
816 428
446 693
746 276
519 963
404 690
809 376
198 550
114 584
488 389
219 296
806 867
398 668
209 965
853 35
326 741
540 468
867 615
332 599
95 998
116 759
681 74
336 828
893 551
23 929
372 938
436 247
68 383
756 400
188 244
503 638
781 491
154 711
726 719
670 385
249 393
141 995
894 34
826 420
398 604
291 415
530 491
593 333
496 895
412 360
869 259
847 621
606 683
339 535
156 239
639 827
573 325
572 565
374 147
943 937
683 690
320 990
943 977
575 904
290 508
632 809
771 36
521 221
966 62
319 781
754 457
77 52
320 686
339 57
488 811
38 590
108 158
146 152
197 30
782 4
78 731
267 23
904 137
61 592
295 442
760 652
668 720
696 911
794 229
187 834
649 489
782 800
819 808
632 616
461 871
199 635
439 415
419 777
648 24
774 272
709 239
279 509
836 808
392 197
883 535
416 354
636 784
769 169
912 802
661 469
588 26
670 390
856 974
706 161
52 791
387 205
652 140
756 563
187 255
694 111
280 9
962 519
314 125
565 608
344 980
75 223
722 438
505 916
746 899
983 465
351 309
347 18
738 523
143 82
215 195
780 536
972 289
593 774
191 215
26 677
485 577
238 340
394 712
325 683
468 977
897 38
229 447
338 965
42 142
543 575
75 699
670 83
453 23
423 558
898 393
102 434
19 975
460 923
98 151
399 734
612 413
152 397
861 291
726 555
477 495
335 441
552 512
50 524
36 429
779 208
830 385
231 388
925 724
73 885
601 697
421 27
501 251
72 183
672 761
415 349
190 861
171 297
169 495
836 288
768 357
522 468
727 290
220 934
382 785
132 373
559 512
516 152
632 487
420 758
469 610
977 664
463 275
801 26
642 55
683 798
161 900
576 712
694 403
406 408
166 668
157 478
880 747
928 482
539 308
864 678
793 838
919 630
592 136
513 949
514 103
867 416
415 607
42 779
109 868
974 213
732 454
56 420
201 395
998 946
149 604
359 46
988 70
664 981
962 831
414 259
999 950
831 338
909 276
441 199
149 995
866 152
186 165
108 635
387 632
253 717
503 813
410 812
383 583
884 142
255 634
110 313
411 794
718 56
639 122
458 615
75 665
328 850
635 397
272 769
47 82
248 658
654 928
31 744
517 522
554 532
642 881
713 854
167 859
787 643
605 589
941 962
990 869
903 903
567 286
477 223
537 542
286 786
68 688
237 758
746 287
890 796
687 431
444 837
190 116
511 796
263 105
278 201
820 721
666 574
512 330
999 63
936 89
697 993
23 957
210 827
666 429
463 929
604 387
545 904
300 897
371 460
369 204
136 967
463 678
351 821
84 660
441 166
108 725
402 350
488 574
62 869
427 753
603 182
70 763
615 292
387 382
299 28
105 61
463 779
131 262
864 329
706 796
157 494
350 848
295 655
971 381
683 648
74 128
17 438
17 474
558 125
131 625
248 588
279 287
635 892
420 278
525 905
168 210
38 227
162 165
160 520
913 330
304 580
161 898
738 765
243 536
892 24
99 815
768 763
258 36
734 895
469 947
840 364
524 659
583 481
536 504
699 740
852 257
227 95
838 90
648 559
692 366
722 446
870 548
161 306
423 177
311 357
71 12
704 631
200 939
962 813
783 929
884 521
186 170
804 618
355 638
459 869
927 919
468 741
616 300
312 804
217 565
951 104
313 21
90 198
397 290
106 261
815 176
518 607
773 667
821 275
185 689
531 958
195 710
337 129
681 541
105 113
563 405
400 307
681 177
880 90
151 604
107 489
436 1
115 396
211 251
275 322
901 696
289 803
343 351
884 412
201 357
869 252
86 517
578 247
794 881
537 385
556 564
837 714
55 229
167 707
123 319
496 997
638 248
508 233
67 807
625 234
75 810
920 251
54 498
375 253
673 227
948 627
613 371
357 482
244 404
194 107
288 195
193 161
774 571
881 971
321 277
290 35
228 551
351 233
348 742
417 988
628 399
959 584
283 744
714 546
682 757
216 106
429 984
767 118
202 87
400 924
386 572
664 489
907 529
565 204
215 474
184 671
670 776
7 746
267 23
137 119
233 498
305 119
657 829
649 163
38 125
949 229
594 337
363 659
186 768
988 383
495 176
995 389
311 8
734 4
643 917
496 180
342 107
742 400
943 589
345 829
315 380
928 992
279 181
872 645
662 428
318 809
329 849
965 293
759 949
180 894
330 854
938 970
638 142
820 982
816 299
86 280
808 193
469 799
975 63
514 720
557 554
406 759
847 600
896 20
271 885
710 79
252 471
648 992
387 492
971 832
863 5
132 588
458 91
966 520
358 795
771 712
579 479
627 601
451 530
701 39
389 184
839 294
784 332
666 596
81 444
589 597
754 116
202 36
934 957
275 264
90 619
473 164
841 387
684 307
280 806
672 902
988 724
857 415
800 774
415 162
305 241
224 69
530 51
804 661
123 155
688 921
930 124
22 845
562 229
810 329
982 819
468 264
693 822
220 342
359 590
485 701
584 745
917 317
14 437
913 277
772 649
577 317
805 980
900 538
511 797
803 288
438 341
560 298
931 260
759 43
265 924
842 544
77 407
261 15
679 359
746 319
564 866
582 801
799 722
63 110
506 672
31 412
261 130
171 142
899 780
406 60
88 46
857 272
76 853
137 298
660 922
695 798
842 857
173 240
668 412
379 578
665 805
662 951
183 520
604 225
492 908
168 191
499 904
788 227
180 458
201 420
544 151
138 515
294 705
897 906
65 342
953 102
574 950
44 450
615 767
855 491
486 679
898 552
672 590
444 218
629 400
540 538
591 428
614 267
917 370
927 47
715 164
511 315
150 973
127 147
851 306
79 115
900 263
23 343
646 500
518 118
440 377
925 668
575 119
904 918
359 911
218 410
406 650
332 266
286 397
185 626
39 650
818 938
634 352
748 852
240 472
776 295
371 959
209 432
222 332
299 745
771 975
125 350
119 823
74 883
19 758
410 334
510 188
217 180
797 248
54 446
326 179
522 894
944 345
242 820
203 827
50 866
74 22
859 523
226 272
762 693
313 900
526 705
673 703
412 837
506 926
119 190
113 838
606 90
668 587
766 645
365 50
267 467
541 927
164 990
689 76
614 782
988 879
695 884
718 188
30 505
849 170
419 129
838 485
990 122
102 690
275 476
895 332
326 22
746 103
624 231
985 565
618 860
124 480
737 357
566 812
382 584
670 65
107 424
276 764
500 930
629 362
11 175
503 691
601 859
767 903
645 426
421 342
652 747
248 127
306 523
338 505
353 418
869 445
945 748
497 307
388 16
547 124
735 372
983 161
71 974
991 656
415 163
370 514
963 406
507 374
748 460
960 720
975 390
104 557
199 219
116 682
487 507
381 576
262 338
733 430
611 282
621 7
596 662
732 654
105 796
130 563
268 756
771 538
855 260
82 959
437 716
483 634
894 335
422 723
59 861
593 153
177 539
670 406
243 958
991 354
319 692
590 835
962 883
985 555
752 533
794 796
826 930
723 742
971 408
78 915
918 281
97 82
508 523
418 167
747 1
447 607
272 212
614 903
54 726
379 198
88 45
785 649
592 159
37 720
371 211
865 865
48 497
67 603
177 82
258 939
751 934
853 214
475 666
214 342
633 567
704 740
74 433
218 502
266 875
722 361
53 93
265 43
282 914
282 664
141 278
622 41
771 456
454 959
561 980
320 202
251 667
224 929
432 199
931 691
464 821
421 428
721 390
586 609
964 744
191 198
565 895
681 847
867 602
745 296
234 152
909 725
654 341
41 635
632 477
81 649
511 954
327 318
445 823
990 168
200 35
575 324
987 484
427 376
586 471
654 884
616 563
391 933
757 438
14 206
602 428
434 742
788 373
343 764
917 900
833 203
820 190
769 789
209 53
932 914
297 546
493 562
645 560
842 360
509 594
618 97
944 522
283 819
230 449
106 984
600 459
780 242
129 388
668 902
466 384
960 579
580 150
25 191
757 384
831 600
126 725
839 727
359 845
23 901
709 400
390 621
737 710
755 254
266 351
397 342
435 558
28 436
767 947
741 569
219 964
694 138
93 522
476 386
57 231
945 782
408 862
963 386
714 555
296 169
350 940
887 564
176 442
897 868
287 889
695 125
407 934
924 10
730 944
468 625
833 5
299 77
708 791
727 987
564 713
890 22
718 747
164 952
954 387
657 819
111 250
387 913
396 826
311 21
529 366
517 484
489 276
704 322
523 814
225 166
198 543
954 5
938 729
650 949
954 190
602 96
490 457
330 637
679 288
652 331
400 853
600 435
191 707
121 843
656 905
4 843
428 974
998 318
699 189
934 912
705 936
959 880
172 201
526 201
678 282
506 448
54 934
430 997
452 474
386 595
650 395
81 578
361 976
521 837
398 955
223 476
560 155
973 461
503 475
922 265
747 302
797 710
990 842
74 158
666 95
287 904
526 416
442 847
877 549
564 975
558 884
926 248
320 425
41 38
645 361
58 182
886 927
923 107
513 110
976 667
986 998
114 603
733 688
359 561
89 175
260 6
129 153
879 96
350 278
755 845
666 751
753 322
540 604
395 598
696 141
472 904
103 10
4 29
778 455
485 244
593 178
775 584
931 925
695 392
25 334
821 908
342 393
876 727
759 9
969 626
174 520
403 735
147 904
367 525
255 549
706 942
