131 61259
297 180
346 319
242 157
618 312
894 683
589 443
884 473
698 27
641 203
454 231
612 299
138 67
110 103
551 452
465 407
28 22
634 19
818 497
704 689
31 24
994 513
293 238
108 11
931 284
603 289
51 9
186 144
864 84
164 125
137 13
251 93
567 373
11 8
934 932
306 107
7 4
142 121
88 12
828 583
294 173
521 435
857 182
574 16
100 67
302 147
653 311
178 30
425 43
186 128
568 317
433 133
736 177
491 424
130 42
211 184
906 474
584 533
263 181
130 54
481 368
331 205
841 501
738 248
378 48
490 354
100 45
194 146
527 48
557 459
271 258
704 504
253 18
81 70
26 7
95 57
680 620
500 209
272 83
389 348
563 113
721 47
863 484
61 17
185 149
621 252
575 573
972 927
691 168
144 86
958 200
186 98
348 272
951 586
488 105
196 188
13 3
615 56
311 41
615 471
466 207
738 695
618 72
617 220
871 447
386 331
254 127
778 589
277 253
412 132
966 823
846 207
882 413
184 176
317 63
96 38
990 726
583 175
995 366
727 685
207 3
112 69
24 2
690 676
590 360
584 475
15 13
864 137
782 479
400 9
460 70
781 738
