113 57770
888 258
154 21
189 116
753 661
391 45
461 378
196 146
350 179
44 28
37 32
498 460
572 188
832 611
449 10
933 734
735 57
602 127
474 107
284 220
798 530
774 404
438 345
301 279
493 115
176 66
445 317
508 13
350 85
413 412
461 271
348 259
918 564
687 592
357 19
51 51
951 273
739 702
344 311
148 4
931 512
104 67
567 481
804 143
707 502
51 5
736 538
800 23
613 139
329 198
837 336
978 803
484 94
874 260
109 92
381 204
898 292
853 50
533 361
466 327
134 51
689 83
587 206
300 122
708 389
208 64
692 518
901 341
619 225
653 340
132 84
837 361
941 143
565 327
801 791
166 114
177 96
627 485
191 125
874 548
20 19
383 190
223 105
646 74
508 463
872 21
247 68
5 5
904 236
511 243
447 254
598 92
339 235
729 359
469 419
983 567
758 268
990 36
355 48
804 776
289 137
150 42
144 75
432 137
690 231
188 178
38 3
172 22
305 243
441 194
971 467
959 646
507 40
293 244
