186 95653
267 241
546 501
211 78
606 457
511 426
360 295
812 693
905 497
501 261
906 68
279 103
956 283
581 162
777 331
119 64
25 13
747 558
711 42
860 856
120 11
531 90
102 76
125 68
941 186
224 216
561 546
444 243
864 357
317 88
918 73
147 136
499 276
390 368
909 789
332 310
38 8
306 275
858 365
505 100
639 222
804 204
298 239
238 12
991 623
751 120
485 180
112 28
362 165
513 51
627 532
170 126
453 166
713 285
839 519
614 64
958 689
571 295
371 298
173 132
298 18
913 644
198 96
616 574
856 639
190 170
920 122
644 584
354 92
437 101
312 178
897 378
649 539
924 372
911 326
979 382
5 1
429 35
671 524
658 629
800 306
969 139
40 17
319 267
413 179
714 514
192 64
559 411
488 289
843 719
670 261
135 64
226 10
674 629
171 27
942 791
54 15
299 278
222 108
831 133
199 171
738 210
371 268
405 310
752 750
706 160
426 11
444 22
180 71
818 634
472 43
114 7
953 163
924 361
355 99
221 85
930 295
478 16
836 795
105 51
356 275
112 100
280 190
632 275
693 621
249 85
6 2
814 76
219 155
789 357
821 666
785 269
762 212
704 679
596 314
67 49
275 261
963 267
531 191
724 554
975 176
632 28
288 148
914 740
446 410
44 30
118 11
576 504
82 70
953 471
345 284
546 406
358 209
482 335
196 19
882 351
449 341
644 608
590 212
80 1
76 16
928 410
676 20
143 2
368 315
403 126
15 14
415 186
627 222
178 45
157 16
846 467
874 221
143 54
617 366
560 447
799 50
491 372
948 772
392 50
344 107
693 419
753 698
157 90
270 241
877 355
582 548
