132 64735
788 25
371 233
246 68
200 117
812 270
886 524
662 406
961 103
109 68
654 126
465 435
537 15
21 7
630 86
49 21
666 135
411 341
42 5
443 340
423 295
180 22
48 33
796 264
333 153
792 433
255 46
497 213
960 690
730 404
502 405
310 208
127 47
802 185
788 479
498 483
778 211
554 89
557 91
742 61
13 8
882 619
674 528
692 175
474 179
677 204
577 191
426 156
591 221
115 47
151 139
330 213
939 421
876 826
106 41
994 69
181 133
780 119
171 13
368 246
618 543
131 70
946 735
564 75
982 528
623 298
144 11
656 352
8 1
327 274
245 237
165 128
69 61
273 111
585 205
576 214
257 96
485 162
356 133
507 422
908 430
204 75
377 242
250 92
155 90
673 546
857 187
972 413
929 505
829 246
834 42
160 156
541 477
321 298
429 164
768 222
556 517
873 286
149 59
180 177
546 233
2 2
17 5
774 490
106 24
588 213
318 287
431 36
983 372
855 564
769 168
901 161
897 271
517 311
957 616
103 43
339 37
490 228
980 605
166 1
387 132
113 107
278 126
72 54
113 42
759 171
783 600
181 84
581 453
283 49
16 8
869 580
436 348
