148 73942
209 6
94 53
738 467
664 455
929 190
942 516
26 13
432 334
943 137
57 53
447 68
296 292
993 644
697 465
789 318
887 379
181 53
577 332
442 406
329 328
361 214
5 1
833 792
240 91
512 385
112 42
215 15
478 395
205 146
334 106
472 10
73 32
767 388
919 792
819 546
838 800
627 453
609 305
755 406
510 25
526 153
796 249
243 151
331 284
802 459
907 265
108 57
44 16
752 669
597 55
867 132
750 97
119 36
785 557
770 323
389 205
767 110
277 276
479 35
541 135
556 107
752 478
971 623
89 52
318 49
901 506
916 862
78 52
847 669
249 218
46 37
489 214
483 437
86 9
613 385
329 165
47 24
833 649
140 58
891 310
617 545
944 464
451 339
941 785
502 232
53 42
793 85
124 38
527 407
960 39
167 2
614 413
939 766
936 7
479 476
974 462
497 128
333 232
362 106
27 9
511 392
655 390
499 58
98 31
65 55
273 35
856 381
173 171
378 366
170 127
587 436
783 561
284 157
914 334
80 56
38 37
266 262
691 102
667 193
598 219
220 103
413 337
318 250
301 149
201 52
973 147
424 389
307 89
679 410
106 55
642 6
117 109
770 244
561 164
878 382
354 81
655 608
974 88
123 106
464 377
472 386
382 307
685 189
367 305
75 11
522 71
990 868
302 74
