192 101744
247 10
361 76
115 57
967 653
532 143
585 279
487 231
649 23
252 226
193 146
999 906
28 27
763 410
826 254
537 230
919 481
330 23
888 126
470 39
544 408
843 223
499 204
306 159
909 680
467 338
383 334
234 192
355 26
793 363
594 558
584 437
643 172
3 2
707 18
573 14
586 125
640 178
836 757
586 398
865 841
310 206
146 86
442 396
724 331
632 395
845 107
34 33
725 642
24 15
269 163
348 275
712 380
940 819
624 356
129 58
245 30
828 516
619 537
125 89
581 324
823 711
738 164
464 239
758 118
385 142
263 109
104 32
831 555
465 237
396 30
502 66
511 194
653 547
910 436
155 20
96 25
428 67
92 88
463 137
118 89
233 3
408 363
473 2
829 424
455 93
614 322
927 518
498 285
24 17
761 431
747 162
607 383
590 352
596 380
989 450
469 70
196 116
999 190
103 4
882 394
229 168
457 309
717 389
17 10
843 439
290 152
783 394
665 8
563 109
899 706
160 111
392 136
212 203
316 25
237 49
231 216
360 62
588 368
562 538
995 219
331 42
245 33
372 291
524 40
788 79
648 239
56 44
298 233
459 200
618 419
732 369
979 41
489 449
126 118
998 925
361 113
826 765
948 137
926 616
967 964
846 82
369 4
976 643
647 61
98 36
258 57
760 534
341 189
916 634
961 588
717 240
359 26
229 111
460 406
403 359
971 166
164 98
796 444
287 218
291 147
694 394
502 249
595 360
739 693
983 446
503 329
457 357
116 68
16 13
34 29
979 669
619 349
534 371
427 357
73 73
638 428
944 5
29 27
221 149
877 782
230 58
963 721
393 26
427 373
529 455
958 26
885 419
743 38
995 665
897 20
638 130
94 50
