101 52793
440 329
780 735
124 7
583 124
482 295
879 517
465 43
169 87
940 389
412 48
315 162
839 235
411 342
430 252
89 46
733 216
870 793
693 334
331 278
43 6
223 115
742 452
766 148
94 18
814 643
767 702
536 185
850 223
578 171
864 268
897 246
792 131
231 55
141 107
821 336
104 70
988 869
992 640
636 42
721 361
436 60
176 104
701 143
936 693
826 206
547 352
467 190
437 338
813 324
359 198
739 614
291 284
881 367
828 258
117 26
468 104
241 1
624 503
686 537
422 62
633 600
15 15
741 225
921 12
473 180
880 307
99 49
804 154
193 71
520 190
840 10
527 410
29 2
205 124
103 93
984 238
861 858
92 52
177 100
269 15
827 86
19 2
23 15
545 384
275 270
28 2
139 103
268 88
907 152
858 307
980 827
411 253
249 95
741 726
979 482
418 166
424 424
929 231
29 14
404 215
393 279
