168 89712
557 274
862 510
684 288
968 720
598 363
741 20
776 366
504 23
389 64
114 103
172 70
586 515
496 492
748 182
933 673
505 30
80 32
253 4
721 192
157 84
843 540
7 6
451 416
444 151
676 654
92 10
258 114
125 25
454 198
719 623
54 46
337 298
357 119
575 13
14 1
90 54
542 331
539 225
667 631
550 435
476 44
500 139
989 648
148 95
657 411
720 199
965 267
942 268
761 749
264 191
691 227
318 279
263 60
96 39
804 45
964 52
559 349
118 88
616 579
70 66
927 440
142 57
555 423
558 339
567 480
779 314
359 95
259 91
958 601
216 158
941 77
915 898
247 151
57 24
824 478
32 15
370 69
336 275
560 114
68 52
174 36
585 108
720 688
425 410
833 71
645 425
218 134
182 156
265 104
574 213
630 78
730 377
827 290
822 539
635 369
459 419
708 516
765 558
613 394
696 448
321 281
52 23
885 389
998 273
76 45
176 166
790 2
125 34
900 754
938 19
70 48
848 77
738 232
657 595
585 384
616 438
263 63
630 374
397 222
644 31
369 167
923 278
487 332
557 12
831 460
990 62
816 411
467 461
727 573
282 238
673 167
976 720
567 174
520 287
409 123
175 85
952 380
927 349
961 204
999 270
912 858
584 349
759 371
64 31
312 283
648 199
40 5
39 13
923 614
817 162
637 111
465 216
757 21
612 578
693 673
300 267
983 726
186 14
706 269
890 171
10 6
472 330
71 57
722 197
733 451
567 492
430 293
327 11
