129 66627
181 13
341 308
768 526
845 297
63 7
822 531
160 5
828 676
587 579
315 243
362 127
413 84
31 6
9 5
841 261
904 746
927 182
894 590
400 389
62 46
161 121
620 614
626 522
697 665
115 61
261 172
844 677
21 19
374 5
451 186
778 581
17 16
942 144
364 72
826 634
589 267
254 1
551 388
860 763
266 246
125 31
730 670
906 499
603 261
855 785
541 530
557 330
792 310
898 334
523 390
705 704
897 857
270 234
474 386
189 82
223 122
197 184
53 46
993 566
104 55
983 646
712 136
297 233
341 197
224 66
991 862
962 234
602 197
150 78
603 245
626 437
288 23
682 386
5 5
772 525
596 134
648 413
165 86
822 771
496 150
540 252
363 89
586 547
148 91
127 4
290 134
569 265
600 520
670 558
752 499
278 221
165 24
433 36
405 1
447 195
184 167
518 64
197 35
885 79
570 258
299 264
448 337
838 158
947 37
539 43
403 43
355 334
958 277
837 722
944 482
378 6
180 104
679 184
114 20
711 711
850 133
398 74
215 65
495 355
489 133
606 594
923 167
777 548
900 816
426 74
833 334
505 186
226 111
656 377
