187 91124
889 54
580 264
171 65
202 195
454 306
713 355
452 232
866 555
606 163
748 624
770 20
857 245
375 336
610 426
366 60
329 266
255 136
611 48
945 659
144 70
404 288
458 384
453 105
97 89
240 42
573 27
220 158
804 713
813 121
731 639
936 676
147 3
502 241
114 50
735 284
17 4
735 196
695 267
326 205
3 2
107 89
212 186
787 613
432 303
776 140
955 269
471 138
951 440
63 6
952 142
240 171
551 273
61 49
286 170
996 508
384 7
350 113
213 61
489 348
306 78
223 21
911 272
415 155
182 49
90 16
516 249
825 425
788 645
538 439
774 704
156 38
69 14
168 31
212 99
349 130
598 172
219 74
645 10
941 200
769 513
752 741
979 203
350 280
640 276
409 120
346 276
494 140
216 66
251 226
887 614
157 54
474 13
896 82
598 536
202 126
990 215
181 175
107 102
343 10
318 73
850 529
281 65
905 735
920 363
232 6
283 243
724 3
698 291
906 899
546 538
340 73
24 22
491 477
128 13
539 149
445 353
900 353
802 777
820 477
300 142
262 134
197 195
498 364
360 75
6 1
508 435
679 96
808 421
280 208
979 383
578 383
478 158
639 201
317 10
583 16
213 103
1 1
756 472
311 270
135 69
491 161
469 87
314 198
5 1
84 20
681 227
176 135
482 176
923 40
937 190
396 7
493 23
230 201
863 83
109 101
71 41
927 668
579 346
199 45
928 329
642 169
356 183
564 59
773 753
340 85
870 484
49 10
319 199
402 71
409 163
180 17
960 358
352 330
535 433
210 4
871 723
142 69
353 78
358 177
663 577
224 40
705 392
889 442
529 217
671 605
418 279
754 593
