153 71686
928 243
555 511
998 30
765 294
436 370
54 48
238 1
107 6
158 66
67 22
221 74
145 114
46 44
861 170
60 24
976 814
194 59
172 112
586 387
525 498
456 102
163 105
636 153
641 139
953 939
29 27
780 112
687 77
672 494
380 9
721 676
357 248
46 24
319 61
533 396
139 86
659 332
633 292
401 182
485 147
577 167
753 273
842 308
910 746
624 444
583 329
404 133
242 180
129 85
492 237
322 252
467 373
276 242
820 176
154 132
203 4
23 2
213 98
17 13
645 281
569 469
658 316
721 624
689 536
343 124
364 194
279 66
417 263
633 539
600 288
279 57
142 92
140 14
822 22
614 402
249 99
716 55
107 85
778 124
139 66
75 14
925 513
680 582
606 586
572 359
846 550
554 46
628 492
170 38
28 23
57 18
713 623
107 21
891 108
701 416
320 105
529 145
781 154
437 83
128 64
852 842
359 67
169 106
298 132
188 78
18 10
971 700
868 794
816 278
79 68
883 781
735 464
207 41
822 248
629 10
823 164
65 40
403 352
241 168
197 2
472 279
654 118
450 329
58 46
799 567
405 129
228 22
725 507
211 33
988 513
933 601
336 51
389 292
420 151
647 5
155 57
174 57
237 183
867 10
181 73
842 31
824 559
914 695
479 121
113 107
495 142
388 269
281 158
764 585
271 176
469 365
931 380
477 271
