118 54585
581 281
201 7
60 58
337 100
140 105
104 77
604 253
30 18
945 596
974 16
323 220
836 737
287 196
401 62
875 614
577 176
293 153
250 17
964 751
238 194
281 5
579 62
596 118
616 559
596 491
114 45
244 237
639 261
456 270
357 221
39 12
778 328
485 220
657 487
576 558
899 309
442 292
988 506
903 17
331 10
944 554
392 138
26 1
103 18
818 619
204 103
861 407
46 34
409 315
67 5
320 226
814 581
8 2
225 33
695 464
379 346
600 515
463 41
207 197
282 11
68 34
355 271
522 355
523 519
946 528
5 5
335 115
107 102
826 426
721 154
762 577
860 305
21 2
537 417
74 69
155 92
83 35
804 477
714 698
588 319
913 499
846 532
534 47
497 411
169 146
550 433
673 343
561 178
775 635
339 326
361 272
319 82
631 551
653 365
14 9
187 16
920 468
457 416
389 253
916 178
471 177
330 130
127 50
29 22
990 494
405 202
348 129
468 301
391 143
730 337
505 295
104 101
640 161
88 9
789 579
726 254
15 14
259 127
