164 86337
88 84
473 4
724 119
468 439
830 713
537 28
310 110
560 404
800 721
954 546
785 558
817 199
385 251
49 23
853 416
138 122
877 763
427 53
873 709
381 115
403 377
17 5
497 60
191 33
46 40
319 63
766 359
742 148
314 79
604 283
313 292
613 314
169 135
717 160
446 155
885 528
783 374
337 11
21 20
833 475
454 351
604 279
969 27
936 227
92 57
977 151
76 33
153 143
984 90
926 860
405 32
681 516
834 571
737 380
519 95
811 655
431 86
803 488
431 291
572 484
902 420
953 874
643 463
776 492
77 21
296 179
107 47
266 67
2 1
954 794
201 61
28 8
192 147
142 16
936 252
877 390
74 7
404 7
737 419
485 145
4 4
414 123
995 623
780 676
179 56
80 64
864 785
487 151
838 220
462 263
520 43
707 438
878 31
178 93
550 237
949 828
898 749
343 42
334 39
60 57
933 851
877 832
121 113
937 188
339 189
153 132
617 47
520 164
826 348
107 51
317 260
236 67
755 352
592 565
526 135
535 405
945 276
291 89
200 51
372 301
871 129
187 75
591 544
334 263
798 552
881 129
418 78
763 232
223 22
892 84
944 552
765 563
936 689
968 359
204 148
211 33
102 57
727 649
493 363
195 155
641 539
56 33
664 89
146 146
16 6
720 461
122 70
866 127
863 328
325 222
404 392
938 897
173 113
670 483
212 148
689 205
919 27
511 148
295 205
525 82
545 66
893 468
705 312
424 225
