100 46415
498 9
549 317
199 27
810 6
553 337
191 13
884 690
800 721
559 48
516 25
996 116
701 469
404 6
36 19
325 231
802 712
304 55
289 264
205 49
414 385
510 276
669 11
606 438
506 26
75 8
621 292
574 198
720 165
207 68
979 120
55 29
445 289
717 670
65 57
732 354
15 10
233 173
320 21
288 238
243 195
943 518
57 30
57 26
322 184
111 84
142 33
949 904
917 315
854 733
204 89
768 38
427 81
979 400
509 90
540 419
57 1
370 54
478 461
557 296
383 320
967 340
754 75
87 40
285 125
843 582
513 230
238 199
628 616
138 48
417 341
472 78
993 644
238 152
377 311
661 180
466 341
195 29
698 268
72 35
224 169
969 327
484 195
461 370
328 70
988 557
315 216
942 441
165 83
264 175
96 21
365 329
187 133
336 33
406 401
711 240
513 415
387 227
328 8
573 550
91 73
