125 62441
812 143
803 51
327 103
374 341
568 406
411 256
780 99
119 93
461 460
341 213
442 232
748 140
114 95
292 226
129 37
525 202
757 198
966 155
797 269
92 70
657 586
110 46
248 118
133 11
800 768
604 76
587 25
955 266
398 239
534 44
992 390
944 243
763 634
760 592
64 11
482 17
180 166
614 177
923 675
268 166
61 51
934 68
699 587
419 285
569 70
618 134
113 24
123 86
249 210
771 72
536 100
944 277
372 331
831 750
293 236
123 13
958 804
402 370
591 360
138 46
364 122
802 700
61 18
521 245
212 91
399 201
982 71
188 101
726 610
29 4
235 212
973 425
268 103
935 473
62 54
237 136
61 22
723 654
748 258
105 67
504 191
599 288
97 85
809 211
705 518
819 44
287 124
46 14
72 72
861 313
309 25
164 90
751 400
848 26
19 13
935 12
22 18
261 54
940 879
724 357
457 66
159 28
475 128
761 326
592 564
674 515
992 61
614 70
772 599
278 169
870 188
573 530
283 165
7 3
214 103
853 307
101 6
246 158
455 103
666 468
909 902
590 388
433 3
720 700
725 212
