145 69207
297 250
192 39
190 100
349 199
671 155
907 428
765 504
42 2
974 624
210 144
250 25
32 19
327 137
565 105
636 161
450 13
189 38
999 495
820 316
30 27
284 224
994 524
292 33
180 123
901 545
333 166
510 32
653 619
752 687
316 32
433 171
654 42
29 11
586 456
204 59
953 418
324 323
554 372
263 96
983 654
894 545
184 40
696 197
235 122
177 149
377 135
665 349
985 583
283 248
675 48
832 413
592 32
971 362
388 19
56 28
419 388
480 42
402 185
190 36
341 132
615 256
346 66
712 588
530 233
124 19
676 152
592 240
374 137
225 78
423 168
587 586
776 723
106 31
214 88
865 589
326 266
830 72
8 2
955 58
188 104
420 339
474 441
615 263
249 23
278 6
713 324
76 18
953 601
648 633
123 16
600 485
444 206
231 191
588 436
593 511
71 12
383 337
656 119
518 212
392 206
451 288
729 282
147 114
275 264
202 157
753 131
663 65
797 682
268 231
652 336
484 229
729 212
200 32
748 380
725 713
576 497
570 173
621 348
88 37
761 365
373 17
844 722
69 31
665 28
501 292
790 87
140 127
880 704
282 174
661 528
592 538
662 54
601 508
588 119
465 62
211 207
302 3
96 91
199 128
469 248
90 65
476 65
573 561
667 1
139 38
