183 90981
423 86
810 326
437 287
745 345
252 95
163 45
446 79
718 684
115 55
589 64
790 274
38 20
605 418
470 305
505 390
185 60
327 34
235 2
457 7
889 240
840 824
408 280
180 4
175 149
486 25
636 59
763 629
800 182
271 156
492 160
986 206
974 463
443 213
282 133
734 165
42 33
542 22
603 60
928 861
351 320
34 1
417 226
997 637
637 196
126 60
305 225
849 476
482 433
650 14
710 316
504 29
831 547
257 31
404 343
248 1
740 209
655 562
869 768
143 15
946 386
337 315
393 245
465 236
576 253
993 856
67 37
406 139
688 456
336 333
998 122
466 392
126 1
671 271
188 13
41 24
462 20
627 395
857 657
375 39
420 47
97 80
604 7
24 8
113 83
25 21
750 183
284 177
613 523
453 425
513 170
800 274
477 275
357 277
705 188
355 176
515 301
562 48
563 196
387 99
564 303
400 283
203 134
436 142
29 28
391 74
975 426
59 41
640 270
462 332
761 266
400 323
107 43
858 835
531 124
550 165
722 603
164 55
102 11
966 140
340 130
739 145
179 173
861 714
349 337
768 155
146 114
502 370
891 141
722 445
744 95
288 212
596 364
637 495
302 172
33 20
364 313
705 170
933 472
117 106
23 13
984 686
718 692
289 244
714 673
201 67
661 518
143 21
766 530
429 272
974 56
908 357
255 29
297 262
565 330
991 689
46 13
819 169
26 6
783 706
204 130
842 529
670 378
983 807
781 349
577 186
61 55
508 254
911 317
168 120
288 97
63 38
63 47
266 67
816 71
880 21
492 285
852 134
615 517
776 587
465 403
263 114
675 241
5 3
