141 64938
802 359
935 709
12 5
128 28
612 67
848 257
908 522
673 108
391 106
110 72
43 7
109 30
77 73
783 317
10 5
57 29
657 369
390 386
277 79
848 36
749 598
107 95
194 45
445 390
153 1
568 536
992 424
762 721
499 498
822 759
799 505
314 288
615 418
593 204
102 60
935 574
726 357
266 136
593 328
880 413
135 73
276 103
352 260
158 12
563 102
640 82
16 2
913 910
466 203
175 136
707 470
255 26
151 104
230 70
846 67
216 163
551 43
36 5
667 193
409 77
387 126
394 349
612 403
213 112
633 564
538 242
56 39
437 122
124 108
563 400
650 84
708 414
39 20
215 194
473 472
652 536
822 69
864 851
464 237
924 631
852 520
667 9
20 19
267 192
71 66
270 57
975 162
23 14
978 495
628 511
498 292
352 316
52 42
697 591
309 94
246 131
191 182
455 39
387 214
62 30
459 57
353 248
193 165
518 20
943 547
707 280
853 714
122 53
531 243
449 11
286 24
989 824
765 66
32 24
499 49
85 15
753 695
210 7
441 309
669 603
508 469
941 636
340 331
66 51
628 39
402 175
760 179
486 441
728 182
708 238
407 351
594 427
14 4
883 470
155 43
133 105
116 95
153 93
840 625
125 27
779 375
