152 73959
86 70
106 33
995 697
846 796
189 141
709 477
801 105
412 151
486 140
552 282
673 168
510 215
733 572
441 317
200 199
347 44
89 84
672 535
45 18
949 456
139 80
238 34
518 153
465 103
292 30
723 134
78 47
900 625
97 56
297 214
847 76
709 625
769 154
310 152
766 481
762 425
684 184
404 350
368 218
589 558
530 263
729 526
125 121
551 185
354 216
827 294
926 696
926 286
133 4
830 346
552 472
113 90
583 560
758 727
977 770
138 78
785 459
829 288
239 146
710 93
205 132
413 349
847 832
629 551
248 59
129 68
687 364
65 38
802 660
482 387
578 164
122 43
320 45
848 331
889 629
649 444
257 66
278 198
30 19
631 131
166 145
234 185
106 2
305 185
884 41
711 457
560 101
981 629
706 372
180 46
84 66
145 96
77 58
951 515
252 178
477 86
417 252
81 40
938 161
163 31
181 106
432 5
882 578
210 151
429 132
445 91
862 520
993 195
995 983
396 206
422 106
14 11
216 172
808 211
631 478
798 708
756 599
330 300
666 216
39 19
76 15
651 144
157 39
910 622
807 212
980 620
237 54
466 242
475 69
271 124
824 434
378 11
783 407
736 733
425 103
864 498
828 322
270 128
339 225
786 367
135 43
99 89
31 27
297 55
306 155
442 260
555 394
357 200
398 20
135 45
239 215
258 136
