146 75191
699 111
52 50
577 533
409 134
433 239
989 317
978 910
460 411
292 130
889 800
326 160
954 604
914 909
512 354
583 451
691 307
616 492
594 193
571 64
326 212
709 21
471 31
92 58
242 164
166 18
312 292
82 27
836 614
64 31
671 302
732 261
459 416
343 7
993 954
284 17
837 442
544 325
763 109
638 101
271 63
795 174
408 309
685 414
437 268
677 582
368 15
148 64
848 634
189 62
841 351
782 546
386 354
659 105
219 12
590 375
371 5
628 558
697 144
742 508
825 303
336 235
8 1
816 717
85 55
398 226
398 116
115 115
399 352
681 38
591 70
679 362
627 12
661 226
639 70
971 649
172 94
902 722
205 191
722 170
814 283
858 312
709 434
671 310
879 782
80 47
349 38
485 68
210 136
94 31
844 362
869 493
598 80
212 64
641 102
630 10
426 104
686 491
654 63
114 66
223 58
872 531
911 889
236 121
677 143
912 633
802 41
397 105
509 40
252 211
709 449
486 61
3 3
644 482
852 785
610 215
295 134
904 284
189 156
125 119
412 102
112 83
674 80
334 214
540 345
916 891
411 328
234 151
95 39
369 298
882 697
529 373
251 30
929 892
906 511
446 32
1 1
10 8
255 12
260 171
34 24
565 534
127 14
710 381
656 203
910 260
117 103
