108 53891
765 519
871 727
577 357
595 429
106 14
708 524
227 91
987 90
262 66
538 23
200 9
462 370
399 275
153 35
56 45
132 73
725 403
106 45
315 18
921 718
823 542
617 121
14 14
927 455
942 796
4 4
41 13
323 33
309 3
58 25
714 369
570 69
479 236
25 8
920 220
222 138
25 12
879 833
2 1
54 35
26 21
824 571
567 295
983 958
952 617
706 424
493 343
907 667
156 96
2 2
376 5
631 259
233 194
858 37
129 19
845 341
729 462
220 53
248 28
536 368
607 303
168 136
846 556
600 599
645 556
435 408
361 290
449 318
134 115
488 275
921 606
66 1
654 375
970 909
61 50
42 4
680 434
299 254
539 227
200 35
386 151
775 156
80 49
457 78
814 328
581 330
267 102
761 740
412 64
564 508
972 838
924 99
903 140
817 201
805 13
660 573
183 115
849 633
538 525
868 242
693 49
148 69
806 753
160 6
968 603
148 71
742 262
970 823
