156 78413
993 182
134 53
755 670
777 209
245 104
109 75
673 226
694 242
713 167
653 202
228 91
369 244
695 197
990 432
785 408
159 14
832 741
419 364
25 9
415 136
215 108
45 16
500 65
175 66
486 217
470 460
645 390
109 103
824 579
145 2
541 143
719 678
553 37
728 564
123 58
787 192
396 315
874 761
557 202
418 272
707 285
316 236
340 277
407 384
785 269
770 500
931 142
411 37
408 33
269 63
626 581
613 107
101 23
789 565
89 41
339 165
951 679
825 156
122 81
861 506
942 854
602 366
88 84
779 568
987 823
154 111
373 165
558 386
148 47
227 197
910 212
191 35
903 10
190 31
631 103
764 580
755 369
867 382
871 839
289 84
38 8
994 804
635 270
766 196
438 163
913 344
804 2
950 227
779 363
829 271
185 175
157 23
31 26
748 544
227 71
130 130
898 591
77 61
152 117
110 85
520 127
33 6
939 532
308 160
393 11
580 42
496 147
517 179
192 175
527 180
15 2
246 96
52 21
152 150
793 225
269 29
439 258
207 54
494 173
599 89
174 57
154 44
860 77
560 253
348 78
144 132
906 59
467 15
799 377
655 227
708 551
238 25
433 296
209 74
438 156
975 943
676 473
903 571
768 127
507 245
448 19
243 110
275 263
321 259
378 288
467 225
914 270
540 448
420 56
939 819
946 156
230 48
647 573
575 73
7 1
646 32
