112 49078
622 268
871 789
762 745
773 121
141 91
97 97
57 40
68 60
370 36
215 128
573 331
220 112
221 162
805 31
643 563
503 44
333 24
794 630
996 620
973 366
508 99
283 146
246 14
139 29
179 97
655 598
111 68
226 55
191 107
858 13
377 209
42 9
632 209
453 140
806 494
137 129
102 40
129 52
49 17
711 418
503 168
431 8
85 32
678 658
28 25
660 351
426 297
130 25
485 484
686 321
138 103
599 528
916 497
40 30
107 55
668 182
869 374
281 225
169 74
415 79
144 50
554 158
985 242
464 245
30 7
465 144
737 473
27 24
61 23
404 155
480 241
491 407
162 117
742 303
482 436
177 156
449 231
410 183
666 614
293 45
631 370
801 644
790 708
50 41
146 38
465 220
573 51
292 211
424 408
70 26
33 32
434 211
399 220
206 155
139 1
973 920
471 77
254 53
434 199
780 240
729 334
843 832
301 149
1 1
966 648
502 350
206 167
705 528
362 11
792 184
911 651
986 360
