154 76770
926 425
767 184
74 53
821 129
387 280
952 293
794 536
602 461
839 806
290 132
683 518
325 222
800 16
57 30
496 132
210 184
112 43
604 299
440 85
144 2
568 486
837 19
143 101
869 789
234 199
365 94
373 219
48 25
50 37
664 207
380 29
174 142
292 271
453 283
113 45
445 95
10 9
804 513
697 27
660 77
289 245
380 169
213 68
148 51
785 672
821 355
334 269
824 760
689 201
167 143
711 175
75 37
878 81
59 35
174 160
885 184
530 480
163 151
417 237
610 2
242 227
603 315
701 183
625 80
960 592
375 118
620 372
876 461
767 216
49 48
809 152
994 417
415 213
470 216
607 300
447 192
992 592
898 371
398 375
854 20
231 29
433 392
404 103
667 179
728 478
457 386
101 85
155 153
375 206
705 575
814 351
624 138
827 812
888 433
377 165
437 136
217 75
364 131
140 4
1 1
430 424
328 239
44 20
608 259
101 30
102 60
883 865
158 25
920 743
915 868
472 14
221 58
800 772
982 327
99 31
793 356
193 88
920 188
780 238
11 1
555 130
919 53
596 312
123 43
466 97
836 807
305 261
581 533
78 73
690 592
642 200
642 517
807 129
835 699
780 750
112 89
562 65
755 574
125 76
380 263
318 136
315 55
82 61
453 312
889 665
859 365
272 151
159 123
888 244
729 427
330 227
552 366
268 204
805 490
