123 66605
985 508
942 358
603 386
411 101
386 135
304 31
417 338
407 399
730 165
534 111
654 589
498 236
629 543
160 100
667 236
220 10
838 485
152 107
649 246
412 408
364 11
931 15
521 171
284 105
406 331
735 124
860 829
17 8
946 665
808 636
849 236
822 315
712 326
657 143
690 554
233 98
878 39
412 3
332 304
475 47
900 716
773 274
805 731
718 557
979 40
870 127
62 20
903 481
400 27
933 819
924 716
384 163
815 216
324 98
973 391
388 132
438 408
970 878
858 649
66 39
757 448
429 298
328 55
270 254
944 424
853 273
729 577
980 154
5 3
76 71
147 133
789 406
620 310
688 542
213 194
987 848
186 19
964 154
149 17
908 255
673 601
129 73
147 104
362 292
222 128
174 86
840 229
762 558
496 376
277 133
693 407
569 300
972 365
149 93
554 485
396 39
741 478
979 713
728 535
754 727
450 424
83 18
335 131
704 632
329 264
57 34
301 121
69 26
405 34
82 55
668 236
460 230
347 131
300 192
298 139
775 68
426 68
20 4
389 185
936 532
552 169
168 168
798 652
