185 86663
874 10
651 211
17 15
797 213
772 739
747 692
656 555
836 333
251 121
111 97
658 209
860 240
382 255
678 272
405 34
30 12
54 21
802 544
568 81
290 271
940 196
474 472
706 674
216 9
272 91
253 150
383 268
241 14
785 213
141 37
428 189
745 25
57 19
734 224
696 469
445 223
417 287
507 208
361 33
101 54
612 50
906 557
188 112
36 8
555 413
268 209
413 368
650 77
687 319
542 171
513 191
337 9
957 703
493 99
264 118
285 245
932 704
467 226
583 332
965 632
727 41
524 114
951 790
616 560
202 143
355 226
604 371
95 92
320 66
796 557
493 312
235 21
30 1
346 102
479 341
270 4
385 212
221 18
77 71
326 209
729 486
513 30
236 101
431 154
401 172
806 581
373 196
9 8
644 526
691 461
370 69
420 97
567 81
145 16
66 31
545 140
633 108
225 42
461 136
18 17
949 838
636 382
178 132
544 412
228 150
888 276
72 13
135 4
229 93
261 193
438 45
58 39
141 67
592 465
158 102
721 278
876 17
141 24
682 598
577 395
45 25
236 106
106 53
886 763
617 495
853 592
949 297
190 51
453 394
432 187
926 316
238 137
367 306
477 40
959 145
142 27
367 320
185 94
344 255
418 386
563 230
221 208
458 298
517 80
922 598
284 102
859 641
819 817
364 306
190 82
839 720
487 131
554 263
262 31
23 3
956 312
727 50
585 48
827 118
152 114
907 679
747 97
801 67
469 123
181 57
392 369
705 644
928 95
392 109
73 5
979 607
110 49
103 18
116 114
342 51
694 629
361 179
343 191
999 710
241 96
846 44
51 45
865 444
214 110
171 62
