180 93199
414 334
790 94
855 524
525 329
526 268
515 98
669 421
923 754
790 615
455 276
369 228
850 48
452 210
228 56
542 142
556 149
697 166
11 8
498 465
205 37
994 430
482 411
329 126
545 209
75 46
265 206
716 206
203 99
53 15
3 2
399 285
1 1
393 187
441 312
814 431
11 4
440 242
482 408
652 408
106 103
558 185
810 764
200 3
158 10
992 602
711 208
837 312
586 422
636 634
123 112
832 659
17 8
557 479
822 373
112 24
966 620
235 176
606 73
80 5
379 361
458 214
59 7
920 428
979 187
856 322
739 678
564 307
786 256
534 421
826 702
294 11
121 2
693 542
609 513
950 157
477 408
844 751
319 107
207 18
948 625
848 416
111 103
447 257
42 20
866 705
947 772
377 262
200 182
771 229
953 139
141 60
793 428
768 260
762 697
994 98
183 100
662 65
938 443
449 26
170 77
353 196
934 675
265 192
356 31
892 74
846 368
968 425
816 162
541 525
117 111
537 201
975 734
231 59
379 202
318 118
150 149
424 298
447 361
515 475
728 247
958 937
780 208
164 21
73 38
734 534
70 29
470 166
934 394
179 28
563 242
81 51
71 37
997 682
261 44
895 622
729 335
692 612
278 234
958 25
452 125
32 22
382 49
364 328
380 213
70 47
189 16
291 24
557 239
849 815
354 84
793 71
870 244
730 330
654 183
761 175
245 238
661 203
160 6
479 11
334 21
925 160
282 104
585 371
253 181
939 737
449 126
971 782
767 689
305 203
671 222
230 196
738 406
257 147
919 852
843 499
103 31
701 395
646 613
228 50
4 4
