191 88293
469 408
879 14
39 33
172 108
77 77
593 79
236 161
623 620
34 33
991 349
503 185
236 95
369 351
924 321
129 106
112 51
879 556
20 6
51 33
553 233
951 387
767 60
164 119
119 42
938 113
906 65
544 206
180 24
634 388
666 650
432 68
248 73
932 591
664 612
74 61
884 512
512 55
432 196
478 284
573 252
878 620
813 80
344 168
588 285
925 35
656 279
677 282
495 297
595 188
628 515
594 524
604 214
146 116
949 32
322 282
987 726
380 341
636 240
57 15
274 163
633 199
165 43
700 396
839 828
815 694
257 219
975 732
304 94
557 516
37 11
335 216
746 371
474 302
12 10
205 54
769 278
61 10
874 352
110 92
104 28
688 659
183 24
906 404
843 445
947 343
184 22
529 113
364 231
342 51
625 42
302 227
393 58
316 181
250 119
3 2
465 404
405 253
668 301
260 118
423 344
373 15
92 43
266 64
625 514
189 115
948 682
484 142
466 7
584 558
783 394
765 591
124 101
10 4
422 32
578 371
49 16
165 158
86 1
85 33
993 197
682 400
125 62
66 61
198 29
171 70
118 60
459 282
29 10
753 91
486 362
976 545
481 231
13 11
622 209
388 275
895 192
258 80
117 77
256 66
407 329
492 352
263 150
64 23
443 281
828 609
783 630
276 203
678 378
12 3
278 132
46 32
747 501
805 503
38 32
501 36
883 611
509 110
23 15
388 207
363 240
262 42
425 136
478 421
547 545
99 50
846 748
508 147
57 37
306 165
687 231
241 110
708 225
768 492
642 239
795 204
775 389
931 744
89 2
417 334
928 697
559 210
250 179
899 517
3 3
503 389
319 282
958 854
17 17
240 223
980 638
445 250
