134 69436
767 634
267 84
603 124
409 377
50 30
340 110
751 4
926 443
78 64
602 484
516 175
371 366
617 137
842 17
962 852
230 172
369 156
494 178
55 36
150 10
562 257
982 822
543 185
922 374
998 305
16 11
550 199
509 77
446 288
265 118
440 368
281 166
203 165
473 4
345 69
958 212
669 380
552 179
887 539
408 13
539 427
80 39
789 613
991 914
752 596
913 23
116 46
521 2
984 946
943 922
706 13
53 43
889 806
507 210
295 139
843 294
378 345
932 15
160 7
645 175
225 225
551 28
726 259
212 114
578 132
763 639
530 40
343 307
31 24
727 592
132 112
936 716
308 247
497 224
832 61
826 427
909 554
264 100
693 143
129 129
104 19
93 53
442 397
438 414
498 1
247 147
928 260
696 259
8 3
857 742
502 130
949 241
940 378
412 366
317 119
44 19
471 128
656 149
200 62
410 128
729 267
503 251
360 75
955 420
156 22
435 95
442 19
664 277
245 233
217 171
399 318
633 581
113 24
359 220
309 153
956 417
351 30
494 166
265 9
565 465
892 203
958 36
996 566
453 427
417 374
790 395
619 228
572 27
451 259
845 757
177 109
546 355
343 264
358 245
