102 47864
237 198
989 855
431 309
319 171
834 812
724 600
171 109
309 261
995 253
829 345
527 139
861 437
156 126
456 247
610 253
809 363
526 35
367 103
731 407
484 278
345 47
136 80
148 94
902 189
94 16
493 465
308 86
265 16
311 222
55 25
150 84
735 469
482 308
612 364
367 273
268 168
55 25
517 238
716 687
35 15
475 394
42 31
307 191
477 220
485 30
658 640
723 721
893 29
342 66
359 154
904 626
712 307
162 84
170 14
44 29
25 17
770 271
509 103
771 210
86 7
779 452
481 407
323 37
176 63
552 60
210 164
821 717
251 25
539 366
897 206
80 21
905 129
542 221
356 224
500 474
778 608
595 577
315 20
170 134
495 147
691 324
375 283
907 475
848 535
50 42
338 175
161 66
173 30
362 16
526 463
452 8
186 146
754 245
607 575
151 68
795 780
391 103
951 211
83 56
889 301
696 627
439 399
