160 83675
334 201
160 59
90 34
214 176
703 49
788 750
250 145
195 148
398 287
566 432
659 644
70 38
564 445
661 206
3 3
94 57
550 543
239 66
597 163
930 552
155 86
103 92
432 1
862 316
956 235
284 151
723 566
867 586
723 66
600 416
965 125
242 200
60 44
861 480
478 399
786 498
137 129
319 287
915 267
799 73
67 7
218 86
587 365
602 6
915 527
768 632
533 33
269 221
136 128
873 560
473 418
171 108
769 75
981 706
428 302
771 396
707 704
648 601
874 794
24 18
603 587
645 91
441 128
197 30
53 43
789 623
851 821
1 1
705 344
367 280
804 636
129 109
969 479
817 626
60 25
348 348
473 416
169 6
166 52
766 215
98 74
469 384
402 154
730 698
519 105
592 328
193 1
372 267
751 401
734 178
549 410
682 296
397 364
955 919
347 185
507 406
930 86
969 797
776 107
687 28
473 456
448 192
530 300
377 161
475 469
816 214
814 782
888 31
863 282
166 85
998 683
410 379
190 45
726 401
988 534
42 13
548 400
929 746
845 442
667 364
819 546
774 174
896 239
920 764
9 4
998 534
348 250
107 4
811 20
382 123
522 120
612 254
689 599
539 413
393 27
56 39
596 552
579 452
706 472
627 2
103 41
193 22
356 289
113 26
135 127
223 129
480 269
498 376
604 95
910 698
369 368
663 258
926 672
217 6
932 609
39 19
696 169
689 37
482 285
312 171
