166 80222
25 4
701 305
832 327
620 157
25 8
304 239
285 202
892 531
846 321
521 351
376 331
605 269
365 158
218 60
171 107
365 92
933 9
46 3
436 266
490 396
231 45
166 152
696 476
847 558
373 68
290 132
609 215
813 181
53 7
390 300
243 20
410 184
592 431
337 190
412 45
987 202
897 602
649 407
367 26
175 29
494 40
34 26
970 776
383 254
74 63
713 319
547 317
414 83
955 803
221 39
232 118
468 34
758 576
827 584
381 293
260 108
335 270
497 417
835 809
842 753
205 62
314 263
16 16
43 33
314 149
27 13
246 205
771 707
607 498
999 857
907 623
334 153
378 77
530 322
180 79
642 372
449 279
274 115
543 543
553 109
852 541
519 137
234 167
418 227
198 2
517 14
75 6
891 212
535 96
170 133
661 341
462 217
931 616
677 205
89 10
772 649
711 355
929 262
741 475
768 179
76 44
860 731
854 557
155 128
136 103
703 73
241 14
13 6
464 200
199 191
995 553
217 107
899 430
205 196
389 193
58 46
679 514
454 373
592 436
606 294
507 399
183 9
734 531
577 525
759 578
210 21
403 151
630 552
476 209
623 409
909 754
437 161
117 102
981 736
82 26
135 133
697 223
387 202
672 554
496 428
494 162
36 34
715 295
339 180
412 326
433 9
467 245
203 98
997 835
587 54
590 563
601 208
415 32
239 8
697 111
377 374
511 202
392 233
598 198
365 137
639 268
561 333
928 385
677 52
680 213
143 23
