195 101677
842 822
83 42
817 59
879 715
677 290
521 262
764 136
378 276
886 576
73 1
750 505
652 420
323 73
570 402
561 165
126 28
551 122
120 78
837 440
729 596
373 362
606 367
128 103
657 634
136 70
80 15
783 75
386 43
426 270
692 562
3 3
749 260
70 34
337 193
436 268
707 424
928 576
937 679
899 656
62 40
712 417
440 371
313 27
255 220
159 128
918 498
406 217
163 26
24 24
670 15
627 578
560 332
993 590
381 65
859 857
402 348
66 35
317 33
761 548
267 110
132 89
771 201
975 348
619 468
911 670
272 81
919 494
954 113
304 275
223 104
966 915
442 9
110 104
456 224
770 569
90 59
750 387
763 727
475 135
613 40
875 873
246 80
597 457
100 25
411 91
24 13
511 193
885 473
995 224
732 544
468 278
470 218
829 621
218 75
950 878
959 564
739 335
793 706
59 23
732 718
232 24
659 209
71 57
160 127
910 675
550 99
725 236
165 1
115 27
148 81
678 242
46 37
575 407
523 119
619 468
737 177
556 131
266 62
467 166
124 110
133 104
577 369
884 422
160 90
92 82
33 14
901 232
982 687
998 576
939 336
58 29
330 205
148 37
532 96
319 75
969 940
38 7
995 207
754 717
776 5
363 191
953 910
965 656
345 281
414 85
842 645
486 262
38 36
86 21
96 4
573 254
423 298
457 378
911 411
318 111
188 164
877 807
351 238
294 136
933 795
625 106
260 10
671 538
822 410
994 828
748 103
812 634
172 162
965 561
848 152
834 624
293 105
405 203
283 74
999 502
884 632
875 478
993 466
258 17
369 74
118 68
111 19
885 374
241 54
567 264
337 132
470 129
122 91
479 472
573 509
840 33
468 261
417 409
155 91
991 772
