151 78010
35 17
182 32
454 392
969 725
492 443
620 282
616 482
798 786
832 546
561 135
851 453
613 216
272 197
554 264
985 107
260 140
538 537
422 204
528 422
283 138
691 580
349 143
29 7
937 677
459 303
317 185
702 389
773 77
927 251
865 3
795 328
916 823
19 10
158 71
975 609
751 196
275 4
897 160
444 94
773 344
372 237
558 133
319 232
864 700
455 30
583 204
50 48
215 145
839 350
271 220
741 333
354 290
686 224
637 60
669 616
162 110
78 71
674 559
920 194
307 113
623 170
773 583
530 130
191 98
17 3
607 312
439 331
676 370
494 198
121 82
972 928
807 714
719 592
239 133
933 492
117 95
437 426
379 2
598 134
280 94
354 333
413 337
988 637
445 285
162 156
176 127
391 197
115 45
991 216
143 78
148 140
67 1
284 128
742 609
111 7
992 685
711 437
249 195
386 95
959 768
591 263
390 47
821 558
507 157
921 188
731 161
109 16
503 426
843 619
253 108
789 646
434 194
645 235
880 537
978 724
90 27
201 88
309 144
230 43
323 214
443 426
393 11
153 82
460 275
298 237
489 117
389 186
472 197
33 2
449 35
544 530
485 244
769 440
14 3
565 376
561 28
758 358
218 152
596 431
792 461
782 286
629 608
133 130
698 25
972 71
831 339
716 425
537 126
688 103
864 144
280 20
