128 62476
724 429
532 46
660 261
559 537
942 340
655 87
955 144
760 490
76 58
807 187
248 141
858 380
457 281
754 660
407 117
435 22
439 245
165 108
258 151
489 138
598 219
32 9
980 957
230 20
301 216
170 53
453 127
163 25
118 25
495 31
879 73
662 614
800 56
840 404
167 109
297 64
247 185
891 121
310 289
484 286
789 25
977 333
871 808
244 227
565 124
153 56
748 436
230 45
269 100
324 15
489 159
933 495
156 155
550 170
464 69
429 66
362 207
564 483
128 111
781 300
348 322
415 51
912 594
59 53
383 210
767 601
590 44
908 161
918 349
955 424
328 121
793 351
8 8
123 107
879 519
311 123
59 43
75 44
682 118
805 469
291 246
315 142
691 612
379 297
799 421
32 26
696 656
129 111
206 14
870 715
485 213
836 698
209 82
253 88
609 606
300 32
450 62
764 246
11 3
426 317
773 223
281 128
45 18
890 733
444 390
801 636
507 282
393 29
25 11
529 347
962 368
162 104
278 235
631 155
489 425
448 30
133 43
632 138
641 189
373 94
780 739
130 10
401 217
888 642
499 332
641 61
175 158
132 131
