170 79637
529 352
788 45
125 28
861 452
634 544
349 183
655 558
66 35
104 69
524 377
275 232
880 585
738 398
979 687
239 127
130 6
916 442
288 56
808 670
691 557
289 111
381 134
314 252
653 598
647 496
643 69
541 323
437 213
170 116
150 14
538 497
708 369
229 226
915 130
302 13
588 239
154 76
534 368
295 192
653 582
492 121
861 668
826 592
893 702
541 490
543 185
827 536
554 322
23 5
43 20
247 197
16 6
177 125
896 840
220 108
609 112
449 89
272 60
589 15
406 142
218 144
147 11
682 611
712 290
370 187
482 211
340 72
401 113
849 645
68 24
101 97
755 552
601 553
496 160
545 482
376 79
912 416
856 542
613 300
591 336
193 127
292 141
79 60
819 205
117 85
296 101
28 2
3 2
829 479
438 103
124 39
114 39
288 210
243 159
680 477
714 102
27 17
588 184
204 113
587 185
782 516
180 95
300 205
689 360
697 243
253 203
639 111
477 461
892 31
2 1
360 186
15 1
189 189
521 202
734 586
885 9
871 14
838 359
832 634
333 43
371 208
771 661
803 332
986 17
451 295
537 209
299 273
693 692
294 55
140 55
330 230
600 590
355 127
529 159
628 475
977 949
861 381
632 186
268 21
301 6
816 58
191 118
46 40
224 196
201 47
187 91
668 647
998 952
654 355
325 14
133 79
237 150
225 96
445 154
895 58
715 194
43 23
732 146
190 41
558 467
694 357
21 6
98 74
590 214
494 21
71 49
406 400
315 252
781 164
386 71
