149 74758
71 60
769 313
10 9
388 74
271 226
385 36
516 496
935 122
891 221
75 49
473 182
545 496
438 247
149 73
505 389
535 428
895 385
971 24
368 41
342 156
640 236
20 17
35 25
763 441
580 49
265 148
29 15
966 229
845 658
242 186
432 29
939 492
677 434
494 26
982 481
41 22
414 175
586 58
901 247
80 47
905 274
583 142
889 212
602 517
771 143
855 651
486 224
445 270
268 54
32 26
232 70
85 72
771 33
905 635
301 251
90 38
421 368
449 67
76 6
342 179
778 477
279 178
859 494
4 2
390 229
754 417
763 87
759 501
749 322
899 898
275 163
613 414
829 359
284 53
403 260
738 293
507 213
68 50
380 61
138 14
742 684
805 86
214 203
174 96
168 84
546 408
752 642
663 335
582 445
864 327
837 276
766 224
493 193
19 7
996 482
905 32
931 824
587 420
344 100
893 781
812 656
83 19
806 132
932 87
753 13
812 649
573 401
580 163
549 377
35 20
204 9
815 715
652 373
205 93
657 184
933 547
151 65
114 37
642 436
674 256
297 197
67 61
134 65
142 113
991 110
374 259
410 181
393 33
806 460
608 121
259 230
79 63
956 237
890 339
757 14
29 21
505 499
141 66
346 156
344 34
214 100
115 40
606 537
292 285
284 111
782 497
588 262
299 106
346 204
