109 57240
273 128
866 491
13 10
745 129
845 330
112 48
618 508
193 160
447 251
149 106
978 734
832 525
128 99
948 30
447 238
820 86
374 64
254 179
780 679
941 279
722 98
811 371
189 120
801 424
678 547
470 164
803 445
690 503
45 26
113 20
639 339
956 232
526 480
858 385
729 673
402 274
145 9
591 430
488 123
997 8
427 135
100 68
906 295
950 429
37 31
97 22
158 120
402 103
643 45
491 363
164 154
845 709
934 280
576 465
43 27
234 67
598 171
10 10
542 2
672 316
64 33
202 78
93 27
648 62
73 47
398 55
279 99
876 5
984 305
520 14
276 220
998 276
429 149
939 477
536 269
5 5
548 481
661 42
88 77
478 247
660 287
37 21
649 398
727 151
7 2
815 602
388 232
739 655
788 405
673 418
462 362
440 433
761 365
27 26
644 379
846 27
798 308
292 107
646 131
855 339
151 87
328 74
966 494
860 679
432 109
823 144
747 652
452 349
886 386
