106 49429
201 174
809 538
983 234
563 82
522 280
25 19
547 485
604 46
18 8
552 344
186 131
428 357
682 416
998 578
60 47
218 100
880 607
831 181
243 125
786 432
743 536
909 300
532 406
841 580
539 64
110 48
612 527
93 44
702 295
429 63
392 201
379 221
148 52
104 13
377 336
346 301
173 154
480 257
536 434
681 644
4 2
743 200
380 111
443 238
296 112
554 463
168 134
586 132
309 116
288 200
760 679
493 141
205 71
6 3
496 170
476 267
958 368
398 64
889 334
432 144
258 49
538 146
314 67
82 63
445 120
283 224
120 115
308 192
183 77
490 197
572 458
344 232
739 484
685 379
451 149
61 50
661 36
268 27
123 24
460 121
878 877
806 736
713 107
816 79
949 413
185 60
164 103
151 142
931 748
779 125
147 95
693 453
310 93
195 90
947 616
281 276
986 861
132 53
508 350
48 31
913 100
66 2
95 54
542 175
902 772
760 566
