124 66829
703 64
928 316
588 447
988 608
41 41
394 384
31 5
946 180
592 103
882 256
338 219
282 38
562 378
945 834
658 646
823 23
600 133
785 270
727 446
362 210
836 78
496 166
206 42
91 42
646 89
296 17
935 238
989 527
21 18
947 694
77 24
84 5
181 151
717 452
784 358
606 413
596 48
135 6
234 189
511 201
611 397
664 599
816 590
484 343
810 472
278 234
872 662
822 449
21 14
140 18
646 573
662 196
151 9
599 375
794 634
400 66
602 557
83 43
155 124
303 182
318 102
446 15
415 51
269 227
894 185
596 51
975 946
578 477
882 842
982 951
956 160
308 149
19 16
580 253
408 61
155 69
586 190
474 321
280 91
557 145
795 250
328 14
78 36
299 248
976 220
893 506
967 144
937 454
581 327
639 298
758 465
644 388
602 345
819 139
310 132
796 106
642 137
417 55
532 261
172 29
680 275
940 765
695 192
783 184
878 273
503 334
901 898
251 191
518 328
669 210
48 43
25 9
203 123
402 258
201 200
889 729
4 2
991 318
981 938
320 234
194 42
378 261
682 114
353 184
