139 68736
40 38
469 414
860 623
313 201
5 5
47 33
391 280
909 43
194 140
899 564
907 344
48 38
268 28
455 347
141 67
232 197
336 91
813 406
536 446
350 59
221 219
934 247
801 401
719 120
862 672
15 11
214 124
159 3
748 375
959 392
923 414
700 269
209 52
503 242
578 523
408 384
618 40
735 325
444 238
185 174
429 84
351 299
947 540
857 565
452 213
586 557
292 122
638 74
497 423
515 30
680 507
268 209
847 455
817 436
756 117
880 446
596 233
790 297
969 614
45 20
980 188
611 279
221 52
591 34
29 27
694 152
230 111
1 1
339 327
176 56
354 127
459 47
162 112
642 87
126 6
624 521
55 38
709 64
873 851
343 118
808 267
147 45
714 401
937 244
372 199
217 108
109 105
540 24
505 323
973 160
263 37
622 117
143 122
274 99
633 457
568 292
918 16
932 844
329 78
800 248
462 384
580 28
683 628
106 75
676 26
307 130
622 88
652 241
884 435
836 66
256 134
992 651
217 106
331 276
74 51
812 618
645 245
342 341
671 236
393 132
877 732
137 107
258 158
655 437
263 186
272 221
856 151
990 837
320 158
11 7
331 301
862 242
289 84
8 7
344 126
345 30
70 58
185 97
738 18
