172 78727
468 291
697 340
703 664
222 6
99 74
947 640
602 252
308 65
714 588
331 123
193 114
132 49
996 422
473 120
490 78
758 259
946 316
935 160
141 76
32 18
587 480
811 726
623 572
550 334
429 142
175 51
203 151
144 7
440 57
354 279
686 466
233 207
192 182
380 175
14 13
443 127
729 332
75 55
612 173
418 107
10 6
325 45
343 102
140 129
427 202
905 578
429 198
537 495
176 45
395 84
247 35
603 277
156 51
769 64
161 139
54 28
612 160
183 28
291 159
740 614
19 4
972 909
525 138
795 525
604 256
32 16
985 783
98 63
391 390
240 153
884 100
615 186
39 24
577 302
648 600
429 381
457 74
644 376
736 721
882 172
217 90
440 402
467 434
176 21
598 199
732 625
675 668
74 47
79 74
174 160
192 80
792 8
11 3
70 69
43 3
849 336
30 2
865 549
202 172
460 224
810 194
649 255
554 422
347 202
95 72
777 491
83 56
497 252
124 24
206 13
744 680
383 378
256 22
179 48
150 25
400 269
882 870
265 252
434 50
620 418
375 255
431 408
709 33
282 58
211 108
244 87
982 99
477 397
32 28
627 159
751 286
63 11
376 363
819 551
194 51
612 1
962 262
728 302
738 628
291 194
375 96
224 94
757 338
973 971
72 48
973 382
827 537
779 586
424 343
833 345
463 460
300 241
942 375
596 323
206 134
98 2
969 839
390 65
597 324
181 134
636 518
395 260
142 86
495 398
704 225
582 356
308 205
716 454
440 158
484 265
963 303
17 16
