157 77418
229 166
256 48
152 126
910 92
728 119
449 335
292 98
659 209
112 57
141 33
89 74
625 494
362 246
526 413
151 101
625 4
70 66
528 99
763 96
888 822
641 433
381 162
515 384
283 59
531 6
626 485
898 123
501 453
370 149
259 255
878 571
919 387
835 315
381 98
358 17
328 15
14 5
444 318
299 73
989 795
745 718
652 242
589 304
543 38
909 592
786 91
382 114
11 4
826 275
251 122
335 314
150 29
306 68
132 38
318 109
615 331
850 502
792 80
574 254
970 879
863 382
819 723
480 295
776 594
651 440
875 365
758 633
245 234
76 25
75 41
763 138
441 316
946 53
554 139
214 198
453 150
640 573
3 1
24 19
156 34
345 66
363 157
284 76
865 422
973 391
461 395
973 449
107 57
953 679
199 110
844 233
439 397
208 121
714 391
247 236
408 318
337 302
692 488
746 473
954 141
664 459
941 100
804 661
669 381
758 483
646 430
221 176
121 1
904 844
868 447
908 710
103 94
773 190
649 638
165 106
287 177
766 86
640 420
885 152
238 154
609 220
156 96
818 799
69 52
783 675
293 229
149 58
428 290
797 690
371 235
271 14
219 67
44 37
42 7
262 98
862 326
598 312
358 200
174 174
200 19
142 141
177 1
397 91
415 306
293 285
647 310
340 118
450 120
886 566
755 351
454 108
352 255
73 72
491 243
833 1
414 88
120 89
