104 43849
493 218
873 590
748 693
168 54
728 21
497 275
70 1
187 27
600 324
335 200
740 369
51 35
841 166
121 116
354 122
760 518
936 799
683 676
799 113
259 18
365 33
155 36
329 305
332 99
385 288
165 155
485 7
829 499
58 4
891 761
587 568
141 130
710 121
288 161
299 153
740 736
101 91
629 78
525 353
120 60
906 63
694 647
311 106
169 112
292 189
498 317
26 12
69 12
532 464
638 71
605 326
781 112
707 316
180 180
209 172
778 561
421 109
613 228
546 321
670 177
37 3
795 492
497 452
405 97
49 44
924 663
273 272
171 100
508 164
451 364
29 3
317 248
300 171
199 114
350 11
240 112
235 142
487 432
115 2
160 89
543 210
679 194
196 127
313 158
160 103
169 146
405 160
649 628
330 28
106 40
556 13
362 168
840 85
349 182
345 59
143 6
284 269
887 458
17 14
46 16
371 370
351 133
792 595
391 190
