130 67013
668 120
817 150
654 433
76 2
594 299
981 545
613 199
817 619
509 61
256 74
309 205
478 114
214 99
422 40
846 590
378 46
401 330
900 532
357 265
24 11
88 7
368 215
255 203
947 619
414 200
921 816
77 61
394 259
181 120
738 92
510 351
288 239
907 610
791 663
41 27
920 401
809 595
490 473
592 418
475 94
998 258
172 148
166 45
189 61
267 212
829 331
734 464
765 450
433 386
268 236
664 625
251 150
384 19
43 11
617 218
194 161
40 6
674 176
974 831
659 309
702 680
735 3
597 416
689 400
392 178
309 105
770 131
524 320
68 8
706 133
467 249
889 341
914 561
122 47
910 780
76 38
428 394
781 267
554 491
103 47
587 141
738 105
155 56
573 347
382 138
411 386
272 110
678 480
823 120
443 152
456 133
943 25
288 9
788 358
951 737
792 247
685 137
233 136
980 765
692 624
23 19
159 154
497 108
42 18
869 734
467 267
405 185
236 26
894 833
46 22
883 635
194 127
877 803
334 179
626 200
584 432
220 216
68 35
644 612
639 154
595 432
389 331
737 103
780 639
740 10
823 656
841 823
374 175
33 31
546 514
