159 81076
236 5
318 39
66 65
353 134
800 366
30 18
638 42
725 276
301 27
192 36
313 210
966 347
866 343
386 251
830 808
801 272
226 207
351 305
198 58
523 145
355 355
897 307
55 10
786 305
417 387
883 678
375 241
699 189
905 348
936 521
992 566
659 68
954 904
450 106
948 356
419 379
346 153
851 652
545 231
750 105
776 444
636 506
963 481
461 48
868 855
89 84
15 7
628 326
411 333
791 588
348 136
299 259
218 132
121 101
535 518
37 30
108 73
929 559
500 400
132 77
258 149
100 40
827 712
763 179
452 18
123 49
685 157
280 150
454 54
71 61
446 248
422 21
500 263
57 57
471 25
256 69
430 205
429 206
934 330
693 558
948 392
116 4
770 8
466 401
151 36
765 601
17 4
601 14
600 386
876 244
759 505
836 290
831 262
943 879
536 310
979 21
980 555
24 4
163 5
728 259
205 181
539 329
454 90
266 98
142 136
3 3
896 824
350 69
390 55
468 113
675 118
470 280
813 63
632 563
296 99
800 189
654 208
779 565
774 539
764 227
86 8
420 125
373 224
297 19
12 1
957 71
878 549
473 177
877 386
938 583
930 764
659 140
185 19
265 40
551 242
584 208
93 78
613 448
692 519
181 175
145 133
881 92
716 175
342 107
172 146
543 527
476 454
773 597
131 35
177 54
588 402
121 18
241 4
745 605
346 2
103 76
515 348
942 225
738 491
