121 60576
478 268
42 21
669 578
36 27
722 488
463 94
289 98
280 180
365 133
149 1
71 58
113 75
911 79
62 7
760 386
482 413
744 562
256 93
899 546
226 195
170 5
581 24
522 208
274 102
781 515
943 553
34 7
979 531
720 593
675 492
483 124
66 43
827 208
351 195
295 294
615 262
814 307
343 36
584 23
603 500
581 289
325 185
997 187
824 286
202 176
503 78
767 440
823 665
792 114
54 40
901 76
973 960
796 410
137 47
166 152
54 28
666 378
679 272
553 543
506 257
654 636
859 539
417 234
596 274
492 287
862 508
744 470
929 88
902 531
398 258
114 94
970 57
720 615
338 36
559 56
612 439
585 377
214 40
584 573
649 506
276 54
430 181
320 40
943 619
358 170
573 532
598 51
76 55
951 852
263 110
69 14
936 868
731 23
163 28
604 521
386 159
158 119
283 74
70 43
321 61
438 252
869 612
40 22
765 186
787 720
491 25
773 34
815 421
307 72
402 81
420 136
185 60
301 84
697 693
174 143
589 418
424 158
432 108
442 175
258 140
283 111
