117 56009
249 4
729 125
492 193
257 230
190 137
524 294
285 180
213 189
160 128
665 242
719 508
83 38
156 136
30 23
504 178
787 787
225 65
659 490
745 215
928 248
101 64
537 127
165 60
254 210
275 192
502 458
577 250
984 62
969 531
390 98
218 149
506 437
532 185
590 426
490 489
927 827
503 332
817 21
241 9
743 179
277 35
579 259
407 395
876 741
383 263
426 95
119 99
137 1
147 123
274 143
257 118
154 129
241 12
294 166
394 26
6 4
940 487
595 479
697 365
453 292
522 106
971 257
944 840
832 467
663 200
950 815
521 445
129 128
570 341
546 431
777 754
595 82
606 250
263 75
586 61
118 21
621 590
796 612
258 59
29 26
58 6
5 5
646 18
926 921
541 433
243 47
61 2
986 603
893 672
885 686
10 9
906 787
900 492
321 9
278 167
151 40
919 568
929 411
635 515
139 106
678 34
301 107
466 104
141 25
421 41
325 168
921 657
251 145
908 703
872 317
623 166
522 471
36 30
598 46
125 61
72 46
442 273
