155 76639
402 84
959 19
833 370
360 79
118 89
699 698
59 56
847 527
105 84
12 6
908 321
329 316
359 225
769 572
494 494
498 311
733 598
263 209
330 233
165 153
366 3
336 245
476 166
341 211
772 647
227 218
310 90
822 622
247 120
900 877
605 155
773 575
675 339
470 407
951 471
703 92
993 793
11 5
153 152
6 4
430 376
288 159
476 327
943 621
967 391
500 251
883 731
445 343
508 66
305 202
281 194
36 27
949 340
148 34
154 18
849 167
748 442
682 546
72 61
660 568
172 153
874 383
417 245
658 199
727 498
832 777
767 389
156 39
393 287
271 207
489 418
595 585
553 265
657 399
321 176
277 197
527 385
468 215
529 528
336 181
523 103
308 128
95 14
456 326
694 107
549 473
922 458
214 69
543 43
307 8
559 348
213 193
253 48
115 46
684 632
363 16
908 433
575 305
787 779
245 165
345 82
482 160
875 282
841 720
741 342
348 302
717 667
565 22
79 52
806 589
170 124
216 22
994 512
54 42
562 367
162 144
758 455
98 44
332 179
173 54
990 161
389 147
198 124
888 471
387 30
527 522
483 370
734 65
421 93
391 174
44 21
726 212
409 10
775 10
584 305
420 196
290 258
868 638
87 30
916 277
312 200
294 46
293 56
216 30
848 255
932 225
224 27
36 10
234 143
863 400
754 265
736 642
658 101
446 358
912 346
