198 95259
865 288
414 204
283 269
544 266
677 313
236 81
91 79
936 521
318 40
451 266
762 607
330 272
233 145
581 327
871 790
114 95
736 325
982 768
133 63
887 65
730 594
406 256
864 172
32 5
23 2
326 5
926 455
638 323
130 31
699 505
299 189
508 422
269 96
931 845
489 172
704 688
356 242
798 557
557 551
487 349
616 91
928 508
437 219
386 252
614 443
326 298
177 68
336 56
386 102
301 267
815 197
117 78
313 248
183 40
797 439
955 424
911 627
541 521
974 757
531 95
565 325
340 215
979 97
574 266
206 76
215 90
455 209
245 143
800 106
968 839
210 183
559 287
12 1
226 117
277 163
363 178
166 55
191 76
783 495
684 174
79 75
548 538
125 45
780 570
283 77
335 181
42 39
727 123
257 23
416 328
806 734
868 819
273 236
502 97
705 100
958 658
594 409
673 176
391 242
286 199
226 100
613 587
96 25
22 14
248 234
55 43
656 230
147 49
553 93
647 220
173 156
697 355
609 350
784 391
687 101
68 33
144 7
273 156
139 72
579 32
661 86
332 263
64 26
229 96
643 394
845 840
128 32
954 207
97 70
589 40
479 287
47 40
413 48
989 838
707 5
384 75
819 585
71 1
247 38
518 27
749 701
765 65
418 163
673 514
401 14
632 607
311 117
35 25
840 438
648 289
43 38
279 76
116 75
395 290
585 470
804 283
294 242
96 56
652 575
364 62
673 454
418 279
459 367
205 21
177 42
102 32
768 21
499 474
124 2
123 57
782 426
709 618
800 289
733 708
584 537
984 749
92 88
751 423
552 525
546 223
188 157
948 765
774 260
491 237
95 36
830 21
260 141
641 308
569 344
537 231
529 369
944 521
727 556
281 243
657 640
659 447
251 14
338 144
