110 49517
754 53
399 321
866 516
916 319
55 32
390 59
397 284
39 2
231 76
926 540
118 24
52 37
116 89
914 216
119 74
726 374
67 24
635 20
358 50
618 512
424 304
613 433
824 98
836 324
386 252
685 512
389 228
757 525
659 513
161 71
139 61
512 442
704 698
79 38
526 247
349 5
100 35
940 469
509 160
316 50
71 40
964 445
26 8
526 441
446 238
90 7
110 102
987 756
45 29
725 126
362 284
263 108
383 231
84 48
273 23
477 278
216 141
195 83
811 410
110 71
434 331
545 347
208 163
756 57
241 143
606 444
581 179
580 199
357 277
314 22
38 33
844 645
437 221
148 93
490 279
86 53
564 397
716 650
153 103
504 435
645 616
652 490
501 416
309 210
630 24
878 773
2 1
951 466
295 205
432 222
500 123
269 215
67 41
316 21
985 193
510 263
345 49
979 678
290 92
516 430
210 42
211 150
660 10
503 112
920 279
978 148
109 40
34 22
948 277
501 78
