120 63378
62 46
374 307
835 468
788 129
122 37
964 205
523 106
711 48
243 228
13 2
421 42
264 67
359 203
849 630
454 349
266 26
838 402
535 17
613 130
315 162
893 716
5 1
906 477
40 35
935 656
919 314
348 189
73 4
326 58
234 79
923 689
762 71
334 78
99 87
994 389
232 20
789 444
787 155
897 239
603 398
907 875
312 40
119 92
807 679
869 508
412 244
530 32
801 149
238 220
764 638
168 37
153 55
226 5
676 645
937 392
442 9
747 211
591 137
653 626
443 426
134 134
972 706
743 198
351 208
983 857
202 44
749 624
230 193
51 18
892 451
611 479
993 523
826 771
290 54
58 20
374 17
781 312
911 600
873 1
704 645
368 337
379 220
673 104
746 532
809 561
753 561
352 241
3 3
531 11
728 533
128 46
811 232
469 137
265 247
770 366
302 120
833 117
454 248
38 38
2 2
118 41
882 455
610 37
927 244
966 747
185 7
741 486
625 118
248 15
861 517
236 169
686 215
714 90
338 227
507 227
683 337
352 56
267 196
278 16
568 50
