111 56495
411 320
114 96
757 206
332 22
112 45
9 9
216 149
704 536
112 61
279 184
526 289
275 86
227 158
881 238
193 43
681 23
443 40
118 43
95 67
272 85
290 195
467 309
683 134
76 23
536 466
526 405
922 6
867 194
280 7
122 40
329 289
683 660
281 229
238 29
280 96
662 316
842 118
414 178
161 69
697 447
559 550
281 175
222 161
254 4
956 209
894 472
565 542
678 65
673 582
756 44
493 47
910 422
877 411
804 359
556 326
320 144
450 271
88 2
583 200
649 493
416 140
454 336
381 323
634 420
117 113
824 452
802 158
957 414
711 334
297 137
738 673
639 13
741 395
607 430
48 35
296 134
868 758
481 197
672 164
796 357
5 1
623 573
683 535
58 48
577 236
306 256
465 463
954 825
862 7
303 133
988 730
291 31
618 329
695 620
807 372
854 415
773 714
452 193
295 119
282 9
811 225
694 334
199 56
498 313
143 138
909 758
249 116
627 194
992 311
970 951
351 170
