126 62315
921 91
450 332
647 359
772 580
273 145
300 196
295 92
807 367
737 191
625 165
984 254
366 187
587 270
259 60
793 248
547 95
517 3
962 647
55 51
199 109
424 232
428 353
266 157
538 423
717 600
159 111
776 621
261 54
71 54
908 232
635 466
232 165
764 105
508 216
295 149
622 123
818 755
804 131
872 357
969 560
173 71
915 390
416 342
578 368
825 106
89 57
647 580
265 164
688 559
35 33
557 232
631 521
61 19
938 75
336 185
105 12
43 25
681 503
108 12
744 89
253 116
193 93
547 221
735 610
417 162
531 255
421 325
80 23
305 124
852 836
657 332
866 160
509 267
436 416
332 94
567 564
432 260
550 37
874 746
681 556
651 427
110 25
913 868
684 103
244 39
257 257
475 321
846 173
445 92
252 34
160 15
207 57
577 89
292 11
90 69
566 234
773 61
300 243
948 844
260 18
46 5
739 96
142 2
836 298
125 71
585 385
561 397
580 409
805 581
920 885
205 78
203 1
412 244
421 279
925 328
688 543
560 179
649 199
421 406
477 347
258 199
360 209
461 6
296 195
240 80
113 16
