161 77576
16 5
269 167
901 732
640 573
921 371
689 627
176 3
467 196
494 275
3 3
627 599
876 869
394 62
632 178
36 36
845 842
925 240
431 95
13 3
332 23
223 85
636 74
870 204
520 265
494 446
972 209
893 41
666 491
235 128
67 66
713 53
57 16
508 410
13 13
181 55
786 284
498 495
586 565
15 10
993 905
804 152
799 54
22 3
893 46
209 92
184 148
567 318
525 428
658 639
988 60
137 93
811 734
573 262
107 32
84 68
98 53
413 82
284 284
154 124
788 599
125 73
953 712
555 34
848 183
972 269
327 234
515 367
576 148
884 644
296 60
216 140
992 471
779 231
250 9
664 420
274 229
350 121
660 615
470 233
268 38
242 58
112 63
161 113
693 48
340 14
662 355
347 222
430 278
217 122
316 268
1 1
247 176
375 34
532 386
501 478
425 181
538 122
718 474
187 123
342 91
942 886
647 35
120 8
317 293
747 738
853 380
116 47
967 842
739 150
153 36
317 143
109 35
962 112
384 72
985 964
632 201
616 488
920 667
287 2
215 199
927 537
269 229
77 31
583 214
446 294
435 383
410 139
124 5
79 53
441 414
253 190
190 103
399 183
635 207
402 371
224 62
708 525
727 710
575 275
663 623
124 47
202 192
173 33
534 281
366 237
859 126
715 182
569 474
750 102
582 552
257 5
624 449
765 610
304 245
622 359
961 499
218 108
252 36
941 861
189 174
902 99
