182 89887
689 639
60 35
813 31
100 25
757 54
5 4
918 159
673 527
676 657
475 376
411 245
405 150
838 354
952 112
282 132
742 461
647 180
23 15
779 322
747 643
566 27
912 545
251 65
375 320
492 352
758 434
667 407
355 265
716 540
428 174
247 35
74 29
234 28
622 342
787 83
201 156
175 17
996 439
674 559
770 440
366 266
155 3
679 655
408 59
298 188
349 195
503 320
55 54
450 8
894 710
295 46
283 75
174 151
615 506
773 178
134 19
325 6
168 102
719 180
974 583
917 609
141 9
332 151
642 639
514 307
20 20
937 36
561 114
794 496
501 272
66 2
774 413
80 63
580 470
566 344
762 306
659 109
951 300
369 279
233 173
15 12
833 788
443 96
607 193
24 15
751 416
573 186
286 42
693 620
103 19
834 59
33 4
177 107
811 102
358 337
681 435
952 362
878 476
929 400
555 56
84 27
217 155
123 99
556 309
314 310
66 37
46 19
485 351
535 321
266 189
341 323
18 6
692 251
430 260
662 537
610 477
450 13
919 559
812 488
986 823
685 14
477 187
936 587
6 2
26 12
705 258
781 549
155 121
734 464
244 236
554 492
903 717
188 108
81 74
598 43
336 26
478 370
710 268
414 26
56 22
527 29
578 366
385 159
324 225
469 359
996 198
649 318
583 509
263 56
740 595
819 190
372 172
262 223
108 76
676 608
66 38
610 400
657 622
892 330
101 17
153 123
84 28
705 576
884 88
461 382
602 456
747 479
636 244
315 93
445 216
429 169
53 20
771 705
35 6
817 281
413 405
768 277
390 112
635 435
865 851
753 331
325 180
