105 53316
89 42
658 42
370 267
728 418
953 323
473 406
569 268
995 468
516 373
833 187
420 236
67 4
950 146
531 316
491 430
539 134
189 105
556 416
634 536
345 11
683 326
753 172
360 318
61 36
440 182
807 281
937 120
648 453
41 7
954 746
432 342
330 178
467 423
422 235
818 147
14 5
235 117
773 555
978 890
290 53
706 385
146 60
131 9
125 79
319 199
677 298
98 12
164 113
261 104
364 20
353 48
397 97
268 74
873 469
757 79
172 117
240 236
922 511
561 244
883 465
255 49
413 241
132 132
925 93
395 326
775 400
809 697
228 215
806 718
759 718
280 48
877 733
853 170
962 317
380 225
428 168
60 38
595 107
236 169
525 14
492 207
394 177
270 133
797 427
67 40
37 7
575 365
828 669
303 296
327 272
622 140
223 69
921 336
781 9
18 16
978 787
114 38
327 121
802 375
972 346
47 33
857 404
369 60
962 599
773 731
