127 58555
909 210
292 236
97 40
119 92
48 29
726 503
52 1
588 391
196 11
597 265
607 405
449 367
301 183
571 37
26 11
475 318
571 148
801 715
314 265
480 347
857 805
873 591
171 82
159 114
192 89
837 819
773 720
352 84
162 133
505 116
879 17
705 532
625 511
463 360
351 140
850 753
65 16
128 108
714 301
265 59
696 406
606 247
627 581
915 68
825 686
411 393
714 118
497 124
664 184
114 34
219 115
791 345
286 13
289 136
122 64
239 162
513 335
670 199
427 373
472 70
678 27
173 59
419 216
520 215
295 176
937 347
78 76
38 38
967 910
750 417
869 227
162 32
408 2
399 298
181 169
502 451
863 322
487 33
327 11
287 132
280 278
247 92
216 24
908 423
837 742
838 56
402 154
320 14
166 66
288 189
365 156
528 134
711 44
91 22
292 30
80 38
268 62
42 41
266 146
968 747
469 101
770 161
154 51
760 180
608 115
949 205
894 526
58 18
386 368
898 117
193 141
434 411
157 74
593 371
575 242
85 15
454 189
630 147
234 198
462 349
141 75
83 43
683 49
144 2
674 480
793 86
578 20
