199 105226
590 206
25 23
640 620
445 213
833 25
145 128
854 80
614 43
139 52
516 82
570 355
681 611
244 128
817 793
430 400
982 720
227 189
941 206
208 53
977 56
764 225
970 858
581 179
912 470
131 57
584 559
555 214
353 319
280 166
365 10
725 124
559 388
678 513
266 118
976 55
963 722
588 557
922 133
579 105
832 301
435 386
631 236
354 309
524 258
696 260
580 534
317 242
625 303
875 649
227 212
378 145
214 146
644 102
695 545
205 153
189 70
395 141
614 181
620 42
836 199
74 51
984 388
805 11
358 48
758 275
498 282
994 525
190 126
268 181
501 144
211 172
802 624
451 415
616 313
174 55
245 23
46 21
606 465
884 66
580 293
471 219
554 195
813 273
439 355
221 160
799 351
403 155
363 312
907 258
281 58
672 409
135 125
446 239
964 197
498 381
276 177
525 343
727 489
60 50
284 74
539 187
229 209
659 28
221 198
802 158
961 473
299 281
137 106
308 246
625 462
424 78
650 399
764 154
765 659
559 13
749 547
556 529
926 498
446 35
997 90
567 563
63 50
584 440
811 735
340 153
739 55
159 136
775 410
848 105
788 238
12 11
60 41
961 116
647 419
109 106
30 13
289 235
925 885
641 195
542 531
206 84
126 6
483 254
749 503
329 85
927 295
430 299
33 3
840 260
999 137
173 89
603 50
951 707
466 211
466 194
536 265
840 214
365 255
878 775
135 119
983 841
905 368
231 86
579 516
912 803
180 150
415 324
503 107
93 45
651 453
360 139
549 409
679 167
89 52
599 402
713 82
702 391
711 265
662 128
427 312
213 178
379 371
262 109
463 196
870 56
321 313
394 389
625 540
6 4
260 10
445 118
438 379
692 521
644 205
788 27
267 255
366 176
791 9
619 396
