147 73984
943 133
126 76
85 78
874 36
647 504
858 708
558 201
557 296
172 123
628 594
522 304
625 15
731 151
420 254
136 123
367 305
836 638
876 152
876 601
663 105
624 207
461 429
262 215
885 435
797 396
672 407
265 256
339 313
654 130
353 72
868 176
909 448
376 121
763 300
200 120
645 515
916 292
240 70
450 376
940 926
944 829
911 86
54 43
591 481
920 672
235 164
33 7
237 27
684 382
808 185
278 258
133 108
20 4
756 363
37 29
466 145
966 35
102 19
52 16
284 22
757 386
165 120
398 69
963 149
759 232
594 299
825 112
964 547
280 168
710 574
106 37
793 395
645 13
302 221
52 28
545 399
46 31
269 97
555 343
319 200
966 36
465 126
818 465
722 142
183 136
123 46
388 241
314 294
580 417
181 150
569 21
615 73
842 244
146 90
612 377
352 143
593 156
268 103
722 565
309 3
12 1
11 10
818 391
765 690
358 82
315 182
627 624
666 454
379 202
7 1
131 30
30 11
530 39
421 87
765 256
969 292
615 385
784 347
914 296
867 659
256 246
733 220
222 99
499 409
524 373
33 23
197 46
64 2
561 94
513 160
490 420
430 126
917 487
553 397
362 267
429 86
500 432
916 768
541 143
207 87
392 192
40 6
641 594
886 737
210 85
613 251
825 610
