68 31021
461 216
104 87
452 21
25 14
288 19
188 104
274 192
622 546
335 98
367 51
437 109
639 623
714 635
847 286
251 149
693 676
652 615
807 654
804 500
94 33
274 251
524 104
245 213
5 2
396 299
813 229
349 18
377 217
816 405
435 228
816 281
773 287
702 23
733 448
554 261
25 9
889 17
36 23
535 460
329 94
166 103
411 47
262 30
596 359
705 180
78 39
536 5
443 125
14 11
599 31
201 8
324 251
693 67
435 261
664 515
333 286
413 193
112 111
928 820
7 6
696 515
148 106
869 589
742 575
889 418
167 106
389 57
520 466
