76 37387
879 219
371 164
115 104
201 15
305 148
760 198
298 136
966 785
710 441
828 502
43 33
246 161
111 47
960 447
110 25
970 1
241 73
552 52
755 77
392 253
301 155
491 469
874 170
510 273
889 113
167 64
853 777
967 17
869 701
52 1
625 532
162 87
79 70
172 146
37 29
404 233
562 190
159 52
850 381
124 90
791 592
18 16
759 137
966 18
765 535
727 428
10 7
357 356
457 423
397 275
605 385
866 386
155 45
25 11
629 129
443 428
756 146
764 480
637 282
872 683
612 217
187 67
434 142
408 26
687 204
920 367
798 252
922 249
385 17
220 217
282 168
143 103
115 53
834 562
25 7
455 149
