74 36310
146 55
242 135
356 276
482 325
188 81
229 156
336 41
70 25
925 842
820 548
839 399
120 72
432 303
646 12
846 398
313 188
343 317
742 258
713 496
964 674
351 271
859 845
842 205
745 575
592 542
97 59
432 267
995 186
44 33
561 68
755 595
695 346
26 25
400 154
460 142
619 116
487 293
29 11
750 577
730 70
891 238
204 115
474 66
844 315
822 754
295 151
30 22
675 150
11 6
219 204
240 194
59 32
302 85
246 241
545 240
798 560
197 48
940 649
764 753
269 189
321 285
737 627
573 177
666 299
433 399
327 168
249 234
618 550
314 272
832 390
803 159
916 481
253 188
221 196
