79 40717
869 176
566 416
943 817
326 226
37 23
327 295
560 528
151 80
108 27
89 79
558 431
976 908
872 398
195 117
654 33
850 835
491 445
721 563
202 144
346 33
149 36
747 558
317 50
395 301
469 262
503 384
22 15
757 524
552 477
697 212
295 149
867 111
807 499
54 19
339 297
534 213
934 76
929 127
913 122
612 221
806 662
714 15
512 279
991 492
809 456
412 238
687 393
648 388
802 547
216 171
370 334
321 261
346 245
568 346
537 129
713 24
324 82
904 744
589 269
2 2
81 18
532 299
468 156
724 580
69 11
706 166
527 455
977 600
34 21
969 673
705 556
106 75
396 166
511 428
557 517
882 668
377 335
17 13
74 51
