70 33497
1 1
920 580
218 163
534 71
20 1
26 1
834 739
915 485
22 13
567 4
535 323
550 530
498 447
330 2
70 59
362 101
839 11
566 131
225 78
751 294
814 783
876 694
534 64
200 44
273 131
329 254
290 43
662 100
947 603
869 805
979 771
861 445
793 593
351 179
938 264
103 32
121 116
798 467
904 768
133 120
195 169
944 466
282 185
684 590
524 169
33 9
195 84
759 533
897 642
198 38
499 231
48 9
820 246
485 328
634 356
549 210
9 9
975 595
535 122
310 76
463 29
530 478
511 143
170 65
208 113
416 376
164 103
29 14
869 98
3 1
