77 37927
708 149
430 69
907 903
34 28
25 5
768 51
138 92
283 5
41 7
173 73
778 101
226 54
180 89
505 246
369 25
520 428
391 331
895 339
82 30
719 676
261 44
739 440
905 106
822 281
602 337
885 455
633 187
401 360
45 12
672 595
758 731
46 1
441 257
967 5
99 62
491 336
603 314
703 263
507 496
576 226
35 8
726 254
183 100
111 87
697 102
724 223
681 87
84 19
499 56
438 103
378 166
743 218
761 430
631 272
642 101
265 220
793 644
981 736
371 27
110 33
476 251
11 5
159 59
202 4
758 16
264 224
887 53
487 35
766 538
437 325
777 232
898 50
28 1
373 177
916 651
321 79
985 15
