78 44209
222 131
615 158
868 105
404 69
763 522
861 400
218 211
411 360
957 730
610 351
681 657
647 500
779 61
301 158
728 130
940 271
760 159
898 299
568 233
776 590
593 259
892 599
677 50
546 436
891 553
375 54
369 185
600 598
719 429
926 61
633 312
85 41
723 447
701 380
27 24
340 126
610 582
367 65
344 166
294 282
725 294
250 192
421 32
672 378
344 153
975 410
51 28
563 190
312 248
435 347
261 1
74 26
356 47
930 508
982 703
830 615
921 171
696 77
804 211
483 424
981 516
499 450
906 160
635 230
542 535
76 52
706 229
48 19
497 121
827 803
727 56
525 55
351 191
167 1
250 164
970 550
323 255
374 298
