83 44856
713 409
362 349
855 722
945 674
707 474
752 390
867 258
619 37
626 441
526 17
17 16
409 319
974 401
778 26
183 141
694 426
663 336
726 614
974 347
216 90
745 322
754 267
78 15
895 505
648 377
188 3
895 25
971 581
35 20
657 47
49 30
675 430
613 515
875 446
674 674
281 278
704 522
272 222
186 31
155 73
193 164
367 285
72 23
527 400
722 240
643 396
184 64
913 680
683 15
391 96
542 202
846 32
14 1
662 58
126 45
766 336
982 85
574 346
25 14
17 15
785 553
673 512
747 177
792 675
552 113
558 387
969 812
244 46
770 53
154 136
206 31
165 120
737 207
177 161
710 352
985 253
440 280
399 193
911 412
473 237
683 314
214 200
306 145
