85 41477
340 139
830 625
279 98
279 103
278 58
854 601
669 338
496 235
870 861
74 41
693 7
357 53
303 148
982 412
325 24
900 530
466 388
262 243
428 333
93 2
422 103
885 151
506 375
945 823
885 819
374 49
144 9
996 42
655 363
999 403
34 19
158 68
898 693
7 7
918 617
509 123
813 387
222 131
574 569
424 220
433 26
868 222
111 96
667 577
292 101
881 40
270 70
311 272
362 240
179 35
22 15
654 466
530 406
35 14
100 33
866 371
281 149
971 748
544 525
68 55
102 5
279 243
274 114
118 82
478 353
617 608
34 6
351 156
279 273
542 125
464 38
654 349
555 466
58 14
387 62
979 304
984 608
997 584
361 270
372 96
701 460
271 41
758 599
439 383
831 659
