81 36421
128 27
297 92
719 168
631 36
990 459
185 114
294 165
747 256
174 125
514 250
956 67
147 87
993 928
271 242
377 334
661 208
583 230
793 665
74 3
325 3
640 503
50 40
405 164
649 572
304 76
137 73
157 11
485 330
948 50
102 8
245 87
361 168
249 61
801 772
964 905
971 396
386 304
133 105
115 115
876 402
852 823
181 136
193 49
105 69
556 533
82 51
229 58
645 587
423 23
372 24
324 252
141 84
985 160
283 18
514 246
669 328
587 2
864 783
494 448
377 216
32 19
776 255
603 574
103 85
770 432
669 109
263 246
167 106
503 89
25 4
251 239
274 156
272 228
303 141
988 640
95 82
557 332
672 145
646 418
240 72
498 3
