87 43676
483 356
336 303
69 39
930 407
285 46
92 21
261 180
723 139
652 294
556 304
791 543
573 96
713 631
569 349
452 319
364 347
46 17
982 95
618 568
75 8
713 335
164 118
931 377
2 2
836 372
668 88
185 177
606 208
291 207
2 2
769 555
477 50
721 66
660 60
77 58
576 77
818 243
531 161
450 117
452 303
470 298
975 247
495 26
240 46
251 68
575 4
614 252
549 326
359 43
951 199
297 260
274 255
383 190
243 96
578 499
185 110
560 355
791 560
690 677
931 896
784 393
56 12
332 308
439 130
858 118
509 372
277 39
733 20
494 29
676 66
708 258
302 71
928 845
24 1
252 238
981 589
988 111
268 163
134 48
702 604
574 483
198 148
421 277
289 206
397 36
608 483
833 502
