80 42092
666 645
748 444
811 175
828 631
886 520
583 290
710 274
419 410
119 26
260 156
98 90
296 20
915 849
218 143
388 63
718 460
710 296
660 652
539 318
715 148
934 256
146 17
131 40
330 197
77 64
713 113
309 218
608 22
951 521
434 158
19 11
764 362
803 654
90 20
126 5
954 953
378 16
738 324
395 4
415 96
567 452
550 11
287 149
728 694
910 775
482 401
335 28
911 875
467 51
435 260
379 271
433 270
386 303
722 365
231 72
502 322
501 336
879 859
958 189
523 61
767 746
881 481
442 133
806 290
885 734
150 127
160 133
859 797
216 42
681 265
745 579
62 9
801 301
427 97
366 317
671 212
394 320
187 65
109 36
694 15
