84 44692
664 145
63 27
803 493
905 70
312 29
182 52
809 712
95 32
983 358
507 241
279 272
817 264
250 54
921 128
813 625
226 154
102 36
232 223
811 711
98 98
572 567
726 536
594 12
667 454
974 695
819 157
381 239
216 50
152 59
796 420
78 47
726 520
773 197
60 13
266 49
340 106
22 18
990 855
806 623
645 429
873 133
201 59
749 430
354 242
441 214
558 142
629 289
511 88
153 43
174 9
802 627
954 710
931 146
332 187
669 668
51 5
882 218
847 327
141 26
739 686
371 154
424 97
640 188
136 10
409 44
356 74
203 14
526 191
853 531
790 427
462 57
711 480
639 456
703 343
866 569
848 250
983 290
872 230
265 241
815 605
113 53
491 353
282 159
467 107
