90 46605
628 343
293 3
877 356
712 20
548 444
345 70
611 608
843 466
426 154
486 166
754 444
954 722
268 256
927 656
849 292
158 154
787 387
497 366
482 94
13 10
989 937
337 268
739 38
618 173
888 425
866 617
618 74
576 417
605 139
178 16
369 54
437 297
42 38
879 768
359 204
275 205
569 249
95 11
730 691
597 118
885 821
819 52
163 99
791 521
201 83
829 70
761 18
627 89
500 12
851 312
295 249
860 343
62 16
808 377
153 90
802 474
360 150
828 565
291 207
58 49
158 20
736 88
220 2
856 302
369 65
170 85
32 24
998 528
833 385
427 113
130 23
880 737
469 159
502 446
128 126
748 661
19 19
367 29
862 429
935 215
351 65
788 228
66 37
155 54
19 3
427 230
635 229
733 17
91 19
332 133
