94 47240
738 224
782 412
219 51
789 529
277 214
741 599
107 80
370 260
501 325
352 280
99 62
850 169
297 158
68 26
757 521
205 179
627 314
575 459
151 19
316 291
358 168
19 13
213 117
945 394
252 241
772 202
321 35
280 45
762 219
777 77
787 18
743 406
853 55
468 289
824 501
143 41
47 27
691 107
737 392
453 26
878 453
655 530
893 206
339 174
267 209
529 156
291 270
438 204
132 70
604 341
338 124
707 704
349 63
684 524
45 29
250 164
914 44
771 753
19 17
350 71
526 213
127 63
530 83
923 902
890 813
272 10
571 245
595 288
655 502
917 345
287 143
897 552
769 673
730 106
458 105
108 85
416 233
542 159
220 210
768 520
342 45
503 48
215 71
796 116
341 15
61 24
528 246
965 756
917 122
213 203
153 147
897 156
487 364
901 2
