95 45673
938 842
45 22
31 19
162 113
587 494
947 135
233 232
118 91
69 32
237 39
243 4
354 177
237 143
452 264
107 82
657 67
515 22
423 349
526 148
818 581
991 295
884 633
86 11
910 273
600 131
879 768
598 71
703 334
47 5
25 3
241 28
70 62
258 220
3 1
325 223
884 120
86 29
203 196
55 13
691 358
366 108
22 12
392 91
701 554
114 53
506 36
821 274
526 323
752 243
60 56
343 272
778 649
806 635
697 47
850 260
801 780
506 164
312 273
14 13
110 80
570 206
609 469
24 10
498 286
258 91
278 207
426 1
845 650
33 4
596 28
81 13
552 29
611 530
787 156
797 249
553 211
845 261
791 695
874 668
706 27
68 26
949 120
664 414
307 261
994 308
159 78
648 464
809 11
356 37
972 271
769 405
423 168
736 212
585 412
784 554
