97 49310
807 602
972 949
681 395
592 129
728 468
287 270
549 321
641 330
417 402
941 59
165 129
268 73
639 34
598 2
150 24
573 312
131 22
337 27
818 44
90 9
594 568
785 226
70 20
201 152
484 61
831 453
39 21
637 251
244 74
760 681
289 272
303 67
447 328
549 413
881 179
489 70
256 121
81 9
108 76
967 718
575 418
90 2
94 1
990 830
225 209
793 447
965 325
780 755
864 638
920 461
874 503
729 157
319 136
780 99
92 60
435 388
210 21
793 72
829 447
193 106
594 450
993 555
444 134
833 520
503 123
971 575
884 379
424 182
591 338
450 317
366 241
391 199
671 457
441 296
8 5
667 614
353 279
97 1
346 172
437 158
12 5
804 249
341 51
397 297
661 201
950 320
640 625
139 113
167 137
716 574
815 163
44 25
41 26
949 18
526 47
372 127
322 220
