99 52746
616 476
200 198
352 335
498 110
960 280
145 78
933 168
83 48
598 295
293 34
671 34
979 216
708 512
482 223
247 127
971 778
544 46
584 567
979 180
52 28
463 346
662 260
578 148
988 551
351 226
992 762
458 174
766 220
780 558
820 496
823 338
710 607
513 103
611 264
107 75
824 197
695 473
697 451
149 133
281 184
194 180
113 14
833 649
83 3
783 703
85 2
77 1
748 390
266 203
963 754
992 296
964 878
341 32
133 2
795 197
929 157
29 24
346 19
723 625
273 94
346 120
385 73
910 218
881 503
514 77
854 690
956 303
126 15
661 474
18 3
547 186
217 157
401 395
194 104
857 811
841 275
7 2
174 107
755 369
265 98
558 68
862 66
109 36
114 45
228 181
636 556
117 62
498 108
563 8
92 5
439 274
910 178
853 27
578 76
980 179
191 187
603 243
928 748
744 710
