92 48517
49 10
12 6
846 179
270 173
114 92
837 655
286 114
267 203
799 766
663 371
681 273
783 106
104 82
33 31
919 269
975 302
978 830
785 145
129 67
490 268
232 202
556 197
322 93
113 102
823 628
441 149
567 213
500 62
465 331
591 167
169 134
580 88
118 58
183 69
862 440
544 362
561 40
582 114
232 219
24 2
615 269
342 94
748 426
897 235
439 138
538 90
838 572
916 744
863 741
26 11
390 61
950 922
775 526
923 526
594 122
884 322
510 373
753 331
966 389
821 479
703 517
348 202
181 177
230 199
857 580
857 212
490 488
873 430
320 181
102 63
905 218
482 16
454 82
913 187
503 176
718 221
453 123
939 133
441 371
848 686
351 242
280 218
19 10
462 217
94 43
456 313
450 241
891 445
45 20
150 11
896 887
532 526
