121 59863
315 489
379 839
717 743
513 632
501 885
210 623
549 972
470 800
179 749
100 823
893 917
546 919
990 997
963 1000
65 394
340 631
680 739
316 742
817 846
902 960
173 600
491 915
102 765
127 665
789 940
277 691
730 888
789 985
194 373
565 827
914 977
801 836
300 914
790 799
156 271
817 887
422 522
275 918
817 948
975 988
391 408
255 695
485 685
537 941
410 497
443 464
700 708
743 797
195 566
614 889
33 142
50 287
680 872
375 408
204 290
81 641
229 426
985 988
299 472
887 982
279 632
755 841
94 590
100 653
679 826
489 596
643 748
912 984
70 821
773 797
392 430
97 200
504 543
372 637
258 785
902 927
379 672
555 928
502 593
948 970
998 1000
192 694
325 567
978 986
926 927
785 951
567 874
393 657
621 845
300 994
786 868
135 848
180 514
19 341
943 971
245 436
618 775
842 982
822 880
100 620
891 968
99 215
598 982
952 995
736 771
248 574
778 907
177 688
607 673
508 582
212 330
105 258
740 987
836 879
453 662
337 935
757 975
287 668
409 415
10 702
99 959
