179 92153
326 382
535 754
583 830
330 561
669 905
379 941
550 781
71 128
223 934
748 860
399 962
748 789
853 991
699 731
52 427
145 742
566 695
380 687
936 967
203 233
516 827
594 908
15 851
952 963
862 984
186 778
131 218
35 667
723 824
455 970
819 829
985 985
469 711
704 772
92 144
424 835
471 868
847 893
319 712
570 722
387 800
185 962
305 569
630 966
948 958
229 329
932 987
710 819
881 934
760 891
283 412
240 368
945 967
189 503
27 152
124 535
877 888
819 878
977 987
459 472
179 743
385 613
976 976
895 916
22 278
768 871
748 976
129 930
547 800
561 852
98 678
652 1000
480 657
249 267
880 902
306 375
751 827
317 674
500 642
738 913
153 811
53 221
191 504
866 889
183 788
350 705
819 960
705 773
999 999
137 512
144 697
35 575
397 526
765 823
778 903
401 669
892 962
922 991
163 490
908 963
972 996
718 831
486 917
360 993
362 988
761 868
740 883
734 874
843 968
461 600
724 772
133 370
805 835
460 799
672 813
849 888
160 190
982 990
489 576
281 607
202 474
223 474
871 880
402 499
547 808
16 115
61 87
381 645
4 487
517 857
488 721
257 327
715 855
306 969
293 492
60 371
868 879
78 278
239 572
532 619
646 666
980 984
653 786
349 874
141 625
395 741
509 996
637 811
482 849
454 710
306 706
930 958
994 998
819 857
814 981
207 913
881 884
989 995
776 968
367 949
851 989
749 891
776 982
849 892
646 729
71 265
274 612
799 846
870 997
177 676
179 572
727 972
680 763
470 583
923 989
385 670
239 539
493 895
100 350
