168 81801
752 840
328 341
7 175
176 228
221 624
582 845
658 776
114 800
349 551
204 206
830 879
122 398
327 695
499 729
715 726
914 941
596 918
426 594
215 901
479 709
245 957
608 654
122 821
260 680
667 790
867 922
767 890
650 711
497 576
111 606
77 968
64 693
774 783
505 799
433 994
568 804
547 686
542 703
798 974
606 827
919 941
966 997
439 839
508 733
822 965
88 753
325 774
749 888
416 808
623 705
549 948
748 863
829 898
669 925
243 510
897 948
693 924
822 883
877 972
720 950
860 910
348 962
944 963
372 828
746 768
616 996
913 930
70 389
704 996
969 981
528 791
234 319
300 565
964 975
922 999
290 970
510 660
690 696
856 859
324 388
875 935
550 988
150 570
769 903
463 516
669 824
603 923
101 774
864 919
518 614
313 367
468 488
896 954
320 418
277 307
980 984
915 968
67 905
351 463
409 762
952 963
31 922
310 976
395 534
330 993
464 565
637 745
687 855
6 32
44 859
490 910
345 822
5 711
907 997
554 561
833 839
63 819
493 748
304 539
81 391
25 171
131 539
942 967
153 293
360 800
443 752
831 857
666 667
95 199
222 303
816 907
691 913
474 990
387 986
153 714
55 481
46 645
557 722
904 997
106 155
66 371
822 862
74 285
258 588
393 986
501 616
224 375
764 990
145 934
577 685
396 842
703 823
227 420
243 481
783 818
438 681
427 860
180 641
921 940
374 648
841 875
38 649
924 996
327 470
34 574
674 989
3 413
613 884
