131 62664
896 897
818 950
509 788
94 197
53 298
850 971
794 900
926 973
328 491
360 793
260 459
362 864
459 815
62 368
432 485
137 908
253 712
734 979
904 915
128 181
998 998
168 651
716 919
150 806
437 542
89 978
170 983
301 648
341 856
893 971
246 919
459 837
328 791
720 892
69 858
937 986
360 417
20 153
68 522
378 585
202 796
254 290
293 999
621 941
30 42
880 929
329 348
899 998
801 823
116 816
103 520
138 252
501 640
668 894
844 935
38 839
764 811
613 637
993 993
522 559
247 657
560 779
57 381
365 867
930 936
906 944
174 243
802 949
40 394
170 641
402 875
335 827
850 993
62 1000
394 671
289 604
852 951
46 447
666 834
744 746
389 724
766 871
251 827
307 909
577 809
389 887
905 951
190 249
712 931
552 683
998 1000
869 880
112 664
574 828
408 802
906 978
73 764
240 880
288 591
427 963
579 968
529 922
177 588
484 993
462 496
489 997
634 826
977 983
415 905
968 996
112 697
204 748
924 972
986 990
595 608
420 612
880 921
873 955
774 948
500 835
310 958
952 963
213 951
164 751
992 994
129 306
514 893
567 576
601 856
453 547
146 836
