196 97942
459 591
867 948
415 471
476 918
603 892
63 684
82 691
997 998
793 802
293 613
634 799
554 872
83 463
837 846
92 565
716 780
2 272
81 401
637 876
528 952
109 561
814 935
212 233
542 697
466 958
717 825
510 800
729 827
473 711
13 630
164 822
593 883
664 781
73 517
669 838
405 924
338 510
607 636
29 337
331 374
360 729
250 734
538 780
752 908
413 663
979 989
475 778
665 696
813 935
127 370
341 563
112 537
301 978
681 924
724 827
386 597
537 555
518 725
896 926
379 586
818 888
804 848
705 814
252 579
36 768
587 934
217 950
752 763
81 663
737 946
444 674
812 951
663 855
525 955
452 832
444 769
308 715
43 556
554 944
679 870
174 790
401 653
144 198
68 294
677 827
932 942
328 703
495 990
294 448
767 893
813 954
958 993
857 926
152 328
948 981
434 901
259 635
805 817
726 772
787 950
19 824
181 403
898 945
466 851
593 734
617 762
690 817
558 678
957 995
247 781
777 800
882 942
29 889
245 354
634 913
779 989
168 304
754 882
26 284
926 957
185 311
539 582
378 565
20 975
215 885
947 989
674 845
510 637
375 834
821 832
916 930
733 740
279 459
281 459
157 987
319 817
405 610
323 892
503 706
119 741
673 972
939 968
582 887
637 726
630 759
38 758
427 813
656 913
491 573
753 795
191 814
184 854
437 539
942 958
486 769
980 985
484 990
678 998
895 961
826 872
48 390
957 962
877 908
367 441
350 625
35 966
90 125
557 763
680 971
494 799
199 263
262 653
518 858
845 870
953 970
496 814
730 746
34 223
582 742
259 611
384 673
372 690
594 893
900 935
932 947
897 926
43 325
67 745
988 994
315 961
372 442
12 587
997 999
408 483
887 926
517 698
