197 102494
348 916
384 795
331 503
946 986
760 883
103 666
266 872
950 950
936 978
824 942
974 984
634 843
157 339
375 613
382 458
315 525
116 204
14 307
557 669
959 960
16 829
177 805
506 846
844 876
363 736
788 842
426 575
808 921
576 942
836 957
705 960
855 930
819 993
433 700
601 659
252 422
907 933
884 885
985 991
473 669
844 947
703 831
610 936
119 239
650 998
144 475
408 667
758 951
993 1000
581 716
669 979
368 542
793 917
289 708
881 887
366 616
819 859
185 630
822 979
447 473
56 524
732 856
600 785
624 956
48 561
357 904
888 963
589 692
808 984
537 537
589 997
577 962
383 627
265 452
35 604
920 928
844 998
64 417
312 771
146 462
193 761
960 992
440 902
25 494
473 786
452 864
836 859
324 490
330 388
20 713
865 990
216 306
606 942
126 149
119 181
729 749
999 1000
615 934
743 799
929 938
374 472
33 124
624 667
937 977
484 738
46 267
701 741
28 146
459 522
916 922
476 784
309 314
826 975
624 945
968 995
564 598
265 566
267 504
22 333
127 851
279 945
328 770
649 968
718 731
1 106
742 851
437 499
391 637
171 217
222 617
521 624
920 920
842 901
328 650
466 565
341 999
606 759
174 646
985 997
454 782
394 716
450 624
781 974
461 735
754 853
142 322
730 911
357 903
26 813
921 996
40 300
74 462
477 498
112 887
641 680
125 420
668 791
152 662
972 990
800 994
848 908
229 537
565 830
659 938
996 996
996 998
549 763
778 853
765 922
770 857
692 804
291 393
702 960
680 796
787 839
574 987
691 996
433 615
896 994
167 431
396 485
171 445
967 975
225 979
802 892
938 999
272 546
638 726
842 843
693 704
5 875
816 859
11 713
272 602
411 681
378 714
478 502
