180 85174
179 870
66 774
688 775
662 797
228 435
789 829
531 637
543 874
675 789
523 575
91 713
80 237
904 964
840 954
707 832
126 582
867 979
645 875
414 449
722 800
794 832
260 281
820 935
452 618
672 802
122 792
214 545
946 946
970 993
456 925
752 837
575 760
241 543
917 998
78 165
524 995
5 561
281 599
321 496
24 769
297 435
85 536
520 600
589 919
529 886
180 963
570 788
892 962
913 963
75 222
872 949
442 726
457 663
44 845
832 911
998 1000
844 956
362 559
26 908
238 334
582 895
5 421
295 512
890 974
152 860
692 921
574 592
761 794
127 918
178 596
139 797
144 892
426 648
585 808
417 658
183 726
629 919
579 903
55 611
386 736
128 982
24 363
332 899
452 594
883 966
855 988
881 961
77 422
138 712
105 423
218 610
978 1000
221 906
554 783
557 905
963 974
509 799
899 968
45 347
122 137
456 962
555 769
931 999
60 316
202 874
452 923
565 818
134 711
389 958
619 666
165 446
84 460
487 584
185 242
71 658
188 418
800 907
239 483
291 746
343 828
995 999
688 729
730 777
285 892
228 629
870 876
349 561
557 735
898 913
565 699
454 954
982 992
103 586
86 390
294 990
717 945
922 976
169 997
767 857
973 984
852 872
802 987
123 691
118 643
967 993
494 676
558 753
749 888
483 591
833 877
869 926
674 722
420 946
292 667
34 250
889 993
134 409
3 985
719 853
151 787
563 694
849 857
267 909
11 285
779 927
498 807
615 828
262 451
160 813
123 167
652 958
873 983
662 767
555 584
908 994
332 676
445 804
572 691
682 768
144 373
