153 76233
713 717
761 860
592 788
136 761
630 845
747 837
249 746
609 716
950 970
63 705
568 646
713 984
870 895
224 944
50 494
316 355
442 627
676 946
126 754
116 308
283 806
158 897
466 617
966 996
384 520
26 898
615 846
941 943
776 920
354 466
720 836
272 726
59 182
611 986
591 731
456 708
823 838
83 630
250 887
628 977
12 386
672 718
441 712
555 978
953 988
693 721
105 927
692 962
653 827
173 920
519 838
918 970
307 993
914 971
920 922
829 914
915 970
629 901
100 435
493 981
877 913
4 966
925 997
156 508
736 910
578 722
381 859
130 577
369 991
223 321
806 873
951 999
844 937
535 732
853 992
292 773
712 876
198 219
796 987
743 754
536 747
544 832
151 464
694 772
197 878
359 681
459 897
365 402
522 691
423 911
897 961
470 493
661 764
927 942
652 734
556 697
574 687
979 996
888 888
703 861
887 981
448 826
634 1000
552 921
36 765
230 785
81 662
171 194
31 98
700 724
633 956
488 788
507 916
17 302
161 888
66 633
358 626
553 692
466 497
85 590
203 464
35 889
222 412
490 749
666 826
232 550
468 776
495 578
693 905
163 819
516 561
667 960
371 962
978 988
919 992
639 711
34 163
642 798
856 913
138 297
122 737
515 695
491 949
492 686
404 454
867 905
217 324
593 940
259 668
655 806
864 864
851 931
199 551
