195 97104
863 953
637 982
445 953
517 649
868 908
729 894
475 946
377 468
636 980
167 776
414 433
302 662
690 786
6 689
125 188
266 298
650 814
926 965
453 495
40 967
359 561
217 662
571 940
928 935
60 997
655 732
188 828
892 921
780 980
730 799
164 441
960 992
114 590
771 856
83 254
160 848
696 785
241 772
370 725
173 774
704 876
202 556
667 753
478 901
878 891
38 867
265 950
17 222
55 433
584 732
842 878
84 846
152 309
843 859
888 932
910 920
756 864
145 306
150 358
286 418
656 708
490 757
881 888
105 547
964 999
447 560
976 992
663 875
741 771
682 795
83 997
470 667
593 781
758 762
638 643
276 589
952 993
53 183
61 875
231 822
447 874
576 795
741 879
607 800
293 427
691 713
352 738
500 607
79 527
832 877
646 686
750 847
279 910
543 767
256 392
519 969
486 598
995 997
841 858
110 924
981 986
370 563
527 867
334 902
373 565
738 791
205 242
276 978
940 984
819 912
918 960
615 868
393 965
130 786
611 614
416 559
298 805
285 734
967 968
277 880
957 965
547 695
8 228
289 707
20 428
813 938
599 826
730 988
464 662
49 604
914 940
42 82
816 994
436 906
752 814
153 365
959 982
188 601
74 923
246 257
394 886
788 899
812 895
877 987
683 820
634 837
164 832
64 324
693 824
868 930
456 657
790 850
567 624
909 941
337 439
728 750
991 991
701 985
934 986
228 886
277 616
948 988
223 909
253 287
482 536
356 440
280 557
606 911
429 836
287 400
412 515
350 489
551 964
907 955
529 909
767 888
849 874
54 714
788 826
723 817
891 980
290 317
711 968
455 671
418 823
91 962
857 988
41 500
487 504
146 476
183 847
158 302
234 990
741 838
277 468
