119 60103
656 813
724 873
713 952
77 897
74 809
589 618
715 913
922 964
97 681
810 846
472 573
716 833
482 735
58 154
252 771
795 913
139 802
906 946
122 495
347 846
207 434
738 851
452 608
413 764
563 985
762 775
591 978
864 886
335 423
674 959
186 696
692 957
744 987
44 985
591 779
495 655
651 911
749 821
692 785
893 953
602 781
35 164
922 982
260 839
170 323
608 795
736 880
77 222
737 779
266 446
639 761
60 409
266 441
251 316
8 404
863 902
483 948
592 964
3 902
361 379
912 1000
907 961
601 700
95 166
673 757
89 517
162 916
797 824
851 947
671 735
458 895
842 942
510 584
527 625
880 1000
927 986
788 983
942 954
94 181
456 575
759 970
246 908
766 784
712 712
11 657
394 906
984 999
752 920
987 988
203 332
329 422
116 803
423 882
340 374
140 198
707 924
158 233
873 879
282 528
133 603
911 927
540 591
198 911
40 240
684 945
999 999
227 289
560 856
980 988
283 618
172 741
617 662
701 989
701 701
253 748
66 857
494 542
898 928
340 598
