134 71615
165 177
748 915
817 904
578 962
311 339
795 904
563 896
941 945
727 900
996 997
849 1000
904 972
121 259
315 545
134 173
990 994
799 855
950 1000
11 872
195 340
462 908
744 835
614 875
907 965
529 993
11 260
390 577
932 990
497 757
695 825
201 389
172 252
786 906
875 906
393 417
592 802
80 980
212 722
168 195
902 978
702 987
489 917
841 887
313 995
429 733
548 700
765 998
59 78
726 929
187 212
962 964
561 658
287 324
785 875
475 705
652 909
184 440
585 687
322 774
770 841
374 932
388 615
881 881
73 896
950 970
889 938
46 604
318 486
322 934
956 986
42 143
965 988
409 436
785 923
219 663
598 865
974 979
898 913
269 303
488 847
989 995
657 946
733 886
890 949
740 904
23 848
638 724
576 979
746 945
987 999
16 176
976 993
233 548
549 715
951 1000
384 634
180 856
462 477
408 783
678 754
238 239
522 554
133 897
274 815
595 769
832 885
14 255
900 971
163 949
446 925
482 710
413 982
825 855
142 434
357 810
680 939
427 471
13 688
70 746
159 885
264 490
684 962
462 937
262 644
883 979
776 837
970 993
605 673
425 658
939 989
945 974
963 991
80 988
298 517
