110 55364
362 959
435 706
812 939
839 948
58 124
600 845
442 523
457 495
377 762
448 812
411 946
732 938
410 717
23 608
240 578
671 991
699 971
956 959
465 904
341 917
28 413
869 926
629 663
558 992
865 927
827 1000
20 227
260 808
657 716
98 766
542 765
551 845
693 754
977 981
198 652
384 726
514 886
609 848
980 980
756 768
394 461
557 912
683 965
17 580
384 768
237 900
564 771
205 813
77 873
559 976
888 976
973 997
977 978
919 934
35 800
514 872
99 439
870 979
448 586
200 510
446 634
562 940
659 915
517 745
941 970
771 833
202 466
98 959
302 641
566 763
422 478
943 986
144 284
750 963
140 154
266 800
438 517
806 854
851 852
966 991
451 559
986 992
979 988
573 617
853 906
16 244
864 909
364 513
779 819
525 794
821 913
36 584
92 704
268 864
918 943
472 812
223 364
799 888
873 953
328 601
125 149
338 696
326 333
316 410
266 585
358 812
103 621
821 884
270 833
37 290
