140 70378
826 847
962 978
150 300
236 701
231 971
937 986
908 980
248 647
547 976
560 688
706 885
396 626
758 901
39 563
564 619
593 891
183 986
45 147
706 969
831 940
761 763
735 867
568 909
45 765
614 808
68 501
304 309
331 881
819 985
55 644
857 888
57 383
611 731
350 468
14 37
716 952
185 257
61 901
587 778
173 185
322 371
107 446
25 709
758 769
474 909
884 943
435 738
193 560
409 595
251 398
315 751
995 997
540 964
229 557
849 864
968 996
126 922
279 691
373 495
242 969
87 671
719 809
584 838
541 602
817 920
394 755
718 952
996 996
611 700
262 411
938 995
829 976
53 1000
367 598
953 953
36 296
107 400
878 934
633 721
918 953
901 963
536 546
940 989
781 888
606 791
279 612
542 596
485 818
644 995
276 582
38 431
809 943
364 945
605 734
774 901
836 932
326 965
583 616
31 304
81 974
993 997
196 941
803 814
377 452
331 339
930 992
346 386
728 864
332 667
839 853
133 216
982 993
745 911
307 894
39 331
750 826
169 403
416 425
453 891
991 998
529 994
381 831
952 997
208 276
753 894
801 884
52 345
356 905
501 651
76 730
225 493
863 960
924 925
29 937
647 855
975 984
301 735
860 886
526 790
569 809
