162 86378
344 421
281 766
497 859
365 512
360 829
124 871
530 581
60 741
955 985
794 862
51 608
38 443
203 701
11 52
533 890
591 822
6 684
597 796
874 920
474 733
856 976
841 955
155 905
815 936
869 901
520 538
114 607
812 928
322 440
169 958
774 935
367 508
106 534
116 563
233 428
406 743
418 477
126 520
774 876
716 970
717 859
257 662
738 952
798 995
895 959
948 985
214 914
45 337
473 799
886 999
512 918
745 946
397 921
934 989
322 336
650 661
300 332
71 937
872 958
780 998
567 760
803 860
327 710
97 204
853 1000
456 529
721 754
369 786
720 991
711 725
949 971
154 312
55 249
5 870
991 998
54 97
649 889
926 949
213 284
779 842
25 287
488 924
489 675
445 743
873 902
933 976
315 676
509 526
750 779
537 551
651 980
925 984
627 689
701 945
624 706
1 456
407 666
596 861
526 734
468 521
756 906
141 488
417 760
415 837
615 829
951 960
484 563
287 632
775 890
383 500
315 670
885 954
279 592
769 843
68 380
916 944
905 985
168 533
709 801
318 647
870 918
638 686
601 693
468 987
441 585
550 657
339 975
683 796
362 800
967 990
710 723
536 662
889 956
175 357
686 774
640 661
885 1000
958 958
343 486
397 867
450 670
56 357
203 980
720 848
510 825
439 890
476 987
673 840
841 932
415 754
939 963
615 829
779 919
966 978
797 978
397 953
299 677
966 974
756 852
635 674
874 897
837 1000
