177 87948
339 859
963 982
246 311
87 120
626 909
178 195
365 701
698 826
153 286
621 775
349 900
127 320
822 907
884 903
977 989
610 710
4 199
314 472
292 398
613 949
172 460
299 732
864 961
29 413
102 664
35 107
778 899
537 679
852 938
873 901
642 910
342 688
408 637
514 814
9 148
21 705
344 953
647 780
30 680
927 963
715 773
846 851
374 389
418 902
428 898
806 883
677 799
680 773
303 549
233 236
675 701
806 849
157 843
287 748
647 858
475 783
849 952
757 770
606 791
340 470
118 560
511 970
907 918
864 927
726 830
506 629
231 529
150 985
21 74
394 917
692 782
316 524
492 555
474 962
610 985
222 943
164 294
339 997
409 677
35 216
576 656
579 599
195 947
242 283
435 841
750 931
735 897
968 1000
365 619
713 961
833 952
740 898
386 887
45 450
993 1000
377 385
409 918
184 280
726 747
247 656
995 997
993 995
30 654
381 586
683 949
718 733
505 569
465 579
142 651
794 856
303 551
876 910
472 840
233 625
676 706
846 990
951 956
455 469
582 943
884 886
666 996
153 387
547 997
547 767
204 757
879 995
986 999
234 848
787 928
396 520
364 884
406 579
426 539
638 899
372 828
593 616
62 936
261 911
193 696
911 985
979 980
39 325
680 735
167 745
431 956
232 768
387 767
323 894
444 497
277 517
391 668
336 577
550 643
375 409
368 767
895 964
738 850
752 827
613 761
397 919
813 863
874 988
703 867
801 810
28 190
251 975
271 866
569 585
160 238
420 1000
926 937
182 708
786 909
555 801
997 1000
314 920
863 944
