105 52736
742 816
163 458
121 751
657 789
63 261
177 882
574 613
978 993
660 717
769 882
151 351
143 474
489 960
601 694
867 979
926 989
38 81
647 737
382 732
947 991
671 968
940 966
994 999
69 384
151 463
821 922
323 523
271 415
111 613
820 939
140 768
820 893
909 945
636 966
342 892
368 861
640 740
227 879
565 986
549 947
877 890
248 585
369 601
969 973
291 760
109 708
195 453
16 399
216 348
279 603
801 962
490 972
20 295
131 533
643 916
344 812
666 826
921 976
1 652
263 687
785 843
241 707
870 896
511 849
904 931
556 657
863 902
929 952
301 362
791 982
636 992
387 698
581 851
353 606
759 986
526 877
628 926
493 558
245 249
700 849
42 675
903 984
415 770
483 615
74 804
408 799
750 875
52 452
770 793
313 335
967 988
259 735
908 914
817 983
675 864
6 888
825 931
942 974
269 980
481 849
791 851
218 398
251 976
656 954
90 101
