109 49973
348 795
393 844
719 830
524 771
157 234
223 273
488 975
260 341
299 378
12 204
178 900
960 984
817 956
299 695
735 747
262 284
729 973
101 470
403 460
72 854
313 822
74 153
861 979
465 669
542 726
582 773
286 591
20 469
602 963
854 977
672 765
901 996
168 443
143 354
48 276
367 445
701 902
787 971
83 974
156 423
327 700
384 784
119 602
510 755
930 950
679 996
85 447
3 873
869 972
913 998
54 556
383 650
205 752
874 890
167 671
359 467
791 934
150 992
631 688
476 940
820 880
240 484
254 285
711 727
316 634
588 608
379 742
671 780
78 519
929 959
821 948
779 863
435 867
702 874
880 984
175 265
814 889
956 967
521 723
53 142
681 960
754 834
585 876
171 640
735 942
440 879
291 337
876 897
187 661
794 962
503 550
386 636
366 873
309 450
350 515
619 886
732 869
272 688
718 903
442 774
761 820
209 787
489 958
441 754
114 684
294 577
200 425
18 238
600 620
