148 74960
669 733
192 830
148 578
898 922
677 752
652 945
647 866
431 761
451 524
295 742
998 999
60 602
360 714
51 438
498 874
952 972
828 866
970 971
328 475
142 236
540 668
968 968
516 683
460 908
290 928
844 889
213 409
244 381
237 915
255 462
589 985
439 859
108 125
599 801
425 665
688 731
613 757
836 954
572 743
89 817
504 782
533 864
465 964
129 660
403 458
511 798
455 951
465 754
439 492
522 656
299 327
263 846
979 981
370 816
431 443
370 620
77 590
731 828
922 980
502 840
543 884
557 735
649 689
218 739
798 894
494 584
503 741
630 867
746 977
98 713
627 741
93 585
852 855
447 628
993 998
285 807
73 391
115 361
755 772
543 829
222 567
29 113
179 937
260 895
276 837
65 106
775 815
243 804
988 988
897 916
651 733
975 995
449 780
877 967
275 694
401 795
656 844
986 989
862 868
708 767
236 744
856 863
412 656
759 890
733 821
268 460
949 983
864 938
868 921
749 941
420 720
42 108
29 934
847 874
363 917
54 123
387 773
42 413
911 960
928 987
926 977
869 902
10 505
407 593
803 891
945 955
854 990
972 977
572 711
68 406
836 902
192 698
3 872
548 867
301 534
385 422
182 261
775 910
17 235
579 834
199 806
820 843
810 974
310 584
106 108
524 660
527 949
767 886
