185 99330
536 769
576 841
265 624
270 512
343 936
501 501
948 949
26 860
386 850
425 618
424 949
59 229
600 623
285 924
180 605
553 975
875 883
428 486
737 803
185 285
437 768
358 782
392 455
613 929
275 713
377 504
790 876
287 573
543 969
663 731
635 722
524 903
956 958
138 916
398 633
561 972
804 811
922 955
386 739
759 811
203 949
242 717
846 863
352 794
916 986
826 882
271 678
757 874
268 559
640 949
424 906
829 841
395 619
812 968
584 972
342 852
611 693
806 815
804 849
240 568
850 964
826 829
563 867
789 801
283 861
640 864
981 996
252 732
928 964
748 790
833 926
643 781
418 927
146 194
845 903
996 999
481 933
729 909
965 984
977 979
685 895
765 828
401 404
693 882
206 448
98 780
836 856
613 721
775 856
399 937
433 952
557 769
468 680
970 990
684 937
186 531
975 985
221 368
982 986
876 915
348 510
300 866
474 934
907 911
208 317
685 764
396 935
690 967
796 811
459 835
496 552
922 966
98 135
81 192
927 957
554 843
888 936
743 787
817 963
983 985
535 876
411 519
113 805
512 804
590 672
668 794
778 875
404 539
710 960
548 684
938 943
576 774
784 804
316 408
233 972
322 636
421 491
258 598
902 999
821 946
678 932
7 786
584 867
87 308
141 397
265 559
804 952
972 982
344 950
580 654
272 966
999 1000
102 701
969 992
262 750
202 276
358 654
573 736
125 425
488 627
804 886
579 846
513 790
203 996
761 938
36 669
771 857
748 756
926 988
622 876
95 854
454 785
401 534
75 472
111 900
873 928
578 629
244 363
194 296
653 971
507 768
78 749
257 805
162 838
956 976
