139 65729
23 744
264 953
584 812
672 955
250 274
97 416
42 628
175 289
128 412
271 395
665 892
752 882
426 493
794 824
32 751
173 703
684 815
579 695
706 823
160 230
845 965
562 978
472 806
935 988
28 258
837 918
300 361
472 965
874 994
82 516
445 719
129 507
209 906
381 690
994 997
605 889
760 765
285 916
723 746
71 795
117 421
212 494
622 764
251 634
699 938
611 910
592 923
512 797
86 267
33 367
198 772
450 868
910 986
850 857
245 735
226 951
349 683
291 829
413 809
174 879
164 627
440 749
501 871
581 959
336 587
516 942
700 998
832 926
772 944
207 505
319 853
224 782
623 912
616 831
793 870
387 520
633 686
743 900
391 699
450 638
334 354
242 484
649 686
983 994
507 854
148 698
251 449
3 581
788 897
455 505
513 762
123 518
319 584
641 885
868 977
88 999
714 963
348 705
925 936
792 828
44 674
787 874
268 717
632 799
670 740
505 632
291 458
826 945
968 996
494 783
55 824
373 450
429 650
547 957
656 974
252 572
206 439
934 984
946 984
472 703
756 954
740 767
723 928
614 820
540 654
422 858
890 890
284 487
644 711
187 517
851 866
145 832
142 796
938 938
899 994
346 571
90 273
846 999
70 924
