172 85511
425 427
711 736
649 808
868 953
443 669
333 579
986 987
56 538
38 798
660 734
48 735
428 801
138 602
626 910
873 974
11 801
571 735
177 360
58 791
461 565
559 929
988 997
657 898
793 926
355 496
758 988
391 637
585 788
651 739
709 919
254 304
510 697
787 908
157 985
101 457
402 748
920 935
979 988
805 877
121 234
417 813
884 950
817 939
609 793
2 377
689 961
222 512
520 1000
56 734
565 951
407 906
72 308
915 930
364 932
515 723
250 397
632 907
962 989
449 791
362 661
340 649
618 892
895 995
201 805
738 829
422 838
88 774
758 883
578 666
961 982
115 614
160 309
355 999
801 876
486 913
191 517
841 971
198 530
781 961
16 702
717 988
762 953
136 208
63 120
712 900
756 829
244 334
587 727
236 463
687 934
67 770
598 638
216 356
99 570
769 921
993 996
272 610
525 971
937 995
381 525
152 241
101 450
636 716
81 108
202 633
181 250
338 342
245 841
9 329
808 987
936 943
333 773
375 575
558 690
405 683
1 115
394 711
396 442
971 974
552 845
628 790
588 796
414 744
362 755
588 687
878 976
210 325
708 941
525 540
125 427
986 998
758 902
330 786
455 609
206 635
571 680
33 363
654 909
429 909
125 522
712 796
938 978
269 305
489 583
433 843
112 849
873 949
363 937
944 979
658 935
557 787
770 857
835 921
61 617
613 672
933 970
891 934
553 641
866 891
792 864
428 688
794 809
324 785
919 975
670 773
746 762
251 275
765 834
712 810
777 959
20 822
144 723
