111 58158
893 927
911 995
102 941
586 713
950 996
860 873
438 928
464 878
191 341
400 877
668 844
610 764
969 991
668 671
427 460
923 945
286 531
915 990
468 945
751 765
775 861
164 682
540 792
570 713
465 834
306 307
632 855
761 946
663 803
955 967
390 916
824 878
196 515
819 843
364 905
362 563
787 841
808 946
506 693
24 830
663 897
155 908
207 722
595 702
254 756
234 990
625 829
229 998
651 844
278 937
14 422
608 820
823 861
459 541
159 758
703 941
496 883
783 796
478 902
911 966
861 925
313 645
845 972
362 859
20 292
29 919
545 820
85 108
721 744
954 986
936 958
718 729
212 722
61 880
634 769
18 870
772 827
556 912
577 930
56 601
591 993
285 661
79 682
253 916
880 950
976 987
456 660
418 803
77 945
566 633
542 992
831 947
350 950
123 464
104 690
418 976
917 923
985 986
624 812
512 769
866 1000
685 708
265 600
227 278
380 489
18 821
705 931
898 993
509 976
737 872
889 949
