147 77753
696 908
817 986
75 469
177 384
608 865
838 913
789 799
505 985
384 556
847 975
656 680
461 665
557 731
861 948
971 972
182 447
164 655
183 964
858 936
415 657
126 362
332 727
330 797
324 817
462 651
700 911
509 521
495 764
491 495
244 928
752 897
844 861
853 986
862 929
62 921
715 966
534 729
850 910
470 772
669 928
656 809
790 969
98 459
140 871
820 862
471 479
734 894
534 926
695 960
234 586
469 789
371 945
531 966
902 940
682 881
488 901
544 963
539 665
190 450
24 267
149 633
476 891
419 842
925 975
327 497
380 672
982 994
342 591
169 482
298 379
984 991
119 250
497 648
515 842
700 743
591 896
700 972
701 960
175 807
338 383
23 607
891 951
297 401
825 948
642 703
552 649
179 605
353 359
655 847
845 881
721 841
886 927
52 682
325 606
662 731
732 817
342 768
548 719
722 899
179 292
455 539
188 795
216 941
420 530
5 696
932 952
482 890
648 728
883 906
55 323
934 985
817 858
515 586
768 888
649 935
470 742
256 616
849 989
609 716
962 981
575 999
826 898
434 499
993 996
44 924
802 927
585 790
431 681
778 936
398 823
116 254
819 993
481 625
606 749
319 728
164 577
50 189
644 967
805 904
789 909
314 521
717 762
516 570
843 923
411 880
713 745
668 989
