124 61502
845 861
677 835
555 702
567 775
583 626
184 276
869 932
888 916
753 878
988 988
354 905
217 830
58 250
974 978
517 979
262 663
942 952
502 543
972 997
56 936
263 390
458 615
675 999
17 724
368 463
518 888
597 950
787 865
367 968
10 204
166 436
902 927
703 838
878 948
297 658
968 992
974 983
18 292
394 662
1 865
341 930
37 757
100 356
627 731
407 675
475 818
529 586
292 861
503 547
625 832
320 473
612 864
519 565
313 950
766 845
810 935
316 717
825 832
417 787
41 192
497 696
223 480
905 915
594 832
950 976
762 999
950 960
598 731
666 989
142 834
403 902
706 958
741 992
320 488
312 831
992 996
337 914
300 904
544 755
755 982
21 847
800 987
762 831
172 896
904 917
575 956
661 776
508 591
778 780
375 639
198 213
388 583
281 989
225 651
837 904
581 778
100 177
675 936
176 668
227 692
16 17
33 870
345 348
666 893
815 927
975 998
136 936
254 632
761 783
422 924
873 876
519 914
152 436
753 850
228 895
432 622
429 803
150 638
939 941
421 445
26 562
845 856
219 502
152 570
