125 58990
856 937
2 560
279 695
549 646
894 995
994 997
308 945
237 754
584 772
951 965
375 735
930 944
494 801
704 730
168 841
8 55
714 987
519 998
473 552
452 808
34 284
191 786
797 916
192 321
162 452
60 589
243 657
947 962
701 946
379 845
789 829
148 705
626 741
182 997
760 1000
30 777
988 994
528 785
22 188
480 596
393 774
507 778
478 847
131 980
99 958
404 577
779 805
624 630
594 716
293 428
944 987
100 295
229 350
335 461
515 845
996 997
535 997
876 988
301 852
273 443
26 385
655 899
232 527
167 930
69 771
124 754
971 998
57 96
506 700
926 963
672 998
555 602
879 927
425 607
550 772
523 872
644 739
340 737
86 360
483 888
405 530
518 668
355 486
322 538
12 223
412 785
204 402
549 985
913 962
866 894
628 703
595 809
634 700
634 764
963 972
564 934
636 697
218 454
90 749
447 595
284 778
954 998
903 988
614 889
329 689
389 550
219 649
283 935
4 99
820 960
184 217
196 627
131 633
776 852
769 851
253 612
503 805
528 534
983 995
927 968
606 654
626 811
157 781
343 647
197 405
