128 66286
124 962
699 699
379 526
160 250
378 984
509 883
108 330
413 954
864 867
912 944
528 845
779 891
679 797
97 191
670 881
495 875
181 293
808 917
607 743
852 889
739 884
184 978
72 388
57 348
261 675
822 824
559 563
865 962
859 867
100 521
235 343
297 467
645 728
210 839
453 688
786 857
443 491
854 868
816 873
136 497
152 888
582 782
826 972
146 607
695 997
603 891
312 350
260 618
297 920
220 871
665 760
83 276
979 984
979 986
149 695
721 828
188 869
770 972
853 866
55 88
361 964
412 592
628 714
473 803
529 542
26 508
793 914
640 875
640 987
507 983
239 270
860 916
936 989
467 826
282 830
612 722
898 949
453 473
730 740
254 731
988 1000
849 963
622 773
649 787
302 949
701 950
137 610
726 921
860 896
315 334
2 512
404 465
578 902
397 711
618 793
863 909
904 974
474 608
759 808
633 802
593 612
160 867
990 1000
673 984
842 973
386 630
9 935
647 800
439 618
642 834
374 929
350 654
61 331
973 991
375 447
727 736
942 999
717 803
882 897
54 759
506 724
249 375
376 494
636 911
628 791
503 715
711 855
149 379
