165 79326
647 925
779 886
182 959
647 767
422 876
82 911
907 945
549 593
673 843
605 658
7 164
264 666
912 990
94 857
895 921
583 909
284 956
773 936
404 971
761 992
315 689
552 774
397 506
674 776
665 678
7 446
461 505
123 939
672 807
969 998
405 649
418 440
792 801
320 825
716 796
626 942
354 726
423 656
132 664
376 433
613 972
98 490
617 707
248 598
114 926
952 981
105 308
715 906
611 971
525 851
898 935
356 433
105 436
323 412
831 934
922 966
933 984
815 830
84 465
205 869
477 636
88 244
559 877
12 411
234 459
814 866
533 865
945 975
950 961
240 249
47 535
593 662
374 852
47 78
557 567
600 872
11 520
687 695
488 653
339 467
610 662
210 610
456 895
539 752
352 713
612 964
46 807
575 839
71 650
197 701
429 661
572 835
267 947
597 986
345 975
970 979
700 904
209 475
762 962
794 916
823 908
716 796
381 480
674 827
775 891
435 603
727 742
239 798
121 783
918 974
21 979
45 779
340 551
613 945
860 872
227 565
415 738
691 694
436 889
971 983
283 585
78 114
227 593
602 810
450 686
722 723
862 963
8 338
841 982
300 378
476 508
136 584
48 563
218 843
595 926
883 910
42 417
899 928
601 874
958 976
281 846
398 420
542 607
784 958
742 996
10 477
786 958
875 933
499 820
81 378
865 933
601 781
211 852
633 770
27 154
300 442
876 923
268 436
8 232
268 359
693 818
708 872
976 995
121 364
270 300
