186 95030
756 901
694 781
861 958
626 997
223 601
142 470
8 450
308 637
389 971
26 401
144 549
471 578
695 849
654 792
688 922
625 992
44 679
385 590
599 946
411 559
220 562
162 442
494 648
739 893
928 939
940 960
689 726
491 923
367 542
515 786
635 714
829 832
935 964
678 910
495 955
645 725
852 909
549 995
778 812
426 884
939 980
831 969
597 637
563 879
821 939
228 512
56 529
628 909
436 582
267 941
217 746
839 947
428 592
228 747
979 993
31 852
644 654
795 860
40 959
842 912
865 976
539 927
557 898
42 749
573 929
246 607
728 966
850 965
171 813
873 927
767 994
721 743
240 428
757 812
340 579
140 165
520 745
316 717
622 664
398 974
367 694
179 349
631 966
347 489
767 879
481 725
461 948
832 872
881 888
60 711
157 731
847 960
661 769
636 910
9 603
225 375
808 858
244 952
903 913
803 983
767 848
979 998
958 995
136 651
202 245
539 620
517 977
495 773
533 673
419 845
162 652
243 315
393 537
806 846
831 888
37 986
171 500
16 473
205 1000
749 853
791 950
741 900
198 530
241 972
447 832
556 931
114 810
298 904
970 977
799 823
899 997
164 774
284 527
938 943
719 870
836 925
672 860
560 909
674 927
318 520
716 750
827 906
649 892
58 444
178 634
164 676
764 795
993 995
480 481
154 857
14 962
890 964
946 973
58 709
991 998
972 975
412 638
22 214
862 952
239 278
233 372
114 433
718 864
322 649
739 814
597 808
15 633
93 965
58 758
364 485
464 906
158 624
628 686
953 977
634 969
215 803
455 746
704 982
850 891
460 947
978 984
382 773
921 988
746 756
364 824
9 484
