108 55450
870 883
442 733
69 364
690 942
24 891
675 967
978 981
926 969
961 989
365 742
806 817
159 419
424 519
402 806
417 473
228 960
789 872
422 705
549 869
878 988
371 958
66 680
538 547
947 957
838 964
225 688
863 887
962 983
426 728
828 902
945 966
408 545
269 666
166 422
551 823
859 885
262 759
888 893
149 657
533 591
332 399
925 991
450 492
251 562
429 573
943 982
456 825
971 974
816 969
724 953
76 822
771 912
192 492
26 76
619 761
388 960
582 750
305 590
314 430
640 775
341 341
974 999
616 887
952 959
717 878
689 901
60 127
693 880
510 761
4 345
365 889
54 899
257 912
690 754
503 901
226 488
407 480
206 901
232 571
877 918
70 296
237 590
809 867
479 714
801 875
259 395
368 477
607 678
327 980
103 705
357 907
42 595
920 973
387 775
382 835
134 895
426 475
448 767
885 999
789 916
612 771
994 995
779 788
618 840
581 781
770 800
242 561
272 512
