118 58743
392 702
582 854
333 906
681 931
561 997
364 432
167 807
868 978
932 950
683 991
997 997
16 942
283 480
32 558
943 992
342 649
205 682
742 868
418 804
567 794
341 703
17 304
370 846
756 854
584 638
770 809
230 759
927 958
994 995
702 848
665 994
425 944
73 675
945 994
818 899
463 507
800 945
662 718
906 908
156 923
318 487
858 983
749 986
390 494
240 992
238 414
28 524
50 71
679 753
413 454
713 713
295 669
200 987
835 981
475 716
146 841
912 930
468 803
976 992
511 626
189 449
507 645
342 667
673 845
90 426
929 931
105 995
524 785
319 359
36 949
790 892
695 919
204 441
897 928
370 848
279 315
794 949
651 801
755 785
419 421
471 850
96 138
428 800
137 287
945 1000
46 753
358 476
67 286
875 900
50 354
706 974
675 979
407 604
815 893
642 829
819 935
83 948
910 996
778 900
671 968
43 653
737 933
59 333
277 586
339 597
609 745
766 924
299 490
491 651
109 350
683 698
730 880
270 272
817 851
122 619
217 799
671 939
750 792
