101 52785
631 871
101 344
690 834
530 785
233 783
881 983
812 993
990 995
567 844
468 975
633 639
714 810
878 933
711 782
910 918
653 876
753 785
705 909
791 847
869 886
803 921
282 448
496 643
252 836
991 997
430 490
721 777
806 962
961 997
579 775
118 694
379 655
3 848
279 764
992 994
294 649
11 203
403 818
619 904
699 702
720 960
13 578
326 716
292 311
730 831
188 887
667 905
309 726
197 993
140 610
257 280
339 617
366 563
376 863
858 891
354 827
365 868
139 162
561 884
548 799
487 688
840 921
195 684
509 636
770 942
670 986
694 995
114 804
793 906
421 641
730 976
849 912
494 844
536 584
594 955
540 891
914 922
998 998
283 289
618 619
826 844
501 917
898 916
24 610
693 912
276 930
200 956
135 389
824 862
720 952
355 914
479 771
179 762
300 340
561 607
494 725
797 841
80 451
151 506
615 790
244 607
