184 95541
357 411
118 664
888 933
690 946
394 910
45 644
326 336
345 377
109 420
184 928
949 957
503 513
163 689
175 768
665 927
781 961
845 908
739 786
276 558
34 569
445 678
641 777
128 297
580 661
331 352
347 576
310 550
926 955
849 944
424 991
881 959
594 796
582 592
714 893
985 1000
142 944
109 578
112 166
242 314
852 918
756 809
498 923
874 999
823 985
387 761
245 878
175 230
329 362
665 852
347 579
306 312
513 689
587 686
973 982
894 915
643 721
777 779
500 634
880 963
86 951
180 970
475 909
544 682
212 936
873 877
520 548
459 977
257 385
526 784
529 764
303 902
401 428
255 593
423 900
422 803
388 872
293 742
811 870
372 715
750 793
546 574
490 516
995 1000
422 894
653 777
423 860
482 757
910 975
762 925
449 509
945 952
554 765
996 997
531 646
920 984
783 979
754 985
290 728
529 978
684 961
885 889
956 973
552 755
48 128
893 938
289 836
665 963
415 595
942 961
884 986
780 928
23 385
351 750
274 887
914 943
24 825
816 917
811 938
886 936
537 926
445 811
340 703
10 121
465 482
619 729
165 789
914 985
515 631
981 985
22 900
752 1000
378 708
792 805
122 980
671 672
785 843
478 504
785 926
341 785
629 690
403 729
742 963
953 976
614 952
759 856
804 1000
671 978
596 940
930 992
34 472
78 655
437 617
236 532
875 913
852 1000
375 441
231 568
955 973
461 725
789 832
198 582
265 559
775 949
38 817
762 993
175 525
626 833
279 612
504 670
614 867
334 404
961 995
569 576
38 667
233 468
579 834
34 704
189 636
327 733
708 836
263 989
8 359
944 1000
19 973
