198 94661
794 920
152 413
364 628
461 707
693 907
139 604
930 988
990 998
608 983
685 882
399 689
727 750
897 956
207 379
136 293
972 991
377 614
699 917
997 1000
405 472
877 986
720 898
126 277
64 385
42 213
542 901
254 367
223 962
476 606
903 951
896 910
82 241
435 731
887 970
933 982
759 867
681 950
599 950
359 900
60 554
617 635
704 884
185 579
40 367
595 752
278 576
150 805
263 657
177 263
264 474
475 816
567 715
205 628
168 379
13 131
128 283
252 878
124 979
378 677
412 713
851 859
656 971
342 880
720 948
638 917
514 976
224 505
661 846
927 943
698 934
819 977
868 955
481 579
310 397
69 644
409 816
525 978
785 858
258 565
828 956
945 955
118 681
772 867
920 934
220 352
234 721
126 870
72 219
731 846
705 952
802 892
992 992
915 928
188 832
651 984
603 649
319 605
341 658
952 992
792 960
165 202
305 350
278 924
47 647
814 911
479 753
125 241
911 920
120 431
458 890
495 719
867 875
28 474
901 957
508 732
417 767
936 958
336 641
305 896
394 681
163 229
170 984
118 188
961 980
110 542
555 867
909 952
115 215
170 433
542 598
93 888
368 637
459 706
81 428
197 529
54 845
417 728
228 438
167 336
213 854
710 724
964 975
774 978
597 810
641 963
532 953
987 987
846 921
661 940
684 918
483 676
689 960
996 1000
759 887
513 806
408 619
42 457
969 985
432 840
867 905
388 673
85 502
99 112
479 788
887 894
936 987
112 256
655 685
254 262
34 680
258 400
122 128
471 539
993 998
740 933
79 574
297 650
850 927
675 861
362 856
908 963
26 614
39 378
265 656
983 990
7 993
342 430
364 506
359 814
111 150
242 942
315 662
482 662
782 886
815 932
154 279
197 224
434 837
