103 45993
755 971
149 431
391 696
92 343
112 657
240 336
285 873
168 533
239 648
704 845
926 993
112 584
176 913
955 983
839 858
253 839
33 628
202 669
390 723
41 658
732 914
9 505
711 919
724 995
408 545
820 907
16 595
455 498
925 942
342 468
32 211
908 930
86 851
582 838
852 922
986 1000
473 919
373 824
823 992
647 684
933 992
525 536
713 812
401 938
75 249
6 556
203 289
819 837
797 984
516 949
412 426
942 988
593 893
325 903
140 843
457 869
115 553
875 983
270 817
409 562
132 274
363 409
572 959
538 655
886 939
212 559
978 992
122 573
18 304
337 358
619 825
414 451
355 977
120 938
309 821
410 654
9 660
300 500
163 769
306 542
173 747
282 727
993 1000
127 676
769 982
776 799
779 847
663 673
243 402
703 897
83 881
866 960
598 614
297 475
703 804
345 509
365 640
606 904
344 355
899 905
12 698
647 823
64 316
