154 78469
288 565
930 947
353 853
720 893
208 215
854 998
729 780
262 836
35 123
428 515
750 837
901 998
545 551
423 801
566 749
936 946
617 656
109 196
75 297
903 981
671 726
969 984
716 986
620 933
392 487
468 636
362 481
219 862
440 929
799 982
133 461
323 526
437 811
47 896
309 749
134 967
580 921
212 841
418 462
341 810
825 881
199 903
719 771
637 862
513 740
488 890
722 953
757 904
282 356
310 419
288 484
878 920
287 959
493 976
245 593
73 943
510 992
515 941
980 980
289 688
285 294
647 729
653 969
673 917
316 809
746 864
176 224
506 873
655 747
58 719
253 980
998 998
326 993
126 463
532 622
898 953
591 660
516 896
888 948
828 943
393 943
933 991
796 887
668 884
91 561
110 257
357 855
215 736
873 991
76 705
742 823
391 839
822 929
801 968
580 729
299 846
342 743
858 985
31 609
310 425
485 941
496 871
602 712
466 991
963 984
718 894
78 896
773 837
320 801
165 852
940 998
468 706
843 881
148 591
375 493
162 633
887 973
91 411
386 421
243 489
149 654
243 285
781 958
997 999
2 822
611 787
912 993
280 611
874 917
951 954
678 949
811 946
988 997
974 998
147 778
676 756
752 805
22 610
793 874
30 704
902 927
799 844
475 710
614 904
970 983
345 822
548 666
29 460
695 725
592 800
339 608
330 362
831 909
128 577
