176 88392
946 967
468 782
644 711
510 670
196 201
303 524
454 669
835 995
775 800
841 942
567 907
991 992
569 776
683 1000
894 934
694 840
408 421
205 682
80 514
372 988
649 916
368 639
254 445
505 992
569 732
322 885
67 883
477 564
983 983
137 542
365 622
944 980
593 627
470 794
913 947
217 458
991 994
229 344
351 463
154 907
873 911
7 331
79 872
602 943
502 636
398 708
209 387
345 472
185 758
477 599
920 942
942 977
588 938
644 671
666 698
418 751
993 999
88 148
270 807
350 741
569 758
239 491
627 858
836 989
573 867
356 984
277 627
139 410
440 711
153 499
390 499
236 877
960 990
418 994
853 999
748 993
127 155
237 916
883 947
312 591
960 984
258 309
531 994
793 993
389 933
304 698
689 697
637 740
235 668
152 698
415 761
923 989
235 498
500 668
897 921
923 947
636 972
748 986
425 485
309 965
752 853
872 875
468 963
802 815
933 993
611 849
713 921
493 825
543 631
613 743
558 959
891 925
414 965
846 934
239 508
206 258
131 671
798 938
566 566
311 563
510 864
755 801
803 927
555 719
352 881
247 755
847 895
587 685
33 110
255 407
803 991
145 999
97 406
845 920
825 919
445 848
244 594
277 870
368 924
958 974
61 208
531 943
700 794
372 793
301 361
534 539
328 438
42 229
736 740
373 488
301 961
399 551
729 864
148 598
181 920
825 879
131 858
351 901
406 420
837 956
527 693
756 776
86 413
23 868
528 903
577 591
878 916
340 834
620 807
593 671
836 966
550 792
878 947
161 167
85 978
75 194
