114 60753
767 965
372 684
277 851
69 829
805 834
838 999
733 802
364 717
172 352
604 903
951 986
253 337
556 743
448 689
978 978
812 828
892 940
894 963
420 971
346 590
697 904
805 916
211 808
597 978
945 954
900 944
954 990
298 549
869 938
511 779
722 799
409 993
83 912
466 795
222 747
354 735
514 577
262 598
466 781
42 941
856 903
508 783
113 452
980 982
663 672
235 475
706 787
886 992
293 881
57 832
909 968
220 645
29 942
347 356
926 932
390 742
976 976
502 986
668 991
323 839
174 287
106 156
441 792
811 858
431 532
707 749
728 745
346 915
559 806
400 726
515 589
774 909
49 939
597 714
925 969
34 231
870 879
26 842
2 959
383 532
968 972
137 623
939 959
583 718
260 296
800 912
352 918
744 752
278 448
449 839
784 805
836 921
798 876
166 504
672 870
281 594
214 721
646 890
750 774
458 827
863 956
146 648
49 526
866 874
930 983
160 836
523 707
875 983
547 801
852 967
622 907
951 982
633 953
277 638
