170 78104
453 532
889 967
882 908
109 372
613 801
278 597
909 975
450 475
93 494
20 996
545 876
242 479
328 710
494 852
158 620
815 958
957 959
167 338
515 678
871 961
399 409
505 593
463 908
375 977
960 979
173 850
350 798
514 583
578 590
626 706
576 900
575 951
264 416
491 597
157 528
939 953
145 282
874 997
940 955
657 864
300 897
79 288
434 539
592 919
381 596
738 898
812 894
406 811
46 239
165 696
450 512
513 708
830 906
865 920
631 974
486 771
207 580
642 819
729 946
77 645
134 664
374 408
373 898
112 780
614 784
857 964
553 961
257 547
504 538
97 235
883 951
596 754
412 597
750 982
863 958
163 497
476 984
522 613
690 916
207 518
36 292
936 997
211 213
330 814
575 818
338 951
540 867
590 978
225 634
356 480
72 574
919 929
700 766
365 421
230 651
549 980
508 554
294 711
310 640
402 696
515 669
893 996
841 969
490 897
49 980
423 884
806 897
50 193
38 871
380 962
504 743
32 171
66 984
378 646
147 338
28 678
238 948
640 734
227 235
827 873
336 535
745 903
222 393
848 863
793 868
719 725
7 976
260 823
336 649
903 993
558 811
737 773
694 930
73 173
635 933
512 764
14 369
120 877
540 968
625 656
497 606
411 856
199 246
266 390
284 910
141 458
954 957
661 740
598 698
385 581
822 923
216 627
747 994
497 868
692 892
208 357
109 536
935 977
800 895
243 451
414 555
106 185
957 972
42 465
511 838
3 746
226 399
399 976
218 289
658 884
