120 60723
613 703
802 897
257 632
52 314
124 987
948 959
972 976
849 949
711 880
395 418
832 865
956 965
60 463
678 894
264 825
49 921
323 605
738 914
270 550
449 742
471 597
637 963
656 742
694 694
692 717
186 835
239 692
801 965
84 142
25 51
378 776
477 703
340 897
254 753
300 306
595 757
339 406
491 957
910 977
446 653
373 574
886 905
119 753
266 466
383 971
446 882
607 915
504 847
230 398
334 693
840 944
779 970
640 958
360 810
595 917
834 931
108 609
65 702
576 654
278 647
206 521
199 876
808 891
321 985
782 862
180 636
326 624
702 915
834 891
73 113
141 892
540 684
282 468
159 273
658 661
12 431
636 969
259 800
553 952
592 714
783 848
378 648
633 773
342 839
634 658
660 966
563 742
583 890
959 1000
496 797
759 837
834 881
25 92
849 924
945 976
853 954
219 891
821 975
182 205
819 994
249 301
694 775
192 720
294 665
862 895
178 257
998 998
793 981
481 854
603 937
602 889
748 880
38 655
745 996
699 929
818 933
609 943
470 484
802 837
667 924
