126 65101
879 894
47 524
827 979
198 714
287 984
739 865
774 937
752 907
640 843
956 991
596 643
543 756
180 631
371 655
537 544
166 487
179 459
843 891
386 586
408 575
642 802
110 327
964 981
979 989
292 909
958 989
659 879
453 607
296 520
519 551
447 597
859 859
639 905
457 803
418 884
790 836
677 776
859 908
431 639
925 927
850 944
841 961
185 470
759 792
650 730
8 287
944 986
680 747
239 608
692 763
315 419
552 651
324 886
816 853
169 784
491 939
75 361
916 940
973 988
691 979
292 712
890 933
863 967
127 941
303 849
119 738
956 983
666 906
500 843
736 916
507 537
320 928
593 958
869 984
343 390
244 448
133 202
541 905
346 422
939 971
536 628
772 996
886 952
375 567
148 519
410 721
910 989
582 780
828 834
870 926
270 826
80 313
106 931
575 718
722 789
93 806
734 946
609 835
229 435
168 754
956 989
451 805
26 432
100 564
997 999
338 533
88 265
558 739
789 913
784 862
968 968
349 931
201 517
48 644
122 369
172 652
267 697
832 965
327 665
729 923
259 319
361 569
175 709
488 955
255 412
418 654
