129 64335
248 304
964 991
963 970
193 996
94 252
669 871
607 796
229 272
887 997
95 653
151 176
480 480
57 459
506 649
611 998
68 805
724 884
429 663
821 900
425 661
628 805
568 857
119 217
480 936
664 896
294 578
775 990
782 821
930 948
25 161
700 914
439 454
704 866
502 855
217 538
330 490
509 800
17 890
130 523
919 935
937 999
280 463
522 772
309 405
302 361
963 970
181 767
846 929
340 954
651 963
317 711
479 677
170 779
825 867
421 544
491 670
20 584
543 584
462 517
673 829
667 974
640 893
685 880
8 21
705 718
4 440
168 214
121 781
125 405
499 835
889 915
769 945
922 955
807 851
354 481
305 493
419 617
526 541
860 914
547 697
809 864
110 618
399 680
178 806
320 325
169 820
927 977
150 656
906 968
894 999
20 210
461 975
494 603
655 736
194 505
4 664
271 430
157 388
684 763
500 778
741 996
405 429
590 901
485 944
651 802
138 669
628 997
885 959
106 874
65 161
250 928
964 968
980 980
766 778
647 853
956 966
397 501
642 864
300 993
831 880
784 873
763 895
363 547
965 984
342 517
348 615
704 708
882 956
749 818
