137 73555
672 953
144 203
452 690
239 346
541 775
667 802
502 667
747 980
885 968
468 992
989 1000
875 958
146 256
438 681
53 625
743 941
179 594
891 966
620 856
410 728
630 711
483 981
508 561
752 947
921 991
391 913
355 450
6 733
403 878
866 871
372 930
27 585
815 860
739 801
682 838
562 760
73 457
205 668
553 679
813 979
343 382
379 501
543 899
177 964
324 933
595 715
531 554
876 971
893 966
313 315
594 852
672 728
588 939
76 103
434 993
789 928
20 577
596 825
618 715
883 909
818 923
355 988
527 748
385 979
678 928
163 433
807 897
605 763
576 874
518 704
376 421
993 994
750 832
277 783
194 942
816 993
242 921
845 848
312 981
614 643
652 755
472 891
930 998
884 910
380 824
821 873
91 328
129 172
894 979
375 647
904 997
774 948
1 713
239 371
254 576
589 714
378 786
729 792
479 696
151 644
898 971
821 961
897 970
99 288
746 858
734 871
69 432
855 897
824 953
635 991
996 996
390 826
262 425
236 270
750 926
402 799
368 575
288 795
355 515
982 993
583 964
964 984
573 638
543 686
436 906
503 821
280 593
617 960
919 974
48 832
342 879
599 977
588 903
709 760
548 735
849 903
808 883
