163 79532
910 911
958 960
194 429
164 785
549 949
741 996
66 77
302 620
560 940
976 990
597 928
887 946
762 939
689 695
655 948
831 879
333 473
396 478
672 691
406 686
853 996
172 684
289 531
979 994
829 847
465 837
309 553
546 810
92 232
793 975
280 665
755 908
248 657
348 739
236 261
456 644
66 92
283 984
800 874
623 832
161 428
594 858
315 374
66 909
832 985
183 354
492 818
460 883
235 896
753 902
532 908
436 594
256 331
512 567
913 928
99 101
674 743
354 438
257 527
691 978
169 314
952 981
405 524
927 964
92 808
132 317
650 994
443 959
48 129
941 988
903 924
615 912
141 819
174 240
753 861
106 778
724 827
512 955
687 960
513 849
970 987
613 621
432 665
279 397
304 641
69 622
179 620
242 683
122 887
735 829
247 985
135 545
268 948
199 648
324 563
602 932
177 371
185 422
616 639
37 600
560 576
208 335
748 881
372 595
765 923
138 241
212 900
613 615
368 368
500 839
440 667
474 759
245 755
711 847
157 765
941 958
812 826
556 870
662 760
461 787
497 599
742 759
236 399
146 870
138 151
866 958
63 320
663 931
667 874
444 761
398 638
999 999
887 903
290 314
934 976
158 266
170 275
947 981
748 819
674 953
41 239
556 583
710 970
7 115
279 911
532 650
749 961
444 746
374 698
704 920
43 266
892 928
175 459
926 941
637 827
418 728
84 464
845 939
962 1000
757 977
467 623
870 998
942 996
