106 53559
648 764
597 973
458 491
112 207
121 998
944 970
975 989
784 877
885 906
72 491
484 535
698 970
299 788
167 651
384 473
899 970
909 919
78 216
831 958
281 644
267 349
944 978
754 797
83 371
119 711
749 904
484 836
396 583
476 794
337 934
255 419
114 178
211 581
412 841
278 342
234 897
399 685
120 436
843 936
944 946
475 774
200 332
241 244
415 456
597 755
961 989
669 868
464 632
751 945
333 777
370 648
639 818
475 536
468 791
164 264
407 672
771 974
733 865
444 752
893 966
505 907
527 945
259 937
474 833
181 301
817 875
640 862
327 338
772 950
298 692
314 756
801 939
177 493
637 839
331 341
501 804
221 668
945 984
855 861
212 259
48 249
787 789
262 896
992 992
629 850
959 990
636 735
118 269
981 1000
32 371
138 914
864 865
783 995
797 902
454 484
982 991
880 974
373 509
974 974
411 653
368 851
399 644
75 76
460 955
86 871
761 889
