144 70384
299 674
557 800
255 845
806 997
347 435
906 946
418 665
882 922
610 682
293 604
891 984
1 14
313 595
812 814
982 987
959 998
457 518
470 668
9 336
997 997
716 998
54 872
971 983
673 959
691 892
419 744
292 824
202 650
865 870
591 952
754 762
297 896
801 884
435 939
378 706
984 997
710 770
600 773
88 291
16 189
795 879
745 836
52 786
636 682
79 551
293 755
261 582
765 828
68 821
53 853
545 627
165 950
115 267
711 886
488 742
316 485
194 449
681 699
680 681
154 969
619 696
573 932
171 222
696 829
412 641
197 745
719 745
651 878
446 888
990 998
595 723
310 666
467 937
744 805
970 990
576 800
164 615
887 949
734 920
170 527
79 270
228 842
896 978
925 977
423 717
828 933
784 810
751 877
661 777
625 646
403 428
50 953
443 652
133 541
866 996
388 692
328 661
523 831
347 586
653 814
815 977
32 852
645 937
550 769
694 901
755 836
811 843
274 725
755 862
380 877
233 779
275 302
106 975
176 501
506 827
350 915
211 993
938 951
21 336
98 629
976 985
631 937
934 980
403 588
112 706
385 657
4 546
109 942
872 873
404 480
235 426
768 837
880 984
700 996
219 266
460 534
284 865
374 697
254 607
121 827
507 727
522 989
361 807
221 365
