122 55959
880 934
243 298
731 746
71 745
500 944
608 719
661 699
268 339
926 954
152 453
768 802
308 660
476 863
62 743
601 904
545 690
902 977
511 771
70 133
778 934
623 842
767 782
78 121
292 853
569 883
372 708
717 902
411 443
563 661
812 830
361 782
715 797
710 750
377 640
245 585
233 594
842 876
777 788
112 542
227 241
911 967
428 880
636 673
49 297
36 108
867 931
34 918
702 765
442 884
385 605
953 958
340 851
411 411
307 771
47 254
725 809
275 587
223 297
286 837
335 767
321 679
277 538
32 32
607 895
292 506
930 957
238 975
745 915
186 369
941 977
87 125
103 444
427 689
309 492
410 739
911 915
338 772
944 970
87 355
383 468
409 762
331 732
777 813
796 858
750 824
706 820
977 1000
277 400
597 671
712 922
345 998
46 768
548 630
463 469
587 617
215 324
642 954
269 752
279 603
44 562
772 821
395 932
151 559
73 290
317 346
789 989
202 260
202 724
186 360
194 730
865 947
846 943
96 719
402 791
407 513
928 974
463 786
575 632
93 166
196 742
241 460
971 992
