116 58008
449 764
482 618
430 765
456 722
237 832
219 650
411 953
819 901
380 390
974 993
293 522
712 770
362 857
936 958
982 991
256 578
612 805
772 827
816 938
190 695
567 989
862 991
688 855
804 977
68 530
683 729
112 449
685 905
194 936
679 837
468 820
104 438
395 398
803 847
448 754
637 891
895 932
461 724
45 127
175 449
245 878
528 848
846 998
986 990
983 985
522 989
218 488
413 918
949 991
455 944
75 594
141 226
79 932
819 890
64 538
546 781
744 925
367 690
279 538
44 755
161 989
813 833
204 426
530 585
369 939
956 980
843 991
669 978
220 563
409 956
613 956
980 985
109 780
171 422
251 625
450 491
779 785
161 584
932 996
246 585
319 522
776 979
542 885
117 497
998 1000
389 633
704 772
201 572
682 884
292 412
410 413
968 996
301 885
757 890
64 516
688 877
717 871
184 492
855 861
39 332
721 732
351 403
907 966
554 786
729 813
234 444
808 924
368 605
346 523
615 713
911 948
19 660
632 845
185 911
476 723
418 755
