145 76777
305 313
406 871
556 897
115 319
31 436
595 962
135 248
636 999
208 308
627 703
19 299
810 845
425 650
854 873
837 956
209 437
40 529
979 1000
252 421
380 777
727 888
915 920
934 954
198 206
132 444
400 544
649 825
569 645
241 858
347 655
552 782
177 735
389 627
479 688
231 434
57 177
378 705
208 730
597 633
752 980
777 977
938 983
976 997
837 973
399 878
382 572
265 268
723 917
495 809
611 617
369 552
49 148
226 324
729 902
179 399
482 978
874 960
656 710
622 777
530 683
834 954
31 813
103 565
609 812
226 584
676 747
223 333
957 980
648 701
501 612
948 996
143 347
375 995
798 855
403 745
777 902
825 895
696 829
920 931
942 944
698 744
756 949
243 830
879 1000
710 732
679 762
201 854
948 999
826 828
863 908
426 830
330 705
525 935
2 372
635 792
157 261
274 924
71 518
448 919
964 980
633 728
640 708
935 945
611 793
32 811
111 734
691 747
982 991
845 855
889 935
903 952
282 913
491 834
806 893
602 619
915 979
127 250
444 453
414 619
784 912
665 845
789 857
617 769
427 571
581 802
127 616
254 683
900 926
133 495
949 980
544 820
429 507
660 958
822 878
721 866
727 874
150 669
144 620
525 745
561 944
269 386
526 610
755 772
805 989
819 828
