181 92003
516 846
590 813
863 893
566 957
829 1000
663 912
990 991
491 573
544 631
570 838
454 524
366 901
994 1000
657 813
720 788
570 741
668 934
653 783
315 731
524 895
29 117
72 192
659 665
186 869
229 908
833 886
629 957
952 953
693 816
676 913
908 968
595 959
859 956
188 365
782 818
264 319
449 482
968 986
201 277
775 950
128 779
767 801
35 909
862 929
629 777
301 425
490 1000
549 894
599 832
401 645
768 890
41 186
316 618
747 867
676 818
5 618
778 998
474 794
949 979
596 811
700 774
199 418
451 590
992 995
94 609
897 966
119 295
151 174
371 477
412 908
423 841
795 854
921 997
504 694
739 868
718 796
946 948
918 945
419 455
983 998
144 543
169 742
863 923
865 896
419 522
168 183
232 916
541 953
810 858
382 767
23 685
773 908
42 652
433 868
180 225
539 678
241 359
45 642
602 615
805 866
186 414
910 975
697 868
842 892
108 239
779 833
25 53
352 764
84 336
686 778
977 981
3 750
4 791
211 982
142 679
76 709
404 584
154 503
208 883
569 867
766 783
104 785
342 431
91 395
588 771
11 818
825 838
758 861
224 417
739 961
870 875
512 898
355 851
931 945
63 852
884 884
6 651
352 525
434 553
600 897
692 914
999 1000
850 885
124 447
446 746
130 793
56 163
150 541
938 985
164 333
197 304
931 983
376 860
551 666
230 298
235 815
834 973
968 995
601 814
752 905
795 877
928 975
983 986
156 348
969 974
265 291
514 614
218 837
269 813
995 995
278 884
345 842
899 989
517 846
593 774
760 842
677 903
70 249
435 931
417 567
194 734
