194 93422
271 835
65 370
29 441
178 240
360 645
419 921
71 769
477 951
915 925
87 721
314 648
987 997
377 767
175 211
781 952
86 660
584 908
917 920
155 686
800 806
11 685
873 977
373 530
802 853
383 924
897 931
445 958
380 452
970 981
159 888
534 1000
85 406
343 855
570 850
827 873
472 494
706 876
490 543
513 768
525 708
965 980
219 425
590 973
140 957
741 979
310 621
99 474
97 905
64 171
877 939
775 955
932 947
395 655
857 949
442 920
719 955
5 900
158 843
222 451
216 587
269 999
381 571
457 906
730 934
329 675
461 817
777 978
693 928
200 993
4 222
139 710
640 868
113 622
774 830
141 507
517 904
479 505
943 951
821 977
630 922
157 707
166 852
695 881
681 926
302 472
730 766
602 740
220 737
145 319
311 527
203 681
698 970
77 875
267 594
471 859
964 970
153 847
906 974
209 878
867 912
744 853
369 422
538 1000
550 750
647 842
288 681
320 578
493 962
232 238
300 405
483 521
208 297
411 788
411 793
869 989
120 310
733 779
70 317
825 874
286 559
11 79
345 992
166 626
882 908
778 831
218 950
84 299
46 461
434 468
235 868
880 904
928 950
160 794
38 853
579 600
204 368
488 678
773 808
709 762
713 957
145 820
540 898
770 864
905 958
787 795
956 958
904 926
702 723
815 875
763 889
959 972
701 956
163 859
737 743
720 881
91 852
314 955
923 967
372 1000
357 884
267 954
995 1000
250 671
300 979
391 810
680 781
798 989
24 408
636 922
853 905
8 205
936 947
256 373
587 905
846 927
882 912
734 917
665 767
471 552
332 882
720 858
971 976
613 893
213 599
901 980
296 929
139 467
388 652
45 734
236 625
928 998
103 161
749 795
465 752
