127 65376
325 708
855 998
831 985
298 637
47 435
751 997
714 854
920 954
905 968
373 664
488 843
694 738
375 909
952 997
54 889
97 430
823 976
885 981
873 999
943 953
267 390
338 847
421 867
160 561
831 999
920 953
724 903
75 577
829 931
553 721
497 676
125 497
778 824
873 873
451 680
603 650
622 631
335 438
301 640
523 955
282 523
711 802
950 963
417 646
131 325
566 761
897 935
506 638
930 993
92 100
248 950
799 812
712 819
147 791
944 973
743 879
167 515
967 994
900 946
786 813
971 988
841 877
239 799
649 938
137 651
50 930
61 678
341 945
432 673
60 235
433 677
172 813
838 891
552 807
190 802
108 430
505 524
50 335
974 979
832 913
971 991
597 867
651 981
751 914
433 783
493 735
251 342
72 368
984 984
526 620
176 648
622 778
571 799
995 1000
24 700
377 536
726 797
816 931
349 979
626 786
902 974
55 721
765 774
79 408
400 530
482 950
27 856
437 827
92 412
712 880
32 619
168 421
134 591
572 623
610 842
491 615
312 352
636 867
566 947
901 907
35 851
184 914
582 637
358 659
528 626
685 989
860 877
