167 85478
281 648
265 793
294 469
165 244
678 931
388 597
548 930
736 995
127 167
847 857
316 572
849 984
169 985
356 932
422 697
879 949
171 198
531 856
281 687
750 807
591 826
14 982
463 467
549 631
33 913
205 230
414 564
246 892
234 416
687 687
490 873
699 965
567 890
402 450
618 812
672 919
411 613
456 567
945 957
77 439
643 682
42 187
519 587
243 652
673 930
830 974
341 776
862 894
33 385
148 692
463 659
409 848
810 930
544 964
849 889
985 998
311 685
385 571
141 237
321 839
986 987
223 590
914 975
444 867
459 963
504 951
512 875
849 973
845 877
574 581
414 899
399 956
865 880
397 962
288 798
471 585
924 957
892 927
573 579
663 701
209 955
578 643
529 850
626 690
740 951
484 859
324 516
48 55
567 791
235 428
328 889
728 953
145 876
802 970
333 647
124 655
353 775
495 500
190 552
553 898
719 894
901 963
286 352
427 947
760 826
440 610
201 626
706 784
709 871
261 334
847 980
687 735
357 452
785 831
973 978
682 785
457 794
342 652
140 233
746 767
221 275
60 295
898 933
601 783
738 995
733 908
115 610
351 437
798 994
358 512
667 908
739 964
478 542
621 897
701 824
811 975
735 823
742 749
369 386
965 969
420 734
175 582
664 796
877 987
823 852
691 871
150 394
143 956
662 853
78 304
982 983
810 901
751 774
434 717
509 785
60 176
350 714
313 604
654 859
114 821
536 945
701 742
171 218
985 992
930 973
546 995
856 958
