69 32639
852 981
471 570
692 715
737 788
617 861
685 898
893 947
424 639
403 588
252 596
985 986
525 851
501 593
171 921
169 506
612 625
810 851
476 516
761 844
351 859
705 857
831 901
616 696
189 850
532 862
702 730
144 970
618 990
15 52
16 764
105 924
98 284
802 871
624 930
60 737
27 840
358 844
247 379
478 485
519 687
675 862
36 434
509 864
878 938
572 913
716 907
341 681
228 438
567 640
431 479
499 673
833 932
968 987
375 473
955 965
480 757
157 957
317 478
808 905
6 171
130 416
400 632
830 955
809 963
118 358
407 938
342 579
23 244
155 370
