64 31805
222 434
954 979
354 393
139 318
284 866
36 618
256 685
818 875
958 994
909 956
728 966
180 349
729 828
291 960
827 837
258 422
687 851
838 1000
610 642
952 972
90 991
349 393
755 812
199 286
740 906
213 281
111 199
101 185
846 903
737 991
410 416
70 768
217 524
24 621
238 772
755 901
507 871
781 918
161 815
461 547
732 864
800 849
999 1000
984 992
867 888
151 782
333 719
118 950
781 874
725 781
658 982
469 727
4 837
665 990
838 983
73 329
534 957
741 851
781 829
200 968
78 129
299 499
689 726
490 767
