70 32507
711 923
99 491
144 528
189 192
930 979
390 972
508 897
409 912
72 231
77 160
658 788
646 675
455 733
503 626
539 871
23 122
757 895
115 906
793 885
251 672
767 772
663 732
685 789
330 380
634 703
187 855
273 298
444 896
28 709
458 826
285 786
150 884
417 518
556 679
673 905
479 896
760 863
192 810
437 523
255 467
841 883
193 420
889 974
977 984
514 755
511 635
203 446
448 449
997 998
115 229
94 981
660 716
381 785
182 611
498 739
9 96
895 936
401 661
219 292
842 844
245 792
655 840
648 896
522 905
834 886
753 968
375 690
911 990
370 501
382 814
