75 36050
424 571
819 827
772 861
321 747
267 269
542 746
838 957
664 717
833 964
138 749
988 995
578 766
381 632
390 550
567 602
159 776
547 818
703 757
384 700
952 978
436 800
573 827
130 964
295 868
170 934
6 232
312 844
562 860
25 292
752 970
860 928
185 472
676 928
611 734
126 485
543 849
589 954
304 429
909 996
99 564
490 658
693 944
297 799
374 416
27 239
43 74
252 880
867 913
620 924
239 466
904 982
76 374
16 781
411 554
753 847
215 774
461 684
981 998
326 553
63 650
754 898
147 205
971 993
838 936
566 659
676 698
992 1000
2 96
803 875
885 888
821 989
81 128
472 736
169 506
334 356
