74 35590
996 999
70 943
311 590
242 542
950 981
363 923
263 385
947 996
548 947
410 782
673 917
454 586
729 746
435 519
376 432
571 618
831 995
979 979
698 729
616 640
190 954
847 961
751 860
10 83
236 882
331 503
49 355
837 906
481 488
234 574
140 187
159 486
673 690
363 919
923 950
833 840
6 159
828 988
148 524
516 766
951 951
839 949
802 849
726 989
645 772
979 992
85 603
437 515
93 942
553 749
122 786
503 598
268 409
701 910
901 974
40 311
216 686
103 561
435 580
549 904
118 881
215 519
842 883
877 921
336 485
78 779
698 809
11 727
641 950
187 215
3 902
396 793
433 784
789 800
