71 34468
525 983
325 812
241 789
254 589
833 843
483 546
84 824
594 655
207 706
562 734
609 624
90 490
48 96
242 953
848 917
616 660
352 803
151 346
339 908
824 945
829 951
745 975
234 412
172 969
714 732
143 970
445 482
214 412
369 459
521 669
960 990
725 931
862 968
875 929
582 787
637 869
528 597
39 53
88 427
643 791
242 685
845 921
508 741
584 619
464 787
903 922
512 767
392 662
524 702
548 950
696 772
143 742
411 691
281 936
346 997
332 407
580 830
832 912
747 916
817 818
18 348
758 904
599 701
252 968
721 721
32 428
45 69
380 790
865 951
797 952
741 933
