77 37764
222 971
739 940
961 976
389 558
66 315
974 980
576 602
360 369
469 1000
685 983
755 792
631 744
715 811
511 701
802 858
138 516
795 814
241 729
820 890
867 879
972 977
272 445
12 578
721 794
21 854
695 837
119 148
102 779
607 682
403 764
259 457
75 683
660 825
708 937
432 614
216 611
546 785
618 730
118 445
409 446
878 930
535 980
462 790
11 421
444 532
719 871
69 95
312 479
198 697
548 883
348 530
392 453
934 938
611 871
191 927
670 895
419 600
493 973
632 780
864 873
720 780
825 910
308 448
253 982
926 928
499 941
675 927
529 891
355 708
362 913
272 791
309 823
442 980
114 550
187 288
915 923
661 766
