83 42550
320 826
791 871
694 840
4 468
610 732
64 200
444 740
823 976
418 682
690 834
84 90
899 917
677 710
348 948
658 740
554 601
381 977
598 643
197 693
4 278
884 979
721 796
754 775
621 889
372 473
447 589
112 407
147 337
527 938
814 959
432 936
182 956
684 747
309 858
420 557
728 828
264 464
68 581
378 611
953 996
943 975
484 694
91 883
635 933
82 427
58 404
399 714
981 987
811 899
736 750
18 95
47 394
914 961
693 992
803 874
231 458
934 981
685 997
462 467
483 676
780 812
362 845
644 910
310 324
540 571
778 789
778 965
977 982
689 846
62 546
685 707
734 847
496 648
18 843
817 965
791 982
569 616
329 913
83 684
810 943
887 986
370 903
475 734
