87 44229
136 905
821 980
716 834
450 891
110 204
955 985
741 825
929 943
257 755
752 761
302 539
641 894
22 533
31 437
312 797
424 733
518 709
102 518
813 930
400 708
477 802
799 995
398 942
654 773
218 419
476 554
614 788
437 756
78 340
162 166
194 504
41 266
478 712
859 899
828 882
704 747
163 820
441 691
950 979
889 957
308 316
271 895
565 964
965 969
628 831
41 873
180 567
144 996
104 580
335 777
555 716
287 521
23 484
543 873
88 805
317 801
809 918
862 957
216 535
823 864
844 878
781 859
887 988
841 873
848 886
758 850
564 968
644 934
101 711
996 997
235 710
360 885
779 843
779 955
679 959
591 839
424 560
463 800
854 993
929 956
221 554
382 465
130 374
456 510
784 834
839 929
703 785
