89 43286
694 915
331 420
10 457
484 511
416 435
36 197
985 996
462 764
540 956
609 868
505 849
911 991
321 614
85 236
24 965
617 929
495 970
265 907
848 994
623 935
267 998
181 196
959 985
33 888
447 651
48 172
880 957
725 898
246 442
495 905
940 978
541 628
387 726
616 709
982 994
772 974
55 251
171 802
164 319
271 471
891 981
787 858
258 506
687 861
194 425
548 888
973 976
97 933
17 254
80 448
850 970
640 922
865 929
48 500
612 906
391 439
825 971
418 549
1 762
547 685
344 584
245 778
461 480
140 704
776 960
659 918
472 693
798 816
945 971
587 632
828 930
754 793
633 908
240 743
424 771
178 705
257 793
744 749
417 804
400 492
348 626
978 999
398 610
437 515
945 954
507 908
430 987
466 893
304 976
