88 43631
875 934
544 915
467 719
459 527
153 413
676 707
392 896
254 396
514 972
18 204
805 835
115 970
494 504
639 887
979 986
871 934
286 882
552 598
512 947
533 724
229 281
991 999
130 614
254 953
835 889
361 824
718 745
376 735
776 937
482 949
303 869
376 979
181 755
419 538
354 761
755 811
758 943
14 503
557 866
956 979
331 533
581 842
956 991
328 985
339 817
820 917
208 299
491 955
905 990
678 780
661 972
802 837
193 240
129 907
900 969
681 925
30 857
293 519
56 989
665 837
255 943
459 981
220 738
753 956
175 844
480 482
339 575
231 720
494 571
606 769
443 839
708 903
622 777
87 294
812 867
842 911
478 559
121 844
904 929
369 657
933 977
475 563
399 692
75 682
355 384
38 397
996 997
951 971
