80 34027
839 944
808 889
756 927
397 949
793 841
418 743
577 878
64 280
118 873
287 425
410 853
635 924
188 662
440 466
718 852
62 344
87 129
541 855
694 924
636 904
724 827
288 527
450 792
436 906
951 966
148 715
271 536
616 833
342 407
519 610
519 867
199 445
236 357
348 674
554 785
486 763
44 184
695 699
533 871
366 517
449 586
216 993
354 649
9 961
337 962
58 644
220 721
506 927
526 640
74 850
127 924
186 702
134 188
318 617
938 945
244 792
552 909
401 920
229 635
591 922
692 768
714 960
824 975
194 421
659 754
675 854
217 374
153 631
317 325
86 663
772 850
250 868
329 910
559 744
994 999
113 914
84 486
805 856
480 683
447 473
