84 44624
476 762
951 981
117 398
574 915
626 671
491 646
971 974
245 508
58 868
181 718
932 942
812 873
412 729
347 644
292 394
434 771
564 814
6 903
750 809
287 764
470 517
264 544
591 1000
952 993
867 894
878 922
820 826
849 992
790 842
914 960
85 190
952 977
753 939
628 687
519 653
270 444
742 949
721 775
726 900
131 999
203 483
590 996
335 868
185 488
155 745
719 775
961 995
87 944
700 788
512 827
912 924
830 896
593 709
870 951
638 996
98 167
27 784
597 640
281 846
353 953
579 921
39 610
784 897
378 940
679 759
161 351
739 787
14 245
759 831
417 884
450 790
755 940
433 589
206 615
640 820
823 938
30 748
695 941
236 428
793 873
951 972
826 924
796 912
346 553
