90 45298
291 582
246 492
840 890
286 866
325 850
856 958
98 688
647 885
47 829
956 962
526 590
149 280
518 750
545 924
475 781
581 969
289 302
243 991
463 512
208 951
998 998
540 588
20 390
872 956
363 889
670 918
930 931
717 795
414 762
698 773
457 998
606 696
565 1000
922 989
634 834
232 788
462 642
184 222
673 868
247 341
838 876
691 960
911 976
435 666
683 878
319 540
111 953
425 646
972 984
896 903
137 374
372 829
137 256
570 993
739 841
983 991
154 973
925 943
841 894
419 674
259 761
445 758
879 932
156 421
728 956
539 542
212 799
504 775
578 846
800 815
401 535
305 343
583 729
487 721
614 806
314 946
1 566
341 428
881 888
345 516
704 747
429 647
259 580
711 879
310 697
101 756
333 596
631 829
739 859
357 929
