98 52826
382 530
961 963
43 520
306 425
273 836
659 988
482 574
704 819
493 790
17 425
436 640
516 814
159 692
97 420
249 649
90 93
805 887
644 924
897 945
953 961
981 987
712 832
273 711
18 973
776 903
511 989
356 464
786 995
711 913
958 976
407 803
769 813
164 710
965 966
423 913
585 909
754 827
972 988
29 64
811 997
984 995
605 832
518 929
54 430
396 708
234 716
314 794
910 922
345 994
53 62
916 947
548 585
644 774
811 888
979 995
613 873
972 992
708 924
658 928
309 387
459 506
248 434
453 868
372 720
841 930
922 972
746 903
221 551
316 939
701 761
61 586
802 803
678 982
779 814
116 907
633 982
87 591
557 562
83 880
36 327
930 952
529 566
696 739
539 617
601 796
56 269
877 949
946 986
356 411
175 821
586 901
925 926
639 653
976 993
955 969
467 730
718 749
45 98
