99 47844
809 891
636 771
901 989
801 951
953 976
873 940
152 311
233 821
360 745
144 818
465 853
244 441
629 769
769 845
50 477
146 623
661 779
309 562
853 865
198 475
671 838
278 979
363 589
951 973
808 873
331 593
879 941
907 930
573 959
239 806
826 982
52 784
532 638
23 92
148 435
835 938
341 978
298 485
114 393
394 910
409 942
160 719
447 458
291 412
265 602
532 535
684 878
625 792
278 925
828 950
701 744
49 319
851 936
822 898
622 805
339 711
99 843
660 959
187 652
491 796
162 897
837 876
256 801
426 594
202 332
234 741
660 986
173 341
966 967
209 585
530 636
114 399
647 843
506 718
429 842
354 629
703 716
353 518
590 894
823 905
850 963
16 843
502 920
724 726
27 810
729 793
342 796
699 970
450 879
22 903
494 974
779 862
421 612
785 918
212 701
271 774
860 991
451 614
946 990
