96 41599
245 331
910 920
394 705
303 367
109 278
141 845
488 586
416 902
715 727
484 586
397 429
687 845
412 607
919 954
486 743
505 812
855 912
871 922
24 848
839 929
389 824
237 829
439 442
423 507
589 895
822 958
71 281
124 326
159 361
230 973
228 395
68 956
499 539
83 254
67 967
933 984
397 416
146 642
659 950
216 236
826 975
887 913
177 236
607 748
92 656
959 985
825 886
537 990
434 725
449 619
898 990
535 935
355 546
635 663
924 991
921 937
14 667
577 688
730 966
142 243
277 449
557 573
838 985
728 891
92 466
447 823
372 540
642 771
245 600
569 619
488 654
353 774
595 618
205 867
4 964
100 839
78 329
440 934
210 586
504 980
730 746
319 416
48 848
192 506
274 415
55 230
371 898
232 877
446 464
510 888
984 984
890 983
243 528
12 236
5 710
40 508
