120 62351
291 156
369 222
224 7
783 462
629 261
351 291
839 405
632 143
301 139
891 436
185 74
664 8
788 477
303 161
971 590
219 53
796 241
242 70
390 199
498 143
579 248
218 182
996 295
399 197
172 87
916 577
628 40
812 598
12 10
587 366
176 137
92 40
8 1
912 26
128 117
365 32
857 433
861 854
496 277
817 430
773 67
565 56
145 84
324 312
339 85
322 97
69 58
536 404
653 254
24 9
268 144
790 707
895 149
911 760
226 214
69 9
694 398
494 428
964 4
613 267
110 24
421 154
638 365
63 36
570 250
79 29
984 379
957 105
829 698
654 484
570 379
301 259
966 350
911 287
817 145
763 716
811 185
622 561
875 47
719 420
55 27
287 110
263 140
304 261
601 376
358 184
194 58
169 87
897 462
773 306
542 320
974 326
246 229
666 430
338 124
895 429
190 9
287 210
688 83
872 363
444 49
573 78
585 388
807 516
299 167
129 24
274 82
142 24
226 83
604 27
757 603
818 755
458 113
798 750
440 391
321 75
211 178
688 75
752 494
694 338
