191 93828
771 385
176 65
207 100
540 255
268 266
355 254
517 201
380 14
124 120
327 52
80 79
26 1
9 1
973 923
752 163
117 9
297 134
944 360
164 94
676 229
14 3
602 581
917 849
817 230
664 253
702 277
965 593
309 117
375 101
520 488
82 47
587 21
938 619
472 183
181 75
660 468
166 61
105 70
546 89
762 752
543 118
74 45
80 29
728 637
918 772
335 71
801 518
890 4
307 87
512 264
318 110
449 211
864 398
466 353
264 33
404 49
716 372
546 218
860 698
553 456
986 402
324 92
650 551
339 202
286 60
5 2
851 528
423 293
231 29
938 164
247 157
799 734
718 405
672 626
968 90
94 71
130 84
523 458
190 178
471 199
697 223
815 794
373 226
908 435
330 53
146 14
660 188
274 186
210 188
454 193
806 231
931 518
393 128
431 386
729 181
182 134
790 47
81 67
579 501
649 143
428 389
775 430
210 1
509 411
327 113
637 193
30 1
956 406
936 787
58 50
303 75
279 217
425 167
908 842
854 532
661 236
103 1
415 4
317 288
120 104
316 74
573 455
787 367
509 108
650 234
643 85
663 212
40 21
984 21
468 49
864 236
171 31
238 5
145 129
376 31
522 376
828 427
880 305
67 52
294 224
385 109
263 46
995 297
397 137
263 106
523 251
376 163
731 523
493 360
916 37
621 517
31 29
431 289
125 49
844 567
147 40
102 24
679 514
923 635
882 796
233 16
299 282
467 127
582 5
99 37
704 379
969 734
742 560
82 30
333 110
496 380
853 570
277 116
449 212
260 40
340 228
803 24
852 605
86 10
613 194
156 24
477 165
352 86
680 9
487 406
585 221
928 445
920 71
294 228
867 185
148 4
