128 66426
84 631
779 979
640 824
756 841
210 324
932 963
520 803
975 995
936 991
697 763
108 646
568 953
836 899
816 843
435 853
679 943
25 276
56 477
154 902
839 998
649 916
460 935
359 607
811 973
355 388
64 828
338 607
542 992
483 590
885 980
743 850
962 998
355 782
524 769
511 824
900 913
329 506
82 661
194 880
10 209
331 838
565 782
767 947
292 617
882 992
470 784
906 965
138 852
657 704
250 512
927 959
164 759
222 683
538 617
674 770
623 790
614 810
640 939
606 927
540 816
366 877
65 578
261 413
862 978
937 965
655 877
110 376
627 645
35 41
3 105
107 750
290 531
878 879
939 964
540 540
13 778
943 948
42 606
98 251
310 862
20 946
879 885
300 947
458 491
121 299
251 710
709 963
732 924
110 419
549 851
602 864
757 904
756 966
550 861
123 499
208 508
515 887
816 943
733 890
992 993
504 644
87 458
192 817
593 641
734 898
880 989
889 994
465 891
72 526
368 515
174 580
914 930
707 767
217 867
968 982
674 939
851 978
503 910
113 925
830 883
806 847
656 698
920 984
953 970
99 705
998 998
750 814
839 839
