165 78974
475 556
41 311
797 841
254 858
354 847
498 778
742 925
206 244
860 882
702 871
264 604
208 283
317 523
35 551
671 688
546 951
665 870
989 991
257 489
897 952
273 838
999 1000
521 647
410 541
554 609
262 436
480 865
668 954
297 475
541 725
584 689
95 681
83 320
384 508
71 693
760 978
202 998
591 810
325 962
994 994
984 985
383 815
3 496
70 173
390 426
734 899
637 639
843 983
324 364
382 953
321 711
473 759
317 451
646 723
984 994
498 858
874 990
648 748
459 459
384 980
637 895
541 871
465 755
510 525
186 199
819 850
282 885
565 653
36 943
874 966
878 980
45 199
940 965
411 921
36 876
219 449
657 700
410 709
49 851
605 735
131 767
284 605
616 681
136 637
253 516
713 805
208 273
402 419
418 512
503 595
70 477
79 406
73 830
525 993
7 286
230 590
252 525
257 480
845 931
953 968
251 928
209 481
41 678
587 990
201 760
133 788
181 904
716 846
109 173
319 336
567 925
371 852
220 982
811 886
935 950
756 957
319 885
316 929
114 916
958 973
911 974
383 448
897 938
355 778
579 965
584 867
744 810
314 445
478 547
1 949
336 414
616 699
985 998
871 951
995 996
768 782
861 931
878 983
125 571
672 912
520 810
806 907
849 913
388 825
778 899
904 936
898 994
21 144
173 299
470 867
553 834
136 338
93 531
625 982
176 367
316 734
911 964
644 741
548 853
882 979
623 668
551 823
633 866
53 71
609 955
