164 81935
353 399
525 544
791 901
93 894
730 978
213 628
771 787
247 387
353 676
242 802
932 935
7 132
309 448
641 843
978 989
471 499
403 594
183 711
42 239
451 525
207 368
339 760
255 886
143 350
943 957
2 339
209 791
149 561
444 877
834 921
563 978
9 40
249 442
749 769
850 873
738 947
137 759
617 896
689 929
382 955
999 999
60 382
769 830
473 936
203 865
799 815
877 983
789 858
525 906
577 629
171 329
246 697
521 525
252 366
751 779
355 773
684 736
67 791
338 988
15 366
786 897
108 257
660 753
894 963
296 616
71 477
533 583
716 977
597 720
908 922
819 1000
672 684
915 999
54 333
444 894
850 898
787 959
912 985
226 759
585 721
409 455
214 626
989 997
820 855
238 945
417 751
576 613
646 921
863 931
228 530
647 803
675 986
884 892
117 526
869 963
928 970
409 499
786 991
78 898
201 818
957 987
742 955
472 697
139 288
252 459
755 986
56 255
791 818
53 735
240 764
593 698
20 722
842 903
903 938
489 619
176 981
909 977
831 847
85 868
507 605
174 545
200 594
978 989
941 993
838 894
587 691
833 969
506 663
875 988
171 265
113 421
449 815
432 439
855 934
362 590
910 1000
588 859
296 512
966 983
287 618
92 372
803 825
250 329
128 606
566 811
281 471
234 582
665 714
907 952
83 663
755 954
90 532
728 943
786 928
763 978
235 987
146 321
523 773
342 916
319 394
574 952
898 945
524 720
528 873
