184 85952
971 971
556 738
347 638
583 622
333 703
830 971
543 872
319 387
179 644
680 729
567 875
302 726
160 752
961 965
238 976
86 989
419 741
930 960
179 192
899 938
924 984
737 986
281 991
227 433
733 867
735 827
104 226
209 998
949 998
800 934
389 614
384 860
703 804
309 850
872 881
488 767
327 593
220 340
8 222
28 699
930 969
768 774
604 878
470 662
530 935
97 382
146 344
706 991
424 728
41 826
661 792
260 353
549 964
483 511
602 996
111 939
696 883
111 496
467 498
621 843
259 387
370 753
761 995
166 166
472 900
299 904
666 714
361 415
558 638
145 738
899 922
2 594
986 994
141 573
685 894
338 875
19 439
949 992
538 779
976 978
215 717
780 867
155 889
178 309
154 927
36 924
448 881
185 967
186 650
30 881
570 787
446 774
841 995
961 991
494 844
703 856
166 249
156 528
407 745
696 774
670 903
167 775
940 970
435 909
128 501
517 909
497 952
129 148
565 934
754 941
700 767
360 618
414 641
482 534
464 839
399 976
157 570
590 835
356 358
303 971
727 866
859 879
696 988
122 226
5 379
266 572
184 914
839 944
226 842
502 867
280 473
204 442
153 356
450 501
587 605
380 507
527 613
527 570
248 650
988 989
390 649
476 770
487 976
821 878
163 269
10 415
136 626
839 919
421 955
899 974
200 288
521 536
893 911
751 924
187 717
953 986
738 810
26 146
92 810
203 881
106 429
637 954
627 790
909 914
179 191
282 714
367 516
800 847
193 495
882 975
391 771
710 801
780 833
63 833
196 303
918 919
700 869
401 921
374 705
608 890
804 858
625 828
698 976
515 657
