106 56673
816 844
671 717
396 892
515 676
112 543
252 408
448 956
947 967
705 886
893 974
902 980
815 914
116 697
954 981
44 599
744 956
447 641
918 997
118 414
827 950
694 747
46 510
819 999
37 721
562 889
797 943
158 778
514 643
593 990
402 900
926 953
570 836
856 1000
244 355
558 606
753 844
379 661
123 945
719 948
255 923
390 408
970 982
989 995
853 872
693 938
559 606
423 687
477 739
406 853
540 905
565 891
577 798
669 832
911 972
76 427
209 278
990 992
931 939
220 858
852 884
530 578
235 353
237 806
308 525
237 959
116 132
588 862
80 197
8 487
874 947
988 988
243 498
687 831
880 999
601 655
486 872
59 577
765 896
10 42
878 937
86 921
798 937
617 809
296 767
624 770
537 638
185 780
424 898
472 499
963 992
725 900
85 86
319 419
267 997
350 534
188 818
97 160
990 998
857 980
910 951
934 986
909 953
607 804
470 911
359 754
848 852
