183 96543
613 711
704 944
642 975
905 977
638 664
354 449
127 667
688 982
868 998
273 482
453 719
883 914
568 712
797 932
455 863
16 543
558 748
213 673
7 842
903 938
404 939
664 696
19 99
336 721
720 781
376 794
871 943
950 985
893 978
506 820
34 539
662 715
873 955
252 554
933 940
874 966
135 725
902 956
968 972
965 997
898 926
504 578
271 985
885 961
488 746
64 384
432 544
321 832
371 860
75 872
347 705
276 829
616 765
281 318
943 986
304 863
172 284
826 926
102 927
412 957
396 981
998 999
325 736
810 875
343 606
90 245
698 978
456 558
949 975
656 978
821 868
609 962
953 991
771 968
274 591
633 727
733 826
209 858
29 574
564 593
930 955
918 928
516 722
962 983
75 261
716 810
291 353
75 614
174 358
907 926
886 909
970 974
619 958
103 831
208 753
791 930
954 958
797 846
190 869
329 744
891 896
105 468
699 898
960 1000
260 687
89 683
723 741
385 905
602 987
873 942
692 966
446 892
956 994
249 351
715 969
846 914
259 749
989 994
479 498
862 939
872 973
140 471
891 985
752 761
484 734
295 755
433 681
438 777
42 501
71 605
696 897
553 875
357 988
289 460
715 870
220 785
861 868
708 948
19 777
240 253
351 490
276 699
99 446
685 971
399 422
621 746
519 804
399 502
115 258
78 959
634 829
409 803
936 944
481 629
569 592
843 990
830 878
716 758
911 979
229 549
782 997
549 654
414 641
375 837
666 848
749 941
208 345
336 697
250 429
781 798
545 734
267 729
446 951
677 849
184 360
72 240
13 126
453 850
697 808
679 739
380 818
807 953
638 658
