181 96987
900 913
402 704
144 950
501 507
828 828
562 857
157 538
838 996
190 237
846 884
255 675
759 905
787 796
664 895
410 957
996 1000
940 978
690 717
273 718
482 582
394 925
423 615
886 890
367 920
409 994
534 745
606 825
620 975
350 700
271 982
204 508
357 844
563 744
425 592
405 497
364 462
993 996
882 885
347 375
2 757
472 922
40 837
525 946
692 786
846 985
973 988
727 913
728 927
202 429
847 931
687 951
661 990
679 850
363 558
28 769
166 862
516 571
190 426
401 931
784 995
883 891
169 392
445 585
546 846
452 936
177 989
176 376
934 972
461 880
806 940
219 820
994 996
252 686
111 628
932 946
158 391
724 995
719 969
802 821
542 823
653 657
425 832
166 484
881 945
252 676
107 320
440 805
611 676
150 179
604 796
348 991
703 726
560 629
997 998
829 894
843 906
804 836
974 993
264 489
288 885
167 918
408 651
18 506
709 923
848 863
724 938
784 829
707 727
612 889
809 987
927 969
221 920
326 431
169 530
782 959
847 930
984 999
625 996
496 658
751 958
385 399
735 941
830 981
27 673
446 672
217 410
606 885
530 882
957 995
93 686
248 494
905 998
778 911
51 941
383 958
512 752
133 596
619 864
667 877
474 808
866 924
962 972
856 894
493 838
127 751
436 807
194 372
608 861
785 913
788 915
566 758
650 809
327 350
360 952
206 425
471 551
604 780
481 884
782 950
945 960
131 958
230 561
905 915
844 962
510 893
917 934
969 995
337 869
650 989
346 955
522 705
636 677
239 489
528 612
342 918
193 589
624 837
734 952
169 855
994 996
195 818
