180 83275
864 209
51 21
415 402
245 107
66 63
573 479
254 218
580 575
713 280
868 338
736 407
498 283
151 14
546 376
913 680
38 35
35 23
164 15
565 487
27 17
620 583
251 179
504 480
279 78
728 129
366 23
340 35
724 677
177 135
37 32
30 24
910 34
362 240
193 52
918 394
832 54
889 141
823 795
731 481
446 174
523 396
116 19
235 225
580 403
20 20
545 503
214 204
604 288
91 54
610 354
254 248
51 21
971 293
196 75
865 176
314 154
330 311
921 89
907 169
499 116
78 29
19 9
518 140
576 323
605 466
695 72
589 95
839 739
570 227
678 196
874 11
569 432
90 85
837 138
304 93
92 66
222 110
47 5
487 477
174 109
42 36
571 531
352 350
169 63
659 174
621 474
298 69
888 648
722 164
162 131
942 223
294 13
210 110
654 551
753 271
19 15
58 3
183 64
36 11
293 26
241 111
465 333
425 156
135 94
453 443
101 3
630 443
263 49
505 60
209 194
790 294
170 166
931 135
655 619
816 399
552 96
340 91
145 48
466 281
376 345
845 175
498 383
582 566
874 217
992 33
934 253
638 456
178 17
112 59
784 470
753 604
239 61
42 34
640 30
211 179
621 206
982 776
490 172
876 483
599 220
731 408
663 282
885 459
198 120
780 432
762 297
761 523
432 263
525 364
443 264
609 146
350 232
331 302
519 353
396 87
787 613
691 134
550 402
505 291
506 60
146 79
906 733
209 22
380 272
510 95
259 87
506 313
203 199
121 51
150 144
645 194
262 245
350 1
348 236
887 176
829 96
42 12
89 83
144 20
209 150
