179 86088
5 608
333 873
81 445
522 817
483 940
106 480
273 395
375 821
147 668
476 638
277 343
100 742
800 935
847 954
483 916
351 716
51 478
132 359
176 514
932 983
338 643
764 855
679 695
2 525
594 816
118 582
407 544
653 748
642 669
696 738
594 615
222 884
698 878
898 899
678 868
237 311
9 545
897 898
469 667
376 689
778 778
514 533
458 645
525 690
648 662
9 894
805 943
989 999
742 823
960 966
475 483
523 758
382 446
382 720
538 787
512 842
896 929
206 269
978 982
996 998
27 886
11 587
401 610
388 438
869 967
537 691
468 825
314 676
930 976
159 371
973 985
415 490
572 891
147 785
420 877
454 584
311 985
863 901
701 934
56 419
908 976
411 957
775 927
246 982
483 554
53 497
854 933
211 335
578 726
422 773
474 837
929 947
270 273
49 897
313 580
405 742
215 288
729 805
577 851
307 497
465 594
29 189
649 890
396 858
693 766
160 835
962 989
35 538
274 918
923 957
442 844
96 952
640 790
79 526
665 943
449 902
750 828
606 784
176 283
793 818
762 874
348 735
657 821
688 838
688 898
557 859
321 471
501 883
675 818
205 363
988 995
816 844
766 898
520 930
86 111
151 582
905 924
668 764
420 799
280 950
324 469
534 595
442 826
494 524
335 867
403 602
603 771
147 489
857 890
866 985
318 329
922 973
646 688
481 872
272 592
971 997
116 257
517 573
13 23
300 411
670 728
751 902
979 988
126 134
718 877
246 599
465 485
419 742
910 965
41 435
583 885
548 951
368 960
236 956
543 705
191 669
85 527
754 885
147 616
