110 57893
784 831
367 952
642 768
139 633
555 686
699 777
861 902
633 824
254 524
101 538
315 518
550 721
879 922
156 362
249 753
571 868
105 530
142 309
8 313
248 512
142 704
518 725
931 957
779 847
967 987
312 337
785 896
39 458
40 882
117 135
667 692
419 994
815 939
784 866
582 778
920 1000
361 916
876 933
626 724
644 800
202 971
413 496
36 205
273 979
998 998
394 417
879 993
555 753
165 670
823 855
787 925
527 851
792 954
280 510
414 691
906 921
851 919
731 814
964 998
657 666
883 969
513 894
918 970
606 662
419 730
210 767
476 837
230 834
351 532
550 793
679 990
913 988
183 842
925 948
121 851
827 858
912 954
463 581
486 731
659 686
586 613
211 750
853 861
339 435
710 779
373 682
502 761
730 890
502 907
451 911
22 937
181 891
108 173
162 359
746 836
453 818
625 884
369 464
948 992
601 848
364 783
501 761
118 245
469 815
485 601
824 884
943 1000
846 962
907 993
410 697
