180 87096
401 459
711 816
763 829
435 822
294 675
135 827
493 993
355 980
667 966
492 503
3 299
630 977
770 819
165 766
813 856
597 687
843 922
105 110
51 700
856 975
262 557
355 523
300 994
648 979
824 963
489 879
925 939
231 1000
68 939
795 868
618 624
346 461
20 767
747 869
41 220
238 712
56 690
548 962
821 900
552 667
856 991
87 355
551 750
698 974
413 567
294 602
911 978
777 783
580 840
448 512
227 988
217 417
670 805
142 312
710 986
788 933
830 897
53 885
808 817
536 771
15 321
990 1000
189 428
627 879
512 979
752 867
879 989
152 972
602 772
212 666
419 813
171 437
302 323
43 799
976 992
194 591
845 1000
404 784
590 661
195 384
146 757
640 897
676 991
802 998
755 992
216 696
70 727
477 580
437 590
243 702
25 87
642 982
667 688
827 995
521 810
584 685
600 826
780 867
461 797
934 953
273 651
407 866
226 483
79 575
195 212
453 586
521 897
615 862
130 704
255 876
428 566
683 733
346 709
608 636
20 795
798 914
332 799
712 928
776 971
782 858
173 344
562 807
684 939
221 794
752 864
95 960
121 374
542 944
743 867
700 782
976 980
588 954
397 489
943 991
141 883
366 556
648 745
625 737
173 415
376 803
241 493
618 659
339 488
345 915
58 436
445 751
364 807
791 886
223 436
893 931
772 806
763 889
65 510
496 814
480 999
412 687
831 937
798 968
804 845
601 935
902 964
348 964
26 320
812 884
369 387
606 791
751 947
984 999
844 960
707 739
300 317
626 867
490 698
628 865
150 463
301 538
27 924
209 318
522 803
58 525
