135 61891
433 18
576 569
795 574
787 308
561 455
871 616
409 122
354 300
965 200
658 445
761 390
200 35
287 244
896 847
242 150
532 272
672 228
353 84
483 160
987 826
199 45
681 546
413 144
33 26
356 233
912 101
241 189
945 539
893 191
840 454
109 89
318 42
944 477
876 659
88 50
355 177
366 264
782 108
891 744
692 257
38 17
535 141
925 602
467 399
373 71
958 785
86 82
653 626
217 21
760 721
97 50
412 248
813 122
712 516
11 4
911 793
811 14
393 151
20 6
986 847
644 201
740 599
81 36
62 18
78 46
16 13
925 392
489 71
123 103
770 455
159 144
837 616
865 329
311 144
773 432
42 18
170 96
22 6
777 531
633 152
89 38
109 13
209 96
592 584
639 612
444 279
357 280
869 736
466 381
288 239
308 131
792 405
495 148
125 35
71 11
118 94
272 45
693 47
465 267
258 231
295 127
107 35
441 155
409 155
446 178
110 78
156 7
192 136
64 25
240 239
296 29
8 7
189 156
579 556
475 360
103 71
140 117
613 298
115 51
700 131
657 639
556 234
52 31
394 8
95 83
869 499
865 749
327 131
795 793
35 25
396 365
419 289
540 515
683 611
419 197
