129 66277
542 374
95 84
416 277
620 426
537 423
471 107
433 57
227 88
360 38
340 204
875 118
63 20
799 581
987 413
147 141
603 347
956 127
265 182
319 108
571 516
269 168
426 294
833 755
98 13
445 364
432 102
357 316
681 231
455 165
768 203
64 29
832 514
934 231
590 255
971 439
754 132
971 370
925 165
832 269
553 385
512 158
515 252
839 225
372 87
619 506
556 419
177 159
929 646
350 100
443 172
51 29
912 324
965 595
708 634
443 53
353 246
386 218
106 22
389 292
937 898
464 123
154 86
179 176
120 101
597 48
474 344
445 441
537 186
727 421
827 407
140 21
765 744
836 241
597 106
462 259
350 56
779 529
704 179
323 205
905 513
902 79
780 686
575 428
457 228
572 279
275 240
149 130
356 308
515 291
97 7
634 632
114 13
469 104
347 290
326 249
356 293
881 624
557 217
137 54
44 44
244 171
916 408
137 99
366 97
367 11
107 64
669 264
788 281
800 477
25 18
835 732
925 95
931 659
711 263
467 203
164 109
660 403
356 29
540 462
414 115
520 409
976 181
853 698
629 196
216 142
229 104
236 67
91 57
798 186
