160 81976
920 935
627 799
439 485
961 990
706 795
667 706
547 993
299 673
177 373
193 556
59 765
238 447
850 875
729 909
889 978
394 641
446 582
618 652
890 908
949 987
249 622
963 993
656 779
547 899
612 717
500 574
754 915
66 776
689 792
958 975
356 888
238 315
630 864
614 794
273 732
757 794
726 740
133 509
255 409
593 961
926 953
667 878
717 989
895 906
404 486
986 996
966 973
73 956
700 898
766 832
823 975
547 548
807 988
738 798
277 661
653 898
17 607
755 996
302 998
360 477
199 901
616 982
71 763
59 339
564 988
658 736
107 539
485 889
194 209
245 901
41 275
606 843
263 647
47 646
72 853
826 885
908 960
364 739
85 229
407 955
871 969
57 81
729 928
819 968
968 995
989 999
760 811
277 313
153 212
293 406
613 920
30 897
284 600
908 935
726 781
962 998
314 817
203 396
778 801
282 855
649 854
984 994
56 289
200 753
509 617
520 726
40 845
85 647
377 606
312 734
441 760
945 993
539 855
533 890
434 639
280 436
993 1000
674 896
336 349
586 778
247 441
797 903
424 722
891 930
80 545
259 444
795 844
700 902
581 829
173 424
474 508
679 999
134 637
677 734
798 835
453 641
39 750
678 846
28 470
390 419
959 975
173 232
390 622
528 613
948 999
57 582
669 984
325 650
814 998
790 816
999 1000
778 828
218 871
689 973
28 38
630 773
277 352
782 951
421 618
331 729
