132 61354
360 326
311 208
164 44
939 151
218 169
41 6
47 30
401 72
559 512
934 932
241 148
435 259
253 44
358 51
698 581
904 399
950 478
778 477
290 265
103 88
741 724
141 135
178 31
981 486
957 733
280 139
363 220
611 472
675 446
837 292
64 36
711 80
717 423
401 314
190 110
38 23
329 254
49 7
88 54
332 236
718 698
20 7
529 340
785 404
267 29
884 746
374 93
262 260
39 9
688 139
769 386
941 352
882 683
628 365
307 185
212 148
45 32
955 205
116 115
499 387
955 495
614 354
134 93
415 26
74 29
28 13
671 325
144 75
153 90
540 539
133 57
553 454
377 71
312 244
487 51
103 5
310 98
733 287
507 499
123 39
308 119
813 9
577 42
566 438
529 350
270 245
963 227
417 266
848 610
197 81
544 364
798 610
352 140
57 44
34 20
744 62
229 133
824 138
633 296
568 469
408 282
411 235
118 36
684 588
13 10
500 403
287 227
377 348
950 800
617 416
899 813
384 297
840 750
268 262
528 459
51 42
285 200
223 97
46 21
535 409
894 265
471 377
480 454
115 76
684 614
726 432
468 172
784 759
972 783
569 545
581 137
961 328
