170 84209
785 508
194 38
291 90
388 349
663 461
359 313
678 599
699 575
918 659
265 205
251 207
906 890
524 81
764 407
946 84
874 98
262 188
432 119
72 71
409 371
830 38
821 361
760 616
347 16
465 75
22 11
568 152
212 89
435 404
232 216
745 63
297 46
459 81
940 673
556 110
793 52
169 106
397 216
870 512
724 163
513 372
108 13
60 16
295 44
775 746
51 15
404 45
537 432
155 72
851 62
112 85
16 9
955 866
396 295
224 85
530 135
368 368
846 397
414 152
775 565
968 728
817 353
571 393
594 547
377 194
901 46
771 595
311 129
382 272
64 5
354 255
721 445
349 169
60 16
768 473
95 48
254 29
966 53
455 266
105 89
714 112
2 1
75 2
28 28
553 357
892 558
288 96
257 222
647 144
523 395
528 286
769 248
275 215
604 12
931 51
528 300
196 72
730 141
669 17
142 117
454 272
449 11
271 184
308 109
926 329
658 30
246 11
390 323
608 431
656 443
214 80
989 643
348 8
275 204
478 153
382 366
41 4
760 373
895 246
562 47
905 677
314 133
844 78
753 144
858 456
42 30
887 404
26 19
439 156
464 228
909 135
112 91
805 390
474 402
679 654
480 82
544 196
879 842
257 224
205 171
19 6
728 389
904 195
193 138
556 359
321 243
366 135
373 61
628 492
107 39
903 536
845 780
997 813
758 77
218 212
36 12
436 286
10 6
246 43
429 390
508 39
500 315
668 589
59 14
888 865
694 680
826 233
347 224
282 147
636 452
