121 60664
873 912
971 990
872 936
108 153
378 701
40 385
281 388
568 932
935 964
692 825
623 685
97 416
91 556
828 921
477 657
752 818
813 986
724 892
113 563
125 797
556 636
25 198
228 803
366 508
2 618
340 826
668 950
695 740
529 603
626 656
444 553
600 906
240 912
297 742
954 969
657 946
531 877
872 912
512 743
403 604
939 987
942 978
786 788
433 578
240 674
449 526
787 819
28 692
75 158
371 751
360 707
17 791
909 915
812 872
500 558
12 949
792 930
562 961
477 603
427 695
671 814
191 429
681 1000
720 775
961 970
367 469
620 969
320 483
448 856
969 992
388 483
613 785
607 811
334 907
262 710
390 493
908 925
330 771
439 575
314 571
943 963
117 998
452 943
215 262
409 897
29 830
631 746
432 985
602 929
501 894
445 822
938 996
720 871
554 740
640 739
324 983
142 872
210 283
797 847
766 798
957 973
376 549
473 828
753 828
343 508
935 999
650 726
303 947
506 698
852 907
666 886
685 686
12 693
402 878
311 678
197 381
90 593
340 463
431 758
762 804
395 731
