132 71017
171 647
735 773
49 918
952 963
623 862
651 727
693 863
529 976
431 988
459 614
385 611
945 991
151 154
137 650
654 725
110 409
963 995
744 954
836 966
879 919
771 973
914 973
702 839
344 746
102 801
240 874
739 860
163 972
794 845
485 792
145 410
499 769
223 701
845 898
432 644
189 271
459 820
62 97
223 427
722 955
914 976
55 413
290 929
192 950
823 847
521 763
103 377
389 582
643 789
585 788
320 762
644 911
97 113
887 952
816 839
321 391
515 521
109 664
914 922
761 809
254 934
810 892
105 752
405 865
965 986
286 738
496 572
649 671
794 964
400 983
349 877
959 971
953 980
49 667
475 730
238 651
917 989
621 908
656 759
296 303
902 960
876 920
76 665
960 980
492 886
814 851
368 623
476 742
502 957
743 882
856 890
801 914
870 878
921 941
439 995
751 789
742 972
446 592
283 932
939 980
382 593
740 806
657 915
538 580
186 213
147 807
665 786
73 654
544 920
212 758
409 565
35 442
726 840
846 903
941 957
832 965
749 855
651 976
599 988
483 958
563 814
487 863
297 941
946 980
125 515
277 538
627 633
814 983
879 906
618 887
487 900
498 707
