111 57519
402 623
791 834
649 972
228 954
292 745
658 993
15 438
307 646
295 725
964 1000
98 521
134 739
951 988
628 757
641 741
442 856
863 884
966 987
718 947
412 922
311 816
888 976
953 985
683 732
442 502
257 919
101 438
778 824
276 343
239 787
781 963
459 730
507 967
412 595
570 997
478 898
541 976
857 935
612 752
491 562
618 957
989 999
439 663
7 974
72 910
955 969
681 870
714 928
129 672
891 934
397 805
787 808
316 513
724 795
527 980
396 490
233 572
295 619
518 583
188 894
92 278
540 920
992 994
610 726
245 509
508 716
818 879
557 918
319 966
99 652
678 858
311 701
665 838
545 928
792 832
304 326
535 905
940 943
205 831
416 788
901 942
483 864
660 776
539 926
182 958
808 907
915 952
966 983
745 932
285 413
347 880
52 900
448 940
580 667
438 494
188 527
446 715
245 423
214 694
55 568
508 843
443 447
810 975
254 776
817 928
788 876
892 941
706 996
558 915
789 992
319 747
