101 54381
939 946
687 828
675 675
981 981
233 817
424 736
696 770
519 594
809 970
286 696
937 946
902 928
106 937
301 938
606 781
769 996
412 590
152 263
278 759
847 872
231 473
410 897
624 980
27 507
3 245
456 740
254 668
778 876
125 183
829 917
837 893
155 351
709 897
132 812
908 958
497 871
374 751
82 853
709 950
170 936
165 676
945 978
508 585
227 498
655 861
287 659
708 923
737 790
337 504
918 951
455 865
826 836
423 447
905 974
238 538
49 461
475 647
619 959
376 776
824 988
182 489
497 694
924 924
893 940
901 972
597 946
836 979
69 786
883 901
572 788
462 742
518 884
873 928
754 885
637 758
128 635
834 899
63 528
968 995
103 180
222 643
750 815
439 761
268 655
997 999
914 944
874 924
538 810
249 907
604 868
729 965
638 647
680 715
352 602
480 506
345 406
446 623
881 945
448 719
379 741
907 948
