124 63039
847 317
498 108
172 75
166 10
97 36
557 163
832 438
841 37
209 168
151 118
309 196
252 3
78 77
938 38
776 428
809 413
124 121
999 180
265 75
244 56
38 32
953 391
245 186
405 279
568 230
479 352
31 18
999 26
347 157
549 125
615 17
814 260
179 104
172 26
569 434
440 100
424 370
379 121
563 62
702 86
523 250
434 235
856 351
497 307
210 34
466 324
82 34
244 42
14 7
868 287
276 102
769 64
750 661
111 52
296 142
893 464
282 169
356 175
30 30
862 240
692 183
910 827
578 295
740 322
777 97
171 63
743 535
243 36
699 100
943 359
650 228
678 248
798 552
800 429
211 142
145 141
243 181
526 125
129 55
631 100
928 4
361 241
778 283
956 577
344 271
702 318
102 62
374 1
296 175
113 40
777 643
80 23
49 35
854 706
703 215
494 424
622 62
315 73
882 11
770 749
809 741
834 632
765 91
77 15
487 173
604 70
610 526
513 15
883 714
989 444
503 305
487 149
498 230
538 129
333 201
844 455
238 34
280 259
617 166
768 175
471 251
595 138
595 208
439 175
