169 84161
849 672
905 39
33 31
645 159
199 83
641 83
827 243
851 453
934 449
719 179
553 384
786 160
398 354
489 180
596 329
454 215
930 712
806 242
23 15
959 512
570 171
674 84
961 253
239 6
138 75
845 263
881 621
595 555
16 5
785 17
388 112
44 36
136 50
465 6
630 480
147 147
128 86
748 554
996 248
59 40
465 369
337 263
260 149
52 24
825 426
630 545
755 100
44 22
300 153
272 177
103 15
255 211
401 172
987 701
647 379
187 17
814 21
609 556
930 553
905 769
295 44
963 892
826 437
89 20
298 232
130 103
424 419
673 543
462 13
121 38
182 20
728 529
42 11
851 438
938 313
440 18
841 368
147 50
664 155
163 26
32 2
974 639
980 883
674 44
357 232
130 73
540 457
212 69
507 495
621 289
150 66
627 120
809 163
149 132
634 63
579 356
979 86
135 41
468 120
331 133
391 140
190 94
690 150
139 109
786 534
96 45
191 17
797 142
583 58
555 12
147 133
542 400
284 271
284 172
661 300
673 405
581 247
516 365
331 235
531 163
589 490
248 157
296 97
262 255
533 113
129 126
562 485
200 122
903 899
788 81
59 39
692 600
37 33
344 67
874 671
645 436
449 149
273 120
632 425
631 578
820 507
969 665
433 80
528 15
267 157
677 215
267 252
114 14
606 352
61 13
297 252
960 168
738 201
986 889
37 25
90 62
350 182
594 319
566 563
81 49
173 11
768 728
903 311
766 46
630 440
603 49
571 543
936 763
270 166
