123 62954
771 468
759 326
608 37
101 33
355 203
954 150
944 823
471 248
200 125
234 48
821 451
817 387
126 46
475 94
731 531
771 237
516 211
598 52
759 81
577 277
833 427
130 65
914 389
355 105
719 38
378 111
500 92
181 138
250 82
987 521
767 732
135 123
469 417
442 214
826 381
22 21
796 40
881 146
152 140
554 335
991 934
144 34
328 53
750 360
393 242
959 228
774 269
935 399
248 227
787 79
473 69
64 32
276 247
603 344
985 527
243 89
793 503
160 101
888 568
998 281
100 73
800 305
105 82
477 371
925 921
808 384
76 57
960 385
144 94
813 92
200 17
573 354
514 348
411 130
556 292
90 54
510 308
457 241
122 11
407 114
874 88
53 22
353 99
621 554
867 78
464 162
839 277
684 269
38 33
747 248
761 65
729 258
498 355
564 298
779 294
694 490
458 155
263 86
147 8
514 68
568 333
38 4
886 635
199 196
55 47
103 14
14 3
141 59
253 145
657 634
904 300
996 690
8 4
639 557
429 12
58 33
3 1
970 406
203 100
919 150
927 618
285 23
32 12
