127 58720
731 157
912 657
86 42
501 72
635 295
423 422
688 675
173 31
124 46
647 601
82 40
496 319
980 791
332 208
989 31
419 299
131 51
697 216
27 9
484 52
738 253
10 8
281 137
963 583
8 8
110 66
787 491
414 281
467 341
349 107
483 192
260 205
613 287
191 42
889 637
227 55
648 582
486 116
575 554
152 73
101 63
778 470
260 252
924 173
934 425
839 206
88 78
62 14
95 89
38 16
672 437
168 102
298 108
762 465
424 405
514 469
110 65
10 2
30 9
112 82
819 462
245 220
895 653
577 342
103 13
198 87
38 6
457 25
563 266
507 369
380 272
794 168
352 51
981 532
177 9
994 85
581 278
923 739
972 195
990 303
75 2
117 26
941 127
76 41
481 345
621 317
69 13
292 17
813 450
341 236
886 306
244 140
16 3
151 109
820 414
166 37
276 53
907 128
580 223
913 269
985 47
120 7
752 642
856 504
406 134
592 180
914 746
76 74
111 104
561 236
585 550
282 189
191 140
847 620
106 94
203 65
246 152
483 405
735 486
590 21
140 81
820 358
206 110
348 348
900 890
224 153
682 667
