188 94034
510 342
344 106
599 161
425 374
78 55
768 230
821 786
11 2
38 13
812 245
865 679
347 192
778 516
938 135
992 383
707 215
141 100
947 437
96 42
866 775
624 299
361 234
53 39
365 54
572 137
557 488
795 502
639 189
616 561
822 527
223 21
548 308
165 58
772 82
879 691
601 332
507 378
577 372
704 337
147 57
831 548
60 2
659 40
580 147
994 296
884 206
181 145
131 110
913 546
68 15
417 343
486 314
898 734
192 76
802 723
870 593
340 117
119 35
766 72
132 53
775 693
517 52
158 66
738 234
460 28
28 28
246 239
33 9
460 179
871 806
322 26
273 99
683 230
634 153
917 419
776 671
784 449
909 266
253 156
208 105
334 3
280 246
88 1
987 139
250 145
112 110
297 86
560 257
36 1
851 713
926 801
519 184
219 211
387 94
87 62
970 433
644 634
656 78
514 302
212 40
527 217
520 466
165 164
280 212
564 77
924 466
932 172
735 635
229 131
251 107
478 66
323 296
204 52
129 121
938 80
696 674
381 214
707 203
692 309
545 27
644 495
883 185
134 112
412 185
717 117
816 449
751 667
220 23
4 4
897 647
94 79
668 480
579 256
349 68
715 579
751 465
400 343
127 4
5 4
453 177
443 223
592 527
318 76
380 112
338 50
461 446
860 746
212 128
863 607
715 364
420 15
221 180
749 92
592 247
696 670
936 467
601 344
33 24
179 99
338 76
791 172
240 5
36 20
249 77
124 119
405 204
243 230
896 280
909 38
592 183
919 295
69 55
936 760
369 52
406 393
802 248
150 72
584 89
855 589
575 214
75 50
871 568
52 39
314 50
619 406
61 9
884 470
314 7
