117 58874
316 916
91 939
13 908
765 816
62 861
761 765
468 905
385 662
987 990
379 628
722 944
297 483
731 851
839 959
546 645
300 973
771 882
18 258
908 963
319 845
821 999
874 953
196 270
821 885
37 801
727 897
914 953
863 892
906 940
286 372
868 933
991 991
759 844
925 948
388 736
789 911
142 888
995 997
777 930
968 992
132 657
816 869
445 909
574 851
379 909
148 586
102 350
8 223
123 593
683 886
957 996
799 924
391 737
57 874
660 838
98 672
221 422
204 778
73 948
757 982
556 810
525 761
596 783
394 437
985 997
307 315
973 993
385 405
205 349
569 1000
325 765
487 973
214 705
901 931
797 980
723 920
24 108
96 772
622 970
63 312
957 991
859 973
561 827
848 858
19 998
348 642
375 537
347 704
535 786
967 988
157 567
93 304
212 911
919 960
343 645
213 768
166 518
280 583
888 928
238 952
512 719
11 717
573 617
235 394
378 378
909 918
676 864
993 996
239 834
326 498
580 603
884 944
565 957
25 456
763 802
488 547
292 536
