157 83214
834 886
729 754
223 964
611 818
704 871
647 755
180 818
325 372
782 990
441 836
87 335
471 526
306 564
151 821
158 572
856 990
531 549
508 779
37 679
501 571
949 989
987 993
468 548
405 930
62 786
704 956
258 487
628 814
337 784
342 974
744 869
650 858
302 582
668 690
230 512
404 422
825 897
742 823
6 485
941 996
612 764
369 573
801 938
197 852
861 937
821 923
127 871
946 991
218 329
108 656
236 960
664 834
202 957
236 980
215 929
765 830
951 958
758 819
875 936
218 913
663 762
809 983
191 388
877 878
750 810
167 654
85 317
952 973
772 895
422 530
164 534
587 639
310 902
294 751
277 809
27 515
184 422
791 982
865 973
626 807
243 464
773 779
504 609
565 785
745 875
195 654
926 956
957 957
989 999
668 932
845 983
923 970
809 839
298 311
887 929
560 808
833 942
644 725
229 1000
781 835
536 635
939 954
692 768
489 981
43 931
628 793
844 944
701 835
769 844
830 929
416 607
782 928
290 837
115 742
66 547
227 395
614 659
46 560
975 986
853 981
152 413
616 755
855 929
478 710
793 880
165 943
68 687
889 891
54 95
853 860
425 1000
536 576
391 715
992 999
581 652
758 894
752 761
121 458
508 689
324 357
689 897
632 920
930 945
919 943
420 697
879 915
221 997
821 848
479 890
870 929
64 735
112 133
325 706
355 662
83 888
405 847
742 837
