139 67188
370 324
533 256
690 104
72 50
760 606
634 84
529 385
78 75
417 364
968 44
135 6
324 114
877 368
63 7
627 435
823 341
772 629
143 102
566 145
364 16
257 235
78 19
321 50
415 78
63 38
298 202
74 65
361 99
891 189
24 3
231 88
133 73
205 61
151 97
126 36
255 239
355 306
616 385
585 325
766 78
752 316
772 322
644 101
798 234
490 151
151 40
931 929
102 91
903 645
934 429
116 67
50 4
548 232
6 6
263 177
306 43
395 114
224 126
887 170
723 435
410 310
139 138
704 357
504 465
971 697
331 314
617 31
806 145
432 375
750 186
783 99
588 489
153 84
989 488
965 765
875 225
470 275
274 93
296 197
95 61
339 91
597 95
513 315
769 213
818 317
475 287
988 47
530 450
431 301
983 456
45 9
598 29
769 548
552 486
58 23
361 352
28 27
466 385
22 3
105 88
302 148
614 303
144 114
297 157
5 4
417 193
393 318
167 105
470 329
636 290
463 423
414 351
716 347
477 354
145 49
894 339
293 84
962 564
441 243
517 125
911 821
896 714
680 62
909 385
123 41
520 380
407 174
750 674
436 392
341 149
589 307
786 348
317 194
486 117
466 416
872 785
983 166
579 247
825 672
