197 96873
226 737
693 820
444 497
175 600
653 708
635 857
360 555
477 773
299 634
537 554
366 609
684 875
625 888
442 770
444 635
729 770
74 846
980 982
414 821
941 984
359 420
233 551
500 817
309 964
315 609
153 587
185 437
704 895
580 890
419 926
403 891
552 952
185 937
172 440
321 966
144 934
799 931
115 956
132 781
920 951
921 962
477 821
649 948
704 720
337 452
242 702
105 258
534 734
491 645
714 842
166 295
709 752
386 595
393 546
622 883
767 802
258 875
556 929
269 269
733 866
137 609
641 701
103 159
844 929
212 623
175 569
592 844
920 960
387 532
416 621
380 893
154 416
312 888
825 944
290 988
669 675
882 954
506 552
465 981
131 638
933 951
112 928
102 181
442 550
416 577
599 931
351 637
759 869
534 578
265 749
242 901
293 328
575 853
287 633
323 489
211 257
291 444
604 746
466 667
589 627
942 986
89 890
179 729
784 866
705 938
525 869
89 734
217 229
681 923
953 962
352 805
143 632
236 422
920 962
920 945
598 700
737 805
650 893
15 350
238 918
673 744
638 1000
313 883
906 924
493 685
539 982
502 540
756 882
783 810
401 948
214 318
199 364
725 962
413 637
65 788
27 84
901 912
73 219
130 849
432 971
796 880
196 523
76 484
319 425
64 544
968 998
835 981
614 836
965 975
8 768
186 349
447 460
335 743
348 812
428 698
969 984
859 907
919 944
810 955
44 182
731 988
968 981
642 983
585 616
972 995
847 998
942 951
413 666
611 686
865 994
130 650
319 778
262 314
828 908
138 240
740 753
695 839
303 875
895 904
975 990
881 916
739 797
179 409
466 960
185 438
357 761
937 949
872 934
655 978
491 660
701 749
477 862
436 914
89 203
289 873
896 990
853 897
