137 66443
583 58
626 362
113 24
288 71
228 133
476 315
287 39
21 16
300 278
49 30
231 71
545 37
290 238
320 73
773 261
835 539
811 342
355 24
559 433
190 57
759 194
510 477
863 68
516 282
545 304
928 408
693 459
114 75
910 206
730 559
875 521
143 23
782 540
812 326
575 394
494 196
720 217
733 715
579 458
762 169
891 888
809 26
417 244
652 476
252 125
887 140
233 54
558 332
335 215
634 288
722 76
793 579
435 135
27 10
83 32
850 647
74 35
123 70
983 668
353 152
741 685
750 515
504 182
421 21
800 219
745 652
160 9
484 223
742 605
553 466
541 306
375 214
669 171
549 162
525 23
172 78
691 218
216 200
662 517
608 270
634 275
68 61
298 2
197 96
79 6
568 94
269 76
69 17
957 908
608 153
117 94
580 338
490 4
410 406
103 85
315 139
525 261
253 47
223 133
320 31
266 197
745 368
10 2
41 33
515 357
14 12
615 523
374 223
97 46
590 143
355 334
102 74
114 84
89 20
146 128
501 446
436 326
975 635
898 585
724 43
843 670
491 396
843 208
590 454
380 294
402 83
140 30
280 248
587 471
607 583
623 97
662 561
906 438
239 57
747 231
836 778
634 280
