185 90793
560 378
145 142
799 405
784 107
877 438
580 273
425 56
84 63
88 66
355 216
852 172
83 9
546 438
405 383
610 592
23 7
823 527
315 137
853 285
466 420
130 13
412 21
184 181
695 187
355 95
694 447
328 161
299 122
431 285
79 62
986 236
395 297
512 438
326 75
977 292
112 17
839 625
268 130
596 533
387 333
692 683
464 399
290 159
514 364
129 80
924 800
794 501
950 288
406 346
82 33
589 132
82 78
138 41
795 565
258 95
607 180
36 9
550 305
27 17
25 20
927 728
694 318
582 218
293 186
34 13
67 17
118 20
437 83
547 163
466 129
186 26
197 56
725 431
647 351
132 3
329 70
601 122
997 236
348 73
245 189
295 47
915 630
736 476
919 801
844 551
953 188
583 184
165 131
717 178
839 224
981 271
612 478
471 375
406 35
372 353
69 1
895 638
368 335
410 409
133 128
583 569
673 16
938 30
465 463
519 402
954 932
865 369
175 107
409 310
295 113
263 16
934 415
434 319
216 27
360 164
592 312
706 380
426 71
721 426
959 268
940 281
869 519
231 169
805 167
328 45
18 11
748 498
147 89
647 247
352 201
352 181
503 503
39 5
205 68
673 450
587 143
792 148
996 723
479 467
586 345
341 42
419 337
936 428
959 595
221 18
175 172
498 145
607 144
836 644
56 32
234 214
3 3
908 173
681 77
841 667
556 527
93 71
578 156
39 19
356 316
835 409
660 375
22 4
738 554
910 65
155 87
577 488
445 145
774 190
374 22
456 103
850 408
482 317
188 112
885 806
657 276
606 114
126 2
724 411
219 6
110 58
75 53
626 532
342 159
550 344
