128 66687
439 35
267 59
260 33
496 201
523 252
673 562
1 1
43 25
414 370
374 5
718 370
5 1
324 277
872 373
394 82
876 622
247 176
455 21
647 596
688 153
866 580
940 584
603 562
886 193
840 401
292 165
764 577
127 4
511 206
641 281
825 713
930 909
79 57
36 21
177 79
869 237
556 373
424 6
408 351
520 396
641 490
579 464
447 444
67 22
874 82
676 254
301 57
50 37
767 465
47 30
49 6
655 102
362 235
669 661
869 689
871 136
449 71
632 50
342 288
968 198
846 285
936 713
629 296
311 68
358 122
721 209
830 139
181 147
543 44
936 394
201 67
817 31
421 1
270 193
283 68
148 53
26 25
13 11
705 332
974 814
774 753
542 529
839 482
136 3
206 70
524 425
148 125
301 125
217 195
753 430
139 39
675 447
780 267
486 325
601 433
629 499
634 276
561 122
451 390
784 94
802 545
677 392
905 375
718 38
865 430
755 241
725 674
808 453
547 74
882 821
40 23
489 397
66 47
218 195
157 101
991 680
482 239
168 112
52 49
912 726
416 147
392 292
665 523
443 120
833 280
352 339
826 630
846 725
