154 74466
315 451
428 964
944 971
618 777
667 756
122 308
675 862
543 798
63 694
700 903
474 573
895 968
334 686
516 797
150 217
905 977
852 966
574 575
111 618
47 511
959 962
455 999
440 497
832 958
462 593
609 994
684 904
748 939
90 268
476 720
154 948
728 862
439 798
966 977
71 555
435 749
369 664
138 771
92 874
277 370
890 911
758 838
759 964
538 943
89 228
183 763
557 757
970 986
872 943
712 945
591 889
474 784
226 311
473 774
328 596
385 513
123 959
732 811
548 735
914 919
599 644
513 516
18 257
839 851
993 1000
660 969
196 495
891 999
456 645
465 685
110 797
630 899
720 916
252 317
277 309
200 213
748 825
37 622
162 434
84 313
505 631
738 838
813 938
991 1000
841 996
370 675
487 905
45 628
397 988
440 709
478 975
439 669
8 329
44 443
841 886
31 247
129 144
942 942
496 561
217 656
137 820
173 183
970 995
820 997
6 615
158 905
320 480
904 924
410 775
68 624
944 997
201 858
463 694
953 954
240 766
373 443
774 798
422 931
292 740
489 567
147 207
364 397
626 760
262 787
95 803
195 240
734 894
87 348
893 908
264 527
521 618
670 832
239 803
8 149
577 685
331 550
601 869
824 894
487 851
994 998
392 702
925 938
765 833
244 362
530 624
754 962
291 661
415 910
748 867
619 663
263 517
74 500
907 924
921 946
