147 75505
4 57
309 914
618 923
380 569
720 848
752 769
956 975
88 965
557 898
430 767
608 750
259 283
439 849
879 979
246 473
295 976
464 648
917 994
134 160
721 818
991 994
967 971
637 772
142 362
11 806
888 968
76 475
610 906
28 428
652 828
71 816
631 848
128 557
203 894
629 803
935 987
365 791
919 977
570 744
595 614
232 441
909 989
22 273
946 981
220 512
620 767
960 975
991 998
47 393
713 791
291 536
663 776
909 980
521 687
156 962
599 821
949 962
473 980
177 740
964 978
45 377
347 957
841 855
141 413
783 840
244 483
897 996
706 878
539 620
328 754
171 234
140 417
232 907
73 963
34 392
759 981
481 953
715 900
669 755
826 968
161 453
964 997
879 999
416 731
490 636
281 970
567 832
125 447
107 388
286 982
154 596
725 878
617 730
318 385
839 978
114 182
822 886
109 995
327 378
659 874
11 992
753 835
595 643
736 924
254 624
828 972
402 670
924 989
271 288
847 949
700 992
791 944
660 886
93 608
509 946
784 918
286 961
793 859
634 956
240 391
852 900
760 879
684 837
798 934
446 958
478 520
412 593
269 796
878 976
57 963
965 981
676 861
983 990
361 686
814 993
561 866
602 773
465 649
920 956
984 986
41 618
58 241
695 826
937 990
168 404
69 622
343 550
