150 76515
384 978
104 833
350 475
151 631
29 753
616 660
55 848
971 992
442 718
410 857
827 957
741 810
622 970
516 644
465 569
618 627
982 992
78 145
131 499
421 422
176 685
580 980
188 424
561 622
423 694
958 981
299 496
677 683
121 245
949 969
516 933
80 861
547 653
620 715
228 865
733 783
793 819
399 480
109 830
748 772
65 228
852 913
670 766
160 421
947 998
316 562
354 663
59 247
26 513
900 919
756 980
234 636
993 996
581 900
399 603
520 553
483 745
904 932
257 637
605 728
249 487
847 853
120 276
387 825
863 954
371 885
527 755
130 277
61 688
901 947
103 804
882 974
622 646
335 842
635 996
216 951
843 869
132 353
496 946
337 338
56 173
950 996
798 874
346 806
302 961
769 827
837 903
571 784
497 520
372 464
590 738
891 908
637 776
951 987
990 990
918 926
961 997
607 738
759 924
485 866
253 631
555 967
354 396
62 895
832 858
775 984
781 947
448 995
744 819
707 767
365 954
394 507
880 909
597 931
879 936
189 955
67 688
663 904
317 598
381 561
375 445
143 931
554 731
32 867
202 208
61 428
514 603
753 925
968 996
785 790
69 500
575 793
161 724
921 932
350 543
542 647
743 853
917 962
935 941
684 719
452 938
931 955
120 321
639 734
790 906
60 748
643 736
291 963
315 585
703 750
