159 82810
106 980
676 736
714 870
969 969
673 926
394 620
881 887
957 974
501 916
543 647
870 896
31 519
627 909
185 528
229 458
536 897
510 959
918 968
422 809
390 845
913 961
773 949
690 985
874 938
644 882
529 884
193 528
294 725
741 1000
692 742
631 938
688 778
749 929
926 986
551 720
317 478
307 555
531 563
861 990
387 659
625 833
602 834
961 993
874 988
412 460
571 829
154 503
325 841
602 825
670 855
25 120
789 816
957 958
388 877
112 538
620 642
942 964
8 366
837 885
360 481
148 449
805 975
172 876
146 359
758 774
884 968
827 950
24 978
823 923
233 299
571 700
884 936
956 960
626 930
23 994
713 830
495 673
207 808
472 512
885 957
541 546
180 680
807 950
475 726
15 656
451 721
820 847
462 631
626 688
647 933
352 871
363 387
689 822
792 966
584 749
285 488
197 750
596 684
338 581
88 465
808 842
400 821
224 811
499 698
292 814
358 364
200 930
808 981
747 841
822 990
649 740
617 868
69 86
315 574
357 961
314 866
570 612
875 892
149 463
83 798
35 108
501 936
924 991
40 894
393 760
911 923
704 908
473 941
444 676
634 846
483 903
924 925
487 767
49 634
223 586
157 869
995 996
984 985
335 745
983 987
248 396
49 128
791 797
630 968
772 931
182 772
386 496
319 392
10 335
205 751
647 919
738 755
689 776
836 850
596 692
375 905
634 939
603 801
47 685
