198 98804
29 16
430 249
460 22
782 15
406 360
777 410
299 259
958 110
270 36
941 724
726 120
221 45
485 286
250 206
975 382
367 241
116 7
275 106
684 183
503 106
277 230
356 345
802 203
3 1
366 285
994 290
401 365
626 248
419 112
319 111
704 622
297 37
751 260
856 649
145 112
129 24
800 625
797 49
994 754
893 129
744 358
491 278
120 98
795 148
194 139
553 87
320 15
120 119
980 485
313 134
713 97
654 420
864 700
975 264
596 349
959 740
150 75
185 140
589 191
307 250
800 245
630 550
639 88
814 578
117 46
740 556
451 71
560 521
200 186
285 265
846 73
470 363
85 55
625 483
727 45
327 170
619 109
213 6
46 38
160 141
262 220
971 488
326 160
852 606
702 635
224 66
167 130
843 478
247 211
352 335
32 31
516 382
462 440
239 194
91 49
738 206
697 454
904 605
332 74
589 66
323 56
221 65
295 254
912 724
927 35
420 117
731 268
693 410
284 8
205 65
801 395
297 289
182 20
885 19
555 426
374 237
105 98
950 45
466 152
253 70
212 195
651 312
134 22
644 564
415 378
139 116
496 326
933 587
635 494
11 4
107 20
564 492
867 687
618 67
718 149
490 433
499 309
61 20
497 173
589 539
378 71
878 392
748 99
499 207
435 312
169 157
581 456
689 97
879 410
318 60
535 258
924 550
380 122
15 4
860 487
305 61
716 343
314 61
973 660
214 69
889 126
431 375
941 434
85 77
440 77
342 178
185 32
935 854
432 23
92 70
15 3
500 249
958 643
912 449
266 209
709 81
12 2
713 81
213 201
493 41
370 97
50 36
555 211
525 5
977 904
666 300
411 389
44 1
961 127
502 394
399 330
627 123
197 125
941 529
338 283
769 646
87 86
447 290
