184 95076
377 236
617 5
387 77
102 20
46 36
588 322
758 397
161 138
557 504
351 291
612 82
252 28
225 169
370 136
132 121
902 796
870 252
111 2
367 217
208 33
450 130
958 818
287 125
338 205
345 179
318 81
942 515
696 86
215 65
550 541
783 38
523 522
631 437
217 93
441 34
411 155
620 309
708 151
477 93
382 146
443 201
991 58
532 174
337 63
879 285
565 314
492 213
272 108
183 14
770 61
260 82
570 21
619 71
479 48
64 9
768 100
423 17
138 45
290 92
391 382
418 305
681 532
798 760
437 59
661 80
843 215
4 2
783 32
617 407
526 501
450 149
488 276
466 400
832 594
516 34
361 241
677 348
86 75
695 368
949 858
364 95
179 13
948 217
853 33
231 139
461 359
897 894
271 81
957 506
98 17
581 139
150 116
224 84
181 163
224 124
563 453
827 544
392 125
111 25
647 290
478 269
589 18
393 11
270 79
358 139
692 411
245 88
507 226
95 83
738 647
892 231
190 83
86 11
217 165
873 597
406 88
982 835
925 99
224 125
2 2
959 210
213 198
839 353
215 80
625 131
866 6
376 254
927 917
494 250
414 239
806 226
597 237
737 732
422 113
781 48
283 279
561 206
767 122
39 32
952 614
675 513
706 378
520 478
532 213
680 179
758 709
139 112
588 176
855 550
887 242
935 443
489 103
111 99
590 115
312 15
970 365
985 383
981 444
684 51
572 571
552 210
667 559
306 61
952 587
897 562
942 832
284 132
149 46
551 78
735 582
369 301
775 655
4 1
740 316
379 231
350 134
394 177
602 471
373 149
500 301
570 109
231 105
636 357
915 786
