140 73003
321 468
806 812
451 667
430 796
866 979
886 948
665 721
689 887
227 419
717 891
959 962
42 185
437 904
411 670
97 948
327 508
105 418
49 810
262 830
693 902
138 314
822 956
917 984
115 365
706 961
12 556
377 805
574 687
355 642
479 562
246 369
279 471
562 734
757 813
970 972
314 502
244 523
477 936
667 820
736 857
243 667
228 507
63 765
949 964
186 846
229 857
412 415
925 996
643 856
238 625
973 991
882 934
170 357
899 938
673 785
930 978
987 1000
660 928
454 634
232 408
978 993
241 628
931 955
475 902
572 614
851 912
109 849
745 859
648 716
723 784
694 994
986 990
629 874
862 890
99 401
7 979
314 409
23 334
246 572
46 988
105 617
201 886
59 734
643 699
61 857
748 883
465 812
287 491
452 887
381 614
824 866
969 998
314 526
740 784
647 907
49 670
401 537
257 906
793 839
733 933
647 859
210 663
405 924
895 940
333 369
850 994
615 683
181 502
455 456
755 980
686 732
979 983
990 999
831 981
544 676
810 965
673 782
929 975
884 887
455 862
897 946
497 625
881 952
281 505
770 966
309 496
587 692
661 909
801 882
666 940
918 931
279 951
10 908
497 572
29 989
419 781
681 924
421 562
467 959
333 738
