130 63555
608 819
115 967
912 914
912 991
939 952
244 509
582 793
84 915
800 886
546 989
118 419
837 914
97 638
739 749
695 839
614 821
57 862
93 581
223 902
784 810
240 600
890 895
119 916
220 771
49 601
655 954
236 585
303 327
845 862
887 952
859 947
496 557
906 924
830 893
347 548
67 817
273 823
204 800
43 978
840 857
482 627
15 573
660 770
698 919
562 782
318 989
74 355
827 892
878 886
211 859
503 839
408 857
713 929
304 455
764 837
405 683
96 695
438 547
797 845
504 870
688 724
567 682
344 736
605 979
966 1000
647 804
892 976
415 480
420 617
508 897
186 646
344 379
740 993
389 466
897 999
944 997
834 887
717 909
375 503
478 980
307 707
497 760
985 990
864 964
235 621
491 923
130 196
672 690
291 909
914 931
207 347
764 986
608 873
48 792
402 500
666 975
729 856
465 598
31 199
385 986
372 689
103 301
100 654
609 904
446 861
374 648
591 801
161 517
920 998
509 606
636 846
670 729
406 549
250 845
706 957
274 877
831 930
9 80
406 913
136 781
186 526
440 906
537 600
443 791
628 701
42 292
570 773
109 642
996 996
482 612
