199 100312
987 120
106 59
153 11
629 476
316 43
699 251
924 770
298 206
644 288
697 203
373 107
334 301
744 680
522 376
152 57
950 886
107 23
656 268
422 185
716 295
286 232
429 20
941 894
727 189
812 781
675 119
921 730
389 305
494 285
402 300
616 326
525 27
915 255
839 769
710 280
723 202
456 114
64 23
603 9
316 214
945 436
387 41
964 55
909 748
319 119
888 632
902 430
341 42
859 353
475 230
129 100
675 14
856 808
937 46
927 543
92 9
630 465
83 3
203 71
521 428
668 334
258 27
50 7
479 243
258 38
49 31
32 23
549 489
23 8
473 332
722 109
171 26
919 453
870 504
361 47
280 231
628 622
910 553
231 80
331 268
74 33
432 162
564 173
617 469
184 48
188 68
224 191
398 276
219 2
651 408
978 472
422 289
920 121
300 135
783 767
594 165
781 504
990 727
448 369
564 272
134 87
118 26
298 189
51 8
859 324
166 44
612 553
212 155
228 128
917 344
106 41
529 45
350 3
120 47
96 6
366 173
412 227
579 377
609 70
206 57
633 282
505 415
262 147
752 251
586 38
993 251
892 733
778 160
605 230
918 518
46 7
715 433
432 322
67 29
466 57
541 44
397 269
376 98
83 54
476 314
464 207
289 159
958 27
402 22
774 555
206 182
193 66
349 272
615 546
472 52
40 3
173 128
967 619
678 440
979 763
467 453
86 28
316 128
739 244
755 642
343 133
924 251
890 238
78 66
220 204
852 160
720 692
370 163
736 640
226 180
921 192
642 134
711 617
661 428
182 15
89 57
162 133
664 551
931 204
84 21
284 205
515 243
380 124
808 574
232 108
807 752
84 15
852 464
712 626
494 375
479 73
609 207
856 232
927 709
113 104
362 328
512 388
24 1
535 368
