121 60596
924 316
713 152
700 99
660 374
280 123
460 75
630 310
579 307
791 654
596 176
176 152
472 147
302 239
28 28
423 163
821 574
391 300
150 19
12 2
380 66
147 54
988 879
332 143
75 59
207 61
796 591
683 349
843 643
602 349
167 36
935 564
52 16
851 199
782 25
38 29
839 477
16 7
489 183
554 126
184 60
814 121
308 245
912 779
536 172
478 324
761 17
914 291
414 320
65 38
362 89
719 424
861 336
712 601
522 253
38 25
40 38
19 10
221 72
847 709
558 300
978 438
329 36
149 71
341 319
694 511
738 393
922 784
390 191
76 9
172 57
882 456
153 26
816 717
759 617
177 167
800 573
257 93
668 76
808 541
816 29
419 394
951 134
912 471
703 294
463 277
385 163
21 2
378 107
829 815
644 402
486 55
706 70
851 713
376 373
891 178
305 304
862 601
107 31
426 162
770 474
75 33
166 133
64 41
595 207
226 143
460 174
322 322
885 350
847 424
779 590
561 328
297 96
529 447
238 141
367 328
373 103
726 291
478 176
343 201
114 19
571 258
