150 74380
6 4
368 183
805 521
399 197
934 308
33 22
347 304
715 204
221 31
5 2
704 67
71 49
56 5
126 114
473 212
869 609
59 59
336 286
230 134
525 424
590 246
474 175
340 30
489 376
789 204
644 511
603 365
266 25
440 268
39 30
942 490
873 825
536 311
420 175
215 185
610 515
517 207
866 61
650 624
592 33
684 342
524 115
272 69
732 53
792 386
727 689
791 401
440 104
300 240
557 93
260 89
57 17
258 61
204 10
161 89
71 1
692 547
626 228
835 435
181 9
366 84
190 71
244 32
327 252
239 184
466 444
221 162
274 274
404 10
526 225
649 62
217 146
928 885
321 131
565 529
82 60
856 328
850 114
903 382
547 44
744 355
364 54
945 406
771 433
365 110
985 455
598 54
835 807
888 738
732 572
472 414
230 7
445 164
610 218
911 278
704 667
945 10
425 180
106 8
107 51
714 7
457 35
706 586
473 36
496 228
459 111
640 581
922 10
884 878
473 49
245 110
156 94
218 98
729 281
548 384
957 552
313 77
808 654
850 650
979 192
338 119
468 416
686 187
346 249
456 73
46 33
483 128
744 526
19 10
861 666
465 369
563 297
838 823
745 49
903 141
90 16
880 282
30 27
292 107
84 14
356 134
592 305
116 23
8 8
224 5
21 18
805 598
789 758
900 411
506 80
