148 72229
547 445
274 130
572 192
764 425
86 20
507 88
177 78
110 99
397 322
196 64
598 444
653 269
738 194
340 225
367 120
909 633
427 16
780 707
760 445
958 151
468 193
587 379
995 715
943 667
510 300
331 150
239 158
250 93
717 138
94 84
347 275
811 297
803 546
44 17
71 41
38 25
55 20
350 29
415 247
375 289
949 926
426 31
120 119
228 163
627 424
908 256
139 104
398 268
217 83
142 26
601 574
22 4
333 172
472 195
39 4
542 391
498 426
336 7
881 548
77 6
537 348
510 269
985 528
884 822
170 6
354 155
126 100
299 171
879 41
737 323
321 136
682 401
433 248
974 519
818 787
43 28
263 236
145 7
900 138
177 41
804 725
600 432
787 527
680 547
515 386
961 913
723 594
940 7
520 308
420 154
590 488
61 19
224 18
623 471
34 3
589 268
835 822
254 15
817 394
941 14
666 19
241 41
19 18
473 472
252 250
607 448
706 254
449 146
677 374
946 791
360 94
2 1
370 350
911 23
370 270
633 376
980 943
716 78
43 21
93 37
140 39
176 38
876 602
417 201
459 354
762 219
615 368
972 939
581 487
852 810
966 179
195 180
40 12
274 181
196 109
536 381
640 162
5 3
653 643
76 46
632 521
864 475
629 308
651 227
726 120
104 50
340 306
624 606
