152 72281
80 619
38 249
785 807
669 782
850 920
649 820
513 757
285 876
368 368
764 833
283 595
481 481
732 982
53 383
120 536
275 898
692 982
458 575
143 771
196 888
758 950
70 686
886 956
808 913
271 368
566 675
314 781
253 509
37 512
259 494
76 299
310 627
330 809
741 982
280 372
239 372
238 942
458 890
392 932
177 984
488 733
362 507
949 972
725 945
392 427
382 395
254 984
414 519
209 750
311 369
366 685
24 437
760 866
562 884
241 916
304 935
374 972
338 358
705 958
728 805
652 669
516 814
536 965
855 896
234 538
540 762
676 774
201 777
313 806
663 837
746 865
640 719
613 883
268 350
808 860
507 563
30 445
374 624
45 786
179 975
384 912
738 907
146 979
473 475
658 737
599 758
491 766
251 911
213 445
60 302
774 858
381 444
941 963
107 522
224 942
628 792
282 682
164 519
313 471
385 788
962 967
716 957
991 993
722 756
179 992
289 912
553 716
551 596
613 705
279 491
795 923
404 497
725 916
639 818
46 584
142 181
457 484
391 794
335 948
739 739
238 518
874 906
625 990
452 785
118 586
495 617
488 923
90 414
881 913
331 378
902 924
830 967
531 693
807 977
872 933
520 938
926 996
215 567
604 878
493 918
790 930
761 900
550 798
606 853
263 604
18 903
634 920
995 996
978 990
984 997
726 824
762 828
