196 99670
913 978
946 977
421 803
192 830
301 950
798 950
718 887
564 715
26 510
865 921
279 551
294 807
518 940
517 556
39 715
34 311
176 392
451 465
764 871
247 717
158 171
231 368
49 902
289 729
197 553
189 319
735 950
572 805
670 826
674 749
553 617
800 868
954 998
107 160
734 991
393 523
308 474
378 488
999 999
471 1000
248 834
62 934
436 598
977 986
990 996
106 872
407 574
178 729
97 410
448 721
300 802
894 901
312 740
537 983
325 620
184 526
790 958
964 969
831 901
609 808
146 171
746 988
88 334
154 437
947 981
393 784
113 220
164 477
755 766
871 896
835 853
661 812
253 716
403 662
507 563
576 819
521 581
953 985
869 928
390 410
101 119
733 898
523 923
137 249
998 998
706 995
949 957
592 891
176 425
66 207
782 995
576 860
810 981
27 626
780 840
971 978
908 936
982 982
766 980
580 940
183 210
253 682
858 925
718 819
255 516
226 347
160 739
975 997
157 489
116 366
929 970
913 989
12 169
769 961
999 1000
142 884
589 822
359 786
785 873
275 958
637 788
537 652
453 975
194 832
612 812
155 953
167 974
631 925
346 722
902 970
895 920
41 622
200 573
546 664
688 963
315 899
34 328
530 798
41 434
657 934
511 822
79 475
82 668
149 163
417 732
184 643
4 650
651 945
389 702
555 790
869 980
552 668
663 751
496 787
912 939
171 635
337 370
487 887
777 956
469 836
45 780
817 965
494 526
311 836
633 639
642 858
643 990
549 927
92 522
982 985
444 696
807 889
961 973
654 748
568 709
762 807
922 960
871 889
531 531
283 529
179 694
983 983
887 958
574 921
105 289
799 998
751 904
938 958
652 670
979 999
14 956
390 397
812 917
505 739
703 964
652 894
