122 65496
653 68
941 386
176 113
814 65
482 175
836 181
490 425
194 69
582 577
794 682
808 787
631 95
412 249
262 7
257 201
387 245
560 351
523 499
26 4
202 58
890 10
642 157
785 648
100 45
138 125
945 319
996 220
875 190
13 6
654 462
622 377
394 61
774 743
206 76
159 68
338 112
19 15
947 600
754 294
334 45
65 32
793 156
173 88
767 402
325 179
102 66
407 388
193 9
458 214
769 187
194 164
497 316
363 6
569 503
20 19
589 533
498 413
602 203
664 109
779 378
525 346
185 178
390 316
304 59
387 349
189 136
11 6
831 742
696 410
689 289
772 344
803 777
961 159
843 725
927 580
802 301
666 335
410 83
104 59
385 3
190 2
817 742
381 368
863 489
917 721
536 309
939 472
403 151
800 462
759 616
854 192
612 193
727 386
879 460
618 254
921 548
235 221
102 21
325 8
478 12
786 17
858 102
109 39
972 39
870 259
463 61
482 306
1 1
504 250
667 59
39 5
38 4
396 30
541 448
328 118
652 412
783 618
981 743
860 435
784 243
757 369
946 691
