178 83077
49 19
723 610
480 211
580 362
104 46
317 76
254 46
741 179
521 183
15 15
115 50
409 345
733 311
140 4
2 1
776 80
645 279
691 531
416 98
432 223
902 245
194 169
444 253
239 233
215 178
125 87
234 137
483 402
445 258
518 228
925 497
549 116
907 171
19 6
152 29
38 16
176 89
324 319
192 13
161 138
466 52
415 76
302 9
272 263
704 374
553 317
457 371
999 547
432 208
14 12
216 62
659 159
538 320
364 150
642 469
68 4
532 294
363 322
30 19
251 172
901 195
477 396
830 736
723 429
823 281
689 452
607 187
133 32
378 91
868 732
448 165
566 513
494 122
265 238
40 28
309 293
107 44
196 62
904 491
160 95
171 62
241 215
237 64
37 37
760 758
472 156
187 85
476 348
133 103
732 35
256 86
107 33
680 606
975 197
845 36
709 454
185 121
928 755
980 604
602 131
205 80
219 2
437 234
134 72
863 207
913 4
572 152
599 455
226 219
238 71
910 645
632 494
363 73
982 442
916 705
471 58
507 483
998 682
818 359
919 297
298 11
170 44
29 17
795 511
530 283
895 568
709 254
789 62
587 117
580 59
78 31
124 93
729 611
636 568
511 69
44 23
879 256
591 483
430 68
587 577
916 424
70 5
183 63
192 20
145 56
351 73
432 69
633 13
361 238
69 44
237 40
121 94
372 192
469 441
805 6
136 128
427 272
989 491
53 41
679 403
594 506
492 165
224 116
315 221
585 490
60 60
324 131
829 534
820 655
830 559
999 696
964 388
82 61
698 566
669 598
589 490
912 234
244 180
