115 63498
908 175
85 76
190 130
156 83
211 108
282 249
803 201
748 515
316 52
980 848
873 111
431 266
92 67
325 228
566 203
636 336
865 692
432 366
991 167
965 653
39 30
389 25
871 660
261 31
854 107
836 775
655 596
16 12
880 588
831 624
256 150
549 52
998 194
642 19
715 436
544 497
678 336
885 700
877 727
424 165
905 387
261 181
174 33
998 542
652 250
523 349
340 143
667 604
39 18
991 70
206 139
637 476
609 132
594 73
683 153
864 839
930 159
700 639
776 396
480 175
21 4
414 365
325 57
821 505
614 165
95 87
180 9
987 223
702 15
130 59
384 71
685 391
568 41
621 551
687 232
259 177
650 589
426 270
208 171
284 38
925 572
383 104
54 19
925 863
537 324
625 557
761 23
555 351
773 457
165 75
374 250
143 39
953 652
205 198
719 303
486 292
717 422
597 580
456 145
230 160
976 731
789 81
304 130
481 227
413 3
996 354
975 165
153 136
304 272
742 270
766 199
697 69
20 13
452 212
701 558
