134 64516
171 612
899 997
513 708
332 662
131 810
446 627
64 871
45 958
713 829
668 976
712 855
223 938
680 900
429 720
108 690
841 860
292 543
683 962
501 720
910 935
704 728
783 942
512 658
519 816
119 202
119 179
718 844
397 854
383 475
158 397
798 989
986 994
911 997
927 930
5 806
18 875
647 734
354 400
991 994
45 883
740 977
10 72
663 714
505 783
237 405
227 558
115 259
298 416
414 947
683 908
299 445
406 784
695 727
279 972
261 283
877 928
936 945
333 430
458 875
684 736
215 686
235 746
47 54
569 983
114 190
820 939
944 999
775 974
112 186
132 949
822 930
147 161
553 762
701 944
390 521
831 891
18 533
33 472
76 578
831 934
52 132
269 570
740 903
258 581
16 673
218 863
79 564
954 976
26 655
39 192
557 904
380 786
702 909
93 866
366 419
947 959
858 1000
935 971
763 828
884 946
585 863
478 980
721 993
917 933
336 626
474 908
920 921
224 895
911 912
777 885
53 644
27 776
780 814
589 699
966 992
855 994
186 987
747 873
279 650
744 774
502 727
153 764
638 641
529 900
813 839
28 56
736 787
430 880
104 799
858 876
403 638
920 983
110 362
646 732
