111 54751
280 192
144 141
128 117
310 29
824 320
650 530
20 5
136 70
496 345
250 204
810 282
472 161
919 823
943 128
255 160
835 266
660 65
608 551
850 540
106 36
779 248
576 26
800 687
224 1
575 3
479 234
115 32
758 384
326 233
925 864
130 14
740 209
730 442
541 516
259 139
155 102
862 465
834 706
973 969
360 223
912 267
67 64
861 19
161 89
792 481
646 519
274 122
96 88
813 765
327 56
241 213
296 232
996 424
956 153
565 441
253 161
107 21
568 121
408 275
507 88
202 65
652 641
804 192
244 207
123 92
559 397
605 296
628 550
489 197
400 266
313 115
82 38
169 26
107 90
587 497
693 229
189 133
745 365
176 107
137 3
453 179
439 285
594 37
380 209
285 27
732 290
386 334
916 865
5 3
616 396
30 30
957 4
946 206
853 242
467 392
676 4
223 199
3 1
439 76
521 136
364 312
919 757
960 541
766 420
391 66
312 195
156 17
773 630
309 106
360 101
932 487
