169 84545
818 867
458 637
6 203
389 448
912 922
785 794
537 663
3 247
136 935
384 487
135 348
632 883
412 893
517 672
834 849
507 899
653 802
201 950
126 512
343 832
524 679
728 982
713 908
624 731
802 898
446 502
647 672
402 740
974 978
489 600
753 884
843 878
558 871
586 813
755 898
995 996
726 966
370 744
707 942
478 601
226 530
347 601
396 965
939 966
281 951
702 752
642 946
380 444
798 894
16 350
149 498
962 966
411 918
608 694
730 968
709 868
423 850
651 652
495 778
850 910
128 216
149 890
896 930
445 551
417 466
815 1000
55 709
538 768
344 719
201 497
622 623
744 778
81 138
739 925
692 775
277 347
83 317
516 582
869 976
735 936
570 871
267 872
598 657
565 663
908 974
111 801
295 582
26 818
528 981
132 965
841 897
29 739
437 611
346 608
716 816
288 568
512 548
50 199
525 594
825 984
103 200
690 787
695 739
711 947
117 909
696 979
370 753
35 197
912 985
694 796
606 933
720 791
584 750
948 997
619 871
578 940
375 703
54 620
999 999
262 641
223 446
580 795
944 949
842 853
364 825
304 818
104 734
145 168
325 565
335 894
887 987
939 990
675 877
368 828
234 715
6 138
847 980
616 960
736 797
586 958
687 780
90 862
687 693
203 448
472 503
257 754
541 957
786 998
404 426
782 804
86 191
191 605
527 862
336 427
895 968
826 828
52 286
515 777
299 359
564 766
844 935
337 712
425 732
22 237
956 961
686 795
141 273
347 955
220 561
