109 53741
334 327
26 10
324 25
778 502
871 578
358 199
815 472
300 12
165 31
55 27
621 183
626 216
773 465
462 253
662 281
901 801
610 33
96 65
355 144
349 6
76 14
317 68
688 248
275 18
250 126
17 1
514 95
787 209
666 573
601 148
751 328
790 391
499 157
688 322
390 164
858 363
84 12
217 17
139 14
969 180
661 660
720 4
479 146
449 359
111 75
314 6
639 92
323 120
860 810
580 274
773 593
208 67
531 435
332 90
35 4
485 236
352 171
287 100
215 35
863 798
928 882
268 236
765 765
82 35
917 482
496 425
432 53
980 792
929 433
183 107
135 50
967 948
593 95
153 98
879 589
638 43
489 260
451 103
942 612
179 64
145 42
669 415
660 604
517 491
350 227
189 33
537 336
262 110
367 88
228 179
989 639
644 167
543 505
502 416
197 33
304 18
912 437
535 271
590 364
580 508
18 5
971 361
218 77
203 141
456 228
790 598
135 17
772 634
777 597
