166 76709
914 974
633 735
208 612
541 920
430 802
448 914
51 559
168 929
678 891
672 931
498 914
582 725
749 910
531 751
67 283
898 925
119 760
25 594
574 971
874 931
15 553
945 959
770 845
602 813
485 890
343 971
743 745
452 613
699 987
205 704
600 807
114 669
834 978
821 855
401 717
552 795
614 932
434 838
229 785
169 468
183 607
204 527
510 526
272 309
656 805
732 919
876 931
600 666
990 993
827 959
231 417
260 496
706 865
745 881
516 791
712 732
192 378
941 996
474 759
770 912
971 981
858 865
656 994
41 679
460 578
703 703
765 846
100 133
920 937
34 507
427 840
88 489
746 981
855 921
127 946
784 806
641 988
718 909
23 537
217 785
387 692
481 880
618 746
814 827
419 723
64 759
48 932
412 868
711 924
932 978
773 902
220 635
189 746
131 963
873 948
129 453
187 678
926 964
380 573
674 694
46 112
329 389
165 574
275 275
28 241
467 682
178 840
129 910
119 333
296 325
70 746
524 834
15 150
974 984
134 912
362 791
369 437
697 710
258 783
376 443
558 911
960 969
643 944
437 804
948 1000
618 777
216 917
342 687
136 149
350 651
235 375
543 752
80 887
934 986
78 542
14 823
911 961
597 992
228 612
636 926
557 976
945 948
793 960
104 598
643 927
151 347
655 780
28 96
390 839
899 965
498 871
270 482
144 944
252 652
151 403
841 957
166 382
603 954
328 386
156 171
155 251
529 998
520 882
51 72
622 709
396 756
