174 81813
302 576
785 968
698 742
205 429
263 665
675 983
384 528
976 986
724 890
874 910
627 727
318 684
447 957
771 931
503 512
995 1000
711 726
627 725
956 990
126 774
488 602
461 678
656 749
461 827
346 690
819 868
91 338
158 392
538 834
229 665
6 73
691 958
802 928
102 218
636 974
894 898
376 461
87 516
48 587
991 994
379 668
987 995
181 703
542 827
326 637
391 755
124 337
894 969
365 639
907 990
665 987
916 995
337 933
189 232
85 966
719 829
264 912
273 842
612 960
346 722
821 828
948 962
236 903
390 486
96 256
428 522
503 624
116 498
224 996
501 668
862 961
38 807
423 631
584 805
88 233
33 414
517 652
704 862
235 608
915 949
792 815
455 470
808 986
505 533
363 395
40 296
251 608
494 638
826 862
32 508
190 695
94 606
775 875
468 613
641 816
300 517
113 625
887 926
321 745
104 394
41 716
192 760
537 574
927 980
603 671
111 191
563 902
106 672
961 995
280 993
311 508
604 776
704 800
185 914
398 527
159 237
48 907
312 319
807 883
901 948
873 995
138 451
88 906
370 450
452 997
252 498
342 886
126 568
202 233
464 894
740 789
691 896
497 908
963 988
752 802
108 302
886 946
100 506
623 850
175 333
182 916
924 924
391 626
192 857
111 400
635 906
423 509
545 965
338 929
381 789
812 960
414 417
176 319
414 416
811 924
557 742
871 902
874 922
94 874
647 957
99 303
16 200
364 800
238 971
699 955
615 837
870 940
847 947
316 624
289 882
825 833
717 932
769 851
294 975
