191 94296
16 328
572 645
763 935
94 164
115 799
798 879
214 347
752 977
736 778
461 723
261 718
813 838
640 918
460 847
701 951
753 807
603 982
317 581
500 657
495 740
807 928
915 992
303 750
667 819
387 971
532 889
21 923
898 945
622 627
225 521
489 575
415 957
198 468
526 779
914 926
220 331
110 511
770 820
933 954
166 628
57 218
864 883
452 969
101 561
769 788
573 762
223 710
848 997
924 951
47 907
882 883
997 998
398 840
577 731
582 804
263 298
842 953
214 728
213 394
455 769
819 994
939 959
682 990
965 997
608 704
246 419
420 621
145 232
833 964
916 941
117 802
11 262
53 608
469 793
831 953
649 815
609 718
91 420
471 643
571 908
283 839
92 429
212 262
150 942
974 991
805 901
812 953
307 867
506 780
805 998
603 795
578 768
850 945
788 812
54 308
535 980
845 876
43 164
524 902
310 584
862 866
327 894
845 926
497 698
706 926
141 581
31 255
819 915
285 968
296 678
966 980
144 948
656 829
945 970
57 882
433 448
848 868
458 634
393 946
511 754
320 503
589 701
556 867
551 880
115 917
531 583
296 915
151 850
989 992
263 961
783 935
769 821
642 835
354 410
487 547
42 954
794 798
741 817
397 415
627 850
881 924
232 505
118 848
319 568
236 447
172 259
59 297
41 503
18 774
996 998
183 883
218 312
683 792
573 638
607 810
443 969
380 447
918 954
953 1000
487 840
698 817
993 993
646 802
24 114
894 953
757 853
40 671
754 831
958 977
367 505
114 275
594 841
580 602
202 340
193 334
516 668
170 372
540 884
163 868
840 927
732 917
342 839
167 698
741 909
867 900
51 848
273 823
63 361
401 739
378 523
519 907
