102 46426
99 838
741 753
799 847
588 993
244 706
383 943
76 540
813 905
559 586
391 815
319 959
529 906
250 462
169 536
246 441
744 907
920 977
325 875
461 551
939 963
846 992
948 959
198 544
74 597
99 857
908 950
114 660
337 604
479 846
105 282
882 976
502 819
662 841
392 803
390 470
759 826
687 939
86 243
979 993
72 831
959 973
943 983
42 104
378 609
905 989
530 817
908 915
120 729
189 700
214 490
954 959
7 339
107 567
655 762
66 181
250 325
529 728
494 889
102 444
153 792
47 573
80 862
76 883
583 815
668 875
696 869
137 862
351 617
2 667
819 971
8 283
323 562
374 944
77 321
794 966
862 967
892 970
415 557
684 855
692 999
412 891
567 925
48 586
697 753
639 906
244 585
368 927
675 889
324 771
615 991
989 993
867 870
133 762
65 171
56 643
74 567
906 978
983 989
65 464
729 868
542 776
228 495
