105 56360
599 972
449 616
330 908
942 964
986 993
310 502
636 733
170 722
618 685
755 884
491 529
167 222
294 559
869 895
184 216
814 925
819 845
758 938
257 784
217 631
834 967
789 993
932 975
298 651
636 988
395 469
156 755
40 840
39 289
379 911
468 877
829 838
539 970
871 977
490 668
14 739
958 988
12 808
328 461
74 660
824 856
586 966
337 562
447 500
413 443
466 856
332 455
817 965
216 679
780 849
734 788
461 763
537 623
21 656
496 671
948 952
538 694
895 922
610 676
967 993
416 557
725 812
278 771
761 991
245 363
670 820
642 909
821 879
144 397
553 783
917 957
995 998
604 748
803 876
705 876
234 459
465 510
424 834
510 860
962 976
321 554
919 970
314 606
390 422
650 821
954 978
316 519
801 878
682 771
433 645
540 974
568 810
487 828
695 725
895 969
67 238
929 933
305 848
56 355
877 929
403 409
249 894
409 586
161 326
893 997
