155 69012
864 989
580 889
685 993
799 991
18 309
400 695
549 873
278 576
165 451
125 331
352 968
367 933
129 178
176 607
723 974
391 992
966 983
428 560
274 664
128 830
324 846
268 940
543 695
847 850
597 973
788 888
482 680
874 988
202 435
665 952
277 940
597 644
679 908
615 979
381 853
256 359
84 964
46 419
226 572
94 164
367 842
134 146
353 432
496 515
31 602
174 818
378 741
18 857
548 758
662 950
670 907
978 985
163 873
82 360
437 782
370 532
850 930
343 545
558 587
909 1000
193 384
806 821
552 836
856 884
779 892
23 661
371 393
311 705
594 776
908 916
214 601
84 173
556 598
372 641
524 739
295 617
806 877
76 945
891 995
201 205
823 886
946 960
514 611
951 975
654 724
610 732
512 771
34 327
895 907
624 746
605 925
312 986
683 879
920 959
331 658
914 984
226 468
179 782
14 293
391 761
65 161
384 764
372 886
753 870
124 580
390 792
218 748
500 666
899 952
731 766
166 424
693 789
305 857
725 736
121 930
437 868
293 732
136 139
442 762
26 707
316 391
734 918
97 722
382 607
536 735
358 671
451 639
268 709
935 969
493 673
357 473
37 151
97 954
891 936
580 647
711 791
943 981
66 911
616 982
181 419
122 543
352 363
282 351
368 498
40 558
473 839
173 326
107 566
266 317
953 994
691 900
567 679
978 999
241 392
256 472
