107 58366
477 961
257 698
850 856
930 974
859 997
76 320
268 959
939 976
71 232
851 950
794 814
737 815
478 607
315 648
636 964
608 961
310 376
485 955
611 647
859 946
579 940
333 558
834 925
57 575
518 960
747 877
312 961
735 983
793 969
309 534
81 498
891 923
29 731
846 860
951 951
688 896
657 864
662 862
681 703
616 659
939 985
698 932
902 945
792 847
567 687
236 423
707 780
71 748
206 786
308 310
451 606
521 770
390 821
843 928
880 966
341 805
848 957
330 932
169 794
898 978
776 922
350 862
733 746
521 794
792 989
780 952
75 404
101 866
485 536
156 730
690 963
270 912
155 978
782 890
903 913
127 580
474 522
517 982
514 776
472 495
221 548
244 795
335 445
689 961
976 992
328 406
164 510
522 886
969 969
601 628
489 694
769 962
638 667
212 286
192 343
512 870
675 924
766 831
816 995
907 947
754 971
52 889
748 821
457 645
189 836
753 756
887 941
