142 70284
215 317
187 368
879 891
532 725
431 632
416 623
25 826
272 383
987 992
286 486
73 367
408 582
411 495
478 738
830 858
254 417
902 916
418 965
843 979
496 959
838 956
963 972
309 979
982 998
518 657
87 595
458 759
26 434
541 837
862 960
855 908
913 976
524 825
977 1000
828 914
161 531
98 540
691 745
788 843
95 385
853 976
769 880
216 564
767 951
368 780
648 718
9 248
751 916
398 906
706 946
325 796
376 646
448 575
480 811
26 651
133 812
49 101
752 892
836 905
694 743
794 895
959 974
518 968
15 587
492 718
729 767
382 813
459 764
926 961
404 748
261 607
8 361
188 630
887 919
165 300
357 641
370 839
287 544
126 969
32 117
491 654
741 995
17 895
529 578
418 673
840 935
278 779
599 919
750 992
619 872
17 261
754 864
581 620
754 908
477 717
718 729
929 965
358 807
295 637
706 824
677 1000
163 763
154 284
838 912
330 609
589 770
905 970
185 328
188 515
240 790
298 981
114 945
634 914
189 546
652 825
357 438
362 703
330 560
993 999
666 902
557 612
175 434
46 748
320 413
241 951
576 993
289 515
433 875
798 800
776 822
987 992
343 987
583 697
792 867
453 573
995 998
414 609
480 886
66 93
629 724
966 983
809 880
