104 52828
211 49
555 164
157 43
897 788
88 28
70 7
582 562
421 99
335 332
452 438
240 177
319 32
867 14
410 130
672 302
297 24
655 638
85 74
936 438
376 42
941 665
695 474
740 497
780 106
96 9
67 8
712 549
293 255
177 125
483 315
591 68
176 94
938 107
720 107
870 64
103 8
451 149
467 31
502 231
992 659
353 31
929 238
529 466
135 83
436 74
686 450
572 517
15 2
581 474
92 58
362 169
266 232
340 271
459 80
26 5
149 146
648 318
465 296
779 540
863 767
56 16
777 92
852 5
922 234
826 545
309 212
882 829
160 156
880 228
466 27
371 87
260 253
737 140
654 490
15 4
575 404
29 2
915 807
621 620
488 112
66 7
373 10
943 251
511 107
917 915
649 5
707 525
531 122
730 645
545 417
437 373
351 217
559 150
914 724
938 588
410 265
912 373
734 663
265 2
947 57
182 51
496 389
351 46
460 93
