177 86251
587 628
338 802
217 259
315 972
470 788
245 599
614 956
273 349
420 887
605 735
193 618
316 722
901 990
331 834
859 953
412 996
591 809
637 686
515 648
582 760
217 495
781 856
231 885
138 263
138 261
237 981
118 624
145 562
755 757
654 999
89 939
332 463
614 761
561 638
187 646
980 980
732 747
867 982
574 941
318 653
322 743
448 924
105 308
214 384
19 319
559 996
251 324
544 840
303 579
693 779
372 587
572 617
220 622
827 932
953 989
791 827
672 854
382 553
672 810
569 853
603 618
334 774
273 916
937 971
285 390
508 531
875 919
297 500
618 802
443 769
36 332
285 685
313 844
742 938
477 966
986 997
649 878
759 948
534 889
993 996
645 689
743 915
849 978
806 871
102 271
159 703
31 242
748 821
762 966
823 857
9 791
663 741
700 772
415 674
680 792
56 418
911 965
788 923
887 895
732 804
371 980
17 467
791 875
364 685
277 337
368 760
420 715
852 986
737 744
450 984
897 927
205 476
100 207
504 932
168 397
109 980
407 588
216 274
385 514
68 410
794 797
999 999
161 348
149 617
344 509
314 516
966 985
776 799
431 520
948 969
264 663
899 925
611 783
854 985
61 721
540 937
295 363
3 751
730 878
660 739
930 994
572 871
408 537
713 957
860 927
187 881
75 164
993 994
158 738
654 663
790 966
725 729
356 696
224 306
967 975
315 614
68 539
547 825
735 781
432 544
138 760
20 790
425 988
920 995
419 539
314 377
451 900
511 636
59 889
543 949
561 933
218 630
267 588
203 688
306 389
843 893
805 880
