175 85622
35 678
535 583
518 573
947 961
722 769
675 809
432 557
304 389
887 899
608 971
778 852
999 999
47 405
121 789
25 423
563 777
39 279
470 929
545 551
12 773
129 676
734 970
194 414
143 413
835 846
341 536
390 612
752 829
564 762
336 761
147 211
237 304
574 996
883 951
317 969
899 906
469 995
574 786
989 991
630 638
288 759
456 672
880 957
915 970
930 939
754 772
319 468
189 921
873 895
668 982
115 877
168 713
85 500
128 553
89 560
703 722
300 648
57 688
803 865
189 449
657 944
619 827
150 812
274 671
642 712
516 770
463 550
2 601
251 636
900 976
226 777
316 600
198 526
832 974
640 825
528 998
470 700
42 681
873 876
748 887
415 808
781 833
109 559
662 876
845 934
22 677
363 634
911 983
682 874
455 780
787 805
703 772
671 739
658 874
855 970
663 848
310 454
475 663
177 567
498 816
264 985
657 880
90 917
139 299
305 474
213 828
715 728
588 973
730 995
131 495
581 944
226 713
268 904
606 970
834 984
833 915
745 906
966 985
699 712
99 625
527 558
760 932
904 911
51 766
434 650
368 901
818 843
39 935
604 921
239 526
112 652
91 337
708 835
531 651
231 285
957 974
295 953
89 327
852 970
827 950
318 745
316 490
157 772
410 986
672 955
804 951
235 816
649 786
894 911
414 894
987 991
936 946
82 676
892 967
653 965
866 934
754 955
418 499
341 710
332 857
645 755
622 835
145 436
510 851
958 960
810 822
267 888
688 989
690 962
304 314
379 996
42 852
34 355
32 726
542 668
