143 67251
35 9
390 245
410 9
762 325
146 76
198 9
297 147
977 787
521 444
822 577
588 568
645 256
43 24
572 37
452 156
101 90
759 473
85 16
57 35
199 110
434 31
382 96
538 369
52 20
450 402
127 121
221 2
739 709
96 23
970 705
606 176
367 174
718 693
4 4
333 238
215 195
849 231
487 375
883 107
863 135
217 149
219 216
629 360
837 647
787 186
105 64
347 293
708 676
281 154
588 150
773 669
320 221
322 321
907 906
183 57
845 140
763 702
307 275
452 361
946 309
817 697
533 464
940 328
129 12
708 167
113 51
19 15
605 393
350 59
297 238
874 82
438 153
292 74
553 493
541 402
704 635
450 277
113 77
193 20
493 158
699 375
569 161
916 67
292 3
146 82
111 55
793 344
158 35
585 583
819 688
169 96
792 359
792 353
524 93
230 33
97 94
901 449
625 361
881 527
862 703
510 240
634 460
330 85
316 194
555 81
542 219
224 118
616 55
761 562
233 115
217 111
246 56
863 168
125 65
351 263
618 17
232 131
84 54
928 807
594 19
890 259
311 233
436 357
705 192
4 3
374 171
136 8
743 279
686 516
614 455
964 12
599 328
503 29
565 209
352 45
323 151
40 31
80 31
831 615
166 8
329 265
181 152
387 240
