125 59359
32 16
963 815
944 912
54 52
252 168
477 267
233 48
334 110
458 264
446 54
323 66
147 40
69 3
587 548
268 185
814 803
353 49
45 44
808 758
72 56
169 3
280 181
622 372
836 764
692 367
70 45
930 707
106 91
715 150
440 115
670 308
252 220
574 274
632 302
604 485
673 405
116 18
857 802
337 198
652 513
656 563
544 308
65 44
786 132
976 566
160 96
932 449
711 401
259 144
633 514
339 162
934 480
62 32
930 476
408 168
438 144
113 107
387 98
99 28
137 1
793 316
919 434
626 253
385 44
244 44
367 51
515 199
658 236
933 675
379 373
808 328
195 135
915 435
551 347
476 176
793 55
750 140
419 309
944 579
120 46
913 511
319 255
415 244
463 258
890 830
180 21
134 9
575 153
875 80
124 52
777 234
409 352
75 49
226 18
523 303
124 50
14 1
234 73
132 124
140 7
435 105
886 134
555 241
28 27
395 236
158 90
198 107
996 967
291 14
895 313
212 130
616 575
921 105
200 63
601 252
795 645
262 236
349 321
70 16
962 478
662 469
802 775
674 285
508 256
80 27
