153 73654
986 142
310 120
442 87
77 25
4 1
36 23
653 184
948 315
256 6
167 62
852 277
783 502
159 34
857 318
406 214
601 41
506 393
755 315
15 15
369 77
147 23
312 164
137 59
711 473
33 32
923 472
493 344
697 287
60 37
278 244
28 1
662 377
912 736
870 840
594 126
200 63
809 275
885 361
997 631
317 86
856 479
601 92
637 43
490 442
131 108
920 657
593 462
809 775
959 458
223 160
744 53
104 48
91 30
262 201
112 90
842 508
321 87
334 48
989 708
997 856
341 261
205 123
632 216
224 27
72 43
824 373
721 94
702 175
172 5
467 225
356 319
115 97
304 21
153 75
397 320
840 47
912 314
987 89
948 289
399 323
851 71
849 706
639 499
453 428
891 408
846 214
105 54
284 87
159 108
637 317
256 134
714 243
288 12
240 96
349 202
302 65
34 21
346 27
814 221
15 7
374 150
334 107
144 56
906 873
299 222
9 2
15 2
570 369
397 341
154 118
14 8
371 206
469 35
281 240
508 415
772 538
289 271
659 540
744 534
733 275
753 646
610 376
261 85
494 198
828 560
868 654
270 60
24 5
868 296
946 813
993 279
85 79
632 177
430 81
117 67
944 393
976 813
699 352
707 588
446 225
260 231
85 85
34 34
138 90
67 44
2 2
960 38
558 119
759 199
917 229
238 69
532 469
5 3
