131 68706
593 307
946 919
208 58
391 48
13 10
260 153
466 41
548 454
689 60
236 202
90 64
497 286
784 523
665 655
970 567
447 325
966 935
137 41
135 127
949 204
835 560
141 7
968 610
570 521
51 11
756 28
522 479
17 5
45 20
972 496
847 248
80 74
800 117
54 53
191 134
691 204
90 17
701 450
413 374
384 358
326 37
777 144
68 66
531 254
890 502
93 60
94 47
680 156
157 7
767 331
476 440
437 242
924 179
849 137
351 50
363 158
668 35
392 246
779 260
50 40
336 212
819 170
644 509
382 134
928 234
810 95
541 46
597 232
728 592
339 61
674 541
645 567
555 172
450 292
384 130
752 387
978 432
327 262
336 316
992 376
919 187
57 8
579 218
234 137
478 72
372 261
70 4
638 64
833 616
187 160
631 466
745 15
574 67
323 18
89 73
884 364
453 59
560 338
847 542
150 32
24 13
967 166
777 113
609 449
606 249
579 60
455 300
975 155
123 49
495 401
922 445
565 563
986 211
559 45
730 553
590 182
860 382
836 752
835 15
869 104
32 2
778 461
368 177
557 365
249 50
463 72
778 492
509 171
81 17
813 692
85 85
