181 99859
678 69
281 100
504 39
598 548
450 340
523 30
437 144
367 25
474 325
483 261
231 114
571 338
693 200
764 503
177 41
301 2
773 589
615 472
551 417
129 89
818 487
845 57
584 1
490 213
693 334
935 295
143 114
785 142
456 250
203 178
735 325
996 294
13 8
562 202
435 153
715 708
851 25
829 365
113 97
847 735
485 437
852 321
719 8
808 187
161 64
954 119
157 157
854 157
633 498
193 72
661 166
547 262
379 127
40 17
16 7
777 590
861 236
684 78
868 334
426 56
197 160
344 23
358 8
733 601
776 562
901 263
574 384
212 135
807 546
164 104
197 80
905 405
421 322
891 438
915 904
601 450
635 66
1 1
828 372
205 55
919 674
400 11
640 188
533 127
696 657
157 97
864 463
915 186
210 196
146 64
857 60
679 104
804 388
103 86
707 75
570 403
945 362
95 76
720 429
897 291
667 202
676 431
125 55
251 206
564 346
282 270
430 311
682 670
182 85
910 142
377 114
177 13
573 37
776 322
316 309
796 259
227 227
751 389
538 339
330 290
722 56
592 580
806 131
111 77
729 287
806 692
271 268
509 277
152 152
588 95
565 283
684 162
899 158
381 118
621 142
659 494
441 111
937 712
780 713
96 93
283 141
877 470
475 314
839 470
915 618
626 137
21 1
493 198
981 278
640 585
386 277
607 263
33 25
745 236
917 577
447 158
972 31
751 84
290 219
629 496
414 85
748 685
844 321
599 139
744 297
698 483
613 350
448 276
358 350
609 104
715 350
85 84
21 12
792 32
624 38
867 4
855 684
220 90
533 151
772 196
148 43
