173 79009
855 970
589 815
203 750
562 627
307 386
628 875
178 663
86 178
124 612
336 871
652 675
381 531
157 620
12 351
164 758
606 749
632 962
772 864
201 359
286 685
645 962
513 711
151 687
932 947
697 725
401 402
400 602
990 998
85 794
337 695
490 560
354 720
120 205
966 985
388 615
266 415
525 860
538 927
607 685
37 257
81 290
217 932
725 989
85 869
477 919
158 903
692 949
922 997
181 232
73 936
175 761
810 939
661 825
343 966
897 997
225 303
633 952
567 827
1 940
5 794
913 943
808 839
115 274
212 664
243 484
915 967
426 939
403 538
760 947
678 710
354 731
384 667
457 767
315 463
892 994
797 840
29 325
154 685
614 733
845 918
602 667
478 609
883 946
748 870
166 652
60 951
719 719
744 821
317 640
630 886
366 642
352 693
934 971
91 144
135 224
224 755
362 866
967 975
490 791
708 932
394 629
943 956
613 842
281 837
967 996
397 773
9 360
169 383
113 432
246 534
298 554
608 947
359 608
5 821
443 738
613 819
501 959
296 681
597 984
68 730
867 915
205 926
136 269
508 621
968 1000
242 833
817 857
263 357
577 900
1 450
163 556
48 283
240 660
931 942
851 948
758 773
801 895
710 814
738 952
644 767
504 823
911 936
59 435
290 786
997 997
538 579
628 691
325 712
303 443
956 973
256 354
584 987
370 538
108 794
434 488
590 811
251 747
99 471
9 967
843 983
303 366
936 936
113 458
261 794
613 615
298 875
752 823
539 829
356 930
184 629
833 924
91 924
895 982
