116 56489
855 509
293 137
486 15
231 105
707 296
880 381
284 72
82 69
52 39
779 723
315 90
465 84
624 301
406 35
348 296
111 109
106 44
82 35
236 51
475 399
999 543
664 117
556 472
551 425
377 289
566 332
49 12
151 26
714 628
828 801
997 267
541 32
539 100
817 677
626 499
773 507
593 412
153 151
975 785
876 186
142 19
299 278
694 526
772 586
187 105
771 366
632 146
248 12
853 259
125 51
402 137
239 103
160 157
309 93
185 116
544 355
689 356
411 59
862 95
297 17
74 60
304 50
185 65
29 10
905 44
931 425
257 128
102 59
562 493
926 878
876 305
967 421
875 528
230 130
12 2
88 45
18 15
339 176
333 261
925 321
617 129
588 166
222 85
852 702
919 825
442 294
978 914
909 433
434 103
345 94
964 166
416 152
430 355
761 374
848 589
23 17
286 191
72 18
454 89
253 126
641 78
798 430
466 185
113 43
254 248
401 320
410 327
189 97
888 775
163 83
782 445
383 182
289 167
954 903
761 661
262 110
