161 83032
365 32
663 396
907 606
139 43
14 8
466 325
550 401
95 59
923 253
419 343
588 423
866 508
151 122
169 111
428 372
865 186
601 478
363 180
698 362
582 96
583 87
340 178
438 182
755 546
547 478
628 328
31 14
153 28
423 365
744 96
787 171
674 520
967 463
569 317
658 42
9 4
524 310
810 462
300 138
692 460
678 5
865 752
388 272
102 81
631 456
25 24
42 41
954 776
237 106
464 307
792 362
328 40
468 111
29 21
935 927
527 364
844 774
95 3
398 280
558 208
122 3
378 124
893 456
162 139
216 145
192 105
182 142
154 27
419 139
628 546
857 32
456 98
441 208
376 121
427 109
413 185
525 394
608 574
83 50
972 365
894 241
505 11
760 144
995 691
749 576
897 683
857 763
878 875
896 780
486 160
351 313
780 210
11 2
676 531
510 307
263 220
578 412
385 177
748 622
735 222
631 293
860 642
201 92
616 362
136 117
517 395
851 406
777 29
393 232
291 114
810 105
839 343
713 569
740 317
62 17
515 192
290 9
46 36
878 454
569 433
252 202
823 784
961 177
22 22
620 260
384 291
422 83
478 390
114 43
97 96
15 2
957 71
819 230
481 171
743 493
795 731
337 80
249 187
175 13
914 489
868 253
29 5
926 13
798 318
131 88
656 528
383 167
421 130
189 148
911 673
7 7
921 205
627 550
849 185
296 165
547 361
932 608
617 395
249 152
475 146
504 494
