296 147568
804 428
375 234
832 729
349 195
101 93
743 5
606 8
990 373
238 45
73 12
998 81
786 670
704 380
245 198
692 181
717 152
541 10
480 388
792 163
619 252
741 44
963 457
682 585
817 650
331 77
925 782
177 144
912 144
46 12
983 845
868 392
121 85
20 9
772 739
648 474
712 215
592 335
829 402
257 132
84 46
257 188
168 13
126 8
725 496
453 185
882 487
592 382
938 145
975 411
946 839
594 169
857 294
401 166
542 262
1 1
435 107
469 340
755 547
691 430
656 231
749 426
698 616
215 51
612 146
233 228
782 229
423 167
925 676
929 508
319 198
83 14
788 579
98 42
436 67
866 178
85 75
734 652
409 230
550 472
299 228
286 107
745 367
725 720
24 9
844 627
727 227
652 466
237 22
558 57
111 54
581 456
165 83
415 15
16 16
154 55
963 200
462 79
238 188
177 5
216 152
547 372
300 65
77 48
944 11
415 282
818 53
145 17
518 334
119 11
126 125
112 86
543 323
467 132
174 152
731 563
535 322
113 33
810 58
331 316
102 4
528 381
475 259
757 569
11 7
238 126
804 594
57 48
290 151
849 37
403 200
947 249
203 76
541 251
116 14
622 575
104 6
976 976
343 208
882 615
400 89
596 332
23 16
938 783
11 3
29 15
128 120
676 353
576 388
250 246
460 27
741 310
234 24
729 384
428 39
429 197
770 347
582 183
56 23
509 139
299 163
508 225
12 5
420 247
386 111
690 64
258 144
774 427
192 76
462 149
220 76
456 117
503 409
398 191
390 19
996 709
997 753
403 92
980 399
668 649
245 214
854 776
915 432
683 463
1 1
161 28
654 620
400 240
167 86
28 24
603 251
132 125
259 66
707 448
435 220
502 361
262 129
252 33
259 164
218 191
19 18
590 126
216 115
656 203
608 96
330 136
84 8
948 275
830 448
922 473
403 130
606 390
542 257
660 491
815 34
662 220
911 846
317 36
972 310
462 377
229 16
363 147
829 181
280 228
257 14
763 359
408 271
896 198
706 478
402 218
203 25
75 11
946 543
547 59
871 747
54 35
440 389
853 674
34 19
833 286
781 192
366 334
634 6
881 623
298 178
392 206
327 229
67 10
343 316
639 615
725 375
162 59
635 623
864 611
314 304
541 91
388 229
937 119
176 139
335 186
140 61
28 26
139 11
985 116
511 472
929 920
146 135
498 487
851 55
323 172
187 132
605 538
641 279
696 148
662 276
976 883
536 210
720 449
294 223
652 106
534 136
787 556
249 33
458 122
388 80
222 76
518 368
325 295
407 343
822 536
769 87
997 783
348 269
487 410
734 210
291 204
821 256
