204 100742
51 28
720 72
314 119
515 468
816 15
207 5
294 170
3 2
783 615
58 47
386 145
150 1
625 465
81 69
16 15
974 62
633 518
310 226
626 136
151 125
12 6
769 264
860 710
20 14
487 376
377 145
477 166
453 417
969 65
230 184
781 747
135 63
930 144
148 146
313 311
834 294
431 279
976 663
729 494
86 32
427 307
922 444
746 137
7 5
511 7
818 42
459 332
379 354
583 232
870 172
67 67
164 150
804 654
111 11
567 411
621 148
396 144
70 33
135 83
824 384
314 93
56 41
742 257
887 403
807 205
875 525
495 202
490 490
368 27
908 406
206 192
614 570
569 103
847 89
173 30
339 308
987 571
255 8
566 160
242 123
814 296
463 19
91 46
688 558
982 129
243 59
217 155
817 327
122 113
528 176
48 10
875 132
341 301
180 18
581 504
495 435
559 360
363 327
321 200
337 71
883 166
634 428
557 122
595 340
513 432
104 80
306 101
257 214
720 663
998 988
419 8
553 547
28 4
821 690
254 92
950 544
784 320
543 95
685 122
154 81
143 114
601 493
490 75
561 353
469 207
305 202
503 404
18 5
81 9
259 258
371 68
502 242
266 121
968 49
155 86
755 621
459 123
218 45
965 685
617 30
223 165
782 589
439 180
750 614
354 285
1 1
776 513
287 282
406 395
134 109
623 314
124 86
95 64
180 19
840 575
902 350
507 422
188 104
570 539
515 467
864 35
940 248
905 392
308 132
487 328
624 475
626 3
785 2
318 141
899 692
922 379
173 150
990 471
661 569
902 853
864 682
703 104
645 518
278 226
120 52
537 406
118 82
285 223
632 490
833 223
325 137
223 62
786 257
879 429
718 2
140 62
911 335
113 39
826 635
698 2
871 59
368 21
64 62
191 111
756 371
613 562
929 237
462 435
273 64
