237 121538
520 307
767 605
229 198
62 32
949 119
99 56
624 186
36 14
707 48
520 142
774 386
88 37
288 22
830 672
179 26
227 137
933 433
510 450
971 464
405 404
934 261
372 16
998 736
444 10
992 47
152 95
260 63
484 184
780 281
112 36
631 339
276 137
734 62
543 117
381 283
409 244
101 74
451 171
982 923
411 86
586 229
148 37
257 199
73 34
859 442
36 36
51 21
680 545
148 130
679 342
524 423
718 227
437 312
984 294
190 100
34 12
74 40
95 34
607 408
734 594
267 246
475 267
480 443
359 356
976 602
280 42
614 334
768 124
42 11
183 98
178 82
398 102
785 463
192 79
520 520
466 274
920 33
589 385
313 175
509 332
23 18
703 187
81 53
667 537
185 75
99 15
389 261
971 757
644 596
824 146
137 98
944 703
315 221
541 318
91 54
608 504
562 103
977 877
378 37
76 27
522 56
123 15
273 259
36 17
161 127
560 60
734 165
742 406
308 152
799 43
858 730
362 136
115 70
804 559
892 68
426 328
132 124
171 19
305 280
259 188
692 524
267 49
933 754
895 175
155 106
340 233
804 483
550 117
164 143
141 58
330 165
619 460
963 872
554 251
168 167
266 240
932 8
302 95
456 41
750 689
254 113
380 344
537 362
910 566
450 290
109 34
199 129
932 649
218 142
673 416
788 350
476 147
745 282
788 474
987 730
809 783
682 240
282 118
68 26
281 14
680 20
712 77
104 61
452 412
239 61
965 406
992 398
468 463
357 10
308 136
590 188
751 319
587 48
916 119
275 156
323 49
227 219
726 547
14 4
344 38
533 272
993 468
324 143
750 27
563 385
773 341
966 235
772 675
929 60
568 347
232 73
304 241
956 697
820 740
822 130
657 46
477 85
395 53
824 119
471 281
508 182
280 219
4 2
926 36
549 329
837 351
524 266
357 97
996 801
815 399
941 561
173 128
763 569
973 305
315 179
908 399
17 3
667 142
292 180
33 26
833 377
695 585
882 60
962 885
841 623
217 68
541 345
288 39
471 27
895 875
279 278
687 268
915 717
874 54
639 62
969 270
473 63
