244 116473
546 255
660 565
340 114
828 784
472 230
417 39
70 6
782 11
888 633
74 22
253 48
66 55
616 49
540 136
757 669
117 89
754 7
824 483
14 8
199 180
498 163
27 19
601 484
68 39
81 46
528 414
707 495
854 736
765 65
77 46
417 348
924 490
175 32
242 25
272 32
177 10
307 84
819 583
856 731
324 19
188 84
966 224
431 24
548 392
356 5
127 82
190 153
359 69
280 117
193 150
571 557
619 160
171 9
605 94
862 713
462 240
291 130
672 549
288 47
684 352
8 5
381 339
746 85
382 373
616 119
743 255
42 26
810 372
558 37
875 56
254 205
836 768
826 786
510 115
967 11
86 61
159 120
458 218
803 222
718 174
175 68
764 675
928 497
225 64
459 416
773 655
65 53
972 434
517 190
605 80
686 52
309 189
841 411
590 543
271 151
57 33
854 66
293 137
748 473
70 26
998 319
999 792
690 502
707 634
104 55
14 11
389 154
689 39
826 659
508 257
570 108
648 578
932 678
233 71
953 914
729 619
150 79
8 6
265 265
749 600
620 485
996 694
808 236
532 188
98 15
529 355
724 319
882 352
551 263
164 66
256 199
196 12
219 159
283 132
956 155
198 21
88 2
784 269
942 604
39 9
231 204
976 314
684 397
327 276
329 12
766 109
26 18
799 385
427 54
555 392
117 49
823 476
949 377
90 15
393 74
416 58
763 711
16 11
72 66
254 237
147 93
820 127
904 224
91 68
465 161
122 70
178 49
825 543
525 163
157 107
157 21
936 80
355 253
77 5
828 11
546 512
17 17
177 21
123 84
180 91
844 358
539 480
885 156
162 129
155 39
868 194
986 384
28 26
329 53
663 57
307 249
50 46
486 150
328 116
49 20
339 293
431 189
272 81
36 14
539 160
344 253
144 1
194 23
274 32
821 377
954 691
241 209
338 239
925 296
701 229
186 129
882 433
892 599
619 173
104 96
725 656
959 164
494 256
936 471
906 407
222 85
183 89
395 201
907 427
306 267
347 265
786 258
20 19
705 9
203 32
41 39
469 457
844 340
62 10
530 23
791 332
267 210
217 151
879 694
814 533
463 270
588 335
803 517
247 87
