221 114559
775 91
941 343
208 33
96 56
404 222
968 360
930 535
680 352
674 643
479 394
710 330
786 313
441 243
744 28
874 322
436 338
585 557
821 726
994 252
765 743
577 18
827 232
103 33
899 734
108 8
100 45
946 931
485 401
657 98
423 275
138 46
866 242
300 24
452 286
361 146
924 495
546 42
794 645
848 605
631 228
965 591
837 117
642 233
82 32
296 11
81 29
77 60
454 319
408 10
117 32
654 125
212 119
132 117
640 542
249 66
133 78
719 571
108 87
630 83
435 351
267 207
147 38
397 100
715 2
548 40
414 36
50 17
396 301
69 48
475 253
764 676
698 11
949 747
78 63
850 217
611 167
912 231
137 62
186 13
26 22
687 183
136 32
213 212
573 364
867 314
889 219
136 99
968 109
725 680
18 6
435 113
155 53
28 2
259 94
713 91
436 138
763 174
341 333
855 284
556 148
514 74
214 108
689 637
884 601
550 329
153 135
936 696
683 589
795 582
785 367
167 149
820 653
60 6
812 428
818 201
674 639
526 382
527 43
313 232
572 98
810 367
337 105
353 5
391 212
761 112
846 237
301 255
476 98
684 53
554 382
201 81
262 41
43 6
659 207
65 65
491 192
265 118
968 955
920 694
761 489
355 331
53 47
37 8
855 99
811 769
402 313
165 45
956 913
312 186
505 359
9 7
146 141
625 503
979 776
231 12
381 214
132 41
713 324
580 317
461 351
270 81
756 675
722 166
593 371
169 46
208 185
582 105
859 259
470 422
113 16
631 131
932 587
396 168
891 389
894 525
296 37
692 435
981 952
393 180
188 111
898 36
644 157
869 866
500 201
70 64
754 517
101 45
395 130
748 424
942 243
862 457
559 125
875 324
663 626
220 90
2 2
429 129
102 48
880 875
845 528
137 119
741 566
943 660
217 17
625 256
372 62
415 308
446 295
567 552
366 180
177 9
952 563
494 97
400 72
782 294
585 371
650 247
777 776
100 80
889 224
572 436
