229 111535
889 638
756 532
533 298
676 210
965 304
766 94
42 8
451 246
966 216
337 8
772 246
207 8
79 67
206 60
17 10
252 212
556 135
821 415
370 288
609 595
601 269
217 115
669 371
983 487
669 395
566 176
970 44
367 273
65 41
727 568
881 678
61 13
480 349
498 442
928 628
193 35
453 382
933 483
473 299
470 27
892 258
728 152
176 78
52 25
71 23
947 535
314 94
788 18
695 114
908 884
242 64
959 680
949 510
103 63
657 261
657 101
705 65
229 88
393 268
474 279
479 182
466 317
205 153
82 57
376 3
752 162
958 646
264 133
359 354
606 530
406 186
889 567
76 40
20 11
35 30
827 97
690 386
547 422
773 211
507 165
250 122
738 12
395 181
859 849
369 62
131 122
231 90
347 109
261 219
741 494
770 761
299 197
832 291
198 83
371 20
282 100
314 28
129 22
261 172
258 165
914 474
318 176
177 33
13 2
302 138
7 5
767 627
318 42
578 571
767 242
877 829
157 6
372 157
594 393
436 51
38 22
540 380
603 489
943 693
329 210
324 56
749 254
838 109
396 270
462 100
472 223
762 51
868 65
542 498
924 95
867 518
852 56
854 116
145 137
519 187
387 157
980 872
7 5
268 233
763 38
541 410
687 191
48 41
104 104
902 570
302 286
324 9
707 445
717 69
177 157
829 353
40 25
176 82
310 43
481 45
335 329
674 662
795 423
480 365
117 98
968 256
403 166
2 1
84 49
980 124
602 592
632 238
664 57
398 91
625 96
702 663
904 102
595 314
34 28
82 34
804 259
132 59
180 97
778 7
239 221
237 186
221 47
9 1
112 86
845 11
378 18
139 42
173 136
854 152
857 240
4 4
166 157
402 17
687 419
269 33
479 88
672 545
327 36
886 309
131 58
22 13
914 180
179 108
78 53
186 180
306 64
798 68
317 91
56 53
349 346
957 574
970 686
745 679
13 12
538 448
910 57
265 13
580 447
627 307
612 478
755 393
837 717
237 112
300 265
344 89
448 387
865 700
134 126
995 588
