248 119849
823 421
407 45
173 39
390 273
381 83
735 510
841 153
219 47
373 163
738 91
75 63
261 214
62 10
626 557
734 135
103 27
799 41
734 457
630 516
927 258
457 388
199 13
862 851
62 53
20 6
440 194
935 94
13 10
963 670
92 89
523 87
689 359
209 96
64 13
138 7
424 129
967 408
714 149
69 45
434 112
276 262
559 347
632 387
642 406
649 76
277 248
477 292
585 439
879 269
828 678
492 208
152 80
938 931
349 10
188 87
588 436
357 106
947 809
520 120
405 297
124 68
876 534
161 122
357 151
458 202
885 383
274 146
998 723
666 496
802 721
489 198
393 196
750 484
630 374
805 484
914 672
845 272
223 144
650 144
894 810
848 417
642 360
892 2
647 71
228 130
776 328
42 11
335 95
463 170
937 610
101 44
407 164
799 278
389 38
22 16
3 3
759 156
862 743
34 31
151 62
476 402
665 635
71 20
562 425
129 60
498 460
960 108
420 219
432 340
625 349
782 98
214 140
609 529
387 73
594 528
420 306
22 16
452 32
647 432
755 683
490 226
273 76
984 330
256 186
599 522
877 684
614 431
794 319
868 171
530 80
520 42
23 2
857 224
886 256
339 284
541 168
509 48
281 181
304 144
27 27
354 85
544 370
423 100
749 743
196 101
864 380
403 324
474 152
672 291
371 275
650 444
557 362
301 131
317 34
424 253
585 55
107 17
272 50
378 146
610 81
571 136
350 73
713 657
863 803
215 180
524 286
702 332
96 48
1 1
772 574
205 26
690 192
988 529
522 454
128 5
193 184
995 742
107 103
335 169
745 5
56 21
847 126
223 103
934 824
569 350
249 177
439 394
12 9
897 295
1 1
44 15
850 337
784 585
543 344
94 38
503 83
662 30
77 73
303 83
109 81
167 132
62 36
708 389
197 125
305 294
157 90
974 237
991 289
850 428
383 137
57 1
167 90
510 402
766 426
8 2
346 148
525 485
821 156
351 324
552 265
283 116
379 152
293 272
640 424
540 218
825 572
657 207
494 53
447 317
175 105
138 123
678 1
130 87
104 81
464 154
718 230
284 79
242 232
884 502
744 109
53 37
232 180
150 71
820 530
752 469
328 197
849 140
618 189
