222 116605
960 609
674 341
731 255
68 25
15 1
664 498
245 109
892 615
168 9
773 751
845 82
93 50
637 332
328 252
956 76
343 160
380 263
354 278
658 356
704 105
377 215
452 357
742 267
76 39
3 3
754 269
328 184
92 88
361 24
12 10
868 213
962 690
417 117
749 609
371 265
970 722
172 5
471 37
922 857
516 417
133 89
419 294
915 404
242 184
399 396
74 70
748 445
119 108
732 381
273 81
441 313
977 506
418 39
611 397
124 19
989 817
778 26
242 106
18 9
985 913
564 349
370 355
736 196
807 288
663 246
522 314
907 619
871 819
546 26
943 284
254 94
478 361
537 433
810 759
373 295
968 670
929 175
995 414
87 35
701 228
324 179
923 402
392 127
879 4
432 142
876 706
883 314
131 70
784 642
556 244
125 54
354 312
943 690
427 294
823 744
496 312
139 35
186 130
422 246
80 52
950 486
552 335
904 240
839 212
569 267
766 302
832 819
925 838
468 284
498 283
354 292
41 1
898 346
893 197
547 211
56 42
356 56
68 16
612 439
964 425
543 358
426 372
677 342
46 10
42 41
473 86
781 335
847 400
997 414
843 828
805 189
321 51
389 345
19 9
247 203
169 131
586 496
461 235
858 615
599 268
358 45
12 12
903 717
849 844
391 273
542 534
253 218
466 131
240 217
986 775
396 283
917 351
311 153
936 72
391 3
554 371
274 97
407 368
898 353
24 20
614 155
205 40
971 40
871 363
493 304
165 38
869 435
641 431
922 572
453 385
345 114
136 52
378 302
81 70
209 181
428 421
258 168
215 142
943 603
906 254
571 542
912 339
495 368
485 252
285 236
396 90
518 498
539 357
482 215
75 66
338 285
705 622
385 332
994 415
971 334
866 85
796 92
254 93
8 7
90 61
310 14
777 154
768 479
365 145
235 207
18 8
356 191
499 324
449 291
906 294
489 458
643 448
102 47
635 410
449 129
478 465
662 243
647 31
333 63
319 165
693 340
898 499
