291 143347
432 84
428 325
539 537
97 5
172 141
702 368
206 172
501 426
139 8
795 88
464 400
206 26
52 28
290 274
828 233
275 258
523 324
516 170
567 99
8 7
264 129
666 117
380 263
999 334
238 158
440 138
242 24
485 449
806 357
634 430
144 96
788 618
392 149
371 230
606 71
416 203
458 37
141 35
277 95
303 13
745 153
315 293
658 654
41 31
84 23
784 608
84 76
65 58
90 41
616 141
890 745
837 361
669 220
567 353
739 643
701 249
835 394
293 216
471 251
503 489
131 25
119 27
73 68
385 103
861 610
360 149
523 255
792 96
765 253
622 212
884 301
906 258
675 558
970 859
290 12
44 16
514 34
549 38
567 378
128 25
395 184
665 587
342 54
188 61
528 350
797 463
25 7
415 75
369 144
549 525
947 805
196 21
506 201
604 226
337 336
229 155
818 55
307 299
26 24
299 206
316 217
829 93
624 13
636 582
713 159
240 234
405 385
880 823
730 235
651 363
203 90
94 60
601 406
137 107
896 12
577 397
507 232
929 531
790 610
626 105
28 23
277 199
203 55
688 9
130 128
332 275
960 729
693 314
766 294
931 884
476 437
975 128
767 632
589 161
361 119
831 342
348 55
699 334
723 551
410 85
249 108
52 4
308 177
872 418
627 623
34 25
762 708
357 347
605 285
247 116
232 157
308 11
583 279
928 173
611 490
230 130
668 283
589 275
521 267
956 795
821 76
16 14
307 103
498 395
273 81
825 489
233 84
201 127
360 347
344 170
559 549
176 128
547 407
279 167
893 606
422 350
804 750
232 167
879 109
987 881
846 482
986 84
825 421
938 817
192 159
18 6
843 730
933 877
670 96
924 909
331 183
265 164
200 75
63 30
513 1
637 117
833 91
910 641
330 114
277 115
532 472
742 720
476 468
564 252
564 296
614 261
173 78
492 61
203 66
526 459
234 230
531 79
389 145
841 72
943 171
242 128
646 139
422 205
919 386
163 139
249 112
807 805
896 9
408 182
569 301
34 27
292 283
814 282
70 44
517 235
460 81
488 4
547 70
709 426
452 250
955 348
60 46
843 601
41 12
748 130
338 251
384 156
253 25
715 157
569 340
134 81
306 29
281 252
77 76
172 143
724 238
248 170
971 274
395 140
319 105
761 356
302 84
324 191
480 214
366 331
337 177
757 417
857 287
368 172
664 477
76 64
742 619
64 13
170 41
415 33
263 98
559 259
519 233
848 324
38 32
643 307
272 143
950 139
984 584
859 467
242 134
318 215
169 97
519 338
208 60
87 55
983 148
980 890
651 241
868 284
665 526
