284 136257
665 129
671 47
328 114
516 185
332 3
824 295
897 764
912 10
277 268
364 75
780 590
655 68
150 141
666 247
881 231
638 479
152 3
350 91
28 21
625 614
123 116
169 54
277 233
456 382
125 112
73 40
389 386
846 633
267 228
115 85
737 667
200 84
367 28
549 43
492 436
903 791
336 291
534 371
353 226
962 17
646 328
98 98
875 234
180 136
238 117
503 422
114 99
64 37
471 352
930 37
723 601
756 36
953 209
48 16
133 121
993 220
998 962
351 164
611 304
994 855
445 7
819 323
101 81
417 203
331 191
123 46
19 11
810 800
491 346
319 71
577 217
273 200
4 3
836 218
176 120
681 265
353 266
472 472
201 190
877 546
980 926
483 342
544 287
104 34
377 162
404 327
334 50
241 101
249 39
582 122
404 380
976 555
601 22
7 7
636 357
465 5
966 102
966 929
612 393
985 804
217 7
531 495
84 84
891 507
447 134
98 16
436 427
18 16
98 7
3 3
329 2
167 8
410 332
198 43
592 122
981 437
364 289
640 83
527 384
173 24
792 536
570 25
127 59
722 422
166 12
89 83
318 168
319 226
654 367
447 169
156 116
998 17
24 2
133 92
953 157
247 57
884 212
902 202
697 517
114 47
415 221
422 172
901 290
382 209
389 101
153 41
224 101
735 497
505 200
478 199
671 576
618 603
433 51
63 31
851 699
832 738
963 954
482 143
530 40
201 154
345 19
404 54
169 160
621 112
288 21
265 43
544 467
671 670
795 471
67 18
10 2
961 846
467 317
708 187
258 32
940 742
764 590
598 554
587 539
195 110
151 104
519 489
592 114
290 21
325 6
278 140
148 89
873 567
572 48
398 336
278 225
678 103
159 60
468 52
744 370
451 390
310 112
222 154
268 47
780 25
287 179
20 9
330 39
77 8
742 167
382 109
841 352
78 72
457 137
430 185
593 250
932 280
662 329
653 298
262 80
974 367
360 44
493 4
729 27
800 412
144 33
913 529
555 372
220 154
114 29
489 27
819 276
572 79
346 280
344 142
390 383
156 109
396 331
851 687
562 369
795 512
208 142
229 46
125 51
650 569
444 37
308 164
710 123
210 36
638 160
864 69
543 56
182 166
231 51
212 182
399 97
547 349
748 726
499 322
722 255
651 636
622 370
766 15
484 209
962 475
950 837
927 13
355 86
466 17
704 255
797 337
562 272
656 630
776 495
29 1
227 185
983 126
24 15
890 479
882 316
800 234
62 61
376 69
350 221
390 274
750 442
84 30
651 480
14 6
