220 104076
526 315
286 49
911 812
420 252
705 523
465 104
943 614
513 200
299 33
600 529
696 272
266 51
584 223
224 90
753 433
467 196
845 492
997 110
703 235
597 106
106 79
554 90
427 233
77 53
833 772
943 165
258 46
17 10
310 60
91 21
365 111
210 176
69 57
293 75
625 94
561 67
467 431
681 264
873 289
838 145
623 47
870 663
373 160
14 8
112 102
27 15
78 20
523 221
72 16
275 22
150 20
166 46
594 144
991 936
303 241
590 135
278 189
554 133
32 17
488 302
584 401
812 410
320 200
951 133
670 86
424 263
264 71
42 5
301 46
689 404
408 330
651 459
79 74
557 23
278 232
538 278
378 366
49 41
107 74
476 48
985 497
90 33
717 631
163 91
410 372
309 294
962 415
394 149
273 138
247 185
318 157
673 222
296 134
242 156
28 16
465 31
586 460
389 279
445 4
507 386
887 229
390 9
937 900
758 278
172 25
717 276
751 388
116 78
738 133
904 605
240 140
477 86
603 545
136 5
417 129
85 4
435 343
67 56
468 132
390 6
237 203
635 209
890 384
503 442
681 382
52 28
797 642
393 287
308 12
32 9
79 75
427 171
161 141
401 72
232 211
740 74
570 209
452 3
146 58
335 253
21 19
995 279
598 535
957 889
659 269
248 202
22 22
75 65
287 278
498 204
901 307
356 176
209 45
803 298
290 161
259 136
332 286
807 290
188 31
355 327
934 744
861 336
788 375
430 314
474 246
451 340
871 243
888 702
622 21
765 111
761 627
542 495
159 90
639 201
235 130
944 363
108 7
576 505
236 167
969 969
329 216
170 145
792 122
550 388
582 210
762 574
555 376
245 1
178 38
992 245
133 21
517 321
622 392
623 616
716 53
315 278
953 846
170 110
837 756
340 297
511 289
852 259
765 656
179 124
561 95
277 189
741 224
31 18
678 338
468 342
47 10
470 167
703 78
657 236
950 729
213 188
675 614
942 850
348 41
166 63
