251 130451
482 121
892 78
592 510
106 89
169 103
687 79
494 402
664 197
111 75
386 116
24 18
994 539
854 497
592 218
182 65
808 656
626 168
816 482
988 21
718 12
81 24
323 222
361 308
961 309
914 392
807 157
92 23
892 51
132 105
842 32
453 186
140 133
865 243
961 189
503 278
893 136
556 288
842 341
595 484
183 111
139 50
709 522
328 49
192 22
537 197
850 333
246 173
153 72
88 47
893 862
907 892
117 21
903 549
827 817
18 3
697 177
840 805
560 49
578 284
269 31
591 18
983 234
647 406
220 35
322 2
370 85
230 78
153 95
847 445
247 104
739 308
707 366
265 21
96 2
961 838
329 181
702 76
435 165
298 146
310 309
632 371
459 43
417 103
362 75
941 900
926 832
843 681
8 1
959 776
617 120
255 127
46 18
983 55
797 184
611 212
174 129
937 122
170 89
931 439
419 325
800 155
34 14
784 728
779 466
293 82
605 321
6 1
577 252
91 22
297 123
707 57
680 602
643 384
960 370
153 115
346 334
908 309
912 844
59 12
260 157
297 116
385 312
49 6
142 102
389 371
526 402
336 178
17 1
632 345
700 409
395 324
999 632
943 285
360 192
368 162
837 448
807 649
978 394
134 7
746 746
624 521
344 278
467 264
367 117
316 285
294 246
618 117
80 68
342 245
638 58
276 57
637 395
97 63
675 330
336 215
779 277
918 172
11 10
551 84
802 434
578 346
404 28
733 178
831 506
926 827
241 187
979 370
455 310
76 48
629 130
578 377
445 366
540 226
981 898
219 5
42 39
474 421
659 515
69 24
820 60
837 89
388 176
964 74
832 263
664 48
878 771
461 57
413 246
901 362
958 190
24 20
145 16
464 257
81 12
995 223
8 4
795 481
706 182
243 26
174 123
210 137
295 255
178 33
815 161
943 278
886 874
773 530
659 293
281 242
128 128
613 429
910 411
360 293
228 41
778 651
656 11
332 14
348 52
115 113
424 266
194 67
933 925
652 91
269 252
43 15
273 255
981 597
806 105
640 182
201 77
308 104
151 127
921 825
37 37
641 349
230 69
872 567
927 281
304 162
739 290
811 717
668 338
697 221
23 15
733 479
425 376
809 163
762 224
726 654
61 48
594 359
