238 116314
780 87
753 684
823 816
632 394
231 188
639 55
894 226
304 251
877 211
313 193
546 207
202 66
981 538
148 7
116 3
673 220
975 635
32 16
753 23
562 311
825 680
942 250
757 559
426 288
727 511
658 102
914 653
835 332
585 269
319 174
159 59
159 53
194 158
198 113
199 9
465 417
977 181
483 277
921 775
41 26
34 22
372 210
200 189
361 236
965 582
54 54
648 579
696 504
422 30
809 33
21 18
185 38
959 832
64 35
989 958
115 85
315 238
458 22
358 31
667 315
499 411
932 426
714 443
720 309
313 124
150 11
371 353
364 108
220 82
684 61
821 630
796 515
568 127
588 169
771 598
665 509
961 420
682 17
674 240
105 48
42 18
51 34
804 600
416 412
25 21
624 148
299 5
180 158
706 685
60 4
80 35
234 137
975 566
419 114
979 92
951 843
872 45
414 214
590 81
743 104
213 15
732 648
896 345
156 133
665 22
256 70
417 370
794 527
206 33
854 291
395 224
83 19
895 91
423 260
166 152
563 473
17 17
215 149
698 64
328 18
244 60
795 609
9 1
697 678
238 197
422 257
213 2
576 229
368 227
18 1
363 202
563 328
672 523
615 549
102 77
297 28
668 224
571 384
789 41
368 70
613 45
362 173
506 311
354 149
438 7
137 90
109 73
413 77
433 52
379 353
110 93
989 92
666 65
688 445
620 41
710 287
243 158
7 3
833 548
926 113
62 48
934 749
117 83
53 42
827 391
392 169
950 686
824 796
416 403
945 178
83 52
249 215
291 284
583 476
133 34
227 109
830 471
456 323
462 438
403 205
692 539
230 92
947 544
249 237
357 97
736 142
396 143
14 5
812 338
657 276
86 1
242 190
229 60
112 9
339 175
786 150
922 683
209 117
742 404
809 82
957 281
206 169
456 274
838 829
82 5
784 540
266 244
240 191
67 10
680 411
54 32
551 502
888 563
644 485
350 176
8 5
324 167
163 52
643 590
284 240
180 166
353 84
336 45
149 37
915 805
667 499
468 226
606 41
30 18
857 746
903 624
565 246
959 331
775 533
387 8
881 376
326 298
800 324
