203 97046
535 439
170 19
855 348
209 9
698 202
206 9
929 322
487 233
243 28
127 108
153 144
64 34
861 597
669 130
517 31
178 138
59 55
295 153
641 256
747 182
101 5
180 165
590 453
811 651
137 91
6 2
792 645
44 31
119 8
287 246
127 108
610 317
231 110
736 120
608 73
904 37
581 199
732 620
36 10
418 268
350 176
446 1
457 126
260 21
291 286
957 519
324 24
937 805
141 7
432 86
161 29
259 129
230 158
381 348
688 415
450 161
970 250
986 459
511 403
439 161
796 1
958 897
276 185
515 476
773 357
608 297
101 46
126 126
776 185
493 480
914 368
639 232
918 555
868 503
680 172
84 48
803 531
397 382
3 2
214 2
84 28
290 116
259 164
123 110
960 339
662 166
374 30
169 95
756 394
602 527
659 561
37 37
111 86
467 288
30 4
909 271
332 201
955 182
485 414
930 846
411 382
42 25
88 62
226 84
802 734
401 93
163 142
469 435
833 801
589 266
980 51
950 279
109 63
589 186
193 27
170 98
413 339
110 1
427 200
423 115
879 578
824 650
637 255
494 334
158 4
631 620
790 218
714 442
4 1
914 398
452 151
860 787
558 525
132 30
150 78
637 76
47 42
611 180
697 163
658 512
286 30
662 421
108 58
675 106
704 611
892 204
831 180
440 308
875 686
408 241
462 415
626 19
275 77
109 72
390 246
310 126
798 795
120 101
714 458
992 455
10 10
872 562
521 396
474 451
622 237
4 4
484 331
347 271
309 24
988 135
680 84
579 225
408 218
191 161
924 140
723 130
603 146
774 763
291 176
547 304
44 23
617 11
254 113
617 318
129 24
715 640
153 34
635 384
18 14
156 103
926 711
428 273
214 66
169 141
959 97
538 465
59 44
434 182
909 569
995 807
362 60
263 236
689 47
