268 137280
367 272
365 263
757 80
731 20
667 203
655 522
394 286
239 122
143 44
710 431
561 506
622 294
59 59
985 446
40 15
467 214
723 255
725 54
485 35
467 226
626 266
378 205
158 31
810 778
517 2
521 506
825 655
360 217
785 299
481 232
693 151
189 120
457 319
668 385
682 665
537 343
843 651
225 155
267 145
507 124
901 795
939 659
113 97
277 80
997 865
714 25
798 25
783 444
412 235
979 747
319 121
346 75
517 57
459 298
878 504
779 348
798 104
951 745
641 95
450 197
47 20
327 4
150 131
961 582
975 540
564 98
67 9
699 319
62 16
163 137
12 6
449 304
989 18
314 49
706 122
676 132
133 47
488 71
27 17
238 190
614 393
241 119
262 27
151 42
609 413
228 226
896 831
582 459
487 320
194 86
344 310
42 33
267 190
317 135
978 667
776 289
456 361
900 224
949 194
578 450
491 58
196 120
297 234
738 596
838 600
114 85
224 146
502 344
891 427
986 356
61 6
174 125
931 233
909 91
282 52
565 463
60 24
44 22
701 170
201 172
528 393
295 186
650 591
959 459
926 695
121 53
883 514
656 112
163 73
41 32
154 63
816 18
352 157
402 400
969 746
914 329
704 40
261 248
217 151
512 466
404 239
872 711
249 122
353 250
720 63
376 204
430 98
278 198
182 88
774 469
234 39
874 799
275 116
779 126
977 878
853 831
212 74
638 88
872 90
828 437
513 410
559 510
104 78
981 36
588 108
653 394
282 252
110 96
387 212
292 93
610 564
951 609
904 12
123 52
27 11
552 155
346 262
871 788
571 170
336 161
173 135
493 113
664 55
73 49
507 81
710 358
971 814
714 128
690 202
613 514
970 215
655 629
933 337
501 175
910 244
721 543
657 259
880 662
763 597
350 163
325 221
566 549
53 43
929 41
59 50
518 370
781 242
230 18
720 233
167 83
760 254
737 98
114 99
969 453
553 523
76 5
903 663
858 838
687 523
86 67
401 326
354 320
363 40
31 6
997 405
455 452
929 540
284 180
652 576
958 779
91 63
99 68
544 259
678 472
373 172
537 263
849 634
85 56
107 56
409 281
565 43
283 269
558 547
110 14
548 364
576 48
677 88
64 12
313 91
877 243
377 45
126 36
590 255
565 167
671 591
145 108
267 164
632 421
66 5
432 245
541 157
180 149
312 264
641 563
769 601
342 277
564 324
925 462
