281 139319
274 112
708 291
658 93
398 91
518 101
645 97
142 133
170 94
740 620
521 404
379 264
225 136
597 523
608 595
996 692
815 329
783 244
923 249
73 58
787 104
81 73
262 123
188 36
864 94
329 213
470 436
883 540
375 155
999 786
640 391
258 61
862 642
147 111
639 235
461 203
55 20
936 745
851 265
37 3
698 75
752 302
34 14
877 401
989 762
439 132
928 456
801 257
769 184
505 426
829 346
832 303
110 100
52 43
188 35
202 105
710 73
701 465
591 385
255 182
163 19
729 543
25 15
414 414
267 117
944 319
624 363
667 103
286 72
383 186
422 151
23 9
595 141
758 265
559 506
307 290
51 33
541 495
273 66
537 34
963 234
362 202
55 48
148 145
366 171
481 164
483 142
673 344
238 13
28 27
694 314
259 143
421 10
973 839
718 698
536 251
123 76
18 6
233 86
830 436
116 35
603 522
95 12
237 55
450 94
768 629
774 136
914 663
667 256
618 531
799 317
853 617
67 43
359 72
460 291
236 161
786 204
337 295
362 166
589 119
340 57
148 52
410 73
68 8
143 28
699 453
818 374
141 82
70 26
453 240
780 194
307 65
960 91
147 17
807 560
122 107
11 2
2 2
457 257
377 116
587 208
364 285
307 11
424 210
950 683
958 906
199 36
418 155
862 752
588 226
608 172
863 121
410 132
882 652
685 440
648 207
12 4
38 29
364 171
918 312
503 199
71 37
627 533
558 352
492 326
658 566
543 291
990 361
855 56
736 718
977 141
954 458
73 46
348 192
535 438
348 6
61 53
825 579
371 7
749 348
44 31
933 748
445 389
432 197
197 124
632 17
166 48
281 92
815 599
707 4
450 427
799 510
12 5
563 151
26 20
841 554
977 652
353 17
373 215
597 66
902 404
495 395
777 268
676 504
28 1
287 7
783 583
619 215
123 21
541 267
382 257
464 272
836 138
36 7
854 526
595 490
841 796
28 23
885 235
752 697
68 28
819 654
242 92
412 20
102 97
333 230
614 148
429 109
585 419
466 45
921 674
596 239
860 745
448 88
695 89
899 851
17 17
777 366
485 343
705 661
443 80
309 142
517 296
187 152
866 383
62 31
945 131
411 272
995 374
312 69
89 65
257 30
957 348
207 15
362 83
567 322
634 236
565 524
847 486
823 608
829 198
202 109
21 4
692 682
308 292
364 217
191 166
594 593
216 149
268 79
307 104
226 12
193 122
778 524
733 137
760 656
352 129
336 61
968 310
798 493
7 1
362 166
