234 119130
834 545
6 2
557 3
648 640
762 153
292 62
369 256
92 55
446 99
851 168
615 141
135 122
132 129
756 744
207 87
863 439
934 139
448 204
984 732
23 1
704 268
550 439
23 1
452 300
576 41
94 76
608 70
377 147
925 483
114 65
192 124
965 7
96 22
110 87
621 241
638 335
587 195
841 762
917 9
837 718
859 399
621 113
639 290
189 80
792 280
325 182
249 233
676 46
39 26
998 967
110 35
460 417
376 122
956 585
111 47
705 316
826 76
578 383
436 106
310 150
334 256
551 17
23 7
260 184
288 161
625 284
583 317
66 18
111 62
222 30
895 860
503 181
941 718
38 6
814 47
445 179
567 293
575 333
348 263
383 326
695 614
761 314
132 122
729 187
684 623
455 363
653 161
19 4
889 125
292 195
100 12
134 101
949 794
956 706
574 79
817 338
757 192
258 130
224 34
315 63
562 272
699 438
130 79
692 470
845 197
583 402
691 371
180 124
9 6
660 561
2 2
473 222
342 209
174 118
825 492
440 428
590 459
426 196
977 869
273 16
162 20
937 880
469 1
679 570
215 66
152 119
83 22
835 372
113 43
325 147
629 268
687 64
874 744
949 92
99 43
300 100
726 607
228 70
46 9
332 295
644 122
171 169
782 203
934 378
558 455
992 891
971 140
672 393
847 660
381 267
595 550
659 42
622 536
482 51
59 4
654 434
58 20
931 908
838 542
493 320
979 535
432 103
587 391
492 125
461 231
254 8
471 136
524 416
848 263
579 530
363 356
679 135
75 17
600 334
691 220
764 399
244 207
569 447
649 472
534 93
971 692
386 38
108 31
209 32
874 788
708 181
453 149
460 359
271 254
67 37
786 362
665 445
989 779
250 243
806 156
607 395
849 389
334 42
116 101
740 613
472 401
678 97
792 338
929 914
893 222
403 215
48 7
881 623
110 59
129 39
831 284
639 153
289 235
799 131
425 123
559 29
282 230
719 438
96 14
958 369
820 443
125 78
961 388
410 19
124 49
218 135
31 8
178 66
433 138
587 384
744 130
696 407
727 178
542 33
