219 113156
719 372
114 106
929 157
581 262
675 575
865 295
50 47
920 325
860 666
474 154
234 144
845 766
700 166
487 396
37 8
539 237
683 489
66 61
575 334
961 655
436 180
909 235
15 5
491 385
922 202
235 93
559 344
300 76
927 296
51 8
135 50
39 23
751 1
626 607
233 5
811 157
841 5
821 804
519 354
242 44
927 559
538 237
828 439
951 341
177 71
672 523
368 321
218 214
963 793
436 282
689 233
962 909
83 30
912 896
551 88
566 6
772 313
213 123
830 292
258 84
143 102
972 676
358 300
939 324
833 580
416 165
153 22
513 343
782 635
989 124
57 47
738 321
893 235
385 157
243 124
56 34
631 538
566 367
79 18
162 113
420 353
189 142
829 469
121 106
459 154
748 196
636 22
913 590
22 14
893 13
319 160
263 79
242 122
100 45
509 139
655 469
293 47
907 347
983 122
759 303
340 318
865 174
947 147
853 382
554 511
651 306
770 327
91 81
435 226
554 308
687 242
505 291
593 206
928 300
84 8
742 556
825 825
225 217
456 418
512 42
999 46
891 320
908 63
701 75
590 390
866 676
828 708
954 560
375 142
155 110
809 195
474 383
382 290
25 14
501 37
954 411
428 86
155 30
19 6
341 113
122 104
455 422
176 73
250 92
798 372
863 653
108 76
658 478
919 621
730 262
258 139
88 41
591 374
636 515
356 313
683 508
467 128
767 731
367 171
281 231
514 20
903 616
558 456
201 51
738 28
617 21
277 251
206 195
197 97
806 362
63 2
486 87
932 392
687 451
717 107
132 69
127 119
658 398
544 219
559 516
713 125
741 109
635 100
475 23
393 373
682 462
984 679
651 625
281 55
209 11
910 227
443 380
178 91
672 55
609 559
212 122
553 71
188 141
360 25
70 36
400 183
47 46
490 199
413 48
67 20
138 88
850 504
618 20
15 12
306 140
240 91
299 296
446 428
833 566
489 223
62 34
492 395
966 400
299 37
