212 109531
814 415
778 82
438 29
316 311
707 221
287 16
190 143
54 7
616 503
783 459
689 589
57 12
300 258
289 18
261 146
940 301
928 252
491 453
404 170
640 480
916 451
471 120
869 322
337 228
902 245
699 325
840 790
457 250
225 139
573 50
75 63
539 480
531 274
915 311
80 79
251 196
480 66
804 40
825 189
575 55
380 206
285 157
979 124
589 397
535 250
53 32
528 375
389 332
552 210
788 259
407 401
569 454
710 226
373 99
206 146
316 118
788 736
770 265
183 109
583 240
396 17
520 266
35 5
801 147
16 10
694 204
513 362
788 550
660 140
404 238
531 202
990 670
935 698
624 526
17 5
51 16
947 893
501 169
170 131
737 307
704 525
883 200
867 165
724 512
591 382
940 53
592 470
823 288
232 101
247 233
457 455
389 315
230 84
325 21
37 15
217 35
795 760
75 44
874 791
972 394
174 66
314 304
934 269
726 563
441 252
531 283
120 25
693 666
512 119
232 228
206 155
442 92
819 406
228 30
462 317
292 6
889 530
680 223
98 91
233 71
841 244
757 702
316 177
22 18
125 21
165 93
803 120
377 63
565 329
901 350
539 381
988 66
44 42
712 705
820 50
268 73
662 428
176 75
754 118
33 15
219 138
734 483
996 917
618 540
230 161
356 300
869 473
895 15
384 289
694 500
452 40
253 190
677 109
184 16
292 223
413 173
788 297
823 278
556 121
591 147
894 721
225 170
708 706
632 12
326 153
371 287
30 13
677 20
715 639
290 151
721 659
148 31
947 264
579 128
794 791
802 252
805 743
559 462
711 381
660 340
117 36
412 411
870 395
736 330
242 146
779 380
369 61
140 87
47 1
43 24
393 94
996 838
478 310
443 292
470 140
607 516
196 186
710 86
239 199
484 273
85 35
930 349
762 272
950 721
818 190
937 194
418 144
747 544
203 19
231 26
344 331
189 121
