239 120116
769 717
10 1
151 109
643 313
544 197
573 30
252 180
373 299
600 485
831 565
124 42
555 54
896 479
838 712
854 54
902 306
780 511
646 482
239 30
932 105
27 10
17 12
393 210
557 126
234 132
379 355
15 14
233 63
139 82
924 414
815 514
818 690
679 83
518 349
447 342
954 589
551 196
911 432
730 202
645 540
533 259
616 437
560 436
340 201
805 586
404 256
246 241
294 92
525 95
42 6
931 522
940 315
941 633
140 49
786 124
796 422
690 218
835 681
652 636
278 73
414 68
279 165
146 131
855 246
404 64
146 16
622 65
249 186
627 292
167 138
230 71
658 184
76 9
455 220
950 655
631 597
454 49
434 34
298 22
873 442
467 466
480 216
173 59
486 69
380 84
751 426
871 61
275 153
590 440
33 29
920 888
830 28
469 40
222 129
435 254
549 199
6 3
282 149
459 429
959 12
977 840
679 417
381 263
242 79
262 185
584 200
206 75
306 138
361 237
442 217
310 206
787 344
805 449
504 42
982 275
548 116
216 133
440 302
64 11
608 188
439 377
575 138
970 536
741 276
130 49
414 236
997 11
138 68
49 43
728 715
88 72
443 58
130 107
853 161
545 543
164 109
696 670
784 550
204 37
392 37
956 593
453 443
444 403
22 15
780 446
412 265
556 108
751 590
695 596
321 92
469 160
621 76
373 318
634 595
218 91
273 52
750 477
877 201
887 91
379 81
678 243
899 653
772 717
396 285
109 90
6 5
22 4
986 487
838 417
496 199
586 485
406 18
816 625
691 18
8 6
765 152
571 209
321 214
661 317
534 351
371 200
800 74
400 121
30 26
749 483
187 85
414 378
621 334
769 132
38 4
550 90
994 363
970 4
445 116
575 564
950 34
181 140
968 486
331 200
307 176
514 60
971 942
625 18
12 4
14 5
410 312
335 45
101 85
247 76
148 18
622 469
435 81
705 305
661 431
883 643
93 11
519 38
193 146
623 14
821 47
736 541
606 355
295 128
235 124
729 522
549 221
672 109
298 137
873 200
124 123
342 144
660 274
693 655
138 37
292 278
279 266
128 31
650 149
161 6
