263 124986
451 376
41 16
888 327
656 584
763 706
250 236
883 865
133 75
900 14
542 341
105 83
244 230
59 13
179 93
648 292
951 73
645 61
144 51
725 7
839 701
100 69
817 740
840 184
71 41
818 71
976 678
775 36
586 324
832 34
7 7
459 127
18 9
311 199
94 44
172 15
428 282
718 551
808 525
549 99
1 1
648 238
321 88
644 614
410 84
803 283
393 177
185 125
515 433
227 43
335 78
328 285
949 171
183 144
497 335
850 52
109 105
159 2
289 164
647 18
126 77
255 162
985 812
502 449
101 42
319 14
260 173
716 295
585 169
555 131
452 232
420 410
406 393
214 37
36 29
815 139
935 210
19 16
928 312
479 225
115 96
514 157
510 242
698 49
876 683
324 314
838 482
111 1
862 504
966 672
390 172
144 124
309 290
102 23
765 312
293 280
110 96
395 273
344 28
845 832
996 144
82 50
841 284
790 649
914 458
236 234
104 67
718 172
445 228
760 676
988 831
555 467
379 123
514 506
679 97
281 195
756 448
282 166
150 61
461 136
516 309
266 112
308 75
930 461
147 82
697 151
781 93
707 174
265 109
640 234
862 101
147 95
753 318
369 275
418 310
356 303
184 8
711 350
192 42
589 554
628 178
514 393
720 205
296 251
457 83
763 757
163 44
285 170
388 366
39 23
240 140
590 59
157 137
563 63
259 172
882 820
766 335
92 70
734 693
22 17
913 525
999 396
505 6
636 215
132 34
779 668
767 424
925 915
496 7
249 225
111 73
30 29
506 33
371 326
525 164
608 270
578 377
107 1
131 94
322 181
4 1
267 3
446 443
558 555
711 123
12 2
808 645
18 1
69 15
834 723
519 68
727 331
980 441
256 213
129 52
380 43
286 148
274 94
170 121
190 75
734 253
203 8
648 575
688 544
234 225
3 3
924 254
385 126
887 718
47 31
785 250
480 367
822 685
567 89
907 364
188 11
925 150
526 177
875 570
127 72
869 857
243 69
883 182
152 41
94 62
189 94
500 385
13 7
854 317
702 259
965 367
306 51
617 465
872 371
334 35
495 425
44 16
317 71
958 293
397 351
237 116
786 153
553 342
417 377
974 652
239 161
251 48
191 116
553 125
421 254
144 86
768 338
628 422
583 12
648 404
294 140
945 396
755 142
5 3
470 52
89 89
510 364
349 83
224 85
