280 139811
370 13
619 240
1 1
474 65
127 12
625 523
442 375
838 151
285 14
492 119
918 182
358 134
583 225
397 360
915 436
372 68
195 8
616 54
203 57
152 131
495 75
462 314
472 121
868 535
736 331
13 9
399 152
825 161
9 9
176 120
650 177
637 469
689 287
125 5
975 826
487 155
893 31
64 60
834 336
962 604
892 165
597 320
507 87
210 157
24 24
209 108
298 143
734 449
950 137
609 364
425 365
184 40
442 76
446 207
923 627
187 26
366 325
461 40
593 539
645 125
707 585
380 251
484 49
207 129
767 283
609 361
613 566
773 346
105 21
717 171
455 320
44 10
24 11
994 947
996 74
799 660
80 42
552 260
591 68
740 574
40 3
499 304
874 600
919 362
869 133
207 60
103 90
123 64
673 595
281 84
872 677
379 41
946 58
48 36
412 87
437 91
766 246
578 570
292 165
880 400
540 442
154 135
633 488
590 153
937 4
846 805
742 320
327 178
453 287
580 198
19 2
613 343
433 303
441 374
718 154
399 292
443 182
90 52
366 72
235 124
610 249
391 183
940 321
479 174
827 685
416 25
34 10
863 178
709 622
65 55
625 543
348 328
655 168
546 162
532 105
88 9
119 119
2 2
641 3
624 158
881 283
605 274
626 180
202 124
868 184
152 38
757 399
26 2
377 143
912 518
491 64
625 260
640 10
655 281
484 290
75 73
674 200
123 44
594 406
320 21
889 784
436 425
80 15
142 76
224 186
354 98
311 277
844 308
168 42
195 136
791 181
338 317
510 204
977 65
942 716
514 459
661 435
981 736
745 693
547 438
121 49
282 153
580 512
917 633
418 212
105 66
76 65
797 781
524 235
763 400
392 328
386 95
654 212
524 407
672 259
138 99
776 118
599 420
359 313
689 77
172 25
279 27
341 86
840 790
511 450
171 18
502 120
698 380
199 75
324 20
457 227
117 104
691 494
802 104
134 78
419 191
990 688
349 303
293 183
265 122
523 122
334 150
406 106
350 73
263 67
128 66
620 429
508 493
349 280
990 493
498 226
685 542
809 169
724 54
168 101
906 70
103 70
250 31
177 95
601 45
575 183
352 111
184 5
948 17
609 414
207 168
278 209
606 446
245 103
746 686
985 330
763 236
910 397
711 557
121 21
781 342
512 44
231 85
407 17
937 667
484 132
255 142
397 385
944 575
190 145
589 567
462 8
763 243
613 27
390 173
918 450
253 49
853 478
775 214
696 181
787 701
613 308
341 219
357 15
205 33
