232 114112
171 129
439 101
290 67
780 759
698 200
984 135
197 171
94 2
449 206
577 44
937 92
786 470
865 575
35 14
44 34
454 21
640 45
257 141
9 9
676 403
668 441
818 746
498 372
384 373
353 92
88 34
703 346
646 193
913 469
427 345
130 91
819 370
813 375
290 238
915 839
7 3
334 180
322 245
327 129
534 263
384 58
627 349
550 339
31 17
327 105
808 767
675 87
501 314
689 366
826 281
698 264
468 84
488 285
41 37
319 101
680 24
248 176
418 146
697 70
681 417
130 68
997 289
174 133
216 164
72 51
138 81
852 460
79 76
36 19
742 118
680 1
75 39
942 262
775 404
464 168
833 639
859 705
744 484
98 36
945 810
327 211
235 229
33 15
171 145
834 530
673 300
395 338
637 396
654 83
386 82
367 187
1 1
524 28
250 186
701 300
479 476
779 298
584 142
551 56
917 841
582 205
780 352
897 38
741 226
196 63
250 228
173 38
742 740
217 50
514 417
50 32
463 391
875 125
552 142
254 146
173 157
527 10
619 578
678 112
811 68
638 40
671 272
148 68
595 141
151 55
79 37
499 421
505 473
248 100
94 67
849 354
671 24
951 455
964 13
454 198
165 124
802 590
467 258
508 65
781 347
923 639
261 221
858 527
371 313
92 16
567 477
946 4
351 117
61 2
890 383
342 286
716 501
728 542
372 274
730 197
436 38
355 67
603 67
707 16
836 272
669 173
51 40
625 413
289 261
414 204
605 414
602 350
138 138
951 362
450 155
54 46
472 399
615 523
420 199
593 558
729 34
612 144
369 260
948 755
823 636
99 2
226 156
408 313
808 180
552 547
229 200
701 379
69 7
201 16
367 92
179 20
750 160
700 532
472 413
515 464
474 442
619 346
814 201
785 435
920 157
456 414
1 1
286 42
983 414
207 107
19 1
688 428
841 652
871 504
453 205
492 192
588 223
65 42
556 237
502 42
583 30
254 131
227 154
88 28
145 92
661 178
749 702
54 4
51 47
259 226
156 153
690 401
660 21
368 256
240 90
519 378
727 81
