256 134654
52 4
232 100
705 600
534 210
513 188
525 415
689 172
921 242
405 215
748 656
334 103
683 337
389 177
466 314
848 322
222 65
626 303
569 312
120 82
88 57
565 488
566 346
593 111
885 503
590 82
156 155
859 53
974 612
653 128
370 232
13 4
336 77
142 131
369 128
620 308
589 188
320 278
575 530
694 513
16 10
962 405
994 225
47 17
557 435
945 283
579 140
37 2
809 662
953 528
354 17
626 40
497 97
496 437
960 219
429 70
237 4
733 144
146 51
636 325
373 148
787 361
666 603
778 278
104 15
301 275
638 499
257 238
513 148
952 55
912 457
485 302
822 545
917 685
409 361
8 8
194 24
151 79
713 192
957 929
42 35
703 72
877 472
978 402
401 138
611 85
324 172
685 644
783 550
251 156
659 205
435 93
719 159
950 620
863 415
142 70
554 308
450 309
546 181
461 363
82 15
865 135
860 715
597 380
452 102
435 68
842 110
690 92
684 587
802 379
403 368
236 68
997 789
568 151
546 194
44 5
704 372
153 75
723 644
994 316
66 53
590 383
640 94
974 201
147 8
252 227
782 777
372 255
57 14
63 46
239 11
716 172
311 139
368 259
703 448
946 547
977 296
954 832
783 730
319 91
665 126
286 8
360 65
927 115
795 357
745 234
783 32
115 64
329 26
295 214
901 203
536 67
725 535
306 199
968 937
600 151
862 175
675 169
590 322
451 168
973 292
397 220
832 152
801 689
192 72
976 792
998 285
382 145
385 70
557 330
664 93
838 292
762 358
332 181
185 150
770 38
77 18
308 113
614 251
299 277
113 45
558 50
35 11
410 300
235 144
806 495
722 165
734 230
154 55
236 6
606 261
246 148
62 7
709 663
586 153
189 117
97 16
141 29
175 10
736 493
28 14
4 3
196 41
499 222
527 37
766 614
166 88
180 159
346 75
858 571
204 18
708 427
567 52
759 460
202 137
432 253
839 25
771 518
457 325
888 173
263 255
563 456
679 538
12 5
721 36
370 167
876 532
530 316
490 104
976 336
129 65
291 35
767 544
746 355
756 59
352 106
507 397
665 614
402 1
281 109
753 78
537 299
707 585
115 59
839 263
210 139
968 422
317 300
372 356
738 162
571 228
236 187
409 290
978 694
92 44
722 447
652 290
