228 112069
500 470
150 145
571 327
138 36
152 86
75 25
898 895
146 144
421 184
779 707
466 353
40 38
954 534
31 26
883 881
925 659
212 150
790 97
430 46
614 35
670 104
695 459
412 225
446 268
385 117
71 27
162 33
146 55
513 274
919 180
309 174
866 26
420 39
153 21
671 203
739 514
427 196
823 400
614 522
661 247
31 7
916 469
463 381
777 643
520 244
433 138
581 400
840 64
914 608
913 519
191 180
138 52
629 564
515 160
405 40
563 391
827 171
318 13
851 397
120 7
257 226
183 116
944 292
406 233
466 52
33 18
463 2
284 82
286 98
947 72
390 106
129 95
265 151
963 467
904 887
943 266
851 370
766 541
34 10
619 345
327 315
19 11
583 130
32 8
403 190
422 131
195 139
391 313
562 519
107 12
71 60
947 514
253 121
580 392
965 318
640 332
655 505
225 127
30 3
843 570
668 294
215 110
183 169
657 145
968 213
750 492
84 81
861 468
968 696
169 150
786 515
160 57
609 162
774 324
445 444
732 662
738 686
661 657
691 166
348 34
162 138
349 203
707 334
252 7
700 29
238 114
686 618
616 147
291 158
758 625
946 467
677 675
450 217
704 584
988 647
35 24
122 96
209 122
904 34
720 108
981 954
403 55
424 398
484 442
190 28
430 95
601 550
458 319
71 8
808 695
419 11
624 479
304 127
873 612
25 18
968 514
236 100
608 371
963 356
13 13
507 469
293 66
372 81
357 332
42 21
808 367
465 370
278 269
773 65
269 139
677 510
948 876
509 200
162 93
503 51
517 307
112 8
446 371
857 687
412 99
675 329
932 207
189 45
354 24
26 14
577 514
430 304
624 220
568 84
134 27
499 63
131 12
890 785
846 185
236 200
909 774
862 756
90 36
515 310
380 137
948 345
755 296
310 191
217 30
516 251
543 162
678 651
977 593
602 492
114 11
130 20
338 262
946 482
169 84
46 19
697 8
93 50
216 71
533 124
198 15
147 122
642 414
31 7
974 256
886 479
200 129
305 31
214 12
