261 122852
595 2
519 235
998 850
21 8
790 565
224 174
634 36
167 91
826 572
620 30
177 30
94 3
461 416
829 593
331 290
18 1
43 3
601 334
185 109
838 489
972 920
383 33
104 83
413 4
583 189
174 14
330 63
154 15
811 284
827 586
643 401
291 160
512 401
623 62
2 2
235 196
972 180
211 16
141 13
812 574
488 251
12 11
457 105
626 361
340 49
516 292
622 58
224 18
571 154
711 34
310 280
940 40
58 39
299 280
579 161
338 250
497 480
924 191
195 64
154 14
159 141
90 47
402 91
31 18
816 152
152 105
156 155
381 84
172 39
756 128
125 82
149 50
494 442
903 340
327 64
73 17
908 682
147 8
714 67
871 672
968 59
385 64
314 125
605 171
400 114
798 29
585 552
175 21
89 44
430 107
549 538
214 76
492 84
481 276
156 66
934 855
173 172
498 320
527 415
232 34
719 392
922 611
119 8
115 23
837 129
204 160
98 52
760 100
824 796
351 276
338 185
889 285
998 917
916 377
744 65
814 519
411 360
764 739
602 1
748 478
503 60
286 120
370 84
407 386
297 233
481 18
179 112
316 156
301 102
390 102
74 12
413 44
880 350
286 54
620 89
784 498
759 78
360 294
832 827
613 602
617 119
478 147
809 285
959 521
123 81
162 69
206 7
488 156
603 528
83 22
617 37
465 16
733 461
979 390
846 319
431 79
889 508
258 28
250 13
788 284
716 685
182 134
257 157
540 536
140 83
251 241
590 282
594 32
650 543
505 353
101 37
649 117
799 307
329 210
85 52
92 62
936 239
913 732
59 53
523 366
332 271
261 87
117 107
179 52
424 265
983 329
524 129
37 10
225 20
571 38
216 128
363 164
952 915
536 295
102 49
80 78
82 11
842 271
345 262
253 161
169 92
56 41
882 827
645 117
491 12
755 312
784 726
20 1
651 470
323 289
231 53
367 229
754 743
474 367
296 279
168 30
51 1
35 12
501 51
240 215
821 520
707 693
37 8
192 26
889 860
620 514
901 307
480 439
837 344
720 36
785 765
426 228
711 4
423 248
48 25
161 54
499 381
935 780
429 425
962 743
566 477
158 18
943 348
205 47
191 60
197 165
948 389
391 2
701 215
107 41
182 62
414 326
942 334
942 926
597 442
589 15
145 17
706 142
909 122
982 132
261 54
