264 126772
68 24
758 739
64 1
252 223
638 507
560 264
926 150
612 283
963 740
99 38
295 183
918 526
383 84
93 34
921 524
790 738
250 58
843 467
1 1
661 59
575 66
940 583
108 10
106 80
396 65
928 772
116 25
501 394
617 583
302 180
743 296
847 836
63 12
693 350
394 262
370 237
412 63
919 720
178 24
917 335
892 392
834 702
400 143
7 7
934 95
432 219
230 161
701 385
970 59
310 115
268 144
301 162
695 19
760 708
553 332
92 44
269 156
726 135
262 234
510 126
832 66
368 274
970 632
155 4
104 45
963 649
395 156
181 17
311 213
256 245
279 253
16 2
810 432
795 614
54 8
60 19
10 10
724 430
558 405
893 194
999 940
938 107
948 520
471 61
150 19
976 690
446 289
938 699
15 2
624 25
274 203
954 917
527 339
46 17
933 492
129 82
427 7
662 186
396 61
554 360
452 210
118 30
694 204
516 306
567 433
118 13
910 438
505 151
77 44
218 25
88 13
521 301
600 491
951 450
645 148
214 87
603 534
853 261
568 513
243 186
697 182
683 441
367 48
254 42
139 100
668 334
921 492
347 182
435 425
866 595
449 431
17 3
135 70
145 24
23 9
540 217
623 500
262 239
616 595
265 189
704 672
37 5
67 53
758 529
600 98
529 122
836 647
901 589
414 156
718 38
692 568
883 518
246 7
459 263
886 848
485 316
333 102
354 77
549 13
692 366
673 246
999 774
735 17
42 15
494 238
411 247
48 29
480 142
232 19
575 197
622 373
243 122
701 99
436 79
731 24
271 55
672 464
650 254
645 502
230 97
814 280
101 75
132 130
479 254
491 299
443 128
1 1
965 412
950 218
181 29
531 56
991 112
835 160
835 525
753 102
583 464
307 258
89 26
250 180
661 391
66 57
91 83
871 722
101 75
361 132
733 117
968 229
305 140
85 38
556 437
100 1
938 229
627 544
567 436
78 75
885 142
148 28
199 192
43 25
52 23
507 133
550 76
271 36
954 452
182 57
638 579
540 322
263 123
309 72
434 413
394 161
756 403
146 139
514 399
337 230
763 640
230 189
571 356
200 171
191 110
419 381
171 78
442 36
948 699
514 422
493 9
132 82
15 3
854 92
733 383
798 677
331 157
971 564
74 35
530 345
332 49
234 196
404 64
62 8
589 72
43 7
332 280
671 658
310 52
