240 126599
345 26
366 64
863 168
205 182
262 92
109 34
476 274
527 261
252 77
38 17
230 211
777 159
478 41
497 129
341 7
683 390
894 686
505 182
854 129
893 121
661 377
911 248
344 289
771 492
329 203
144 27
619 16
740 339
578 550
726 463
445 150
493 126
613 166
741 735
177 39
86 74
110 18
859 493
802 355
677 16
799 591
990 769
916 263
484 129
163 68
978 468
273 252
191 139
623 206
175 140
235 10
753 314
781 765
53 50
762 224
926 634
180 159
970 783
108 103
233 179
794 246
504 501
387 373
148 114
933 854
631 32
412 246
691 531
309 183
14 10
422 406
85 47
308 156
407 123
270 134
35 12
115 64
295 201
13 11
300 136
202 172
656 642
943 882
947 170
941 157
773 372
483 165
495 355
65 15
825 694
250 239
885 317
702 593
825 591
250 37
394 342
379 363
206 122
838 357
740 228
52 13
495 138
549 440
935 666
713 259
196 1
776 559
259 144
342 323
219 153
986 302
390 281
669 585
882 104
980 696
891 177
175 173
271 222
76 28
959 399
889 532
410 337
503 14
875 7
182 120
440 67
343 158
875 169
904 534
717 708
438 244
332 306
614 591
418 37
226 161
920 766
968 287
136 60
263 133
691 368
5 3
720 293
651 414
316 237
873 550
160 153
954 59
52 24
668 60
508 302
102 18
727 306
928 190
101 52
417 147
664 510
612 559
354 26
223 28
757 12
740 33
998 995
935 700
957 448
798 75
199 83
571 563
677 206
485 130
595 405
457 208
795 482
59 33
915 447
709 187
444 58
412 306
805 581
543 309
537 151
417 267
663 423
706 615
765 193
913 510
733 33
914 671
649 112
504 149
122 85
580 133
739 25
323 71
960 168
985 703
761 482
565 154
240 67
684 70
408 283
31 3
860 691
779 638
563 334
683 495
416 68
338 250
231 117
315 257
194 129
870 359
937 687
231 58
763 65
271 27
80 17
444 396
570 502
495 270
384 110
558 133
400 76
630 51
727 430
698 145
493 462
141 36
788 768
239 120
650 327
354 85
536 454
681 243
823 129
15 1
580 276
662 404
372 171
356 44
541 116
