295 150328
614 401
852 534
866 750
43 42
941 121
84 24
242 208
651 231
847 424
544 183
725 244
522 277
458 200
601 526
741 563
310 148
324 65
837 410
878 530
984 835
896 341
476 244
551 503
575 291
68 3
432 94
401 13
331 57
465 321
447 441
289 34
344 292
471 463
568 516
203 48
860 189
898 190
472 139
436 53
576 242
39 22
695 676
922 858
51 26
432 78
229 206
995 844
792 355
681 102
270 81
171 34
744 627
453 404
517 461
468 316
956 169
222 219
853 71
253 69
701 13
739 543
794 395
315 230
588 368
122 39
763 456
319 66
608 237
622 163
894 413
936 747
153 109
961 445
263 174
565 149
958 492
682 631
477 104
906 475
788 192
680 157
491 335
874 577
907 164
730 322
454 180
955 164
913 706
679 467
702 242
620 423
6 1
430 358
11 1
846 32
657 587
335 215
665 571
445 341
241 174
902 40
290 20
760 31
524 107
493 333
882 85
821 772
262 158
211 74
180 31
607 503
96 83
368 93
793 285
127 104
277 15
908 800
88 71
897 139
638 487
18 16
760 191
628 489
656 545
198 118
89 10
625 32
275 115
289 15
98 34
431 51
817 574
260 237
847 724
276 232
585 571
212 202
796 717
210 178
22 10
192 106
818 429
780 223
944 205
713 660
589 307
4 2
36 33
882 71
809 317
432 45
311 102
223 27
793 551
259 169
764 679
528 284
598 469
390 32
602 23
133 85
108 23
664 411
231 140
719 656
555 327
433 58
210 141
405 235
914 614
898 33
947 629
48 22
978 646
235 221
561 337
639 611
46 17
443 66
372 124
311 284
958 37
20 16
714 290
678 48
738 536
66 10
33 8
641 170
54 11
127 56
482 223
749 104
627 241
942 668
736 702
672 451
468 352
250 138
94 48
382 371
387 134
910 3
527 2
818 153
442 248
762 134
195 20
967 62
226 144
638 306
325 165
226 198
300 9
718 104
796 771
797 507
455 451
609 187
253 161
300 162
924 409
202 177
877 291
745 554
415 71
473 462
863 829
941 829
327 163
642 603
679 243
231 155
112 40
316 146
117 39
254 188
329 140
166 143
690 20
74 39
478 243
548 504
37 17
368 334
184 80
712 185
51 25
731 102
623 177
458 378
298 126
677 175
579 29
336 89
492 475
592 277
365 310
540 326
457 281
219 175
642 625
261 131
892 521
747 112
86 3
202 73
260 148
567 254
348 118
858 761
84 20
971 654
520 260
90 61
518 197
857 59
949 717
713 404
837 476
433 116
699 55
968 910
19 3
302 142
315 179
640 331
604 308
716 109
765 443
372 153
76 2
528 131
142 85
48 45
