208 99465
290 192
32 20
184 149
567 185
756 722
857 369
468 94
110 105
723 494
101 96
198 80
952 318
60 36
626 341
798 744
522 221
954 23
511 183
101 24
781 206
941 748
410 294
77 5
546 368
230 225
352 201
431 54
48 37
816 688
280 181
508 42
616 79
961 921
118 6
585 20
392 176
804 644
901 901
226 166
134 37
585 191
476 16
197 154
865 79
210 101
816 330
701 23
845 629
354 127
449 177
798 532
779 568
13 6
501 148
927 232
5 4
944 97
511 147
715 612
371 358
675 392
852 581
37 20
665 554
905 420
116 78
359 247
658 124
424 83
548 86
26 12
566 536
376 95
170 54
817 98
236 203
738 220
240 184
24 1
595 469
379 138
720 429
993 463
224 73
158 26
906 2
248 55
203 15
562 369
307 304
67 42
429 266
659 28
173 51
355 252
454 95
745 507
682 5
967 562
290 218
664 532
88 87
538 42
154 84
17 9
963 263
620 89
637 572
957 928
532 505
142 2
421 150
21 21
607 23
802 47
446 187
679 182
276 170
679 669
154 62
293 28
744 9
598 324
782 124
721 503
408 311
442 49
424 38
384 161
65 44
136 41
441 432
400 203
22 1
848 623
383 269
851 661
996 44
243 73
383 1
799 102
271 172
220 45
518 1
361 1
109 85
732 206
247 182
593 423
351 332
214 178
991 991
382 203
519 440
950 648
341 327
474 221
407 28
817 62
275 75
64 56
162 31
889 145
449 298
422 219
405 360
143 13
195 73
697 573
988 2
142 94
319 99
326 145
265 146
971 954
798 527
551 30
872 119
174 67
272 24
108 61
156 21
624 179
751 503
673 335
179 75
120 106
706 173
835 706
906 160
430 308
340 103
250 156
584 207
502 25
621 469
703 4
557 62
194 147
355 66
482 92
381 97
268 19
98 46
553 354
856 837
149 149
870 844
