200 99053
904 956
94 456
339 739
732 809
711 891
69 578
494 613
309 555
243 375
755 923
809 942
705 957
699 747
846 900
634 744
592 866
791 955
191 523
187 211
807 892
531 948
86 494
667 711
838 898
617 954
959 993
612 888
249 358
637 732
677 747
639 639
607 946
598 616
377 929
612 897
371 495
785 953
545 842
215 258
266 514
392 994
481 959
298 573
288 432
827 859
251 754
176 532
682 868
227 550
818 988
769 854
586 730
355 443
82 136
784 986
773 841
543 704
580 628
823 871
964 969
441 506
192 418
844 878
989 998
612 818
494 796
516 525
938 978
404 824
366 481
869 959
266 655
572 764
365 416
111 744
594 610
948 957
820 934
484 783
695 964
136 820
678 814
429 950
139 780
459 567
556 643
558 785
686 796
26 618
41 984
350 866
37 711
411 756
457 621
301 922
609 770
432 811
845 957
669 855
557 961
904 906
964 969
408 474
295 734
397 717
141 703
18 492
949 951
649 930
236 504
639 753
98 405
543 684
180 233
58 412
667 782
267 409
728 982
503 572
374 695
976 996
826 852
975 993
4 80
443 628
76 338
186 774
130 593
815 966
441 656
297 999
922 971
901 985
370 616
97 473
361 612
973 978
140 973
58 247
763 770
32 913
713 785
881 892
210 976
223 473
737 903
721 858
122 628
546 925
366 979
564 579
710 857
712 898
310 854
54 776
681 703
521 912
883 906
133 658
667 676
226 566
165 177
827 935
36 892
588 994
940 980
64 474
497 954
485 712
582 642
977 998
448 678
727 916
368 628
226 777
789 797
687 840
866 975
305 802
527 829
440 970
859 882
323 849
509 981
205 856
165 540
98 660
350 814
37 546
555 960
995 999
264 554
929 950
667 824
132 214
23 292
212 659
630 712
319 859
58 583
