243 123244
954 373
527 148
299 143
269 266
308 20
808 183
461 272
446 179
961 224
611 272
946 539
33 2
873 80
728 717
765 6
761 618
32 14
275 6
267 254
137 44
61 40
31 17
357 297
70 55
497 148
952 522
124 14
499 491
495 221
559 208
721 410
231 139
968 772
496 108
54 41
919 170
500 147
196 41
798 225
834 762
897 290
114 92
642 293
299 243
926 919
330 82
565 462
432 193
433 391
17 10
534 298
489 42
564 363
162 70
980 276
600 101
730 702
887 866
200 15
842 665
598 513
974 683
120 74
659 393
525 321
516 236
20 13
309 178
638 74
434 54
635 505
55 11
809 92
447 287
261 97
651 378
26 4
235 145
309 296
113 73
227 96
447 354
665 450
459 305
501 291
791 590
174 49
358 101
573 20
322 21
586 204
684 18
633 41
710 156
485 479
503 115
816 517
769 313
848 355
138 125
695 83
795 546
31 28
550 135
890 207
497 421
872 556
687 645
95 44
427 35
801 48
866 205
714 331
724 620
326 76
286 37
173 8
403 250
684 333
819 559
963 166
667 26
805 678
856 555
557 153
333 299
867 46
892 9
198 14
660 108
142 14
126 65
679 549
422 401
638 482
834 468
707 70
472 101
707 703
253 188
172 123
523 192
824 453
768 344
495 27
637 180
344 207
708 156
400 331
709 625
940 675
363 19
472 291
262 106
686 601
834 190
60 54
51 14
218 199
576 301
348 45
668 666
266 195
471 262
906 676
464 389
332 232
24 18
865 483
220 104
734 193
683 488
904 772
399 377
771 227
407 175
507 437
788 326
224 33
280 164
522 331
356 66
183 83
838 640
787 533
477 208
841 385
727 696
456 12
2 1
385 78
172 170
448 342
156 129
293 38
771 464
33 29
438 165
77 74
315 225
336 9
605 67
201 72
844 385
24 15
687 310
503 99
465 207
309 184
517 270
321 29
940 253
578 264
298 56
589 194
191 44
532 324
453 394
152 72
250 44
457 79
154 104
116 1
838 398
471 121
517 491
398 42
511 51
201 8
981 792
509 78
803 477
520 508
696 185
84 27
605 382
875 267
927 537
339 258
584 469
938 798
861 471
881 139
