242 123393
612 224
230 82
138 66
485 127
811 264
953 650
793 485
958 706
332 237
458 325
189 125
575 340
219 127
370 255
602 117
251 86
648 165
955 749
175 84
552 387
632 384
94 48
97 13
467 462
465 104
92 63
236 95
335 125
926 420
678 221
405 238
541 339
287 170
814 746
101 34
407 284
488 195
247 235
455 311
317 121
673 494
420 50
530 237
355 265
752 32
430 71
522 341
804 203
523 332
592 86
17 6
388 348
967 434
321 164
671 447
707 391
201 159
984 414
916 506
306 131
163 121
709 638
681 21
881 808
307 245
129 77
76 41
969 569
714 514
461 183
157 54
539 54
721 97
581 14
429 119
48 32
82 40
983 271
905 599
114 100
856 522
213 104
338 309
541 19
593 102
720 138
986 758
819 346
927 118
418 406
497 441
882 290
261 14
197 69
650 221
482 452
277 119
819 156
83 25
374 318
360 157
986 337
982 237
873 366
538 423
139 129
816 1
928 861
567 155
849 243
532 277
477 64
262 133
736 387
166 23
831 376
123 42
710 598
249 148
485 262
438 213
932 297
515 53
255 118
702 23
291 134
673 613
752 399
446 177
906 121
29 29
781 281
475 33
969 668
965 491
339 242
782 199
252 171
900 470
471 438
843 731
763 727
261 73
981 439
480 354
384 214
399 259
742 419
189 68
872 497
607 340
59 52
327 89
849 305
910 215
23 5
854 569
883 386
491 208
848 512
441 79
470 241
747 577
32 14
820 364
178 51
675 610
344 314
190 81
296 266
854 447
241 130
364 310
334 275
550 96
347 144
209 69
702 659
132 20
818 159
668 638
758 34
683 343
267 72
48 22
220 198
119 112
907 764
843 147
698 306
354 228
388 53
372 21
148 55
519 94
923 539
64 18
198 128
188 63
685 309
968 62
446 294
647 237
415 99
186 106
481 363
637 259
271 136
198 181
16 9
633 331
936 468
266 83
804 775
296 95
910 685
560 467
381 243
794 111
631 379
77 27
482 269
387 219
392 237
606 71
969 87
633 410
425 98
250 133
352 237
21 20
111 3
488 37
930 413
567 484
758 105
251 249
219 134
418 43
470 234
635 203
383 202
