279 134330
532 389
131 47
342 93
62 23
763 233
143 22
477 11
202 63
728 501
16 13
999 36
775 508
842 54
815 492
178 145
208 121
330 271
338 156
369 321
106 95
537 110
247 140
368 67
404 339
197 37
924 920
240 155
689 262
453 212
493 320
962 156
266 193
371 39
914 815
607 399
223 163
287 87
292 211
528 405
561 180
916 487
116 1
351 216
633 552
125 124
244 21
80 75
820 743
737 325
866 191
198 195
929 133
756 575
952 918
358 72
659 537
896 319
666 509
724 406
788 760
631 92
990 65
826 491
227 141
772 626
489 467
725 221
434 162
245 109
359 99
118 101
328 15
261 114
113 40
54 16
723 260
47 5
704 336
247 55
268 142
862 181
707 341
385 236
354 319
739 199
768 347
103 85
838 790
112 33
715 694
301 95
628 627
38 21
230 154
227 183
253 17
496 335
233 158
878 730
924 390
806 168
227 217
27 27
834 672
339 49
75 32
425 240
654 35
470 397
752 71
320 268
35 21
703 490
217 210
170 94
757 71
110 91
33 31
371 213
148 11
30 6
676 133
102 13
989 57
273 272
680 322
945 113
23 2
214 23
648 288
480 39
890 519
492 295
86 20
227 162
651 409
765 314
302 136
208 40
275 231
52 26
283 102
496 129
629 150
773 624
751 354
418 307
875 426
597 397
566 178
208 6
527 80
793 698
711 242
428 136
302 104
35 20
208 80
42 23
890 882
820 519
909 45
267 57
665 648
586 187
118 82
568 70
300 48
452 73
834 803
647 572
794 346
248 121
396 344
45 18
353 144
854 421
628 40
871 409
890 470
640 461
130 117
824 21
387 14
197 117
352 62
812 735
233 41
780 347
65 63
449 98
172 42
584 170
419 244
291 66
783 323
618 186
740 23
995 908
719 246
159 26
100 83
810 413
667 76
366 133
421 134
302 110
968 197
744 313
680 405
752 513
392 96
610 300
601 230
640 66
53 20
972 909
488 102
774 30
23 18
739 732
576 122
602 532
223 60
145 52
882 599
333 274
994 285
202 104
54 23
869 868
431 268
181 19
329 21
58 54
192 111
575 296
848 592
781 437
488 456
502 483
974 65
310 153
218 157
276 123
186 44
842 704
212 19
815 409
235 103
977 292
445 174
8 8
802 664
287 137
666 163
605 411
33 26
372 330
801 46
182 156
928 237
945 53
411 325
261 73
194 61
427 124
41 32
347 82
511 491
668 507
768 694
279 268
525 126
971 54
570 541
448 331
235 153
495 197
