214 107806
553 210
379 369
555 396
312 102
191 171
352 131
800 328
936 748
687 246
506 98
505 153
760 521
961 692
988 955
341 142
81 7
322 132
668 371
990 481
542 165
925 651
39 12
135 55
769 499
976 434
178 81
704 199
270 146
240 121
631 53
488 249
404 292
141 77
890 343
325 25
724 667
656 499
395 179
173 31
14 14
791 249
243 211
572 416
437 347
870 304
601 52
974 769
717 417
977 893
672 410
298 198
10 7
319 4
408 116
31 6
953 775
773 220
233 221
454 364
477 412
64 49
530 179
308 15
645 445
582 484
438 357
15 8
223 176
722 155
394 38
165 161
739 138
531 520
361 346
839 634
250 22
703 253
796 57
442 215
4 4
939 325
824 650
740 718
929 355
222 4
875 239
341 167
939 771
624 447
217 49
832 125
443 75
32 18
432 44
452 138
648 596
88 34
644 331
931 253
919 480
589 336
833 299
309 180
465 394
16 2
230 116
29 13
909 313
689 609
303 129
68 24
326 88
305 73
354 21
804 440
407 336
845 795
535 333
795 149
314 286
634 318
178 83
280 50
867 100
364 64
236 28
98 98
146 66
171 77
790 561
620 571
749 20
803 279
722 429
282 125
829 34
600 307
362 128
111 46
224 97
434 99
999 845
640 45
975 100
933 407
298 215
49 47
170 128
298 32
821 686
784 447
133 120
652 317
339 111
665 77
216 20
126 74
120 33
950 545
175 31
903 803
570 519
368 13
727 285
972 813
926 91
879 426
578 558
41 28
72 49
693 667
144 83
376 229
787 1
226 225
216 188
779 739
90 4
779 428
508 338
524 388
253 110
4 4
539 266
392 335
114 97
460 80
297 20
881 80
941 493
75 23
422 419
155 69
669 390
948 453
615 233
812 224
602 508
740 225
190 75
733 2
268 220
820 805
643 530
915 328
654 134
219 116
603 181
364 247
613 545
420 398
411 98
596 594
173 137
