249 127449
505 285
445 18
4 2
803 653
851 581
815 596
114 52
473 355
351 54
965 610
49 45
920 673
824 689
18 7
131 46
856 226
298 59
303 272
939 565
335 88
520 33
348 256
11 1
723 313
747 602
401 25
792 681
624 452
943 600
324 42
32 30
60 15
150 17
688 323
47 41
464 202
897 865
523 505
631 526
520 191
874 626
985 93
995 565
827 515
525 81
517 198
867 633
583 293
856 427
278 163
834 488
410 33
308 125
506 141
991 806
676 117
48 42
512 394
270 240
394 347
418 363
29 28
689 179
162 160
578 519
315 249
155 28
468 269
726 497
127 45
470 204
995 214
288 66
193 3
1 1
376 310
872 425
824 502
527 139
404 228
977 500
285 67
362 89
340 181
451 361
229 139
405 174
758 273
377 136
806 255
438 5
639 328
694 250
755 222
931 110
319 275
301 28
393 251
717 437
699 628
524 368
785 360
382 202
478 394
906 101
404 19
472 29
906 895
5 3
958 711
824 136
954 11
641 276
948 438
203 65
549 375
628 119
962 124
13 1
116 48
695 391
601 252
128 70
390 177
731 264
452 272
545 174
479 435
818 706
248 225
210 161
962 800
694 83
650 91
658 609
398 152
36 8
81 78
25 14
583 32
136 29
981 885
337 274
565 37
35 5
793 254
15 12
358 311
247 246
272 165
61 51
822 673
267 130
833 630
889 595
859 370
787 770
443 137
188 112
726 580
171 39
179 145
694 617
161 67
670 54
867 741
727 302
852 186
470 250
338 218
916 242
343 95
513 132
178 92
587 463
193 101
172 24
611 519
931 754
650 233
637 397
243 175
5 4
257 90
846 122
994 133
621 183
437 313
16 16
462 1
699 334
807 102
175 169
808 565
866 449
413 367
542 323
422 58
292 118
379 272
767 251
122 73
890 509
911 166
367 32
93 82
118 100
419 31
399 162
975 372
376 105
944 535
438 212
96 49
523 20
925 260
749 434
673 48
366 273
482 280
905 2
351 160
707 653
319 176
452 259
17 17
873 840
579 230
334 170
713 678
492 376
383 267
888 764
983 606
881 6
463 337
162 72
239 47
19 15
276 265
128 83
937 135
153 59
169 164
153 152
737 75
688 328
833 163
988 322
