211 107079
295 96
866 256
354 291
451 257
827 721
93 49
862 848
748 184
647 628
186 12
79 71
424 230
57 27
755 95
193 150
724 530
199 176
878 637
251 193
175 66
895 133
582 478
168 78
133 30
900 508
776 266
433 321
638 14
748 718
918 262
899 413
420 138
583 211
583 340
222 115
867 841
380 59
274 65
898 102
568 539
995 644
77 62
459 53
536 338
967 530
881 251
974 188
57 26
593 38
218 17
245 134
734 680
33 2
67 19
832 204
277 182
515 153
975 835
523 315
512 258
580 353
537 365
721 20
354 198
161 6
715 588
704 34
351 126
522 483
490 46
825 229
412 192
179 158
757 692
717 73
625 517
32 29
697 159
573 144
455 7
712 135
731 59
513 227
553 475
494 236
378 326
330 256
131 93
40 25
381 280
672 582
522 261
21 9
582 260
588 528
24 8
804 189
775 412
785 123
443 36
72 43
337 67
325 35
17 7
359 157
747 334
560 97
735 499
893 358
437 62
458 342
747 687
390 230
439 373
268 77
233 142
815 401
118 48
879 214
997 43
314 68
753 507
507 173
198 84
865 424
258 240
705 322
799 440
809 53
201 111
108 101
931 465
586 436
80 73
665 432
342 25
440 213
85 61
835 649
715 214
796 321
513 329
844 673
331 54
453 157
549 276
813 492
291 81
381 232
381 236
590 229
10 1
20 8
308 255
236 203
971 65
262 44
956 117
582 162
57 35
703 93
32 20
634 439
602 39
219 152
954 87
971 80
982 636
190 10
453 312
143 135
897 255
651 581
570 56
442 353
192 52
956 790
320 177
905 46
438 17
185 114
257 55
998 234
637 153
92 91
774 568
669 105
682 637
732 216
10 7
744 322
740 362
496 383
48 6
268 219
974 678
665 96
781 151
381 172
570 144
380 238
400 2
320 242
120 120
842 783
185 93
902 123
241 235
228 182
385 198
447 346
