257 131156
988 622
323 144
202 135
533 452
498 96
109 74
976 921
920 353
6 5
657 224
200 43
818 747
646 359
61 40
407 184
271 123
240 56
540 484
535 354
887 406
520 514
358 290
345 253
4 3
320 103
694 242
878 574
422 31
374 82
889 677
373 271
774 136
976 215
309 52
6 6
243 83
109 92
793 487
734 528
263 140
86 78
848 24
929 24
575 514
467 251
48 40
419 282
126 86
733 178
724 54
815 533
128 2
297 196
853 440
358 98
870 399
575 228
638 104
966 577
276 154
771 554
166 82
962 742
285 208
726 484
953 168
213 35
961 308
691 119
515 137
673 128
895 649
376 46
204 174
822 523
143 5
623 510
277 40
289 82
412 235
130 113
450 328
376 242
814 791
298 29
558 116
484 8
80 16
588 43
723 442
575 175
301 113
48 18
462 303
669 620
525 309
438 135
622 165
160 75
804 209
256 217
123 42
164 26
12 6
84 78
901 429
416 310
779 67
545 477
672 299
535 482
415 145
44 43
189 150
932 473
894 670
195 48
284 120
420 101
978 129
973 849
342 298
794 299
399 295
951 858
108 108
250 17
462 42
675 178
462 220
440 129
886 61
436 68
195 111
695 679
444 401
228 11
941 697
8 1
450 210
567 78
890 173
282 195
298 74
456 227
208 149
265 247
100 90
789 444
341 47
172 55
719 657
365 62
57 28
834 114
878 847
25 2
856 199
21 21
240 6
329 91
481 393
91 48
682 80
268 246
573 151
708 170
553 404
381 305
360 95
943 596
820 646
550 84
234 121
613 340
598 501
372 193
657 562
45 11
805 147
284 83
672 645
839 1
622 254
449 378
454 420
755 360
724 90
587 111
313 186
7 3
603 600
738 638
787 314
863 315
713 498
636 450
768 608
494 26
690 296
17 4
970 656
732 330
952 217
417 174
410 188
697 558
968 91
617 534
806 581
42 36
278 183
461 102
763 50
317 111
253 103
250 187
201 130
567 434
946 142
583 295
385 22
716 313
505 151
598 215
889 825
533 133
179 176
634 156
353 38
638 377
107 66
614 7
816 606
774 368
392 154
831 474
644 194
962 879
186 185
751 260
437 218
522 132
687 98
863 609
666 367
568 235
883 860
325 35
247 191
847 10
427 236
672 104
261 140
770 202
635 299
196 130
