254 123584
274 122
256 221
381 37
548 346
20 13
39 15
365 117
792 523
873 136
756 65
707 424
356 324
596 414
883 760
408 188
894 604
841 597
206 49
257 208
730 651
335 74
145 57
826 725
747 465
339 267
652 40
336 157
943 194
792 508
516 76
392 277
651 215
832 715
823 417
324 234
916 85
252 161
223 44
9 7
230 230
380 86
826 513
884 361
520 310
706 579
957 54
687 340
336 78
39 14
400 304
297 22
120 78
937 681
152 60
279 193
267 219
722 459
413 4
491 365
197 20
869 563
366 123
985 331
559 8
409 299
200 119
51 13
30 19
311 57
78 14
563 424
942 839
752 439
22 1
41 32
72 19
998 952
623 293
388 362
221 46
369 206
54 23
992 612
936 314
44 17
117 68
284 48
682 625
535 167
571 479
574 454
393 40
349 121
81 41
12 11
133 3
919 723
755 286
361 91
402 196
158 11
510 205
986 102
796 176
612 357
974 680
759 706
583 307
450 368
552 489
67 1
222 26
643 111
700 574
722 600
939 207
656 656
699 28
271 253
709 323
113 74
167 111
149 12
739 353
287 55
978 620
140 123
454 212
46 6
83 76
65 55
840 710
405 394
670 668
418 315
764 66
142 10
121 119
451 402
196 137
119 75
458 121
912 58
538 166
815 226
712 498
232 165
128 109
594 156
60 6
979 813
9 5
914 464
569 479
305 290
725 651
506 468
682 180
980 505
868 128
392 334
187 149
737 557
990 623
531 16
323 278
299 12
479 15
618 540
311 272
948 99
238 137
787 127
925 893
914 547
501 34
476 162
850 180
681 443
169 22
438 104
981 104
274 240
344 199
711 542
744 197
410 111
601 597
420 367
483 258
237 189
989 788
256 255
602 168
635 334
194 172
69 47
216 91
477 255
594 566
233 50
205 146
204 166
823 805
84 84
146 25
840 282
738 419
74 28
238 113
225 89
310 29
946 465
494 225
946 172
988 812
688 683
182 131
202 195
760 294
734 292
863 277
778 598
868 32
743 71
787 408
2 1
336 310
662 546
732 100
88 57
341 15
679 190
776 131
261 183
760 303
522 235
507 351
65 15
25 5
71 48
354 83
41 18
162 70
371 128
329 56
167 60
145 12
800 640
251 101
819 739
684 430
801 149
243 1
