276 134242
269 220
567 146
474 302
636 630
139 15
435 42
283 69
332 102
907 380
722 61
387 195
770 375
629 423
575 208
678 295
743 576
615 560
271 266
146 35
852 316
464 282
574 279
562 256
848 265
737 39
70 25
624 396
657 214
41 24
761 53
549 63
480 242
59 55
79 62
36 16
35 14
303 262
705 40
328 127
138 59
37 34
541 358
17 15
29 13
159 22
428 54
203 55
42 29
909 552
564 10
440 150
753 209
960 323
486 297
790 168
266 236
944 63
269 98
719 81
105 37
256 163
857 663
576 449
401 338
758 686
418 146
341 70
846 391
576 248
706 321
977 925
791 125
734 36
578 261
648 143
446 73
988 500
931 522
448 427
95 88
946 562
602 296
567 134
50 25
6 4
51 17
123 71
561 139
656 36
79 70
53 22
274 130
940 26
670 292
889 476
673 221
464 135
478 322
947 908
15 5
553 36
926 353
897 75
579 492
506 7
9 4
668 83
819 28
731 599
602 312
251 231
954 767
62 45
988 173
153 68
118 73
414 67
902 392
216 133
949 196
954 148
99 94
401 35
962 49
401 352
585 473
199 105
509 185
646 539
872 276
711 422
171 16
92 45
94 53
51 40
127 22
283 142
106 49
914 824
375 247
955 381
565 409
437 360
417 89
923 362
563 350
659 8
924 868
416 285
178 83
129 2
774 147
924 817
420 91
340 66
338 211
28 25
104 101
550 171
681 233
873 482
999 207
345 40
694 643
712 624
555 405
33 1
27 5
845 580
72 49
413 384
444 253
351 16
854 116
373 91
412 337
829 6
678 667
717 538
429 80
923 41
587 179
671 120
95 95
930 215
254 191
347 188
53 23
584 575
862 314
445 44
78 73
384 225
842 156
170 108
413 382
412 241
25 21
819 126
791 527
170 1
68 5
301 102
15 12
298 287
207 50
480 390
193 82
32 20
121 10
885 70
396 14
18 3
178 107
401 371
653 47
478 68
993 533
634 487
538 6
616 507
540 363
858 7
291 128
230 215
290 114
396 161
830 77
744 215
763 229
284 155
462 389
177 113
528 278
890 755
6 2
804 560
917 601
272 38
645 396
734 639
747 234
61 56
15 4
357 34
811 577
98 30
826 36
315 167
96 50
850 85
570 486
989 822
412 257
132 43
530 123
56 9
224 62
661 177
55 21
908 427
212 144
92 27
677 638
981 62
116 83
930 912
933 155
26 17
851 297
612 193
237 120
603 367
526 457
651 61
675 579
