277 137917
483 161
432 309
313 8
518 232
367 110
874 493
439 175
723 402
779 770
584 43
132 27
456 97
558 506
626 67
872 862
745 153
770 244
74 55
453 451
360 133
904 85
796 464
628 137
406 136
211 117
558 447
239 88
141 71
454 425
550 55
70 69
164 155
596 188
338 91
836 596
393 280
505 375
424 399
652 201
63 36
261 229
313 179
242 166
269 184
735 300
548 491
898 765
992 968
320 282
258 42
114 75
750 94
327 179
573 351
898 85
283 263
579 94
785 95
42 15
27 19
975 347
57 10
612 313
39 37
554 237
699 332
217 193
909 380
579 302
938 810
405 364
404 310
442 278
665 54
846 221
777 212
422 184
290 202
460 264
803 342
635 61
960 928
356 28
564 446
758 54
876 294
253 212
289 115
244 58
338 205
949 232
917 657
385 24
62 32
14 8
950 930
35 18
595 53
445 370
840 727
565 434
673 651
246 206
117 87
358 189
609 152
789 330
246 168
94 52
501 30
93 60
406 158
244 144
743 37
233 70
60 46
226 113
547 335
341 294
322 271
429 325
1 1
124 71
520 361
139 111
975 422
331 250
600 375
73 73
939 769
254 93
146 84
943 728
911 761
619 541
636 114
429 68
502 377
460 136
941 266
330 197
533 34
27 14
74 43
456 364
634 141
191 67
532 234
609 4
598 484
98 30
554 230
253 105
73 21
32 12
779 231
382 268
561 209
758 171
970 713
1 1
879 494
184 3
113 45
714 611
246 216
171 141
201 83
985 203
542 445
421 338
716 577
929 478
370 353
288 12
684 266
102 18
2 1
160 65
695 154
770 211
474 67
639 181
705 500
545 158
20 14
748 611
655 157
273 40
94 69
288 134
897 126
174 39
241 58
768 96
158 142
202 135
174 115
846 258
615 516
939 637
620 408
408 18
880 376
661 62
885 168
526 301
695 597
25 11
104 2
916 885
990 385
285 158
531 516
692 416
3 1
233 208
851 592
696 16
996 860
853 757
196 187
505 410
526 143
792 778
123 96
581 286
725 306
248 74
901 453
737 397
782 331
751 644
938 828
368 215
93 30
696 275
204 29
486 47
313 280
41 39
548 358
192 24
892 580
803 504
475 260
891 107
859 478
406 19
663 265
878 525
91 19
443 350
210 176
77 6
994 273
201 17
538 127
355 115
920 357
852 795
532 219
724 291
490 3
199 179
855 138
817 788
699 522
327 122
504 192
823 297
983 123
840 406
88 47
736 486
917 519
523 280
