289 145480
648 425
604 161
300 261
865 331
180 132
880 747
459 179
480 393
439 350
422 114
24 7
430 6
937 6
286 127
2 2
646 326
45 2
205 44
358 160
65 6
507 89
150 4
332 81
140 34
728 661
904 86
288 171
605 102
789 654
731 196
512 186
761 579
226 162
70 26
597 447
562 35
763 748
841 696
141 86
174 119
117 22
685 136
154 72
133 110
998 600
737 324
357 356
19 14
685 279
126 17
530 106
622 560
500 345
11 9
764 389
244 239
500 314
698 160
555 368
590 457
643 189
876 417
202 186
368 116
899 69
647 355
161 44
130 102
728 481
935 751
936 764
566 440
407 258
42 5
179 87
924 239
88 53
737 465
698 164
474 24
150 1
433 203
809 137
164 91
119 108
54 9
529 215
346 105
899 30
987 68
33 28
897 50
638 246
913 404
887 355
936 511
988 967
493 415
149 94
932 683
975 722
553 454
984 383
190 55
40 32
707 338
85 31
869 541
298 72
744 402
663 102
99 16
468 452
476 101
340 236
356 73
644 420
491 391
555 322
22 8
337 134
636 132
889 43
17 4
275 139
517 499
783 496
892 225
566 391
899 507
23 8
571 238
26 22
261 58
311 261
708 383
659 427
853 311
269 62
32 19
358 258
340 215
419 49
330 73
115 104
554 298
469 249
943 675
220 202
629 280
472 61
388 127
587 482
989 508
852 703
397 260
304 78
54 43
260 176
940 260
66 37
280 127
380 42
60 55
376 360
89 73
579 155
960 639
805 12
760 54
793 686
198 134
496 6
896 421
659 273
250 213
46 44
246 164
408 240
510 229
921 726
893 403
689 668
861 472
494 156
813 469
649 620
851 266
936 268
411 148
46 33
434 43
775 708
74 7
877 654
741 505
393 198
739 514
515 7
757 396
466 97
731 30
843 501
987 330
168 98
649 39
28 15
317 266
782 450
174 30
278 48
439 123
380 85
477 51
36 33
682 479
204 71
605 334
352 171
635 310
601 585
815 242
816 249
93 93
430 307
367 87
832 710
559 237
431 360
602 444
234 97
438 11
915 274
78 62
312 88
888 719
130 8
891 788
612 193
834 235
726 700
69 41
840 81
622 263
378 367
637 434
863 863
522 520
982 450
752 729
551 54
17 12
815 486
259 82
374 90
191 134
525 268
683 546
615 300
601 209
165 101
11 4
462 258
123 13
633 256
834 26
932 344
709 21
980 349
258 61
484 383
16 1
744 293
867 574
559 51
625 9
370 367
858 756
386 103
571 73
58 14
244 94
900 714
455 153
433 190
366 267
2 1
828 328
927 702
