272 137612
659 346
902 691
47 37
314 114
55 7
85 35
893 153
617 229
8 6
213 10
760 404
716 641
66 41
853 249
939 98
915 186
962 347
178 144
30 24
774 659
362 295
300 244
739 193
668 409
464 90
220 181
947 586
451 167
138 85
624 514
916 251
33 17
300 264
85 71
137 26
605 54
344 117
678 255
517 303
943 218
342 97
577 338
344 216
344 68
709 527
109 46
887 72
672 534
362 65
537 308
781 71
769 184
472 345
819 818
818 329
592 270
926 47
824 514
229 229
54 21
995 20
39 11
213 151
868 558
347 93
435 239
73 57
256 167
428 228
132 13
867 114
516 452
743 126
865 224
476 331
463 212
567 223
511 467
275 25
524 38
776 473
742 371
9 4
523 194
592 178
589 113
997 652
803 761
445 138
752 440
172 166
513 275
333 181
610 44
872 524
138 32
994 680
170 140
32 2
575 280
774 408
456 412
304 5
306 269
777 274
195 131
66 26
733 273
656 297
906 456
993 66
243 87
854 357
468 283
405 358
463 402
984 136
896 184
819 408
746 230
555 296
905 872
289 72
959 167
977 411
51 17
930 111
25 24
489 355
567 433
160 146
332 120
960 595
362 140
169 46
640 369
2 1
724 31
780 747
439 256
263 224
152 6
789 27
540 388
634 200
834 484
607 159
300 150
14 14
336 326
920 836
4 4
575 176
576 395
752 313
711 228
76 70
694 217
65 60
127 124
314 170
954 578
409 223
570 240
699 301
721 626
493 195
448 319
303 272
951 641
939 630
263 72
854 243
124 102
53 21
458 203
873 18
772 253
820 403
327 230
274 131
734 317
327 262
799 55
71 30
350 188
180 8
345 260
76 55
216 129
211 188
761 81
339 293
785 632
602 382
946 713
215 106
259 19
496 448
925 493
1 1
508 353
511 505
212 127
473 6
404 377
803 1
543 357
448 361
41 12
303 154
643 107
853 720
57 18
113 104
753 16
251 121
228 181
945 707
563 346
620 324
948 438
958 97
143 84
949 740
154 12
265 7
616 264
708 311
127 25
774 587
845 246
568 127
952 907
174 131
605 503
8 8
784 411
419 414
104 44
507 166
925 8
632 197
131 34
615 322
55 34
206 130
948 400
833 386
332 52
380 50
731 152
587 102
67 40
369 335
48 27
917 624
487 311
325 77
727 493
943 295
26 5
121 44
488 126
324 275
60 48
791 789
786 562
745 176
42 22
781 280
870 141
