285 136485
947 40
980 196
951 898
184 149
207 29
987 385
939 404
986 823
824 372
984 784
37 35
370 369
120 74
150 2
398 241
322 314
971 655
507 495
782 181
847 454
185 124
168 151
507 487
886 837
606 139
530 508
899 506
780 307
785 270
33 2
580 464
968 527
479 56
153 101
68 8
473 440
516 352
350 294
952 885
827 337
74 63
505 391
462 104
178 116
399 212
208 46
516 121
692 376
537 248
962 120
694 415
979 408
977 779
569 168
592 515
725 239
181 176
198 66
611 149
540 439
334 27
285 245
79 63
167 138
890 340
535 220
288 36
748 448
815 707
576 257
384 384
952 810
571 347
849 657
813 756
629 135
749 230
710 74
374 330
325 207
834 310
396 208
576 410
280 44
330 197
183 31
294 251
94 85
276 16
81 1
225 43
794 669
522 447
82 20
642 581
866 648
229 154
559 519
355 260
7 2
144 101
613 355
183 169
426 56
700 459
907 696
701 289
109 56
239 53
779 727
76 59
877 398
302 232
450 175
753 195
210 139
191 177
478 407
717 675
343 226
625 106
530 198
256 23
207 102
891 196
405 218
739 241
850 506
455 143
12 9
399 214
105 94
551 271
570 371
343 269
219 207
978 448
545 85
190 183
965 547
493 430
667 180
682 415
608 99
102 81
478 394
136 37
786 289
885 378
479 478
426 316
275 110
738 149
421 401
480 219
774 429
517 352
632 347
184 101
763 617
267 165
929 227
259 40
707 114
465 176
156 31
517 354
124 101
677 330
720 33
912 716
444 31
82 70
204 64
21 20
651 244
369 342
211 22
700 40
756 322
638 584
322 83
321 100
971 438
126 65
618 84
292 75
21 11
706 562
638 584
982 719
879 192
937 545
624 518
687 634
156 127
116 90
373 263
193 96
615 22
821 424
812 648
944 845
54 42
148 40
264 228
456 281
454 227
177 125
261 111
855 333
462 229
18 16
209 203
307 35
381 66
931 41
64 19
378 267
253 93
179 144
313 247
126 124
867 10
590 254
881 870
651 256
584 569
752 391
96 82
535 468
672 291
349 169
298 277
93 93
115 101
22 16
108 8
180 7
983 806
592 303
724 144
236 5
435 21
52 52
198 146
74 13
21 16
391 190
454 81
760 504
98 22
179 153
471 367
638 260
696 580
328 226
162 143
440 168
836 431
734 615
289 135
307 282
334 305
691 7
69 21
745 586
65 40
649 171
521 492
548 113
49 25
472 261
860 35
38 35
189 83
197 11
429 373
999 20
84 74
385 374
613 307
206 180
701 282
402 357
