286 150689
386 361
561 88
908 56
736 721
828 828
769 69
41 4
640 508
979 204
245 4
5 3
691 575
714 233
291 19
833 401
272 244
545 495
546 194
600 310
65 57
570 569
420 9
78 49
710 349
777 345
264 22
558 179
351 147
627 394
987 429
153 139
225 119
966 924
745 736
589 580
807 561
497 317
748 480
743 334
856 490
502 309
18 8
797 64
389 52
396 193
139 77
647 123
997 572
731 574
93 84
669 501
170 145
298 15
109 57
757 678
876 382
472 462
879 268
915 453
229 158
25 3
38 32
67 49
583 403
747 694
276 132
941 712
97 12
743 479
598 303
180 101
656 259
858 344
734 321
815 293
914 325
798 108
55 2
59 55
658 486
875 412
935 102
987 967
562 431
232 109
481 394
750 361
38 2
279 149
699 270
531 300
996 374
661 493
711 681
930 106
735 315
54 24
906 484
356 318
182 169
407 207
953 325
807 388
906 481
759 198
95 88
773 186
929 686
357 253
486 367
754 700
37 5
71 50
733 686
897 836
646 387
760 748
549 223
676 612
863 15
817 88
890 237
645 448
11 3
961 441
112 100
813 198
869 514
94 82
142 29
19 16
266 228
129 119
748 192
982 142
813 624
976 719
829 567
525 494
630 44
113 84
86 46
836 59
350 25
562 294
527 179
751 476
770 55
642 30
515 40
303 252
600 488
137 17
770 229
518 506
917 293
484 238
54 45
885 557
252 18
510 487
450 36
391 97
854 157
54 18
760 401
233 213
280 143
72 65
880 128
122 58
803 364
86 4
680 423
751 95
956 325
688 520
422 386
104 89
998 360
89 53
165 123
883 463
281 253
841 389
717 600
505 464
579 164
519 225
751 275
347 271
782 287
667 433
789 514
745 160
401 397
50 34
837 359
698 124
133 80
195 60
805 700
2 2
204 139
521 259
583 450
136 21
853 296
901 131
847 245
855 523
415 311
976 219
451 253
974 345
760 570
127 116
629 477
321 96
27 24
584 440
594 68
269 235
217 152
170 68
64 1
422 102
866 801
501 22
168 12
215 200
383 323
669 633
740 249
390 322
308 282
830 84
105 46
219 208
194 170
26 12
139 112
890 753
15 15
312 71
511 462
435 281
695 251
147 66
97 7
154 94
497 120
319 168
197 31
408 75
637 491
673 124
910 776
431 271
513 285
57 26
776 545
513 163
978 187
973 663
900 534
181 50
761 603
694 278
173 131
753 527
382 184
878 152
427 170
966 584
738 725
697 441
544 385
900 639
142 14
745 682
321 37
815 232
333 149
679 23
41 6
