241 125907
321 196
546 105
533 492
833 576
402 328
641 515
255 87
486 322
686 273
491 235
167 92
395 130
928 865
993 377
261 14
817 697
251 104
359 305
883 168
547 117
638 321
732 439
368 173
309 104
566 486
425 399
929 97
684 495
353 321
444 212
995 346
899 68
481 181
475 19
454 82
150 59
870 864
658 615
44 15
853 527
56 28
944 639
902 714
189 74
234 53
748 207
730 668
541 70
64 60
564 486
134 59
565 407
187 102
788 284
493 133
854 39
469 185
293 211
996 364
585 282
607 110
545 476
809 455
209 160
393 175
683 509
745 662
703 174
988 486
995 538
975 150
169 141
619 611
605 526
590 276
1 1
94 81
549 434
876 76
318 140
504 295
248 1
27 18
910 854
752 615
147 93
469 342
53 23
720 70
422 199
82 54
460 325
228 140
803 646
656 523
772 186
794 348
921 320
169 152
719 504
482 227
421 414
136 32
216 140
899 119
948 719
376 136
830 393
580 245
891 124
336 97
728 57
221 45
761 234
923 444
282 71
85 22
160 74
334 26
939 442
300 188
51 5
516 87
812 41
742 399
566 82
896 675
785 578
454 438
228 120
972 53
866 519
305 221
239 45
309 50
439 184
9 1
769 625
901 277
207 170
408 31
320 205
944 725
255 87
690 148
888 713
669 88
135 131
349 87
52 3
557 552
235 160
748 431
572 370
677 313
564 359
79 13
956 599
914 673
54 35
214 92
536 41
598 37
424 119
49 20
617 560
706 599
478 478
485 345
137 13
217 65
75 36
252 17
996 745
954 657
417 32
378 134
518 435
387 358
129 24
659 581
948 517
981 874
730 532
895 18
596 277
641 521
453 154
49 38
427 291
475 357
405 74
828 235
568 253
645 376
472 394
827 134
133 3
212 170
260 239
493 209
890 180
513 253
574 444
663 130
190 118
271 243
313 164
582 347
23 22
759 249
832 519
134 27
926 593
197 186
153 69
567 169
519 502
289 281
323 98
100 28
861 376
618 394
566 337
554 508
660 93
914 6
616 274
128 45
32 13
513 373
705 411
382 172
753 675
140 58
947 594
898 626
737 80
263 91
945 201
825 466
