69 32122
651 268
39 38
291 153
631 549
817 187
945 623
974 815
494 94
287 207
414 273
905 661
845 463
132 13
511 42
281 21
493 156
454 101
931 457
947 358
924 767
632 389
693 621
740 553
334 164
629 406
640 42
85 34
277 195
876 722
46 13
152 50
325 80
385 135
916 404
410 197
995 442
779 771
342 228
743 491
467 8
272 183
640 205
889 509
115 115
26 9
103 77
921 507
851 547
259 118
690 371
215 69
152 128
251 128
152 122
16 16
411 369
67 4
59 20
98 69
652 376
951 118
240 168
306 24
399 273
259 10
41 11
24 22
86 1
544 258
