69 34465
782 864
244 964
118 309
229 789
756 998
793 902
480 767
374 479
572 816
177 594
374 954
432 443
201 648
394 433
66 863
32 509
713 960
774 992
873 875
984 995
807 932
517 738
520 673
834 892
741 911
677 718
355 770
559 998
132 417
820 959
488 775
110 981
737 845
794 831
687 987
968 980
753 768
801 945
592 752
146 958
3 985
819 948
893 960
747 921
528 844
410 814
603 971
328 332
532 854
182 738
454 657
318 465
290 323
351 645
9 347
660 941
148 377
763 981
596 627
355 880
396 891
955 986
117 818
382 698
119 761
739 887
197 901
695 979
469 728
