65 36777
727 575
318 259
682 28
381 147
950 420
927 814
954 280
970 484
962 953
945 306
132 86
313 267
499 379
294 147
161 90
300 103
444 202
996 876
624 414
720 556
714 624
376 83
698 511
637 568
761 496
948 369
493 356
534 521
691 679
715 530
177 13
803 147
969 238
638 157
810 717
646 43
61 36
802 629
562 180
109 48
201 191
262 41
749 729
991 60
110 35
383 335
903 101
260 230
235 155
411 342
594 258
60 53
342 62
939 499
154 96
510 363
979 946
986 598
9 1
250 160
997 288
28 26
968 383
367 46
645 498
