68 35105
256 93
874 802
795 671
518 322
988 491
780 260
770 243
859 218
376 77
619 180
71 69
781 137
971 889
540 88
24 2
663 197
375 245
852 673
334 87
962 536
137 137
153 126
328 91
226 109
22 12
691 457
570 35
724 577
561 295
350 262
998 329
147 84
668 404
859 79
619 450
188 27
823 646
159 15
664 316
874 811
241 148
257 90
590 216
437 288
923 8
48 9
996 365
909 5
678 514
248 67
674 489
168 91
174 55
138 28
244 148
528 377
624 195
463 386
180 177
183 147
701 543
677 462
167 127
672 379
272 201
899 625
386 137
458 264
