64 28026
279 419
545 735
68 786
60 291
648 665
468 656
786 789
799 842
874 982
56 957
752 941
41 189
22 453
836 970
453 670
15 69
30 415
101 504
293 465
442 880
235 822
713 775
437 996
553 911
284 459
993 994
477 551
358 396
22 302
303 763
480 995
976 977
214 729
717 984
368 625
274 576
800 823
320 709
386 414
686 904
771 918
511 892
159 773
788 953
4 622
1 698
893 958
59 144
329 756
86 448
797 996
283 977
449 812
523 527
547 780
84 814
706 777
524 874
917 957
982 991
125 262
217 686
142 493
964 968
