63 33152
952 990
93 392
918 965
719 831
278 632
559 856
957 986
768 789
372 627
666 680
556 659
713 850
210 646
981 999
252 935
668 682
749 767
523 902
229 602
161 960
464 553
738 767
284 956
596 904
983 985
798 847
63 651
529 851
505 910
869 914
72 920
755 899
637 937
45 46
637 703
410 630
298 524
923 941
668 950
523 844
950 984
61 318
927 965
672 703
330 630
971 991
733 763
247 986
760 834
92 635
44 388
644 694
51 850
551 723
553 732
50 399
262 636
597 626
336 702
302 381
904 904
283 320
710 763
