67 29344
548 896
906 987
767 866
206 892
415 767
456 497
755 784
102 718
838 859
751 983
201 934
482 571
135 188
235 586
75 525
333 351
915 944
49 924
339 839
728 859
264 828
40 960
128 843
57 531
549 791
261 889
701 706
127 463
800 804
625 710
819 928
240 859
790 926
426 543
824 916
202 806
814 864
755 838
494 547
483 865
615 813
58 515
380 693
83 866
385 397
799 967
555 831
277 995
317 509
695 868
764 835
344 850
295 350
925 964
336 800
497 872
429 870
89 176
248 602
371 644
850 913
294 546
48 239
42 513
379 948
475 836
158 203
