66 33437
418 447
108 731
243 398
796 845
635 761
312 759
211 771
632 952
944 967
621 869
637 653
772 950
86 654
266 468
751 762
608 755
426 623
451 846
742 995
328 990
477 997
550 754
130 871
590 649
790 965
703 745
806 992
184 857
369 868
716 791
850 958
783 840
789 852
657 805
24 820
109 562
911 996
232 443
743 926
76 264
83 272
301 349
216 228
951 962
594 618
830 863
885 922
870 960
327 613
211 305
372 883
88 784
949 989
849 919
723 912
403 568
986 986
821 964
152 301
430 819
178 205
182 836
474 858
381 591
151 768
553 920
