79 36314
791 826
199 607
205 585
209 777
437 713
381 686
232 252
190 900
220 489
642 814
437 864
600 954
231 656
438 979
362 430
812 900
408 461
855 971
774 776
34 233
350 806
865 945
374 770
282 372
86 678
716 754
912 972
771 918
577 653
457 669
51 997
637 858
70 955
510 676
393 726
239 421
435 716
274 922
385 417
799 978
30 841
255 789
6 249
665 686
192 752
77 490
860 954
809 931
275 965
991 992
281 942
487 569
352 472
464 738
356 476
358 543
686 728
795 812
54 763
822 909
29 238
449 664
542 739
735 819
205 836
696 769
978 995
655 886
888 965
663 954
646 815
816 957
105 244
860 969
65 887
204 307
411 774
433 983
478 531
