74 30546
193 262
444 551
387 498
925 977
39 965
45 798
318 799
287 678
721 734
410 581
68 310
910 915
119 262
61 476
245 798
310 472
973 988
418 528
809 882
594 812
557 872
345 624
570 766
243 528
466 508
164 243
498 697
117 843
115 831
853 988
196 650
496 984
615 675
712 835
490 759
290 559
126 399
67 552
549 730
470 799
28 382
75 689
231 573
916 964
886 1000
833 940
398 987
327 495
579 891
687 814
661 824
264 888
487 581
896 964
152 816
877 885
14 455
490 979
639 727
339 834
483 503
60 123
17 867
236 486
161 597
51 662
491 628
529 814
819 901
257 483
307 461
455 913
129 718
556 977
