71 37689
536 365
289 54
731 34
740 473
503 428
364 230
985 229
391 76
686 562
53 21
317 108
806 60
852 133
793 582
135 3
669 254
861 58
668 543
394 115
912 863
877 668
28 22
529 208
577 247
407 277
416 326
347 300
293 71
687 269
207 88
71 66
749 674
514 426
635 258
109 104
812 771
766 164
416 351
666 594
907 811
580 99
789 278
115 84
205 165
10 6
739 469
643 81
390 110
408 254
707 655
190 120
707 557
402 377
714 709
801 167
333 282
775 464
844 593
203 166
859 612
358 10
287 211
529 32
810 664
895 311
136 134
682 188
316 289
815 356
24 19
724 398
