74 36390
126 93
796 141
169 81
303 90
292 161
124 59
586 538
399 286
129 61
589 579
827 777
294 37
543 328
829 655
35 2
239 131
556 442
246 151
93 13
771 616
50 29
64 2
26 15
984 74
721 347
866 102
960 166
334 213
116 64
855 241
499 253
706 685
584 291
340 164
763 24
870 566
269 91
323 125
595 229
841 568
256 144
503 462
326 19
890 201
619 304
713 362
283 100
223 173
800 602
93 41
866 256
392 146
328 324
969 118
192 20
33 29
143 128
579 53
707 584
464 289
307 41
980 577
585 501
966 477
963 908
181 120
123 108
501 421
556 277
575 283
901 31
184 38
957 373
519 270
