73 36147
92 9
780 705
404 93
373 251
9 9
732 581
917 724
339 98
219 6
469 420
463 130
53 33
395 73
111 24
108 31
356 133
601 483
145 143
872 48
553 167
506 379
964 675
820 436
185 43
537 135
876 135
869 352
128 122
767 176
688 555
306 151
311 87
343 77
968 1
114 64
206 98
172 124
655 176
860 487
74 32
700 553
120 5
660 497
865 833
423 248
745 197
811 71
896 764
721 362
719 374
675 269
346 98
472 470
612 309
306 245
948 157
618 616
418 299
19 14
386 38
800 460
134 46
815 754
751 3
842 767
405 333
638 328
156 128
318 255
389 299
243 35
854 199
1 1
