70 37536
904 184
108 48
855 103
609 173
393 187
613 344
167 82
719 146
911 8
953 703
732 569
54 54
460 199
805 213
568 405
434 211
444 33
948 817
53 21
959 141
167 30
704 692
705 594
261 9
496 492
670 599
681 93
198 115
642 430
847 302
886 576
407 101
433 280
235 20
287 49
533 303
153 27
674 121
581 49
732 474
822 392
348 245
256 199
681 234
553 148
226 169
436 419
673 605
858 424
251 12
869 375
239 233
224 117
717 197
470 375
793 554
8 8
691 606
554 30
473 285
392 211
479 62
862 549
899 754
560 517
507 117
665 439
491 151
520 344
37 13
