75 36788
955 813
919 890
768 748
834 64
780 285
848 459
174 119
463 333
552 107
849 658
789 291
28 21
701 540
448 376
566 112
882 462
673 437
373 6
285 19
377 72
692 383
723 105
384 244
181 131
110 86
451 154
841 702
87 39
305 47
385 160
13 2
587 325
82 3
511 443
531 76
420 233
34 14
848 810
755 212
947 337
992 593
625 529
149 148
147 48
935 789
116 58
295 170
302 98
197 30
845 197
132 73
147 37
761 564
337 134
973 570
548 286
140 86
355 35
175 112
420 44
52 43
862 273
531 17
3 2
901 407
158 111
717 10
662 467
264 21
683 73
389 195
946 409
204 2
222 197
451 196
