81 41340
363 594
483 737
401 842
762 795
43 658
698 770
769 808
852 927
821 826
691 866
897 922
579 661
316 819
478 773
387 644
159 254
452 483
320 823
109 959
659 992
768 770
122 987
468 654
758 937
182 995
166 589
770 858
721 963
525 751
604 869
594 856
902 980
380 384
458 899
701 713
646 918
27 120
473 770
393 989
881 963
49 785
591 985
777 909
356 930
265 909
285 369
966 973
664 964
123 272
239 311
512 928
792 852
76 858
747 754
714 814
480 807
346 575
523 846
931 937
938 953
659 988
55 149
840 902
179 518
248 280
237 817
921 925
398 707
824 950
750 955
271 340
713 813
152 979
153 643
563 859
961 973
544 924
229 342
476 995
293 437
721 735
