81 42594
722 335
871 488
548 88
223 85
645 346
452 125
24 5
403 234
475 157
135 119
747 231
320 184
720 541
918 740
748 349
744 396
248 39
652 329
729 383
79 63
661 524
703 198
586 376
493 72
770 406
244 40
14 3
493 231
719 75
273 220
238 169
749 730
925 781
974 835
851 364
362 211
599 98
211 174
211 112
621 426
568 477
737 18
779 301
433 94
121 24
72 53
111 81
198 134
455 160
493 250
796 460
385 173
926 138
605 360
940 214
292 57
284 163
289 129
444 246
86 70
873 23
602 597
802 501
663 611
695 205
709 513
628 334
71 48
556 518
734 706
702 270
937 104
604 209
515 336
466 434
269 157
507 376
410 318
866 834
585 265
285 37
