87 40399
338 893
612 668
49 732
165 290
122 917
349 782
123 605
442 581
119 992
987 992
864 991
404 872
929 943
50 860
668 818
801 825
388 868
713 807
173 844
242 398
866 990
273 999
141 334
891 933
928 981
103 361
24 316
51 309
883 893
43 379
573 953
804 936
17 85
510 842
366 512
16 789
297 906
306 700
777 831
184 460
867 921
18 356
488 798
710 937
649 768
776 852
797 876
266 788
738 942
629 706
572 875
829 997
982 991
521 870
527 998
483 611
86 272
942 954
953 956
873 895
312 937
801 924
267 590
948 978
710 863
280 402
101 205
17 877
181 296
410 753
688 749
241 315
479 887
673 701
51 158
198 366
376 874
510 816
275 943
854 997
122 897
730 862
161 263
80 768
780 881
93 670
763 977
