89 43950
468 283
431 229
488 243
411 41
519 317
152 21
387 135
212 75
112 35
837 504
526 69
204 146
41 37
286 174
633 81
941 520
635 142
719 205
295 66
715 68
334 273
701 113
369 43
783 428
105 5
492 394
741 178
854 600
496 469
184 109
243 108
244 138
608 388
450 106
603 387
585 212
895 28
112 4
656 118
90 79
655 175
577 440
685 553
631 293
846 476
24 5
84 24
146 97
794 324
969 826
795 743
926 827
337 47
617 608
579 480
743 23
148 134
963 960
347 189
777 774
170 85
171 148
104 71
518 104
407 51
502 285
600 384
271 130
691 673
916 212
242 16
386 203
341 5
805 252
557 145
625 317
922 392
492 212
376 367
38 34
967 500
199 46
387 132
275 204
819 188
337 58
468 429
632 17
531 47
