85 43344
609 774
86 403
226 930
507 905
471 980
660 888
878 949
537 540
237 559
829 836
428 659
38 891
96 490
606 746
876 925
554 877
215 249
175 733
13 104
501 585
876 952
386 417
497 947
362 620
844 872
236 297
208 235
745 809
786 821
753 987
482 682
629 819
948 998
291 736
706 859
362 914
343 788
59 794
654 789
919 957
90 383
717 808
594 711
625 890
857 927
357 882
604 693
294 908
887 992
446 993
153 847
252 807
867 874
359 562
523 874
442 783
891 948
952 961
606 965
570 877
778 839
433 544
885 979
263 603
440 986
878 884
551 834
337 509
462 911
468 580
506 747
666 875
220 484
249 995
312 722
490 666
658 685
851 949
407 876
101 460
770 868
401 646
242 262
691 890
570 849
