87 44853
400 50
255 223
16 6
642 253
224 190
315 72
867 133
794 548
31 30
114 37
200 185
596 545
173 163
594 80
468 46
548 337
202 110
468 5
66 6
646 147
575 290
861 543
828 636
539 339
870 91
365 321
524 402
302 202
599 595
873 588
598 78
338 102
964 414
761 232
391 192
299 167
105 68
515 151
591 302
167 161
834 27
415 118
690 611
93 31
728 215
470 384
72 4
311 74
936 330
416 5
943 64
265 142
335 39
680 644
853 457
398 172
439 373
612 596
565 360
539 223
842 304
700 388
924 742
717 116
314 250
291 278
966 748
976 911
925 444
53 34
920 895
86 66
9 1
17 16
959 609
749 706
615 179
520 44
414 78
976 716
759 339
159 30
401 94
545 409
179 5
582 108
976 829
