86 45668
316 920
884 986
34 922
921 970
794 803
625 730
660 917
556 746
80 202
792 803
415 808
639 650
248 690
709 947
180 549
284 757
381 596
34 261
743 844
722 880
282 557
686 935
384 390
430 668
714 776
371 428
3 986
627 949
811 998
753 913
221 720
667 755
857 977
939 940
510 903
961 962
465 797
26 933
719 738
553 629
900 961
540 717
965 980
365 807
463 956
786 951
101 837
779 917
719 947
459 476
656 821
82 312
867 966
271 904
542 788
26 970
646 983
58 798
876 918
131 776
577 917
253 944
893 935
693 862
404 847
314 871
379 462
795 989
995 995
632 642
784 812
361 864
132 768
982 992
167 478
569 859
756 807
333 911
433 788
982 997
381 820
13 532
812 883
264 590
867 876
668 969
