95 48248
230 183
293 220
313 273
379 350
990 324
160 92
987 839
250 131
592 113
68 29
797 782
143 30
665 263
936 115
813 93
24 24
923 268
712 48
78 5
556 128
42 19
401 266
714 591
205 190
479 191
429 123
501 113
975 477
890 555
634 503
386 375
879 299
454 25
302 51
625 273
666 126
582 323
279 115
388 387
273 262
445 230
653 485
5 1
242 167
764 638
998 160
713 192
940 466
61 25
206 136
876 501
507 44
618 273
769 127
529 205
557 370
236 23
125 15
545 492
344 276
502 496
460 24
646 163
923 141
630 62
653 55
835 668
23 10
849 274
93 15
488 297
385 162
294 230
69 8
204 119
575 564
933 153
732 235
235 201
225 193
575 317
580 354
488 483
832 68
392 104
919 14
215 164
122 29
608 370
779 273
362 14
755 508
765 486
504 161
451 393
