91 46551
735 664
766 380
449 141
893 422
168 16
517 37
122 91
148 97
170 146
30 2
181 34
160 120
703 590
153 30
393 312
610 516
96 8
541 523
726 568
360 55
955 809
801 15
169 72
139 123
781 551
653 157
744 273
907 726
477 262
105 2
912 171
962 444
782 666
738 179
161 69
799 316
39 7
350 244
166 33
281 189
396 161
433 353
682 593
435 366
537 313
719 156
858 150
575 479
741 682
807 629
658 83
113 77
660 290
934 454
467 77
694 440
712 183
833 553
828 387
665 242
434 367
254 74
91 90
394 309
478 64
293 12
654 52
825 635
590 511
342 301
764 440
290 229
113 4
989 239
824 337
551 476
343 209
599 74
170 39
317 167
41 18
439 339
534 414
960 948
690 568
619 331
571 33
333 200
574 187
78 60
807 490
