93 44405
223 730
1 9
784 844
522 786
35 867
255 961
238 553
195 756
724 767
477 638
191 961
329 612
975 979
779 868
164 646
518 552
179 594
494 731
249 626
810 932
759 917
653 833
486 773
409 900
587 846
475 862
344 603
399 483
849 941
95 877
351 538
233 362
694 859
542 867
426 572
300 474
121 823
235 739
50 516
461 923
515 927
520 905
439 942
204 586
481 965
254 444
160 404
39 832
536 720
90 154
560 973
782 887
153 997
595 883
326 651
878 913
975 979
369 654
38 936
708 838
280 680
903 950
115 583
536 713
987 989
474 626
307 378
55 860
910 954
880 977
964 983
576 625
864 969
795 853
130 419
513 767
847 870
913 920
841 904
668 981
18 532
541 875
771 793
840 962
368 371
828 923
857 905
405 578
168 376
295 458
739 742
247 887
536 682
