98 44556
6 543
286 797
818 898
713 760
873 887
332 413
863 990
72 760
755 924
495 701
745 794
95 224
620 809
183 396
379 631
692 999
930 988
143 143
404 411
491 502
369 487
231 288
453 535
341 729
652 899
794 1000
923 984
982 997
609 653
157 878
795 823
832 973
544 724
458 991
88 517
177 865
269 655
153 189
772 802
360 738
906 929
404 675
344 980
99 571
22 881
480 816
135 945
313 359
268 625
303 975
271 950
8 541
526 692
660 791
530 622
43 958
40 116
587 701
194 444
90 903
471 513
546 694
170 825
789 817
137 142
829 857
243 263
311 953
748 983
223 877
602 861
319 950
17 664
624 673
272 722
945 966
817 952
351 728
237 686
519 589
881 911
675 983
284 590
889 1000
633 927
323 346
369 660
882 1000
34 731
456 777
562 707
875 986
766 964
13 237
329 988
203 631
999 999
135 454
