99 51724
895 957
551 624
138 328
279 908
671 850
565 607
448 828
185 938
252 374
172 777
854 874
714 958
870 911
592 609
111 338
971 975
918 955
507 679
248 541
403 836
18 219
706 893
538 868
929 966
9 227
332 798
382 424
627 1000
282 703
340 863
27 822
502 813
871 972
439 477
718 981
503 653
921 932
881 928
53 517
546 680
537 735
912 987
472 962
778 881
257 463
80 112
478 508
233 819
748 892
140 644
331 950
263 942
941 944
582 680
744 769
890 974
578 630
827 883
725 796
20 143
760 982
473 662
676 858
419 663
399 842
843 917
672 950
943 995
644 884
216 558
588 955
183 478
36 647
639 838
25 71
661 882
946 977
896 902
205 472
217 261
578 620
100 283
988 998
469 529
789 840
681 908
874 995
525 546
516 727
855 948
193 661
949 980
760 771
861 930
405 968
578 866
154 743
96 644
407 465
