94 52454
876 565
135 102
118 83
500 224
355 125
832 31
132 53
72 65
483 340
296 70
875 838
649 366
351 32
336 123
121 90
683 210
247 101
728 202
408 4
46 41
106 85
325 136
325 64
415 80
939 405
838 297
520 120
536 39
155 121
797 3
597 165
767 251
865 49
474 103
595 437
587 460
362 187
841 149
288 286
996 163
129 113
209 72
943 449
856 806
632 156
946 588
976 216
669 356
512 392
644 350
143 117
958 883
912 61
892 708
660 244
334 39
246 198
427 204
817 683
698 359
426 399
88 69
257 62
612 14
372 77
921 867
926 318
965 647
10 7
888 388
942 439
583 174
804 400
239 115
724 473
977 804
659 215
307 258
334 184
533 461
286 66
838 386
885 171
616 310
227 140
943 152
67 35
933 560
953 952
288 242
557 39
932 139
314 128
873 647
