90 49001
41 25
949 884
829 532
672 334
672 487
709 275
372 139
828 587
338 176
695 619
781 313
543 312
838 381
879 623
379 100
182 80
650 43
686 255
585 42
971 839
925 50
579 386
766 591
709 381
596 532
2 1
553 317
383 362
488 259
533 143
349 294
118 108
536 127
796 529
981 393
669 296
637 562
71 39
544 113
586 532
627 354
885 882
872 462
887 342
708 479
416 396
816 640
113 78
604 134
782 447
690 31
58 29
779 270
736 475
372 178
782 675
601 14
207 87
496 392
136 59
63 23
410 66
356 124
216 63
548 32
988 627
481 268
539 303
995 797
633 97
87 7
299 234
668 167
243 17
16 3
290 30
253 32
979 492
966 792
548 54
194 136
209 41
330 170
595 580
463 312
301 298
788 366
148 146
569 236
838 643
